9.763156922701823337e-01
9.830221229389662918e-01
9.754504431849008173e-01
9.718967787900524291e-01
9.838312098205614920e-01
9.782998215466345293e-01
9.948020719865456885e-01
9.638808301582886262e-01
9.776602001089714777e-01
9.894402534144840500e-01
9.709579210360075319e-01
9.642514546942519971e-01
9.898971231779584157e-01
9.723462624810568222e-01
9.560148029181846363e-01
9.509139338854468715e-01
9.598151191896814316e-01
9.937066955070831265e-01
9.763300257545761696e-01
9.958681165379054123e-01
9.756380196282073980e-01
9.626201172811356122e-01
9.733549005521555664e-01
9.564983130013662294e-01
9.819621060110216293e-01
9.804646984309594027e-01
9.517147459126364950e-01
9.892367345705862514e-01
9.767182993047448525e-01
9.884802839426436449e-01
9.743510011484028954e-01
9.909177626046485887e-01
9.666795258811435865e-01
9.614041178482047867e-01
9.738490945035126467e-01
9.972545925449540771e-01
9.876499537503994341e-01
9.638462240007938941e-01
9.488225145277552341e-01
9.867645535574053328e-01
9.872831928699842274e-01
9.692745789139626256e-01
9.814739474458067381e-01
9.773471196959250262e-01
9.739957087855584117e-01
9.569134976360483824e-01
9.826605062107368616e-01
9.753229132206143737e-01
9.903723529043879648e-01
9.856882584084142307e-01
9.741685494810217172e-01
9.512114958597054359e-01
9.616359188396567115e-01
9.818255106913658103e-01
9.797065328393920192e-01
9.836480122311073160e-01
9.834857733146444847e-01
9.819003322495551966e-01
9.877874762885062720e-01
9.658630047044757250e-01
9.950290316924825795e-01
9.858851539772677253e-01
9.792392812901022925e-01
9.834767882911413794e-01
9.952223874467245324e-01
9.703416559682233045e-01
9.835275205319475855e-01
9.847633086434984806e-01
9.757943157133979195e-01
9.877376843237466453e-01
1.003230578952030827e+00
9.936440182294078438e-01
9.831232241916924020e-01
9.684691803666252152e-01
9.774498410335590304e-01
9.847057825755654026e-01
9.560998186376028496e-01
9.626065535905979909e-01
9.745689139258330025e-01
9.821181508726521958e-01
9.794100011052537802e-01
9.357096630487924394e-01
9.603429560333703874e-01
1.000122280492868887e+00
9.808493939226987646e-01
9.671227234113445315e-01
9.890733560171107719e-01
9.623348659549779693e-01
9.843281919906099464e-01
9.858358841850523024e-01
9.876887771129407856e-01
9.737818486997337208e-01
9.654039304281576417e-01
9.709916012178767541e-01
9.777562007829284640e-01
9.903407980396569110e-01
9.885416823996543423e-01
9.818680640522257086e-01
9.879762185730666113e-01
9.821986337100603315e-01
9.952626916451124961e-01
9.828045747984247571e-01
9.727453943318147278e-01
9.669445880713745112e-01
9.812099793269493109e-01
9.680828375359626925e-01
9.735343943310851289e-01
9.856189446520620123e-01
9.768688568020404972e-01
9.861852292722466107e-01
9.847510239010375255e-01
9.850673009707862082e-01
9.796534736508293317e-01
9.563306376114100171e-01
9.740778402247525225e-01
9.808393269049195951e-01
9.876247100590929140e-01
9.808944320060269950e-01
9.780707123489185140e-01
9.850857268809600775e-01
9.848266654687886090e-01
9.783147130369492794e-01
1.003238867402607593e+00
9.767808445469884360e-01
9.882257424830368508e-01
9.713080205840791681e-01
9.584068514926498139e-01
9.833928420525738234e-01
9.916361663195342180e-01
9.966220765228649414e-01
9.842392815812736062e-01
9.746447399985853632e-01
9.791663749904765401e-01
9.806253721118924904e-01
9.811522512851725830e-01
9.791018346132787098e-01
9.886875388408055132e-01
9.801668872915910713e-01
9.601992814574948909e-01
9.807466288567552315e-01
9.952467918538775438e-01
9.855271808506118614e-01
9.878041426636364752e-01
9.861912956961081944e-01
9.843632282420086144e-01
9.565262142045833915e-01
9.983973221299952128e-01
9.570756102823722022e-01
9.729004071284529376e-01
9.821033711338827965e-01
9.696303135807381457e-01
9.895536399213474832e-01
9.929725770565724918e-01
9.854992519174393673e-01
9.778164029595277640e-01
9.724095113523021361e-01
9.839769755388919625e-01
9.792972968237191322e-01
9.695842545243861244e-01
9.798265010444471290e-01
9.573941640896209693e-01
9.508896126086041622e-01
9.756973165901999812e-01
9.754032909038272692e-01
9.883519394661174351e-01
9.798998887503187483e-01
9.785390904037731818e-01
9.528747967253020645e-01
9.840390082531492721e-01
9.875290066869262251e-01
9.804168505580681536e-01
9.795800652137768294e-01
9.866957536062078704e-01
9.705334828414527992e-01
9.801240798818438016e-01
9.608629012353058219e-01
9.914776740315348613e-01
9.599284870438049566e-01
9.948717276301592971e-01
9.750656923605450777e-01
9.796552536814693291e-01
9.881925901183479244e-01
9.883443192320892079e-01
9.934924916856837651e-01
9.714692784804843662e-01
9.814291036876727770e-01
9.818333002125440023e-01
9.820156848379609782e-01
9.916354868664983835e-01
9.519435872117862907e-01
9.603807507819515088e-01
9.696962528489885269e-01
9.894381693106114595e-01
9.785413000982967624e-01
9.900819426512331711e-01
9.877330484473868522e-01
9.472843950650617906e-01
9.682054180637075236e-01
9.533440163600548356e-01
9.664263514936989319e-01
9.785420599084074800e-01
9.889449898967579422e-01
9.856938138950421813e-01
9.839981204119648828e-01
9.838848182456385594e-01
9.414165591926955123e-01
9.505113809821588156e-01
9.516861613366519590e-01
9.813553307477776988e-01
9.838818665547359732e-01
9.942541099973387642e-01
9.949258666532579953e-01
9.658254367862252332e-01
9.821825316759179580e-01
9.732360869721257135e-01
9.716833007578996595e-01
9.758659569185346161e-01
9.828103103570304810e-01
9.844949224481894801e-01
9.861774985721721842e-01
9.659883048117385851e-01
9.876164912825718956e-01
9.868577672869990325e-01
9.448601840603014779e-01
9.932132439268204216e-01
9.847208899285796457e-01
9.712880677940410878e-01
9.632233092425800391e-01
9.854958312491849393e-01
9.899196915359346205e-01
9.813539677279159434e-01
9.890159374945315385e-01
9.711404487824908394e-01
9.541395322232019138e-01
9.615481839917586759e-01
9.760541420638839671e-01
9.903227751055712069e-01
9.854117162994452395e-01
9.795439522236052410e-01
9.850325261918364550e-01
9.790386869264421366e-01
9.528122609602101001e-01
9.842934847696921397e-01
9.861726219160377171e-01
9.762785699649125792e-01
9.892138039801298133e-01
9.656767082247258438e-01
9.606578208426128640e-01
9.802658243474111632e-01
9.598179675083940987e-01
9.808362366305067859e-01
9.662121328660684405e-01
9.737293775347449776e-01
9.952276614744050010e-01
9.887125414145266911e-01
9.801206439276416438e-01
9.864729620067302918e-01
9.826823306728316165e-01
9.707298806429559557e-01
9.833353054867867149e-01
9.912330620948897053e-01
9.649852155736581283e-01
9.766923216386030893e-01
9.833870941913943620e-01
9.715341960392277487e-01
9.876878024108318721e-01
9.837934990525634138e-01
9.977297022366509172e-01
9.490331552990254327e-01
9.869981327219082834e-01
9.744904979936310774e-01
9.782557073380914181e-01
9.918540320398586685e-01
9.767604438599918337e-01
9.839208229934999217e-01
9.937746746506932460e-01
9.838256323959180261e-01
9.904394477365379146e-01
9.697052939845336450e-01
9.819530832205962678e-01
9.631246273272302538e-01
9.899574577851990576e-01
9.926663975555862773e-01
9.654146372877842053e-01
9.894405180350195339e-01
9.919270231454057063e-01
9.962221245223201738e-01
9.791756658772301503e-01
9.814069729758034821e-01
9.861053395922443343e-01
9.895153727302612445e-01
9.661541017224095640e-01
9.908909159778198639e-01
9.939186067299292660e-01
9.818676928884372268e-01
9.829975520536156086e-01
9.751585747503833668e-01
9.882411090114493479e-01
9.850392079040465321e-01
9.905590164179790547e-01
9.646280358363832352e-01
9.568732971637546880e-01
9.854723399209031065e-01
9.493673449559616451e-01
9.920828090418268852e-01
9.870677615730932830e-01
9.693835868009130774e-01
9.708896691140956881e-01
9.793840573618162182e-01
9.680088780575059060e-01
9.707825593543293330e-01
9.868945626076514044e-01
9.757303331049519413e-01
9.850820901278009023e-01
9.611320079342916545e-01
9.825718771774927252e-01
9.866369497090167195e-01
9.863635490965384500e-01
9.930903070224883500e-01
9.692041284689418834e-01
9.732750256045302750e-01
9.819627536406861923e-01
9.894977413905352570e-01
9.416791155142636427e-01
9.788676010901075086e-01
1.000575409566066831e+00
9.712903451532830523e-01
9.715120772276567562e-01
9.793286634320271800e-01
9.698263124642861888e-01
9.903086472106408245e-01
9.822108092505343890e-01
9.630435809701801686e-01
9.870470845220720157e-01
9.840953589553406156e-01
9.599029818881196219e-01
9.404218410204524536e-01
9.786770662046201386e-01
9.704787619385643049e-01
9.855045502207341324e-01
9.547506736432295193e-01
9.879579097416842925e-01
9.815420991940128070e-01
9.886796776175460488e-01
9.338372323425252475e-01
9.931553526111805974e-01
9.547286591374655185e-01
9.874664823981986750e-01
9.740378292113742731e-01
9.819320821457070414e-01
9.745562164911006908e-01
9.617551363793430674e-01
9.865537912643486118e-01
9.703814440844753531e-01
9.695501893523273962e-01
9.866042973802030547e-01
9.888558850715805093e-01
9.746482396045927921e-01
9.782209332340154884e-01
9.928118851714273774e-01
9.855115084675911685e-01
9.772609468594174453e-01
9.855228516656951987e-01
9.798928414134210341e-01
9.670015064853041409e-01
9.887797691847551862e-01
9.832400852224841836e-01
9.542345260903949411e-01
9.843002336081225767e-01
9.635112967925886229e-01
9.867465700688892172e-01
9.829914327564525101e-01
9.782839718947599073e-01
9.570158923222430447e-01
9.689157098059713036e-01
9.817315994473518881e-01
9.888029993436835419e-01
9.602136583298270800e-01
9.654335603919845799e-01
9.742064234261738065e-01
9.871976237657490438e-01
9.609876111428241607e-01
9.833326459957217880e-01
9.790750051623381411e-01
9.892665788191038478e-01
9.726548580962809387e-01
9.880510916258380405e-01
9.321480200989414877e-01
9.817503330973839093e-01
9.677391936591892563e-01
1.005084915420691560e+00
9.771620128213347467e-01
9.643641685996988677e-01
9.858285393322188117e-01
9.574708287064327417e-01
9.449144283370057851e-01
9.906767913444314289e-01
9.828012700186582462e-01
9.956048017106142733e-01
9.512222136976032916e-01
9.735514697869471767e-01
9.820112757906498402e-01
9.994034271350605847e-01
9.545453548859983428e-01
1.002791458649149536e+00
9.835287251834426980e-01
9.549357144888348525e-01
9.812638142643362871e-01
9.784070185506614781e-01
9.847733763763251158e-01
9.845429940185074225e-01
9.938721074550945778e-01
9.781808098546437291e-01
9.849382598672078437e-01
9.593663354004369204e-01
9.409763738367156183e-01
9.777500643225462973e-01
9.807919158463656029e-01
9.734974560270062138e-01
9.946517031988652002e-01
9.628502278106193524e-01
9.814632138396297556e-01
9.948411689590668239e-01
9.815598117097762421e-01
9.796292044727040738e-01
9.787825486035005573e-01
9.433656046824701047e-01
9.810974409842085908e-01
9.767274850606816328e-01
9.718967866136504208e-01
9.768968759293786830e-01
9.709588961265729345e-01
9.858789721059870725e-01
9.980802836733173589e-01
9.361331452696878275e-01
9.948629520391614189e-01
9.570760874709807187e-01
9.797791334041014988e-01
9.874398893015803313e-01
9.277108709016773647e-01
9.968111984408472015e-01
9.686535166958354370e-01
9.909969524042657740e-01
9.475119643828620042e-01
9.763504522794002050e-01
9.545080275715828177e-01
9.787457673467172548e-01
9.800952160108081790e-01
9.778702420350954272e-01
9.709677546311942242e-01
9.982833425155922535e-01
9.927403089763421340e-01
9.719496251036265910e-01
9.832105212763290192e-01
9.783556927358810773e-01
9.877386560618144351e-01
9.922880694251874356e-01
1.004761456730811853e+00
9.686831913350076873e-01
9.885382461795686471e-01
9.965919035576843443e-01
9.795269274366549261e-01
9.898437862121292063e-01
9.639874367642067288e-01
9.749854212419973853e-01
9.854739471776639004e-01
9.915818908120478392e-01
9.893811076691122475e-01
9.794187318261396991e-01
9.827889298164570464e-01
9.858835074520101438e-01
9.672063545940980944e-01
9.873430681653269092e-01
9.925314442040714669e-01
9.791848851697945166e-01
9.831829947985548657e-01
9.804526163235338654e-01
9.688017122312474472e-01
9.856950267489711370e-01
9.702549418892701949e-01
9.865125649616665049e-01
9.723171287772586213e-01
9.790685805002917741e-01
9.805517629843909511e-01
9.695423532490269336e-01
9.833911629199345583e-01
9.890052816576242467e-01
9.566639756466096545e-01
9.841202903502832555e-01
9.955088163246945676e-01
9.698913763705956370e-01
9.675776616817710618e-01
9.779446959709550136e-01
9.819532986126980889e-01
9.623657904014125686e-01
9.554209756804908915e-01
9.494215686858086256e-01
9.897113922431628463e-01
9.976780894357017981e-01
9.758237057953957905e-01
9.721219149057614972e-01
9.812351081426267108e-01
9.481096734499185885e-01
9.724596562395034782e-01
9.731543217223044273e-01
9.936173784509815254e-01
9.671675498883217648e-01
9.853224882524743711e-01
9.958527503953782389e-01
9.840518776867642758e-01
9.655750354568748417e-01
9.844051225876712108e-01
9.801000638298060785e-01
9.815371945659709940e-01
9.491465972670729556e-01
9.996273833418136689e-01
9.687459996943386109e-01
9.794216287784270891e-01
9.802306876822087789e-01
9.651135333375197023e-01
9.722756607954089469e-01
9.842256553018361442e-01
9.765298186880421172e-01
9.842922155786082428e-01
9.781535443089780513e-01
9.836520853970546208e-01
9.430578037345677123e-01
9.640893518967856846e-01
9.893270680371991643e-01
9.601549134034689237e-01
9.780509672473375327e-01
9.744652904607848942e-01
9.943079677899028246e-01
9.864729217432804953e-01
9.854192065614472140e-01
9.665915053382945210e-01
9.793452768671427888e-01
9.762282296187611008e-01
9.750928526223793247e-01
9.914577431645251737e-01
9.838493618471166879e-01
9.845670540172397622e-01
1.000997579490460421e+00
9.741511682140124861e-01
9.776058475305225981e-01
9.798492741035566000e-01
9.892645341538297554e-01
9.816335094470552969e-01
9.903184669521626349e-01
9.723241741229914359e-01
9.738504593046386493e-01
9.690599070694022599e-01
9.841903744892801509e-01
9.810808667881435463e-01
9.869654506745942912e-01
9.653264783315935738e-01
9.815161019490825645e-01
9.573187051727660712e-01
9.893003695508474360e-01
9.814457697864817920e-01
9.647383180396372770e-01
9.889252887013879612e-01
9.594801603973887039e-01
9.786447524390572417e-01
9.844617880536864485e-01
9.465632124456112573e-01
9.675414422769753608e-01
9.838215841688042751e-01
9.835066063320417884e-01
9.676413967846783093e-01
9.747151164457863448e-01
9.858224495983796132e-01
9.727247170467624438e-01
1.002469741789908664e+00
9.741920339145996310e-01
9.714330528115457941e-01
9.909601379894864559e-01
9.771441466145047716e-01
9.811334945689335063e-01
9.847027198418027982e-01
9.873436398564512384e-01
9.787521941458607877e-01
9.613741470054754101e-01
9.849413220725966589e-01
9.702372135305141754e-01
9.638312745322192843e-01
9.703330019312600419e-01
9.423091150221353240e-01
9.589713739967884454e-01
9.923596354172068423e-01
9.599863763960239105e-01
9.903424694339749701e-01
9.758618002627028609e-01
9.820367381514449878e-01
9.866385293474526641e-01
9.864821771373519788e-01
9.851543629049834827e-01
9.962486031436338374e-01
9.475946401994391755e-01
9.472680028155989751e-01
9.933849474841205396e-01
9.882037865930737297e-01
9.930976093775071289e-01
9.534955695071742898e-01
9.719264649730150474e-01
9.845095983835755460e-01
9.548271913706116720e-01
9.913996156000671744e-01
9.837206750384864806e-01
9.823314781606395929e-01
9.862417008878114899e-01
9.845248784539027964e-01
9.470083403179995196e-01
9.784296152944519376e-01
9.582611910094068763e-01
9.656422447891119809e-01
9.860695271727464295e-01
9.638558061248623243e-01
9.934263923995656498e-01
9.884175805882576826e-01
9.530858929319886430e-01
9.794213140149471419e-01
9.609111860257941728e-01
9.861913369701494902e-01
9.838905355101574823e-01
9.775686901292803821e-01
9.808716478853002352e-01
9.868829809725809810e-01
9.863153479880569785e-01
9.666899112944056238e-01
9.681364631598929904e-01
9.598763931786410408e-01
9.695315741596304271e-01
9.886130732051826575e-01
9.931499645376553609e-01
9.674842778793654174e-01
9.784931818666683379e-01
9.923438046528605394e-01
9.794205090277146031e-01
9.623048162791831839e-01
9.840067363861140226e-01
9.954087662439998763e-01
9.796342923881952158e-01
9.742487041451173280e-01
9.891788759701930500e-01
9.800180050718183544e-01
9.814775289991849450e-01
9.806476834213986304e-01
9.788801909277555779e-01
9.669014806846567556e-01
9.738565022149009431e-01
9.614767537459498747e-01
9.690828657748968844e-01
9.882527415955670858e-01
9.792172966150192170e-01
9.779837292070424626e-01
9.509300016733089889e-01
9.611159477425178510e-01
9.943058498400139111e-01
9.298565916707569601e-01
9.682128922276898031e-01
9.894815688675864251e-01
9.749857852316647921e-01
9.750963875319125229e-01
9.864137438062259289e-01
9.868582147576859809e-01
9.757485751897182480e-01
9.591406238462550915e-01
9.622707108291080891e-01
9.910823069597756163e-01
9.642126845014024061e-01
9.658577636651196618e-01
9.872799928389485169e-01
9.862398064954902566e-01
9.953430341164126727e-01
9.718261267726253649e-01
9.491551054824590716e-01
9.884077156452431012e-01
9.779577768622713663e-01
9.887185371270074130e-01
9.742164487317306332e-01
9.580484353122820096e-01
9.858972214934769163e-01
9.984204860997463182e-01
9.453751698928140046e-01
9.811479611483571173e-01
9.763138602084072692e-01
9.555733649473753255e-01
9.851931529217985428e-01
9.851701865048736462e-01
9.800108217734387894e-01
9.696367427817832452e-01
9.713167291719519980e-01
9.753217504151735495e-01
9.823204373230609576e-01
9.738151840220894417e-01
9.843185187448830753e-01
9.703608167872466161e-01
9.696895786688625174e-01
9.843883481026999283e-01
9.707166015888560873e-01
9.910083810797910564e-01
9.784073481498197777e-01
9.653883421861321201e-01
9.810981315459944563e-01
9.792877650293537739e-01
9.773108721194413429e-01
9.859689712561175989e-01
9.791127670676926797e-01
9.936371380152850818e-01
9.796012788642556313e-01
9.766196521843716338e-01
9.748332770031694627e-01
9.567301658018911859e-01
9.749929119924638510e-01
9.514062636667883766e-01
9.821124982878474130e-01
9.740704102076496174e-01
9.912536546896177914e-01
9.840095068563485814e-01
9.809843116639903604e-01
9.870502348439169626e-01
9.851902779700171253e-01
9.636245958006337542e-01
1.006945090540843246e+00
9.733162290306005549e-01
9.830119282404069514e-01
9.776346756582797726e-01
9.804525411760827147e-01
9.916553586569470946e-01
9.977745778210238559e-01
9.626575806715926831e-01
9.867090219391704276e-01
9.920421242861032773e-01
9.696903315040500404e-01
9.996354600109546018e-01
9.859432701009973599e-01
9.870270966491364595e-01
9.820177970931059930e-01
9.662094465200882221e-01
9.830084255424651474e-01
9.673487803443048261e-01
9.911938338455016373e-01
9.844461792968686176e-01
9.791196328163206397e-01
9.846520198564580051e-01
9.768850030459061973e-01
9.730940517052719674e-01
9.679688749833411654e-01
9.288959713086381020e-01
9.703966119150529979e-01
9.762168482723551088e-01
9.783446354980528392e-01
9.824516459060761431e-01
9.908073903833619633e-01
9.826892637878285042e-01
9.481755470566318733e-01
9.878476866539671608e-01
9.793351118341008243e-01
9.933585097324614255e-01
9.690227116093150794e-01
9.964926267228044754e-01
9.714882939310931498e-01
9.780911656935471488e-01
9.924750803079662731e-01
9.869372771039814918e-01
9.796209017382373485e-01
9.867708493047941953e-01
9.775160184121741702e-01
9.479205564293229358e-01
9.846560260816840104e-01
9.854183359515175100e-01
9.930648716941993248e-01
9.709389108824262316e-01
9.874644665349647799e-01
9.841022402331971453e-01
9.691780474638218568e-01
9.497284239750009016e-01
9.882472410273223096e-01
9.946886697456992499e-01
9.588880570493246713e-01
9.527572640304071694e-01
9.631941537280090948e-01
9.727263913486746683e-01
9.460085702308742572e-01
9.330364728999585022e-01
9.505872828300970800e-01
9.874879692731540759e-01
9.880396424852103676e-01
9.968087092934395654e-01
9.551718730972874605e-01
9.553084153124897782e-01
9.715757706244441128e-01
9.881076393303538374e-01
9.974057905663108459e-01
9.655493654742951515e-01
9.820186622242658148e-01
9.934271090037507523e-01
9.486976079323846678e-01
9.777886897334246985e-01
9.885960203149523062e-01
9.802725267024139377e-01
9.820562425288913433e-01
9.439324133702908792e-01
9.843540736417717429e-01
9.851798103385306371e-01
9.791706040380776521e-01
9.778606868100327976e-01
9.756896964099105451e-01
9.845157679264988637e-01
9.848985877277545153e-01
9.769843801427435803e-01
9.702454248926241087e-01
9.876337496080802580e-01
9.575385416662202109e-01
9.788848077066254483e-01
9.798962928326171440e-01
9.734788108424210495e-01
9.854292356427997168e-01
9.917127655962394428e-01
9.533045424919760480e-01
9.793631011575836265e-01
9.792536392861007633e-01
9.836577838790777628e-01
9.776489663072270853e-01
9.687785973298451703e-01
9.962180942287064411e-01
9.813300785579029961e-01
9.838757390301279271e-01
9.663414651570002567e-01
9.808481209064591200e-01
9.590020750743185607e-01
9.933081387651313543e-01
9.946569695221054719e-01
9.907881111171992217e-01
9.724339307094980178e-01
9.799621566770100323e-01
9.918232721225872517e-01
9.680206147985918053e-01
9.812732791959999368e-01
9.732220685207584321e-01
9.795437768529754452e-01
9.934789282105771502e-01
9.668789549934181382e-01
9.911079417014717619e-01
9.838532156549864016e-01
9.851298098923598756e-01
9.617523422186796678e-01
9.413337242208075217e-01
9.795506758774608080e-01
9.917106577149376045e-01
9.843256405512460505e-01
9.777460854816382163e-01
9.581599153121517221e-01
9.632199386830714305e-01
9.537620527695124251e-01
9.821331660269583264e-01
9.720248563783002727e-01
9.784054644132202938e-01
9.746804388207938041e-01
9.780980205348221990e-01
9.831879248631746337e-01
9.744715111671234942e-01
9.882776923756386722e-01
9.649592344924761145e-01
9.848798861838236052e-01
9.798289438314972122e-01
9.811201698309193198e-01
9.481804803662029490e-01
9.907476703318158773e-01
9.934938600355621707e-01
9.850604232006404670e-01
9.813845869284655299e-01
9.698678485005990391e-01
9.791417741075466585e-01
9.575753476485452387e-01
9.761999818593973810e-01
9.542824510996006371e-01
9.872944020650892272e-01
9.928530990021970926e-01
9.890499361535026734e-01
9.916535353422462062e-01
9.726083580217739222e-01
9.915188469102806934e-01
9.739339056551556961e-01
9.772298359725638539e-01
9.750761110899661688e-01
9.854334474305396219e-01
9.574184513388956930e-01
9.574750172651375069e-01
1.006176372323968282e+00
9.744811421125179063e-01
9.594922638985592389e-01
9.541369301405239201e-01
9.738244222684443452e-01
9.905522833680130423e-01
9.742007770475067385e-01
9.971029926604061400e-01
9.512018506146572294e-01
9.581895734800556230e-01
9.835629874401060624e-01
9.988967916403593827e-01
9.619364772719890544e-01
9.740310858018427220e-01
9.639085006861302096e-01
9.583187082363823217e-01
9.659657100640421934e-01
9.785772938693502176e-01
1.002928035490093794e+00
9.831209013283696008e-01
9.934107920257604363e-01
9.817297990293788468e-01
9.615946456639568041e-01
9.614503437772132788e-01
9.644314252456148706e-01
9.782211056795123705e-01
9.390801674701507729e-01
9.669578994755050338e-01
9.894129287649161553e-01
9.552161998804636900e-01
9.719385896769081601e-01
9.763406059752207655e-01
9.780470870559313523e-01
9.657837149517529696e-01
9.668735775029654311e-01
9.797112515679495814e-01
9.487309002845130124e-01
9.835775610801603674e-01
9.573279761774903251e-01
9.694633309770882557e-01
9.751302569108744045e-01
9.763350942286205258e-01
9.686983495003472777e-01
9.874131276416688863e-01
9.892728200167196784e-01
9.711239900423078719e-01
9.837863808040827607e-01
9.848677066144181369e-01
9.811895890944489773e-01
9.845015976173403516e-01
9.890116097236026915e-01
9.919270568211756567e-01
9.936746938848922683e-01
9.838136393176589722e-01
9.891505204524165817e-01
9.692545737450055654e-01
9.747310323765723261e-01
1.000233935248689532e+00
9.680972265544329769e-01
9.792209993002536361e-01
9.805788512311770511e-01
9.920937280972095262e-01
9.870321060431673788e-01
9.844920888317425511e-01
9.647263609663190298e-01
9.848448065212032088e-01
9.939074739487716581e-01
9.813553697065371395e-01
9.864884193230015752e-01
9.801966318503408937e-01
9.832962716880152554e-01
9.645251499177627252e-01
9.639853064299530594e-01
9.961317371831633904e-01
9.868802019605469322e-01
9.843401357402677965e-01
9.737039950091290752e-01
9.854792182671527900e-01
9.635605430552935946e-01
9.857985067905288279e-01
9.564228883077299237e-01
9.774366701491483678e-01
9.748819191267756867e-01
9.550656933933242554e-01
9.795612275104549349e-01
9.659938200239781558e-01
9.724401569959154612e-01
9.904673403347137306e-01
9.943940941319494575e-01
9.435525120695976709e-01
9.565512517704659601e-01
1.001477654755252855e+00
9.909228458593954958e-01
9.824414742029260461e-01
9.506188332986984513e-01
9.854795766300720183e-01
9.953852136802798789e-01
9.895062449995980502e-01
9.906624850467758980e-01
9.828668287914279489e-01
9.863254552911514539e-01
9.788759043647909941e-01
9.617550153270288948e-01
9.644324395047948473e-01
9.731628220384154204e-01
9.903384772220623633e-01
9.937658834170870481e-01
9.874109373485873142e-01
9.920794027213841737e-01
9.852128513733839910e-01
9.898818260588794216e-01
9.626332703841504745e-01
9.672782906526248281e-01
9.713357668205839790e-01
9.679892632213056292e-01
9.902002947745033312e-01
9.676884500636039332e-01
9.750333980996126471e-01
9.817776914878277861e-01
9.963022509678773897e-01
9.912924406458594184e-01
9.692370609934296555e-01
9.806046678691630047e-01
9.714941743872134161e-01
9.743438381309238450e-01
9.862129489872993870e-01
9.755482367667498433e-01
9.810296343145163966e-01
9.770087151331541264e-01
9.898536102490386179e-01
9.723312536773565107e-01
9.760509850779740537e-01
9.770543304177726762e-01
9.600472193633619034e-01
9.818196033101824760e-01
9.679718094273337403e-01
9.701262539573617394e-01
9.699288607476636015e-01
9.705601702017517818e-01
9.720250129752373569e-01
9.928741393462175990e-01
9.885310412696257654e-01
9.833265774967054895e-01
9.659053644398905014e-01
9.656007631744158992e-01
9.640963205836884375e-01
9.734187212750500251e-01
9.871646492911864135e-01
9.757043971435483964e-01
9.751160343812206310e-01
9.593391272894532529e-01
9.846266800613058257e-01
9.620729353639980719e-01
9.713706911926001109e-01
9.846872456831542442e-01
9.686984579332911238e-01
9.748455115182984576e-01
9.696912459044978450e-01
9.697815776274028021e-01
9.604060901499473779e-01
9.720798902817957554e-01
9.896056094284144677e-01
9.722430983437575502e-01
9.568318414510482706e-01
9.629988853085119649e-01
9.867579283995576711e-01
9.799624291864789116e-01
9.898567998393171807e-01
9.215859299855256870e-01
9.857322645945547634e-01
9.878281575222018773e-01
9.940353656786570236e-01
9.767157487099965563e-01
9.653237630993017904e-01
9.839782206266294295e-01
9.854022129721228263e-01
9.791772119215604864e-01
9.896030346170296976e-01
9.881155109016508398e-01
9.900970896535067345e-01
9.282281172175035344e-01
9.978294161276030083e-01
9.868478330427369327e-01
9.902010952938794519e-01
9.790013128603359815e-01
9.974385387884037169e-01
9.750029494732714852e-01
9.895504674692385816e-01
9.933529614807969921e-01
9.736863586175453777e-01
9.823999209051387238e-01
9.800866502209899522e-01
9.547867881675209389e-01
9.874994792982340064e-01
9.697117041215281841e-01
9.859005669812997974e-01
9.814381741487208100e-01
9.866790147713584425e-01
9.820252523609667161e-01
9.864514682179179594e-01
9.659910430641324153e-01
9.872564755070026843e-01
9.844161891500669004e-01
9.701101253618211739e-01
9.947701003782476459e-01
9.737453132793939536e-01
9.743974204214705948e-01
9.776490279755422064e-01
9.768553999236729846e-01
1.007028173250035241e+00
9.864865678096337298e-01
9.489884662020355854e-01
9.770864356708912624e-01
9.844530638506643339e-01
9.560391635565392843e-01
9.881912162225767737e-01
9.863768490527818900e-01
9.614125571806488857e-01
9.738113296023150900e-01
9.808558221713565839e-01
9.764291529352171484e-01
9.916822539773458844e-01
9.840987291060303566e-01
9.624850623413024886e-01
9.750363806674290368e-01
9.856222778769150317e-01
9.839017009464022800e-01
9.869679199580579931e-01
9.833440370533830244e-01
9.781347793025352289e-01
9.842179334001800450e-01
9.837760665670748361e-01
9.705754038036195075e-01
9.643913922983833320e-01
9.855786364665397592e-01
9.854799542868580842e-01
9.746303337223676255e-01
9.685718665718991982e-01
9.702095814783169292e-01
9.843611763259499936e-01
9.673301185185355644e-01
9.988865757017938440e-01
1.000638313079054820e+00
9.962101824653700755e-01
9.695436259943637225e-01
9.781085446973354358e-01
9.905453037167248898e-01
9.927960403238285103e-01
9.866335320273380560e-01
9.745359835027990192e-01
9.848359400867887636e-01
9.729865106712359824e-01
9.687708613201455599e-01
9.887773472848587764e-01
9.813152813579559819e-01
9.603469232313328607e-01
9.902914732282511734e-01
9.713858129890735604e-01
9.881076380904862955e-01
9.977282774262099529e-01
9.421908997866750290e-01
9.799492236319277128e-01
9.877366988660997160e-01
9.632698931084212601e-01
9.486448203755667441e-01
1.003247914418049502e+00
9.997788295259777414e-01
9.705773697981803227e-01
9.834376978693709637e-01
9.821366683680607945e-01
9.689826589765884179e-01
9.592852615557322382e-01
9.839545727598961733e-01
9.732955142273567173e-01
9.792674498032222230e-01
9.750883093956909109e-01
9.844730037167098713e-01
9.849279181697361274e-01
9.935103510354508227e-01
9.577682071571816946e-01
9.849914831452352137e-01
9.881595024754549206e-01
9.910221663622305055e-01
9.864209720636283318e-01
9.483509308195920973e-01
9.848116903983293868e-01
9.804464374391285153e-01
9.806917971299243808e-01
9.703372674422259259e-01
9.559088218171626350e-01
9.725962850920106817e-01
9.649612019050443079e-01
9.674549079822627462e-01
9.823941880192760268e-01
9.815212000599876641e-01
9.849819143888348671e-01
9.926345878169341441e-01
9.688764115262716858e-01
9.705583946799734019e-01
9.764406492345268918e-01
9.813619721421515951e-01
9.829191014927458614e-01
9.869134165213689913e-01
9.790322886650612011e-01
9.664776347644632448e-01
9.627283756974053253e-01
9.838534216817703681e-01
9.733234144146927225e-01
9.754032084974569861e-01
9.972449334691423362e-01
9.870908400484188494e-01
9.758245783219431368e-01
9.941886589540878116e-01
9.510070172288289658e-01
9.704619582049122117e-01
9.716774753106548479e-01
9.972022250344791949e-01
9.887214233100518612e-01
9.779996033480877760e-01
1.003206782593631274e+00
9.567120074642471161e-01
9.794923445051166855e-01
9.636004500717790799e-01
9.525725285853992030e-01
9.838017398032418148e-01
9.701823545702052964e-01
9.906689809880124820e-01
9.874940261532522134e-01
9.800409613019068766e-01
9.897873795368403727e-01
9.615014160273002153e-01
9.709512757564660035e-01
9.706465890908448912e-01
9.788346625788389987e-01
9.835223278846548789e-01
9.846465105534019102e-01
9.832530547574352964e-01
9.714514567870442541e-01
9.918204240922940951e-01
9.848233738544762694e-01
9.856871590475535516e-01
9.685658499856265591e-01
9.895884761549982311e-01
9.667228150424864719e-01
9.862391388166342754e-01
9.793896217960501582e-01
9.886755351250017254e-01
9.983163013730312896e-01
9.895906024657258326e-01
9.578383351394594847e-01
9.687810720227401085e-01
9.829645100396828816e-01
9.822333238939561229e-01
9.633204269537569697e-01
9.259663712843920758e-01
9.780947561208586105e-01
9.820961465889982422e-01
9.710313129413145061e-01
9.754830043739728396e-01
9.946544570643732763e-01
9.906377032271354022e-01
9.814991966940086465e-01
9.756332055622760624e-01
9.945994411703338312e-01
9.860435329059601406e-01
9.950358776814671735e-01
9.869565390753937129e-01
9.502511320449049670e-01
9.942808314937275904e-01
9.886676620964325313e-01
9.728588612772427480e-01
9.645734649183250742e-01
9.583187379317463783e-01
9.777751057378732957e-01
9.750243827111731987e-01
1.005328082573563986e+00
9.817302582952629475e-01
9.824643416528112683e-01
9.812643476447778790e-01
9.908903670491916449e-01
9.828507175434304521e-01
9.827032924645097145e-01
9.822746059106794991e-01
9.997154846187208399e-01
9.917251559807043204e-01
9.657887902907248412e-01
9.643245567908824700e-01
9.431103512101901565e-01
9.895848740687374079e-01
9.676757019057422582e-01
9.650215565302323606e-01
9.609383620604780019e-01
9.495229347680009813e-01
9.721755615457368105e-01
9.944533694694076553e-01
9.757095835872706679e-01
9.684253139562846169e-01
9.801985511868623879e-01
9.790761255582172140e-01
9.708515772973872471e-01
9.538453319538147124e-01
9.874415479638271043e-01
9.657469581442768014e-01
9.969122717164721204e-01
9.591831787588792624e-01
9.795023855542516200e-01
9.806221970702752033e-01
9.450983947767225279e-01
9.795853049404668056e-01
9.475957207291479945e-01
9.838127549541090255e-01
9.958418171645844197e-01
9.443030001369980830e-01
9.794216539885247652e-01
9.837034718333526051e-01
9.808069801622157913e-01
1.000425350139786174e+00
9.534315397097644640e-01
9.782092860779530996e-01
9.728280389337526923e-01
9.690716891654717058e-01
9.771805846603116574e-01
9.684800019197693510e-01
9.897017915724118930e-01
9.802952486710327928e-01
9.860357121653493540e-01
9.884320173046207136e-01
9.746011639028774320e-01
9.910480686084996993e-01
9.696878458283794133e-01
9.682588392468671756e-01
9.889271593886294065e-01
9.940853487721580395e-01
1.000269058507586628e+00
9.753640682084891989e-01
9.731770406362354464e-01
9.785242182166847824e-01
9.404418819079405356e-01
9.498231332696933649e-01
9.875458729315418349e-01
9.852438732066864935e-01
9.831824000236880634e-01
9.879584169649473502e-01
9.717763661554555954e-01
9.916680180031818281e-01
9.961923844054900723e-01
9.992120722215682704e-01
9.826261138457895727e-01
9.818056401229861008e-01
9.957568798551148515e-01
9.591185067029128763e-01
9.800712965718506586e-01
9.850208464206077208e-01
9.855946793049954469e-01
9.832391340980649597e-01
9.572308994102833868e-01
9.900984617758362694e-01
9.840818023027017025e-01
1.002044073633877375e+00
9.804979428458848734e-01
9.759549503144822058e-01
9.879702694115474193e-01
9.890013373649059192e-01
9.712003750586046813e-01
9.695689625799431832e-01
9.559563705482974072e-01
9.932670036716108042e-01
9.340921784694078411e-01
9.591963706047519356e-01
9.886352585160879114e-01
9.920949134771415157e-01
9.650053315197557602e-01
9.669977707657660959e-01
9.927260772293193813e-01
9.838639692237270973e-01
9.654944939602041476e-01
9.719933136335149326e-01
9.887315166846970538e-01
9.748184239965729248e-01
9.603055725838742784e-01
9.947613838298184907e-01
9.747606097692257388e-01
9.603112620617624273e-01
9.839171910506040453e-01
9.837439830727976453e-01
9.639588388838404853e-01
9.790360129354735985e-01
9.830107985376086432e-01
9.901729501901489483e-01
9.782852131764697701e-01
9.818158457605878908e-01
9.699678345209533648e-01
9.395188854808288470e-01
9.834805357097404777e-01
9.645213476335791070e-01
9.587492839477947948e-01
9.829805114243007624e-01
9.787911161371828372e-01
9.805903077120945444e-01
9.777509519036438057e-01
9.862252907834404558e-01
9.794063986209996520e-01
9.731262457460776449e-01
9.740627957387271163e-01
9.727578863775432350e-01
9.720530253225840855e-01
9.822026609910595729e-01
9.806175657702291826e-01
9.576046216563275371e-01
9.950475267124738732e-01
9.710087241379470324e-01
9.943548464167656364e-01
9.732478891123842457e-01
9.834096444575770590e-01
9.697783473089921502e-01
9.611242446807487516e-01
9.900066247408039199e-01
9.896470837591893055e-01
9.856917147087601583e-01
9.710263094811983908e-01
9.943557068689801159e-01
9.852333057127863336e-01
9.812662547539389157e-01
9.855892553531078182e-01
9.856655627868921021e-01
9.848225190442804200e-01
9.805984759717832899e-01
9.880944883568303361e-01
9.805759126324832264e-01
9.524243649086669983e-01
9.842121370507277422e-01
9.880550244377266367e-01
9.882737427774348493e-01
9.925048180499881356e-01
9.788826506550307727e-01
9.801326631413201929e-01
9.809987118447168752e-01
9.873071229960563855e-01
9.938653612599865905e-01
9.875778151382614833e-01
9.873697035212323225e-01
9.923739656272296816e-01
9.792221635733281415e-01
9.976302769112650459e-01
9.849471588061157190e-01
9.792014194486500234e-01
9.654457216281823184e-01
9.989556170512129407e-01
9.833449113014053333e-01
9.863789713793501557e-01
9.630856156252994849e-01
9.762233386459029383e-01
9.914322772584645005e-01
9.702153544518258288e-01
9.674161407240858823e-01
9.886014013616607476e-01
9.909402576465700108e-01
9.858248289084444727e-01
9.768214255486825648e-01
9.552301204448122585e-01
9.844642040418534190e-01
9.893807780599320756e-01
1.000875263688607131e+00
9.698600218467984257e-01
9.636090616982246893e-01
9.764101175775342645e-01
9.679859239568533447e-01
9.955674860572905072e-01
9.745536230502259700e-01
9.887364445688455739e-01
9.686237170487643766e-01
9.896231535191127859e-01
9.842648923989756327e-01
9.720006705758602594e-01
9.926233152920509450e-01
9.198196693607552099e-01
9.765268507355240324e-01
9.919674573439413168e-01
9.805417251334217488e-01
9.681128909588940790e-01
9.694044159472264832e-01
9.646301237854745247e-01
9.828247926380511146e-01
9.714926572917318426e-01
9.791920537839202687e-01
9.584084032699470290e-01
9.712178734865420937e-01
9.839476804361952933e-01
9.690462165441040554e-01
9.916360416587448601e-01
9.793055755662216644e-01
9.735873397776411142e-01
9.745123069803758309e-01
9.767830111830249074e-01
9.680763095119472306e-01
9.669421251966675568e-01
1.012561674786337074e+00
9.860540153075443293e-01
9.581571287155535854e-01
9.469569016712938714e-01
9.880493481171094272e-01
9.800823443440647154e-01
9.636560402631193512e-01
9.716748986659146103e-01
9.742997648624224238e-01
9.758900152691145635e-01
9.881874198655725694e-01
9.836069814336686479e-01
9.588209064261123959e-01
9.844256983031106634e-01
9.870930701415675523e-01
9.551850846520950622e-01
9.857364959999903586e-01
9.767391316070582752e-01
9.867245502342415486e-01
1.009290928211811211e+00
9.919401333995154779e-01
9.805977496494333590e-01
9.878178021086176930e-01
9.865950350297468807e-01
9.649432347952220379e-01
9.424444991353160272e-01
9.869503406942864432e-01
9.916583078307674715e-01
9.632890134067868537e-01
9.896353623740488104e-01
9.800713929901964105e-01
9.830153554456860787e-01
9.772645698347371956e-01
9.848415998609156841e-01
9.863943931171950119e-01
9.826609822596156230e-01
9.846839842000505438e-01
9.868315839958021751e-01
9.787651005552052697e-01
9.766376570723711570e-01
9.690193281887303778e-01
9.860478910995784663e-01
9.879066347048164332e-01
9.823870137401471414e-01
9.758883194693480645e-01
9.838041256963006020e-01
9.902774753772295435e-01
9.950134983712468628e-01
9.800120384353477876e-01
9.899734169014602347e-01
9.979201418690087921e-01
9.832048124404494382e-01
9.878149567259916219e-01
9.861919858893406499e-01
9.658128791986678729e-01
9.982175032588612718e-01
9.541651547954920209e-01
9.592242932572200287e-01
9.582866414783107745e-01
9.822443344078446437e-01
9.860797956917044527e-01
9.816576147976106004e-01
9.840718247928247342e-01
9.848230057435584106e-01
9.838893322812535258e-01
9.877871047395478943e-01
9.753794766240186931e-01
9.923046010892677682e-01
9.843016911396650359e-01
9.891346054097196472e-01
9.867642398561941031e-01
9.785180623209129847e-01
1.002231245365176049e+00
9.613077040131452478e-01
9.835592069186293029e-01
9.586363577796559454e-01
9.597221771880433128e-01
9.851645427805226785e-01
9.898097199951447767e-01
9.708780734829459691e-01
9.785270546206283893e-01
9.916418539716658209e-01
9.631547539619743636e-01
9.753326896904476184e-01
9.680355120455368390e-01
9.818895676945080808e-01
9.923666802405660681e-01
9.897097333321878132e-01
9.788706003636700181e-01
9.883925482088572467e-01
9.888205053554885993e-01
9.961343130092122911e-01
9.866483049373335756e-01
9.719663140746566121e-01
9.735331675442364663e-01
9.679108703671547298e-01
9.923252139734376476e-01
9.850700491286674687e-01
9.830515742698301418e-01
9.892489849349536124e-01
9.962665098065919267e-01
9.827322278720868054e-01
1.002569197855012195e+00
9.750539009416028247e-01
9.907139375343710919e-01
9.657180039613441069e-01
9.672843303500533452e-01
9.812378894708219113e-01
9.704253905889493881e-01
9.778190992177172580e-01
9.693287751553375520e-01
9.892868415740693200e-01
9.774511105321668225e-01
9.841597384883605804e-01
9.769245559314025940e-01
9.899970702258559241e-01
9.748643033085723220e-01
9.991832349411512437e-01
9.922295086278553056e-01
9.781143098614173415e-01
1.003532053646877031e+00
9.754161473802512861e-01
9.798469949573426208e-01
9.935697110069434679e-01
9.908703035092805145e-01
9.776480709764346910e-01
9.713756870613288186e-01
9.875852817582371213e-01
9.890730120627897470e-01
9.609523785170032140e-01
9.601317230266768199e-01
9.807751011613226044e-01
9.897164951248953457e-01
9.759114241137379908e-01
9.528583263122715197e-01
9.577289382193633349e-01
9.879752593569930408e-01
9.723887954139956991e-01
9.796625515531822703e-01
9.747622727948372923e-01
9.825104829153037400e-01
9.766322306522758900e-01
9.784044039584288699e-01
9.883504308043830067e-01
9.882895807380335240e-01
9.950785699928710315e-01
9.684858595696534955e-01
9.838317145698097788e-01
9.855650975892015220e-01
9.776898873365620357e-01
9.894221952541688569e-01
9.610644761805052783e-01
9.730456547480712537e-01
9.794927019143557789e-01
9.922835936282949909e-01
9.711574939365978931e-01
9.724537165856055321e-01
9.690405507304722388e-01
9.861493104057394987e-01
9.853409102338847037e-01
9.736032626193578121e-01
9.934713750468092686e-01
9.879944555480721924e-01
9.991046480341790881e-01
9.708725625733367615e-01
9.843954811972358554e-01
9.519240098350173485e-01
9.491152827649464996e-01
9.779661786994879868e-01
9.945202357269129489e-01
9.836189412283325995e-01
9.906359180596640002e-01
1.007397100934288359e+00
9.832444772173607461e-01
9.810399451817203298e-01
9.802505800072048858e-01
9.949264401082744680e-01
9.822249748673709258e-01
9.669611712043379992e-01
9.637860548737875455e-01
9.952075309278385351e-01
9.901388874376807481e-01
9.980184999595093087e-01
9.744020583825251380e-01
9.869371548336441924e-01
9.804529255619058858e-01
9.949491728308507144e-01
9.911921311728546513e-01
9.883240069293015573e-01
9.850888678579464708e-01
9.836505205470575941e-01
9.836564358105558403e-01
9.786617220596647293e-01
9.956328302094035188e-01
9.938268629865595338e-01
9.752153652613925194e-01
9.779286441166040733e-01
9.556967337648090144e-01
9.879812769395349692e-01
9.350932983520680031e-01
9.665992960032402381e-01
9.852460374050596714e-01
9.885155812373088713e-01
9.853732506656913692e-01
9.761955199355101254e-01
1.014805474011241770e+00
9.556436093041709157e-01
9.511512529253135506e-01
9.898500076611044252e-01
9.827671110112603525e-01
9.801602110265428269e-01
9.690452031563761004e-01
9.912839435062015259e-01
9.763490277356486891e-01
9.922701658313985984e-01
9.724550541858941743e-01
9.944047634398835989e-01
9.839050102912584306e-01
9.951553296641504343e-01
9.730728575749317821e-01
9.717173656222500844e-01
9.736088904697868252e-01
9.628706651184639753e-01
9.752386632794827204e-01
9.953471514848964974e-01
9.679073358676381078e-01
9.896924586829756176e-01
9.884129914383266158e-01
1.005636535811936350e+00
9.863712487889604308e-01
9.899361227967892196e-01
9.957088489324399383e-01
9.836906652407261253e-01
9.982353103445530396e-01
9.759059393686538852e-01
9.862917485618583058e-01
9.901722646051955845e-01
9.505616686097045909e-01
9.922785666220438339e-01
9.847952583859105324e-01
9.941458494782524635e-01
9.813239967420301912e-01
9.584461562517405664e-01
9.740986923213255100e-01
9.789751057020960046e-01
9.671126208087151843e-01
9.842519179425245346e-01
9.823152653617822638e-01
9.772573303382376952e-01
9.517582589297439721e-01
9.740056164567498787e-01
9.920983975457519088e-01
9.691475963963318563e-01
9.664655639034062107e-01
9.920121042088253516e-01
9.719624382089604442e-01
9.855263371364741953e-01
9.783526211280542118e-01
9.624440351916960790e-01
9.484951454869402498e-01
9.799510947570039265e-01
1.003938338274806608e+00
9.954141419480125874e-01
9.701632799597511569e-01
9.656151820349392345e-01
9.844440879125858634e-01
9.823935586942080800e-01
9.689717460584654773e-01
9.929612907273435152e-01
9.551872473463528523e-01
9.732992575326144813e-01
9.691837684980795231e-01
9.813863027699422092e-01
9.865027454348768154e-01
9.799727866171863422e-01
9.838463394552521279e-01
9.890839162626080538e-01
9.869947964840196653e-01
9.870703074650172271e-01
9.829311949900542134e-01
9.872312903878691648e-01
9.958761236615635282e-01
9.862829821464040858e-01
9.910530926127691931e-01
9.785791859604054954e-01
9.786473146826502045e-01
9.704777375487571023e-01
9.667390076144457556e-01
9.889291415539577246e-01
9.738709310460761381e-01
9.834588342011382212e-01
9.758326966692291160e-01
9.806774400770589262e-01
9.850770084313394959e-01
9.771536179879064532e-01
9.810795381340378096e-01
9.914441127705867496e-01
9.840437349606986350e-01
9.750625294414348998e-01
9.862796525155117511e-01
9.791488168242212797e-01
9.695725439426491343e-01
9.382502194252186900e-01
9.788392900036851918e-01
9.810620708175821214e-01
9.897861125879269251e-01
9.908023591262057339e-01
9.921848260231329597e-01
9.899674921411986128e-01
9.838496440295293466e-01
9.826937329103380137e-01
9.814437643303881575e-01
9.736044293975103514e-01
9.903994159260811614e-01
9.786722630497285413e-01
9.681910524208753310e-01
9.738365978525942435e-01
9.920924891476743390e-01
9.739380388883631667e-01
1.004113503504612703e+00
9.728557873674252843e-01
9.848595591925796144e-01
9.848058673945950803e-01
9.874679966918231688e-01
9.835524963965621703e-01
9.868397792740277730e-01
9.722815157944848519e-01
9.835844067020032000e-01
9.626738696287118202e-01
9.756621949507833236e-01
9.763761853951185010e-01
9.594549132225932420e-01
9.822013880083894088e-01
9.773046785953566351e-01
9.817875313495469936e-01
9.847230079350040022e-01
9.741628252001145460e-01
9.913524126186649132e-01
9.960751895116830568e-01
9.628424201591576637e-01
9.674964009605978577e-01
9.566425650232105449e-01
9.758923084924580049e-01
9.730227019210908601e-01
9.544305856469822436e-01
9.825297766686850176e-01
9.890745506988759539e-01
9.853297414554074152e-01
9.708844537112570894e-01
9.520224731990341027e-01
9.927847320017574306e-01
9.920814321318981444e-01
9.851469534875257894e-01
9.360614211862858802e-01
9.894813427851638643e-01
9.879168865824067280e-01
9.822729425923890645e-01
9.566941606723738944e-01
9.978309443002741919e-01
9.772150634675172975e-01
9.903987673172425232e-01
9.802018739198420372e-01
9.715150266811244384e-01
9.796094936184039925e-01
9.716968121161736471e-01
9.656500496425014513e-01
9.641850011982160407e-01
9.782093667069716725e-01
9.849546086221704355e-01
9.715815021394913487e-01
9.640974543588447521e-01
9.936887703555405960e-01
9.544547568321318787e-01
9.818285413015538365e-01
9.951999091677755649e-01
9.775747966796753952e-01
9.902502525761818220e-01
9.864255321636339335e-01
9.792503653564217370e-01
9.823217031791839915e-01
9.860904599625094358e-01
9.564955892757537326e-01
9.735706326740711791e-01
9.645161149591650052e-01
9.834355169941324526e-01
9.859185937047619808e-01
9.567237047045430431e-01
9.917495985974358330e-01
9.810906801393642906e-01
9.897944270204823702e-01
9.881048764572335497e-01
9.641913232475312068e-01
9.829689653403469451e-01
9.782915147128670164e-01
9.725831487186527013e-01
9.964641849089808101e-01
9.800783046259988751e-01
9.943257548061290585e-01
9.783803540609724569e-01
9.951732885977230270e-01
9.821527097698896647e-01
9.943462643704990001e-01
9.909408325709342380e-01
9.808173792204217811e-01
9.642972967418802499e-01
9.883752865750486949e-01
9.696616816567839026e-01
9.743333412440183805e-01
9.949493470228383263e-01
9.681364764701428927e-01
9.739680830838989278e-01
9.646536194667848507e-01
9.606551364087594358e-01
9.679189821150747663e-01
9.879690367781408522e-01
9.541291446746282823e-01
9.796400013024544329e-01
9.578932030386421159e-01
9.854655803944811776e-01
9.469108192070510022e-01
9.500024372154085572e-01
9.952126220908114052e-01
9.826826285874816769e-01
9.627472199613502646e-01
9.462576881254658456e-01
9.715585620388683674e-01
9.773139716138978805e-01
9.722628793850758289e-01
9.694511595532853132e-01
9.859273688883887221e-01
9.550494362395502979e-01
9.587804343031615106e-01
9.665722097463154139e-01
9.746079943156998882e-01
9.611511606566580657e-01
9.942776046352315156e-01
9.532205078068594073e-01
9.749484553908124296e-01
9.807083736598720680e-01
9.656603220018666889e-01
9.858816754409366334e-01
9.784016619580615526e-01
9.961557734458480473e-01
9.862973136462931389e-01
9.825124414944135243e-01
9.373211740757045884e-01
9.721268740589359414e-01
9.517200505003123867e-01
9.855664015598520900e-01
9.793897202503658583e-01
9.541355849324026916e-01
9.651401520377029808e-01
9.931797695024395800e-01
9.708701110963218195e-01
9.860525715401279312e-01
9.871548268881734645e-01
9.929746631905239651e-01
9.724972278851623519e-01
9.821478193689506808e-01
9.872696133376915872e-01
9.741850775450352495e-01
9.720555959922060341e-01
9.709526596944982879e-01
9.867184611042936204e-01
9.851586385938198021e-01
9.743729340270783634e-01
9.850372370451891957e-01
9.790946063013675760e-01
9.942605229391148214e-01
9.913668687323863304e-01
9.986491806009470951e-01
9.696455801390823082e-01
9.591542144360966082e-01
9.920156269592521614e-01
9.659426380662277101e-01
9.854626530431653819e-01
9.906558579135722464e-01
9.901742241179047888e-01
9.809545232088823230e-01
9.648193228475198113e-01
9.730739954029565819e-01
9.553526863666426117e-01
9.957125554531023326e-01
9.780935778815658121e-01
9.804395209725954574e-01
9.849300032379562087e-01
9.552066285660499867e-01
9.838082368972058678e-01
9.906672632306784410e-01
9.835703051496674787e-01
9.832425943878293495e-01
9.837463276455438166e-01
9.658266215492246065e-01
9.821310476234574871e-01
9.701826010096659125e-01
9.926425253409423277e-01
9.818423792911945558e-01
9.415976103826392274e-01
9.732595303253527286e-01
9.960319344676208386e-01
9.605517941919662350e-01
9.729261678924063794e-01
9.933709763359662714e-01
9.778430863394846906e-01
1.000395143736268366e+00
9.813485795673703160e-01
9.589167423720241779e-01
9.942925588097949463e-01
9.897379398398484796e-01
9.974398761636502631e-01
9.870970369320332116e-01
9.957733633784904281e-01
9.631241206883803807e-01
9.603443169012999547e-01
9.856093741130426134e-01
9.910550361679060227e-01
9.603865771661969086e-01
9.890508131819768511e-01
9.909018953176471634e-01
9.946848147124437434e-01
9.805997939688957388e-01
9.714596306872187448e-01
9.728578971634662675e-01
9.731042401843758016e-01
9.853188331772623210e-01
9.891447031688537228e-01
9.748105852285732231e-01
9.876629589351380023e-01
9.622364065094627383e-01
9.780817639836456578e-01
9.748289875000217819e-01
9.887187651613795758e-01
9.637094219847486265e-01
9.769678994596791011e-01
9.391887222101876764e-01
9.798942953657033827e-01
9.757945169336460500e-01
9.547031197980780926e-01
9.861062586663695839e-01
9.787464976531311533e-01
9.800703119416954712e-01
9.981358332865315486e-01
9.926495629700199386e-01
9.900873077645031550e-01
9.755160137048980440e-01
9.784110483585596318e-01
9.948128227485086850e-01
9.863603151222900545e-01
9.912283996565643962e-01
9.718114128053010337e-01
9.795060792499253877e-01
9.800293033768061601e-01
1.002381123021665932e+00
9.992163572451111531e-01
9.625207957468002729e-01
9.373626652610717036e-01
9.826403109898471655e-01
9.767441720061170729e-01
9.924619356598559650e-01
9.815045619532417609e-01
9.818608158744780434e-01
9.870785096804525205e-01
9.825988665107536768e-01
9.770408711794044132e-01
9.565383553543945760e-01
9.979820789054943964e-01
9.769216809340179886e-01
1.001146514531128906e+00
9.751775532929316537e-01
9.806367665312606396e-01
9.681454367205322153e-01
9.839638363899481099e-01
1.003085598812507584e+00
9.865252839525060491e-01
9.776775186706029297e-01
9.890035568177240055e-01
9.804860099193410949e-01
9.819760121914072881e-01
9.830733096762630518e-01
9.650852896041461904e-01
9.977110809093002741e-01
9.770966631179500705e-01
9.754169078635890333e-01
9.834960608293841222e-01
9.791919602073948514e-01
9.650013639372857499e-01
9.896073955593696070e-01
9.922200876505620215e-01
9.921544394958409230e-01
9.841893788220674733e-01
9.634261841588155351e-01
9.838319479329009631e-01
9.706628368563762210e-01
9.824102283666974467e-01
9.846600209661287018e-01
9.826720452042717602e-01
9.874303539280839814e-01
9.804250936894750579e-01
9.772866949300804684e-01
9.590450153776366449e-01
9.703740966710887594e-01
9.876650543172874608e-01
9.915323000173404955e-01
9.854215208807751702e-01
9.590688288094494363e-01
9.787299697244873364e-01
9.801256699766802694e-01
9.888525385002382428e-01
9.840106024073922431e-01
9.794137628462680212e-01
9.571699341390864646e-01
9.859536395194835601e-01
1.000735968065958881e+00
9.771186181979336638e-01
9.702906349409978759e-01
9.832442104493134272e-01
9.643671399070767869e-01
9.612129311374035812e-01
9.706585702460363008e-01
9.805956779830818926e-01
9.888402730252834338e-01
9.624361579753165641e-01
9.861284991161900493e-01
9.878343082390319552e-01
9.884132096298966497e-01
9.910062776105362792e-01
9.795952796738338630e-01
9.868657459380183461e-01
9.555762389233540821e-01
9.745997305857002635e-01
9.618551463452617023e-01
9.556149294023764673e-01
9.872285499806799924e-01
9.309276687609127077e-01
9.595782239939733005e-01
9.917254029718619579e-01
9.879546733507191814e-01
9.919191883697091594e-01
9.907491453200545362e-01
9.797535866269143634e-01
9.688345245748811729e-01
9.907977494224522452e-01
9.926013384890884916e-01
9.674497282864956693e-01
9.867644971082507599e-01
9.795602958212126232e-01
1.003578762163864990e+00
9.838210993498277546e-01
9.708300390120778722e-01
9.906129382352482082e-01
9.634445694046378517e-01
9.647228771739282394e-01
9.589986737118221249e-01
9.843054117843036410e-01
9.832159204061421409e-01
9.654376565994255976e-01
9.814116556397105562e-01
9.953053087243312058e-01
9.629650138123244663e-01
9.815950975321097172e-01
9.463801388283751281e-01
9.760152489613553861e-01
9.731538088243670837e-01
9.940961771129787072e-01
9.782875332976200822e-01
9.932888857316125586e-01
9.751235089645512444e-01
9.533260275874577694e-01
9.637610770822019335e-01
9.783762976848759951e-01
9.770235007025965812e-01
9.673457021138531786e-01
9.643937535036561925e-01
9.868031441846287777e-01
1.013136432159635225e+00
9.715698212832709624e-01
9.804909321345474105e-01
9.848609437965585300e-01
9.911928394086523264e-01
9.818501339124057203e-01
9.690011105806655145e-01
9.812055407804133322e-01
9.822737451642626905e-01
9.913719571040339185e-01
9.874263465599719680e-01
9.894007092218517485e-01
9.446595182776829080e-01
9.867456290899221383e-01
9.938836849193223300e-01
9.842117361346239823e-01
9.931599348817192752e-01
9.696550277300065579e-01
9.860763393915608077e-01
9.679575257817200074e-01
9.868890949739269614e-01
9.775024909224026004e-01
9.926552731519205919e-01
9.829204821090081756e-01
9.410466787952262990e-01
9.869154601770647739e-01
9.668457208225702537e-01
9.829307445185102576e-01
9.437995225658626364e-01
9.774956433010794088e-01
9.869502748816609827e-01
9.728446478794644525e-01
9.784225019606742624e-01
9.824200987776672278e-01
9.890336855107568770e-01
9.878769045624279377e-01
9.874323345420227271e-01
9.805509841692986450e-01
9.765893421710695188e-01
9.766714086374579384e-01
9.759550812293189548e-01
9.853631554254268510e-01
9.894350572660459697e-01
9.300870547446059566e-01
9.875380857721064443e-01
9.845359384067936537e-01
9.745865243292288760e-01
9.817549832720797731e-01
9.908501484196410303e-01
9.450316650342026614e-01
9.906743981910117736e-01
9.686318069987420731e-01
9.809456440533838029e-01
9.751392621031896857e-01
9.734185199625662310e-01
9.657692021899156876e-01
9.859782270538278715e-01
9.663807354761234647e-01
9.834260713328429881e-01
9.860218661523276751e-01
9.843515683094924418e-01
9.897692589648476869e-01
1.002873940530070396e+00
9.958728211170714273e-01
9.729788312455753818e-01
9.925500808337294201e-01
9.939044872277443821e-01
9.744453476236476508e-01
9.884013022691591210e-01
9.897415299575892389e-01
9.865188617807398863e-01
9.625247167869254161e-01
9.878353446658647563e-01
9.888145846400688832e-01
9.726573905274528142e-01
9.642815474723182012e-01
1.003278240851805503e+00
9.833677435335366201e-01
9.660795404360749128e-01
9.916162148767445617e-01
9.671095820145521049e-01
9.968148804733111268e-01
9.832530089899834680e-01
9.884899462947087656e-01
9.786722614904450612e-01
9.851876787629286758e-01
9.812769715821826333e-01
9.856182603937516662e-01
9.843083756826359609e-01
9.553612217761218162e-01
9.741024271725235995e-01
9.873222933852545680e-01
9.826002404996077022e-01
9.631255444014937828e-01
9.822903827811250155e-01
9.650054162013181891e-01
9.871388823206969088e-01
9.758288181219086921e-01
9.568030889914553860e-01
9.662405819742684310e-01
9.619775170200781655e-01
9.756408171348451841e-01
9.742341957451318146e-01
9.861481986759825791e-01
9.693250754420872362e-01
9.910197814380746761e-01
9.775570663156408768e-01
9.665048336942629881e-01
9.838375242076606852e-01
9.928080482287346964e-01
9.819345346003539587e-01
9.716623384337650382e-01
9.880736240470574527e-01
9.650806582035583725e-01
9.782660009163707260e-01
9.945112369125206353e-01
9.617657254595272098e-01
9.796646717512479396e-01
9.862980152776431586e-01
9.701382476151890755e-01
9.610976558809325443e-01
9.867363480924249419e-01
9.719209523903957759e-01
9.879839993922643337e-01
9.861752164829740153e-01
9.708147092483181417e-01
9.888047611910597556e-01
9.829768884141175667e-01
9.812626682303515757e-01
9.751380690354789493e-01
9.873914220277610898e-01
9.759698973654741261e-01
9.636543081295578794e-01
9.846575901354757132e-01
9.890745639787144050e-01
9.691945102211335650e-01
1.002360591049885397e+00
9.608859036333111669e-01
9.945776642782607757e-01
9.674815394210877217e-01
9.895786382713535057e-01
9.858975057862372493e-01
9.715725589431116749e-01
9.679172745735332706e-01
9.796676203875270827e-01
9.811692998491022832e-01
9.950430119909579041e-01
1.001733638275625671e+00
9.882253684288178075e-01
9.777678700558276592e-01
9.827682542611612115e-01
9.837576214630808780e-01
9.877349549716971655e-01
9.933388736362608329e-01
9.774944136243934878e-01
9.636754300458877376e-01
9.628973138888885508e-01
9.845664641871728628e-01
9.917524046741138521e-01
9.890087604847380698e-01
9.847560378612858489e-01
9.624556242050770205e-01
9.854210350468959323e-01
1.007629083578426732e+00
9.552018154037990039e-01
9.910832730795632317e-01
9.702916881798121507e-01
9.870472201513075250e-01
9.668633222122180459e-01
9.898649324647600389e-01
9.636237040550653665e-01
9.750472860302235034e-01
9.826178875801120371e-01
9.949288398963506141e-01
9.687813772870353946e-01
9.792207028081791886e-01
9.770579716259417680e-01
9.856137565330556072e-01
9.845425304735115901e-01
9.757271564218329418e-01
9.910954927388790914e-01
9.863000565075377146e-01
9.835732769901898154e-01
9.826277350316118264e-01
9.878264607630691252e-01
9.897326300170021796e-01
9.700637122431385873e-01
9.780820281204526401e-01
9.801440115998442115e-01
9.838632138556784312e-01
9.909834561639765393e-01
9.846469984545618281e-01
9.916673924563724762e-01
9.938837501407261632e-01
9.905252456157487284e-01
9.683747570949987615e-01
9.936180108896089935e-01
9.927161504657496804e-01
9.774081800868363867e-01
9.929178755072664009e-01
9.791602449623258986e-01
9.795690758617827676e-01
9.890103924147424230e-01
9.893427658815596715e-01
9.873801804911522817e-01
9.787113496241609534e-01
9.904962360949973732e-01
9.644739427467579063e-01
9.845343308334743027e-01
9.876494450263009206e-01
9.777790228502263314e-01
9.823277579596930709e-01
9.727909401042552640e-01
9.832043601487672202e-01
9.839621199781476424e-01
9.936786638383013903e-01
9.851384986671926081e-01
9.665016129908247100e-01
9.851193400585581683e-01
9.813584290534800303e-01
9.580516915300096858e-01
9.860776535728448255e-01
9.861135562238425578e-01
9.752601870343781121e-01
9.950784257091460638e-01
9.930598633479816861e-01
9.522282384632467789e-01
9.761239539164368040e-01
9.706499258513943129e-01
9.716628821853131592e-01
9.900569630317008762e-01
9.903351251784888731e-01
9.621165930714752346e-01
9.697582594982702142e-01
9.969732288168722256e-01
9.736657642406432167e-01
1.001566438156964445e+00
9.644827980185580740e-01
9.790671573452489618e-01
9.899900735199991253e-01
9.914955338526298956e-01
9.633852901365685950e-01
9.728443876769441445e-01
9.898506781354342587e-01
9.845860989715491396e-01
9.952028079596592081e-01
9.931107662074716291e-01
9.676314230685348905e-01
9.754034714632944247e-01
9.765434700195954054e-01
9.829450093299152424e-01
9.377662506587213231e-01
9.917425197679177185e-01
9.375429037000627686e-01
9.655993040720310949e-01
9.980398173809770235e-01
9.872158126100926134e-01
9.803379540608858633e-01
9.960402067968110451e-01
9.772433159528227664e-01
9.890474977207485141e-01
9.843504902346010832e-01
9.587177299358482507e-01
9.877742407803441482e-01
9.822621354669354155e-01
9.714790247262975464e-01
9.778819089592283298e-01
9.853546512433279947e-01
9.830893314527708871e-01
9.752710910602059302e-01
9.891758367139728003e-01
9.809652397046921823e-01
9.594840351439245518e-01
9.942085561339076838e-01
9.719991471699719332e-01
9.952283394709491304e-01
9.922849821015826688e-01
9.827642147183004440e-01
9.835855613188186908e-01
9.762343309443561878e-01
9.773780678040855374e-01
9.707391153583841970e-01
9.886347731279537809e-01
9.891263686900616525e-01
9.863007154389314968e-01
9.731424380555828701e-01
9.885075712791498992e-01
9.864725597439683025e-01
9.516969876593422972e-01
9.523848895444607665e-01
9.810484617927975881e-01
1.004157373196659542e+00
9.928216239212549477e-01
9.777979805242527078e-01
9.614389300485598477e-01
9.803759097076494289e-01
9.770483055643216508e-01
9.934233236925431587e-01
9.725405549110338610e-01
9.572223535501814817e-01
9.576408990341027661e-01
9.852098897768875041e-01
9.845402183613090052e-01
9.586492285841234917e-01
9.837619126026605487e-01
9.762502428165369395e-01
9.842201274547752732e-01
9.818017696032808050e-01
9.569852957381288494e-01
9.574435390473793328e-01
9.691939881992498451e-01
9.943508288914107984e-01
9.713715631466088851e-01
9.889038313287602522e-01
9.727542319702141560e-01
9.820686453305748076e-01
9.593726767723529392e-01
9.821718345816200513e-01
9.891365584150907386e-01
9.749415905742980781e-01
9.745299661550906878e-01
9.726255177103758642e-01
9.745003096177249358e-01
9.534156969103728674e-01
9.844001393838812675e-01
9.832203383736825009e-01
9.596308819523833300e-01
9.953732730224007508e-01
9.519071212309029306e-01
9.901258153350951385e-01
9.965402385723994838e-01
9.699299300987854755e-01
9.749874894233895306e-01
9.741092796479617899e-01
9.483550592507501431e-01
9.841518601134876532e-01
9.749175419394252584e-01
9.699963979875765308e-01
9.839157365520430076e-01
9.759647323738009916e-01
9.713288601111994547e-01
9.799958364138962041e-01
9.833526379617275603e-01
9.820038864672816503e-01
9.814133160240172682e-01
9.959582867645609960e-01
9.890193813277919910e-01
9.857912492435455531e-01
9.614725354026483206e-01
9.883888093913362205e-01
9.844804855521673836e-01
9.618101761799918714e-01
9.989424606255568051e-01
9.944274483302818490e-01
9.962098853949790112e-01
9.775977264244878340e-01
9.883575557901057573e-01
9.817828130225050298e-01
9.852402108073372577e-01
9.847361326683379268e-01
9.819398041248741382e-01
9.740941820032924525e-01
9.788348264316609759e-01
9.834495094618928013e-01
9.575844183459063519e-01
9.887533081047746863e-01
9.829850097633487938e-01
9.874144275625097444e-01
1.000959496942294580e+00
9.990273150591389983e-01
9.954195941208542342e-01
9.872533998955994594e-01
9.630118665716648207e-01
9.787233917304727360e-01
9.810024350359872747e-01
9.851820039617458225e-01
9.875382845314871760e-01
9.889944015771949815e-01
9.874340427133524445e-01
9.885566941435688371e-01
9.889995086871575802e-01
9.708905246794282684e-01
9.749821455970968387e-01
9.848584208308452936e-01
9.738538850619374854e-01
9.703814535571779754e-01
9.598079723764586513e-01
9.726762328104753275e-01
9.855058882423470834e-01
9.763066085024708629e-01
9.915540885412996719e-01
9.807830377026574009e-01
9.517791372808069861e-01
9.798517937545373480e-01
9.790632481212933058e-01
9.797241372268218340e-01
9.765382949914784838e-01
9.849227660873716150e-01
9.804189666133151793e-01
9.950725894557199691e-01
9.918397789531058217e-01
9.914833065317164573e-01
9.763239099602507576e-01
9.828117381741665604e-01
9.728407294215419832e-01
9.497304107541892915e-01
9.858844021422688009e-01
9.899504873690837536e-01
9.805901374644359070e-01
9.901827486367834608e-01
9.896990390252300429e-01
9.943398495182269592e-01
9.813313134718744113e-01
9.826563288400337326e-01
9.765126564247509355e-01
9.931449650557888642e-01
9.730891241519029622e-01
9.873086051854604861e-01
9.857284518468849566e-01
9.821093410543098035e-01
9.765714278427886086e-01
9.845804339425632268e-01
9.900333669280911852e-01
9.627629759872201598e-01
9.737454238101695969e-01
9.769794683235984989e-01
9.811076389981310264e-01
9.859808998217872711e-01
9.403446813263900417e-01
9.627322493967288564e-01
9.724308024247283466e-01
9.546468472115920978e-01
9.722421765219700918e-01
9.684392077053504133e-01
9.838244200149367513e-01
9.823494072714220593e-01
9.508031166975366988e-01
9.885840650705808308e-01
9.934738327629903942e-01
9.958011566690789795e-01
9.928842602068679302e-01
9.899352527183593597e-01
9.921936959927799560e-01
9.853810122686511574e-01
9.948264312739479864e-01
9.849502568731042240e-01
9.988423282712894924e-01
9.854864513139592885e-01
9.891937487188412481e-01
9.865418502230433040e-01
9.875473839357787886e-01
9.829413904171726557e-01
9.656959377921782162e-01
9.724046608030725292e-01
9.838999888069313027e-01
9.546854194660142623e-01
9.755685616207508959e-01
9.934336591912413805e-01
9.672051308291916838e-01
9.876411525560623295e-01
9.796623163999309547e-01
9.576903302145506336e-01
9.913871591158199825e-01
9.970898072281162428e-01
9.788357225698588460e-01
9.890874197526432487e-01
9.917760103583660447e-01
9.949211712572280097e-01
9.712153078148344498e-01
9.868226877760523097e-01
9.581092346568006457e-01
9.813923745246938557e-01
9.850803978031950070e-01
9.674525509547163837e-01
9.874803999938036592e-01
9.764901129230009191e-01
9.680792521572361142e-01
9.833505349275158958e-01
9.804862867844218455e-01
9.971145145694430001e-01
9.872975376260956226e-01
9.895438575494396316e-01
9.798967214173378570e-01
9.768568488109838910e-01
9.876744082355446430e-01
9.716233136918285274e-01
9.755982238217322244e-01
9.855420502610420241e-01
9.846718669173560867e-01
1.000831152207197761e+00
9.857367494672223396e-01
9.810540121326898344e-01
9.856753602213326193e-01
9.860671777730983800e-01
9.714335396362013819e-01
9.685980364499882089e-01
9.433578413921152039e-01
9.875262954093994017e-01
9.790968738278912342e-01
9.495962344339691219e-01
9.844315953192592783e-01
9.630835768362694393e-01
9.637593555300335568e-01
9.933144076538643619e-01
9.774721318721270036e-01
9.925015354457781269e-01
9.887450071360256443e-01
9.977226340012951278e-01
9.833744196491134293e-01
9.930310036483439573e-01
9.900895447877882116e-01
9.622156345798558164e-01
9.725696891625874585e-01
9.894621974466293324e-01
9.847935127682668766e-01
9.894708406825132307e-01
9.774435560536357537e-01
9.767493402205880138e-01
9.657376509069550696e-01
9.881173886064418266e-01
9.573858044049318172e-01
9.844452221822043159e-01
9.915342344886012294e-01
9.849864198483514466e-01
9.512384333445540463e-01
9.768229161205741473e-01
9.912210692412678492e-01
9.762841665938352120e-01
9.526005059390447727e-01
9.975414179139665549e-01
9.834301793797446400e-01
9.886913381296786874e-01
1.001140802768814675e+00
9.918310686139530929e-01
9.910098887205139873e-01
9.661003551102129716e-01
9.706110915302609277e-01
9.897093656323119326e-01
9.928196256736018244e-01
9.584523679735711399e-01
9.882978803844076898e-01
9.610726608978887864e-01
9.936584267241856949e-01
9.806285755867227838e-01
9.686646729707149017e-01
9.756082823816594196e-01
9.870903925025520387e-01
9.893198430264030785e-01
9.641885174659554636e-01
9.759548858261635207e-01
9.748505509794166413e-01
9.811732020415743216e-01
9.873112951577273089e-01
9.809916560629604598e-01
9.309726694418293258e-01
9.861903374657672305e-01
9.822975865909435722e-01
9.722539202002992154e-01
9.489150082542039399e-01
9.830060430809326455e-01
9.892671122376512916e-01
9.862600837629625916e-01
9.886510141838905641e-01
9.847992039907741413e-01
9.831613558532706909e-01
9.559802314712984028e-01
9.631685359461886753e-01
9.364403573307708006e-01
9.872902595987269603e-01
9.744321824371710017e-01
9.892586463478355574e-01
9.926418237955987323e-01
9.890620191438962427e-01
9.867248913989509207e-01
9.652893073396403567e-01
9.714464108480204141e-01
1.002405132344073468e+00
9.692748679074491003e-01
9.622422422886214299e-01
9.870036490440343702e-01
9.917873665620476897e-01
9.687178054929164173e-01
9.531872605382232244e-01
9.899041950116055366e-01
9.872822983355029614e-01
9.719325502600802968e-01
9.628381490151054489e-01
9.825638207674880498e-01
9.783161463443754702e-01
9.730138119465782109e-01
9.915028148456457302e-01
9.508126668765285450e-01
9.737069894298138184e-01
9.957555917815047453e-01
9.896507285247142516e-01
9.936234141216531146e-01
9.733655738855857553e-01
9.765273872436301961e-01
9.660727668952903135e-01
9.744621744984430789e-01
9.876097090566853254e-01
9.915314845159238777e-01
9.781580345196438930e-01
9.766848311959330786e-01
9.757886217113436178e-01
9.823598980728082131e-01
9.824821578952827039e-01
9.872380742011571675e-01
9.806000360315385578e-01
9.806258388819573124e-01
9.631587365812103174e-01
9.917273319602120107e-01
9.877237582261121362e-01
9.853491537322239813e-01
9.883064687747291632e-01
9.721205265125144601e-01
9.836599320900304422e-01
9.922131469589114960e-01
9.860993616727444788e-01
9.769062083770798655e-01
9.979923437549452769e-01
9.582710035238337642e-01
9.880252617027702744e-01
9.845726954913590623e-01
9.906634592738791101e-01
9.836478917417138534e-01
9.900587282444126558e-01
9.827358102745941126e-01
9.806733076847898856e-01
9.740386762526466180e-01
1.002323013937142626e+00
9.767637879787466337e-01
9.650591875793074204e-01
9.931752319297896259e-01
9.900511468485078126e-01
9.817259613178292987e-01
9.646927099003421713e-01
9.710246976999541424e-01
9.752837345939021629e-01
9.908483680103206126e-01
9.559197726075063795e-01
9.654287582591077888e-01
9.771389606424678576e-01
9.740640873239446718e-01
9.730405605409535585e-01
9.627719797733010898e-01
1.000156361940256478e+00
9.850918536209467558e-01
9.647340970889510814e-01
9.931535547767472716e-01
9.717521896221327227e-01
9.899874198253771906e-01
9.796917531786849542e-01
9.711901999819467779e-01
1.000984291464484421e+00
9.887927936096490011e-01
9.927207865358751437e-01
9.945805091441844992e-01
9.868399857798133556e-01
9.868248243563561006e-01
9.868915365773252013e-01
9.725332536312295550e-01
9.944976332892374593e-01
9.817307352302074852e-01
9.932175632057826942e-01
9.849529712663198655e-01
9.885888084235234796e-01
9.671566640879737387e-01
9.828803185086985028e-01
9.661351336925001476e-01
9.823662544260771678e-01
9.382643056337640619e-01
9.954248456567371672e-01
9.645171583374684277e-01
9.517332439478827233e-01
9.839627326137354579e-01
9.836201087441815982e-01
9.933774826493813048e-01
1.002058267098795197e+00
9.907663023019279702e-01
9.646067616235739495e-01
9.872521847883747315e-01
9.776784855334040847e-01
9.872900552469221491e-01
9.917905996252559531e-01
9.682037158363614449e-01
9.654013592937981114e-01
9.798885471622835741e-01
9.662289198955749114e-01
9.840923607959679575e-01
9.935905117598379244e-01
9.873022485495513978e-01
9.809712984597560581e-01
9.721158524438726634e-01
9.594307604710284876e-01
9.883260076166974217e-01
9.823321630432163554e-01
9.649474261703030464e-01
9.700141810442761692e-01
9.945306838807036476e-01
9.842986624912408722e-01
9.648089506309708296e-01
9.932530794250818973e-01
9.605520575269598238e-01
9.923286665797815820e-01
9.694367138332691258e-01
9.852430491106032306e-01
9.784453887927797577e-01
9.800449106405566546e-01
9.770457879655578548e-01
9.729077363645919352e-01
9.709772452806632037e-01
9.866675125614272623e-01
9.906140987812483978e-01
1.010020072823152759e+00
9.747824630276016311e-01
9.683060230285432946e-01
9.907711569394732631e-01
9.442878759101557273e-01
9.733400939747627323e-01
9.776567699996637772e-01
9.683907034873490138e-01
9.773973782382993081e-01
9.952148597216303738e-01
9.675993124052393313e-01
9.951387131076943060e-01
9.617577621938439014e-01
9.856408249828960688e-01
9.722993143860970688e-01
9.738981217171321925e-01
9.748437616497305225e-01
9.859330816260020169e-01
9.852969701825370352e-01
9.763386032654677305e-01
9.849809934695257230e-01
9.637503933474225182e-01
9.871031312442628547e-01
9.768850631223121583e-01
9.900670171964283117e-01
9.639835020961570189e-01
9.644749926403453077e-01
9.851209405257591589e-01
9.786095696412669964e-01
9.754274699726664943e-01
9.790273136843554713e-01
9.716835733677590126e-01
9.762557194207504008e-01
9.907369388540817612e-01
9.808064999477668078e-01
9.620068663964328470e-01
9.923691458817499589e-01
9.767083129627395222e-01
9.619446654953003328e-01
9.855173113705220089e-01
1.001237973258485292e+00
9.862307562605209244e-01
9.667421779306913932e-01
9.794502094712209672e-01
9.688588566685701897e-01
9.967425427873302102e-01
9.881961320052946585e-01
9.784503450406980551e-01
9.653474750731830811e-01
9.967389735782082871e-01
9.842642778425180206e-01
9.477582658739842625e-01
9.955325662806588927e-01
9.795891652209576250e-01
9.687079600203832852e-01
9.938585474138378340e-01
9.930112956905526866e-01
9.695756574036000774e-01
9.874822344936970975e-01
9.514298910879080973e-01
9.992318464414968737e-01
9.752325424017699307e-01
9.774072331623794296e-01
9.894502998291030416e-01
9.846146194379220562e-01
9.910928672849789178e-01
9.820231596534541030e-01
9.717829885471602758e-01
9.945868610023367307e-01
9.887368655456649780e-01
9.681321339821100658e-01
9.831361059353945775e-01
9.755456056264674158e-01
9.933931347082521901e-01
9.836225055273024598e-01
9.427278303254722491e-01
9.830625843773695971e-01
9.762502864578805895e-01
9.779091813005015288e-01
9.827173985678059331e-01
9.825483793430236368e-01
9.834221089198008636e-01
1.000304415586466211e+00
9.609702552307278767e-01
9.549260606751065472e-01
9.831363950697908916e-01
9.825162842138309705e-01
9.784502314813189328e-01
9.890790461817546841e-01
9.981827345345325453e-01
9.949796638392194303e-01
9.834777402578274152e-01
9.829674642950299024e-01
9.699307101314136315e-01
9.827460845147335533e-01
9.632149452961481506e-01
9.848178079135658791e-01
9.821946194141240039e-01
9.925666870933868013e-01
9.826841291219263752e-01
9.902407664498186213e-01
9.537162334033495448e-01
9.632233015882880611e-01
9.929418718380685904e-01
9.761443460874008604e-01
9.678407554793453382e-01
1.002621371506010162e+00
9.899602868124144361e-01
9.680360660468572132e-01
9.964508031268499710e-01
9.786256230102655662e-01
9.862454274376276642e-01
9.918784574540355781e-01
9.843880395285505847e-01
9.833143810573006238e-01
9.799539412038706931e-01
9.861275140274996520e-01
9.876907058813894080e-01
9.863603814972701223e-01
9.946670107291128993e-01
9.834982935868837872e-01
9.902305345351192223e-01
9.919934360417369534e-01
9.793189551672147886e-01
9.821630684107597320e-01
9.873402402121156385e-01
9.639620593362167034e-01
9.596157710378376837e-01
9.208869192794675307e-01
9.803522801060688963e-01
9.843176323021410878e-01
9.719119898498461696e-01
9.779806658830417776e-01
9.625793661603816442e-01
9.859880032437904340e-01
9.868643121073504831e-01
9.890421657270989098e-01
9.766211969463571840e-01
9.863514674806115323e-01
9.759964870384072455e-01
9.741788295805500209e-01
9.858852329574258055e-01
9.715802366045065419e-01
9.926342161892819371e-01
9.626636070481369156e-01
9.910396786516737500e-01
9.863926587599458617e-01
9.727128279509216213e-01
9.841392060691940280e-01
9.731538283589289406e-01
9.612318454767044829e-01
9.949169570378529892e-01
9.797573611273457939e-01
9.777305259059535514e-01
1.009447717658483956e+00
9.878062664729577724e-01
9.737195737952201169e-01
9.644137363487325088e-01
9.746862410824868039e-01
9.658094921603528338e-01
9.907226848977342959e-01
9.683423880973420772e-01
9.675897668741386681e-01
9.813426957767483749e-01
9.795900223882577640e-01
9.737413677710570203e-01
9.865061995283801455e-01
9.876708938434949347e-01
9.954468505116230714e-01
9.903924074881602646e-01
9.684464930894897128e-01
9.828301409284456724e-01
9.712161388338020895e-01
9.826214421178268710e-01
9.828830895543154700e-01
9.958780822001723765e-01
1.005093986109253601e+00
9.791010155419317407e-01
9.520735111569706977e-01
9.933978339837689076e-01
9.840312061350292572e-01
9.886792218708695401e-01
9.905814582537276758e-01
9.697042645839574204e-01
9.622674933470428682e-01
9.923218312303876409e-01
1.000271219709185644e+00
9.793540253217576375e-01
9.972991768183178118e-01
9.812116407773789906e-01
9.686968931948409800e-01
9.784833149371796601e-01
9.730570171593183604e-01
9.885159265390335293e-01
9.587306636193481113e-01
9.908869075952412286e-01
9.777195850039566150e-01
9.885798188279519838e-01
9.665689219030116908e-01
9.889494064424219077e-01
9.932439389226898063e-01
9.816274801212112600e-01
9.762645729958953078e-01
9.709028557495715805e-01
9.798033293368983987e-01
9.814335027695318958e-01
9.762145380511069170e-01
9.711801364148174853e-01
9.778928632139511912e-01
9.835852762533172644e-01
9.832778230735811364e-01
9.583658906545208245e-01
9.919190011472137636e-01
9.700062835496341407e-01
9.851938683655455664e-01
9.748798567804756177e-01
9.843443907237460211e-01
9.847829302728727807e-01
9.717271743262073658e-01
9.792807876371549813e-01
9.722721322672095434e-01
9.812080083478524895e-01
9.747618764295573612e-01
9.681411826476205018e-01
9.757806318674175916e-01
9.856384102377050427e-01
9.624987159968220185e-01
9.870392632939203326e-01
9.688401858828864510e-01
1.014779237996707328e+00
9.667900580702225577e-01
9.831156352882277627e-01
9.867147260813352583e-01
9.608746641082741569e-01
9.710724151691783046e-01
9.895451502233391095e-01
9.660359708562180625e-01
9.733992195125800162e-01
9.645771049330909008e-01
9.753156571134187214e-01
9.597538921453665495e-01
9.753740767457068639e-01
9.769431288960146453e-01
9.818406285955575408e-01
9.966276146056832763e-01
9.735561371473836489e-01
9.782154443496333673e-01
9.825480619766023827e-01
9.652246955220705749e-01
9.720201134430589418e-01
9.934454307713490584e-01
9.790382655975824466e-01
9.935482118290721587e-01
9.903233157721579305e-01
9.615486072220026381e-01
9.664608983824279909e-01
9.989529070774894048e-01
9.723546122993615981e-01
9.963590659510944691e-01
9.810930310607408611e-01
9.709341097816922561e-01
9.717179650873296604e-01
9.784049098589470139e-01
9.876109273083988338e-01
9.847840183848278750e-01
9.692561115027296115e-01
9.702815467237090319e-01
9.886479896470081741e-01
9.939232736745980956e-01
9.858049356661779949e-01
9.666112746891533103e-01
9.889381516062549782e-01
9.649820642287774142e-01
9.699998412987000940e-01
9.874771336206320527e-01
9.857074502410138050e-01
9.865788644066518787e-01
9.855157977286170823e-01
9.545478751906831816e-01
9.648450130181636109e-01
9.825066314272952184e-01
9.744006824214276330e-01
9.801430380687663479e-01
9.800733101842574735e-01
9.768133862617052188e-01
9.797929930648956454e-01
1.005817299199127435e+00
9.629473497788968439e-01
9.819830741188972922e-01
9.836678286998140619e-01
9.721086158992398030e-01
9.746619980809527739e-01
9.874610887008793414e-01
9.936793704519938375e-01
9.805312194815178906e-01
9.913018278196236155e-01
9.757336623604168091e-01
9.596889034314313172e-01
9.890792780387541727e-01
9.921208921719090190e-01
9.831882923118722140e-01
9.549930510855890731e-01
9.824313833165086995e-01
9.540586379496930336e-01
9.762447544345049799e-01
9.772895407447622640e-01
9.873633501705588733e-01
9.780087438187473614e-01
9.971397888688730005e-01
9.500853761236527362e-01
9.718146952745108091e-01
9.759020719342655914e-01
9.965937378590608020e-01
9.910422513917108711e-01
9.592183200709584190e-01
9.720297966419291225e-01
9.793109265536807939e-01
9.786599938057305437e-01
9.829040495367097341e-01
9.814121014845207380e-01
9.673824755095160599e-01
9.600201115262380069e-01
9.936553047533308591e-01
9.937272773249046232e-01
9.768769725470678456e-01
9.827127391767584985e-01
9.522263717972999642e-01
9.737525524771725172e-01
9.820723206212385037e-01
9.849276127776138701e-01
9.871509950104575548e-01
9.441124196643155830e-01
9.656851288915622167e-01
9.832163033115051132e-01
9.820508342510072541e-01
9.735510106177608369e-01
9.852211524478997617e-01
9.784384178247056418e-01
9.975971888483181615e-01
9.797098218503335065e-01
9.862534946151014781e-01
9.978731841630983368e-01
9.872077781070491831e-01
9.912369710592141558e-01
9.612273053469669870e-01
9.766309664450758543e-01
9.694758586608610562e-01
9.806922964770121709e-01
9.464090732764576241e-01
1.000606458519638142e+00
9.905828987762407278e-01
9.786612923244676354e-01
9.704584834562114404e-01
9.582888245026621732e-01
9.913231542624737491e-01
9.739108214214200476e-01
9.763585952674561641e-01
9.735440007403620699e-01
9.526266565470776770e-01
9.671298886815437035e-01
9.887352360557718489e-01
9.862502300502836716e-01
9.810942652921073037e-01
9.794193352871640723e-01
9.905618154045624513e-01
9.806968100859942972e-01
9.760516447225346948e-01
9.810821112402395849e-01
9.821227522222161221e-01
9.815750837790060412e-01
9.635761261180200155e-01
9.845408444738598108e-01
9.798969493452144297e-01
9.731523218730507852e-01
9.874789589370959186e-01
9.829605174278369661e-01
9.661045589318164595e-01
9.736626628469083888e-01
9.684483117435458421e-01
9.694479979159936756e-01
9.953621429173489243e-01
9.832294157161133308e-01
9.828983535170925379e-01
9.828366082780837232e-01
9.783218006549015966e-01
9.875074451327339187e-01
9.878823865252823744e-01
9.771964436648786778e-01
9.572652353176809292e-01
9.883508182749675131e-01
9.765714580135144152e-01
9.831762291587825553e-01
9.897307368346353051e-01
9.971011627877036654e-01
9.891439129385665163e-01
9.883612383769818654e-01
9.827325851599136852e-01
9.780117103474589291e-01
9.748281470356247036e-01
9.822824688699210993e-01
9.730238996352007508e-01
9.655681478608344470e-01
9.863479306940603486e-01
9.868614005262325017e-01
9.638877115631401260e-01
9.937566478968496986e-01
9.792403375692502188e-01
9.800479262449762752e-01
9.836156521422075860e-01
9.654676683848790741e-01
9.720006188149974413e-01
9.887312573203561605e-01
9.893281315099600182e-01
9.771311538711620059e-01
9.688279958973545769e-01
9.960654738627121585e-01
9.875463901680097134e-01
9.873259530436270248e-01
9.656692068986649780e-01
9.788624447738736301e-01
9.714977372226774044e-01
9.581063639607507731e-01
9.689914001228046025e-01
9.493875821141561921e-01
9.853217252134269799e-01
9.907599184833340011e-01
9.685956098424647331e-01
9.763604003776811258e-01
9.570427940591368365e-01
1.000833926900164039e+00
9.883549723723595859e-01
9.924834059944404041e-01
1.004241771315620424e+00
9.823518345520507733e-01
9.909284939505959011e-01
9.781767839801330799e-01
9.713176081119632155e-01
9.883313270933115069e-01
9.900140187970212224e-01
9.645273719881426455e-01
9.652298523829890842e-01
9.585329895825237534e-01
9.830938083343019329e-01
9.907280450731749122e-01
9.932028324181805257e-01
9.924894909560972867e-01
9.691540342880350378e-01
9.747605656944112740e-01
9.843924471700535861e-01
9.867922450843528148e-01
9.878005747944271775e-01
9.871458815904808892e-01
9.712200365554897186e-01
9.864951757319077030e-01
9.800674685011597775e-01
9.883783378713941747e-01
9.821153064883024753e-01
9.838225143288247265e-01
9.876970660000732316e-01
9.653596464755781481e-01
9.691962278007328901e-01
9.417572265146572086e-01
9.883122725797368613e-01
9.773906158291453261e-01
9.691774851602052987e-01
9.928087251082127196e-01
9.850103239719893988e-01
9.846929138187520136e-01
9.916064630709985339e-01
9.814881335363755399e-01
9.702049942069546073e-01
1.006071713048444671e+00
9.884698766484577570e-01
9.944740083025463973e-01
1.011977452121856302e+00
9.973316051217636646e-01
9.631086463249394214e-01
9.641250971571300177e-01
9.529414364427613027e-01
9.832019050548911343e-01
9.784669821397548040e-01
9.606729755263623272e-01
9.953640464096957796e-01
9.872178947439630425e-01
9.813273115940186475e-01
9.524524848320221615e-01
9.882172458594284947e-01
9.612397521826744340e-01
9.879817027220316739e-01
9.771253111976841987e-01
9.730980687557182485e-01
9.781450985230822903e-01
9.786186444503607307e-01
9.785099285824324644e-01
9.532437816631162963e-01
9.791152665024502877e-01
9.871248301764916633e-01
9.910865592265650781e-01
9.779405872312028070e-01
9.876729500306145049e-01
9.880112345549304509e-01
9.974723642468859008e-01
9.744000348484554985e-01
9.734688188133294728e-01
9.741201743694026804e-01
1.002626343132528852e+00
9.979981152618312423e-01
9.719625440081024470e-01
9.917763960973309256e-01
9.709101755076379181e-01
1.009753190612152629e+00
9.798095843625206358e-01
9.746078971334348751e-01
9.588794634021050589e-01
9.799547371312795629e-01
9.903975857403789496e-01
9.810552943084869248e-01
9.912492742067917639e-01
9.875439593778773117e-01
9.783124477707495492e-01
9.935380406824467769e-01
9.913379461958209404e-01
9.906222158792910015e-01
9.942025897524305877e-01
9.917949418098886971e-01
9.631102376968939671e-01
9.783120830994777029e-01
9.284235037690837800e-01
9.666650974118687900e-01
9.840855773765813108e-01
9.473466751980332834e-01
9.728972945337021061e-01
9.789727641497555366e-01
9.866424157437447828e-01
9.618180080670343246e-01
9.819834879948241557e-01
9.814256753070106365e-01
9.838277704517287559e-01
9.880799145903239600e-01
9.847887391732474960e-01
9.870307374301484638e-01
9.909576440071167225e-01
9.917842914119665565e-01
9.596864937962090725e-01
9.727749042459742368e-01
9.844052740643010058e-01
9.442234814420534805e-01
9.677768953929118956e-01
9.845499124338308317e-01
9.790621216187115339e-01
9.913616487684684397e-01
9.692730764071524341e-01
9.717640823838281650e-01
9.797946665002498223e-01
9.969236806381180926e-01
9.777644250150538952e-01
9.660401339096320594e-01
9.867171872001878619e-01
9.832227917719231769e-01
9.797000993533561131e-01
9.819290540594203254e-01
9.854877646318834783e-01
9.668944201016949069e-01
9.782797132719855959e-01
9.806240724772480322e-01
9.893050807910276356e-01
9.816143176133194093e-01
9.871022029614544557e-01
9.604080563587298336e-01
9.952106068549930740e-01
9.934283057206314549e-01
9.749199256293689109e-01
9.914178429664713965e-01
9.809481726461419804e-01
9.817851800449798327e-01
1.000074362232437064e+00
9.829637239383404168e-01
9.859867184002772955e-01
9.866184886621963690e-01
9.887286440913998220e-01
9.847263401009240802e-01
9.604195753718116624e-01
9.835154952209772539e-01
9.753562889570264183e-01
9.979572384762379622e-01
9.743939550733602406e-01
9.863967510186161247e-01
9.827267763312843574e-01
9.941969406382198393e-01
9.805808093145134130e-01
9.465198086248032272e-01
9.811400025383859580e-01
9.733382480153272009e-01
9.872341234487100881e-01
9.712154894473075117e-01
9.824498412862863184e-01
9.793885186968704915e-01
9.878119580412961787e-01
9.939113804219080750e-01
9.789933817992116927e-01
9.886758243160427284e-01
9.798779543968164640e-01
9.619480910814696140e-01
9.719977287750624084e-01
9.718704103950237538e-01
9.765661259776533543e-01
9.881182804792333352e-01
9.661290559014867885e-01
1.008193989060496509e+00
9.823568019704089771e-01
9.376737761802431681e-01
9.631073528507414494e-01
9.888800125123871076e-01
9.795380033566482014e-01
9.904836372108818399e-01
9.903107473388588211e-01
9.572222812732608110e-01
9.879060949783943224e-01
9.759796591748681749e-01
9.774310453609779126e-01
9.718161655138424226e-01
9.602615313035204325e-01
9.732590338510549444e-01
9.787902424326950790e-01
9.845758501978384425e-01
9.393841432265117586e-01
9.872786883579193207e-01
9.765775298791014025e-01
9.702905853175449735e-01
9.712954317308634122e-01
9.831662059737148462e-01
9.988301792678874191e-01
9.756142420642156532e-01
9.860826424755553266e-01
9.899476779239175794e-01
9.730821949740775523e-01
9.856810720108749591e-01
9.739443263803061468e-01
9.827101529842635630e-01
9.415661699125730255e-01
9.872850184572645738e-01
9.785441872131291907e-01
9.774600422043498993e-01
9.577370951989360170e-01
9.878469755471875891e-01
1.010310261036667212e+00
9.677352671648821181e-01
9.887046164653249258e-01
9.676910490006676024e-01
9.706366851550969344e-01
9.762176626155539827e-01
1.000101597575804524e+00
9.816193741529595229e-01
9.712249187843207121e-01
9.749064607052759790e-01
9.729147810973221011e-01
9.936880240074789095e-01
9.861566783083108856e-01
9.878867958000520089e-01
9.640447376383989297e-01
9.879248733722066911e-01
9.936725029579247526e-01
9.844208641683375172e-01
9.724858018141834259e-01
9.915906700148439112e-01
9.489960666664770672e-01
9.822406439666432343e-01
9.747659198034983596e-01
9.851444091946921500e-01
1.001325309891404780e+00
9.591103442771019560e-01
9.815798538759006320e-01
9.816271006843149127e-01
9.839871316138303348e-01
9.896888815169867515e-01
9.401418629341772304e-01
9.844276451118370019e-01
9.802330875833490387e-01
9.788879031011228360e-01
9.954559383100268777e-01
9.856210086569069384e-01
9.648120545467105957e-01
9.613677071692674492e-01
9.669799255127975446e-01
9.854419804577929654e-01
9.711866139492422167e-01
9.838923764293432406e-01
9.767875666337305640e-01
9.740012297168244570e-01
9.683018009464705589e-01
9.828590734755827674e-01
9.740009640698870097e-01
1.006601285791747236e+00
9.861977176160192649e-01
9.798598050215159283e-01
9.979121235752661523e-01
9.558937972720682463e-01
9.888057666853249383e-01
9.772300951220777021e-01
9.733168746103066926e-01
9.796802398455579652e-01
9.796639337711726681e-01
9.868641295928044510e-01
9.792519843564978510e-01
9.552105510631215823e-01
9.440566803938829077e-01
9.792852766828304967e-01
9.870254407497562887e-01
9.803124316323895693e-01
9.386730638441725949e-01
9.721914111645738599e-01
9.552057483530189685e-01
9.866228118519950741e-01
9.847772645091278365e-01
9.797357531292509858e-01
9.825521645335694165e-01
9.847629090862781709e-01
9.815419226987018853e-01
9.864061863308671851e-01
9.743056950409531014e-01
9.895033125636482074e-01
9.820589475482315311e-01
9.893833654406385403e-01
1.002720502740535480e+00
9.647691641544374752e-01
9.471006558160077748e-01
9.814644930137402801e-01
9.452369158616741318e-01
9.898144150528106477e-01
9.588381159549083099e-01
9.726764252778190567e-01
9.856855356267292256e-01
9.736051346957655950e-01
9.711790414077202671e-01
9.676036487764650973e-01
9.912414202251277340e-01
9.829980839014414995e-01
9.915234032544347764e-01
9.904272796610222862e-01
9.857940372970094289e-01
9.889811436860379557e-01
9.737994220750222363e-01
9.990460682932197356e-01
9.812777447793984420e-01
9.596804204329798527e-01
9.650989801579136218e-01
9.790002790335178284e-01
1.008683337947902992e+00
9.829766615057551338e-01
9.706436546451665537e-01
9.841809184131982136e-01
9.743644165811878866e-01
9.547206176945367551e-01
9.812623207833508499e-01
9.852246050207980055e-01
9.956770765451843364e-01
9.644825719717996515e-01
9.789581322396335716e-01
9.602549143152255828e-01
9.888762289161200369e-01
9.610528308814922926e-01
9.814006089404369026e-01
9.829601608203357710e-01
9.953361493791259562e-01
9.710057649633413446e-01
9.848692986171382335e-01
9.819863574874720946e-01
9.560488030555996941e-01
9.756564220667361953e-01
9.936364569772632160e-01
9.833952704650457122e-01
9.851483945364419847e-01
9.692834174264681746e-01
9.768912911439940894e-01
9.698030847080765238e-01
9.822267584863733081e-01
9.409924819365884652e-01
9.715378794437468102e-01
9.754601105692283225e-01
9.808680936621271274e-01
9.446600385837197189e-01
9.712262356716724332e-01
9.575171369886333883e-01
9.688118023668605971e-01
9.483666843045945871e-01
9.721238113654520063e-01
9.522794926008063543e-01
9.689628654226609683e-01
9.647743304048785884e-01
9.732717018287099231e-01
9.682155610080117603e-01
9.917926447017444413e-01
9.850810611824795116e-01
9.910328218349585550e-01
9.934832642778818057e-01
9.678095624142459830e-01
9.761190999150025638e-01
9.780035788677524655e-01
9.871002152715501188e-01
9.773126406293042301e-01
9.710754495667083264e-01
9.313115945355973091e-01
9.854520166301979911e-01
9.834608532154938132e-01
9.555617641472896606e-01
9.800451720310191517e-01
9.884466132041624942e-01
9.795618883113114128e-01
9.884371960077605879e-01
9.802442310226016087e-01
9.804806514493455971e-01
9.575044035685089661e-01
9.791886760837195114e-01
9.758831461587724743e-01
9.739257639301042158e-01
9.788636854241725693e-01
9.791888504538422966e-01
9.399515827388797984e-01
9.878320088394874077e-01
9.780609533698995106e-01
9.846968849871938767e-01
9.961061672125195443e-01
9.893112522062363912e-01
9.709344644543806968e-01
9.583949422129631746e-01
1.004160700763429670e+00
9.858727967619925758e-01
9.901843369968386099e-01
9.774051213015694239e-01
9.922936510874765803e-01
9.944839684694134485e-01
9.748647300808422900e-01
9.975034509245759295e-01
9.853033807420993329e-01
1.003717721594321599e+00
9.893319955159731727e-01
9.622545727158970941e-01
9.869642765233238579e-01
9.857251140194972505e-01
9.944375411114051433e-01
9.714406541979196952e-01
9.886160848495161302e-01
9.807468164515718012e-01
9.839334658569737213e-01
9.809217774686276314e-01
9.890098225285437472e-01
9.721214253098615643e-01
9.909342210832562392e-01
9.802993096051876298e-01
9.871916859325490234e-01
9.793556172348831801e-01
9.824699983059359543e-01
9.584265856979058418e-01
9.799736575135543637e-01
9.809899256864993422e-01
9.858237887106633401e-01
9.925326775743196217e-01
9.865475222746458162e-01
9.358696679159721477e-01
9.871183552277259521e-01
9.869625801904654550e-01
9.914362865307919659e-01
9.848294913515713844e-01
9.855490672693631993e-01
9.814309035885586674e-01
9.675902551484070191e-01
9.878117832612551830e-01
9.721693400998765444e-01
9.795888967405611547e-01
9.727934416449085520e-01
9.729133566378835862e-01
9.914655530274361084e-01
9.935501470846662686e-01
9.742901920602217158e-01
9.272684255437591005e-01
9.791053306017278857e-01
9.545569167948523281e-01
9.764117034502831638e-01
9.842537746060002757e-01
9.849394187619729957e-01
9.483426268123995584e-01
9.740061664880663717e-01
9.804715692111227732e-01
9.863052108307011068e-01
9.837649995885073828e-01
9.699028182430265987e-01
9.724416769043867648e-01
9.853391155680800706e-01
9.620220808944512925e-01
9.753652945879771607e-01
9.529175140450147907e-01
9.827255416256218679e-01
9.853016772722971162e-01
9.943752826238730913e-01
9.927742067688013483e-01
9.801085045756925407e-01
9.922871855287227483e-01
9.907434582315627347e-01
9.814680473380612558e-01
9.885920856237695453e-01
9.822161273143567017e-01
9.655486200693544907e-01
9.740129631419401912e-01
9.814413387898960339e-01
9.750156942883971833e-01
9.627645882199159511e-01
9.863369032489216481e-01
9.905487320232841952e-01
9.573887020986457941e-01
9.868131237055367544e-01
9.928788331725986183e-01
9.795322107399985212e-01
9.788395014736576139e-01
9.693816824382293085e-01
9.690633503470611476e-01
9.844226816220348342e-01
9.900857241629975602e-01
9.257941733601519063e-01
9.948964832891181720e-01
9.867755152489017245e-01
9.670419832929985082e-01
9.871071967397746505e-01
9.789620174937820885e-01
9.898893051066536275e-01
9.831608333045674941e-01
9.822347176430499260e-01
9.829405293986610559e-01
9.789916185711727836e-01
9.607851115850376544e-01
9.875466977850277939e-01
9.876053445715710088e-01
9.661583477611145332e-01
9.675346042706813865e-01
9.853538351034892839e-01
1.004226576287869932e+00
9.902885686168593216e-01
9.845933792840410037e-01
9.807269631493130690e-01
9.826789841409815374e-01
9.524308900210618489e-01
9.788766038861685947e-01
9.749008309928524074e-01
9.844143688468584008e-01
9.880414957523518948e-01
9.800530874872799281e-01
9.443835433599672147e-01
9.885279686324056625e-01
9.922114682963606436e-01
9.822120204783187924e-01
9.757633419628231053e-01
9.572475557977975225e-01
9.931328324562509469e-01
9.784989942492287041e-01
9.757532628425759080e-01
9.854945258553605703e-01
9.808072237332600141e-01
9.813139394976028163e-01
9.740960345544558141e-01
9.312795402956182134e-01
9.843003300059489646e-01
9.898710888987123369e-01
9.647008510438651596e-01
9.820337559693040896e-01
9.854557611761166624e-01
9.839068787547490258e-01
9.708519584461622332e-01
9.914983372194449140e-01
9.913395395079398487e-01
9.628603015413864652e-01
9.828551819070703299e-01
9.697864927501724797e-01
9.828823818092962128e-01
9.722589437695730030e-01
9.820753673646784865e-01
9.741891856494161450e-01
9.802437954666572972e-01
9.861965890589579065e-01
9.864148105530907706e-01
9.664020147796885674e-01
9.934285175852961558e-01
9.614359227702770072e-01
9.829960162209753216e-01
9.895147362497703769e-01
9.788818205595434252e-01
9.761433569631177143e-01
9.785776248599965532e-01
9.558948791400131428e-01
9.554453206520638897e-01
9.726981200994736509e-01
9.985016111555586882e-01
9.806888812757140750e-01
9.793197188321294266e-01
9.770734648679996193e-01
9.882929936386283254e-01
9.646548612029318681e-01
9.697724055219631989e-01
9.885678391181418334e-01
9.850898383536035308e-01
9.754108062567303783e-01
9.787344818929245571e-01
9.769382887981953312e-01
9.973781668851358084e-01
9.614740838570736692e-01
9.809120200143819357e-01
9.653545706396291504e-01
9.645237708559643020e-01
9.769641620644503588e-01
9.836169412099542431e-01
9.715553121026201389e-01
9.849594482293220210e-01
9.915697056773953300e-01
9.911340034290497814e-01
9.641015257505163305e-01
9.428319634299645591e-01
9.614283422078389041e-01
9.535860888201646013e-01
9.751795833702622263e-01
9.725332768235144254e-01
9.823117161578674983e-01
9.834710529773114107e-01
9.862276934736253775e-01
9.810548770833379395e-01
9.783960626345261646e-01
9.949156958245165550e-01
9.844292443553951388e-01
9.693358720535586448e-01
9.858583328193690765e-01
9.626152277866909523e-01
9.577920642296453568e-01
9.691905318028347649e-01
9.844242574282335845e-01
9.969973728986255557e-01
9.940487471889954962e-01
9.636553939654234346e-01
9.858276837831783102e-01
9.895564972016342997e-01
9.800019230473643317e-01
9.784057486634885059e-01
9.965621589608956166e-01
9.489095536481179094e-01
9.836286322587396436e-01
9.737563262409972831e-01
9.647932678625473768e-01
9.653060740188922351e-01
9.785881113312235868e-01
9.654278722397817702e-01
9.895553337795144344e-01
9.849349676157354017e-01
9.815023807547882395e-01
9.589336923172938620e-01
9.813496100519142340e-01
9.865503463500104875e-01
9.712674634399595108e-01
9.692633555440292037e-01
9.799654548509180163e-01
9.991845027921087974e-01
9.646911351485714103e-01
9.799259191414585457e-01
9.533187420379379828e-01
9.910413802195654487e-01
9.848449082758965467e-01
9.878088868707737280e-01
9.800308317766956989e-01
9.874126895317782981e-01
9.838104441983717141e-01
9.750175992713163708e-01
9.747622923015403229e-01
9.695395624638770693e-01
9.455627805602857539e-01
9.883502225778234562e-01
9.654174052191839550e-01
9.861961601255040399e-01
9.744379500797932803e-01
9.734797062282394275e-01
9.878236296606000000e-01
9.859186693565719084e-01
9.871971811805750896e-01
9.636505286155709893e-01
9.805262140312220875e-01
9.678772172216199010e-01
9.943054975043578159e-01
9.805424773625081025e-01
9.680564725106467483e-01
9.737017626472498355e-01
9.830806175533360891e-01
9.850724727534515557e-01
9.601445494173809214e-01
9.861746909235424852e-01
9.883419255025250871e-01
9.715022726501532091e-01
9.862753907686239163e-01
9.677193743665863934e-01
9.608195312312481917e-01
9.719355838619565535e-01
9.847622014088068809e-01
9.820610817296426820e-01
9.736551315539980767e-01
9.802418078092243192e-01
9.618601425348918266e-01
9.953663982133119648e-01
9.707454640103525545e-01
9.763780794568405197e-01
9.556314982733014052e-01
9.963705594699232559e-01
9.772780683986243000e-01
9.913199282543163626e-01
9.880958175002957367e-01
9.717865656141836395e-01
9.892374913497803401e-01
9.734236670785021417e-01
9.709064327870465805e-01
9.686181124763635353e-01
9.617885527001165391e-01
9.940744381861822410e-01
9.876239116647901328e-01
9.661528786825083204e-01
9.879320163210586481e-01
9.942260618105250858e-01
9.842868073375712346e-01
9.893618545999385283e-01
9.961357234935657168e-01
9.964001125757591115e-01
9.764991050520844817e-01
9.726511119307482689e-01
9.825518685408380914e-01
9.897993472568200612e-01
9.887346740682119162e-01
9.658346379894495737e-01
9.814959889015036909e-01
9.834997168854200389e-01
9.892984195836607153e-01
9.802324271437752312e-01
9.672903383796624954e-01
9.482563943813906437e-01
9.755826081784743087e-01
9.869048023024797889e-01
9.847013534063061568e-01
9.787415807244634891e-01
9.759851546724623850e-01
9.827331343984282430e-01
9.836781089697334002e-01
9.913820083625967117e-01
9.658320968669532602e-01
9.806245500478315558e-01
9.821154308032427060e-01
9.783807111434551507e-01
9.690797859532053193e-01
9.900580513648244985e-01
9.926762056907246778e-01
9.869797823626044186e-01
9.774605741570493445e-01
9.758863348433624019e-01
9.779368064145949058e-01
9.984704131384937176e-01
1.012470549665873243e+00
9.655737336777897584e-01
9.735076637062886062e-01
9.750744663624238973e-01
9.818916192411687449e-01
9.799742786772330794e-01
9.805879808078606930e-01
9.806368905757136822e-01
9.798308761129528310e-01
9.626685500895049152e-01
9.709339249954533901e-01
9.901329106347993569e-01
9.820142748689315582e-01
9.779717890750477816e-01
9.959953676641866149e-01
9.743759518235950434e-01
9.986016835728308561e-01
9.916123987084385361e-01
9.682531978937467532e-01
9.519142729921498125e-01
9.750346575497521595e-01
9.906003926577824359e-01
9.672843336844877404e-01
9.852023402652784201e-01
9.515265533861576586e-01
9.948454630831778944e-01
9.627923643084441707e-01
9.760421651490378547e-01
9.702712908370735301e-01
9.825355886512658898e-01
9.869969974739363217e-01
9.668751499042431696e-01
9.624527260327350175e-01
9.618723420098903576e-01
9.786908978211195098e-01
9.659836979408836788e-01
9.963047519867094248e-01
9.794996076752341407e-01
9.475109720541792235e-01
9.731276595956112052e-01
9.768259717962924915e-01
9.841606020746304084e-01
9.805933863232249026e-01
9.526198504193538197e-01
9.774210376828605940e-01
9.713760903243274791e-01
9.700712857906270692e-01
9.763497678136524582e-01
9.776601335001582349e-01
9.692321116706229533e-01
9.892053869527074328e-01
9.351166904117866885e-01
9.885394643938530956e-01
9.910082144920270286e-01
9.570404673654975269e-01
9.721817724269944394e-01
9.787243638489775410e-01
9.827147339919556357e-01
9.723929999921384626e-01
9.889346550675596204e-01
9.758265908165647540e-01
9.822253656716051218e-01
9.969512290923557840e-01
9.825638283854049027e-01
9.774355906660060489e-01
9.769376842571254604e-01
9.948423763398722697e-01
9.627887446770740931e-01
9.680670291810730133e-01
9.840395117874595199e-01
9.628987669459427856e-01
9.821899013356113484e-01
9.806159772398941321e-01
9.959664479013640159e-01
9.799634291260772567e-01
9.824571418514113086e-01
9.461590142765272660e-01
9.443043372666214408e-01
9.914235845959858962e-01
9.859976815758854096e-01
9.613075208751075129e-01
9.832853159169290258e-01
9.764102506406542314e-01
9.777664455959237388e-01
9.926613244036739392e-01
9.852195134039194446e-01
9.819586497353194332e-01
9.915283819717362057e-01
9.899930459650091441e-01
9.586271575902817199e-01
9.789058751659767132e-01
9.797956119441054712e-01
9.731523995898293533e-01
9.816605272261758053e-01
9.758575181180930702e-01
9.733937259331549852e-01
9.710505234793872509e-01
9.928878988399999495e-01
9.833921753484039519e-01
9.789389285651312056e-01
9.871263284189197851e-01
9.896829644896463218e-01
9.809868389810924016e-01
9.874912716466882623e-01
9.766405785661274042e-01
9.867694626312769612e-01
9.985501336392199612e-01
9.840620788140495012e-01
9.900672913888056703e-01
9.760434877444307267e-01
9.722777452896275152e-01
9.721331619463998708e-01
9.870203193152816690e-01
9.619328866918572807e-01
9.710581584138059386e-01
9.909791040120852212e-01
9.888002426717085180e-01
9.824880234911839150e-01
9.773893966698462554e-01
9.794121212721684788e-01
9.907039209507366717e-01
9.880569389150093418e-01
9.569653028365716629e-01
9.812585930463706418e-01
9.921383410029152028e-01
9.654106114702645236e-01
9.254667710865949193e-01
9.958805577779558105e-01
1.001498998779152050e+00
9.879129789359307745e-01
9.824871381109094859e-01
9.591472956297419916e-01
9.854108072493013015e-01
9.781438546894494213e-01
9.776623012946831226e-01
9.693815373849641315e-01
1.000354472100531744e+00
9.846235424479888865e-01
9.900508587712499864e-01
9.901195020532381763e-01
9.859037721514481989e-01
9.819170396078282792e-01
9.853128058147274659e-01
1.002879587291963581e+00
9.868822040147298136e-01
9.818097222142541103e-01
9.963010166896129061e-01
9.739661703594741926e-01
9.914117686378873806e-01
9.611091993674681921e-01
9.857189453358624620e-01
9.872944261082207129e-01
9.714007758147212845e-01
9.796150250997319731e-01
9.839107795206104567e-01
9.927137399290323350e-01
9.627652894850741161e-01
9.847220042056594735e-01
9.773629403981323183e-01
9.717992546674059096e-01
9.749580891748594880e-01
9.739547213850603402e-01
9.731058376640245866e-01
9.814690505068085491e-01
9.668061324086568709e-01
9.846925718903878355e-01
9.758084458724629595e-01
9.717284779028654285e-01
9.902254147557354447e-01
9.794566034097018647e-01
9.837673572940460742e-01
9.669422315327445006e-01
9.866625908912350917e-01
9.897675781438236564e-01
9.846295702361168578e-01
9.672588283509377938e-01
9.869985222814052772e-01
9.856240758092109644e-01
9.834818222945759247e-01
9.906445148673632684e-01
9.821745844641152079e-01
9.856149259537850815e-01
9.614897869601556346e-01
9.957388284587891381e-01
9.720120879138347547e-01
9.874618089764494178e-01
9.871963295502829139e-01
9.826516979551510600e-01
9.782471947093472897e-01
1.000422208377618860e+00
9.630180585113604641e-01
9.810021835459181716e-01
9.859217045453959605e-01
9.965291756543597224e-01
9.643281775934158251e-01
9.974457071489442050e-01
9.781027513791912265e-01
9.868383674506299164e-01
9.680052313802435249e-01
9.536366471022238445e-01
9.964765733794150870e-01
9.888461714479687137e-01
9.644189629719318591e-01
9.693912108604836320e-01
9.755976760539268877e-01
9.723263143701162958e-01
9.890824142318460632e-01
9.963289247949046468e-01
9.543534621283151775e-01
9.804776122776361902e-01
9.813016578165139059e-01
9.726475407601774537e-01
9.750391780019467269e-01
9.761651917887050889e-01
9.870872395716039360e-01
9.731447395939386569e-01
9.688560363885150295e-01
9.903617273648441799e-01
9.794186234544866032e-01
9.812395641866585860e-01
9.629290871362606863e-01
9.733853692141448688e-01
9.843908938071362913e-01
9.967652853407815705e-01
9.630381181502667420e-01
9.854213092871224600e-01
9.618410044596257258e-01
9.937225296822983500e-01
9.828140685039459257e-01
9.921323256214481523e-01
9.995306174989911918e-01
9.801506281527508913e-01
9.931533611978184961e-01
9.867850306811007943e-01
9.681734508569901365e-01
9.893858285074536019e-01
9.788099452575362847e-01
9.779024230207825630e-01
9.749788693409330298e-01
9.735008309163692974e-01
9.816426962466786588e-01
9.891437449328694953e-01
9.802133180710194127e-01
9.990805483524842767e-01
9.843027153327638112e-01
9.844913971396470620e-01
9.549375268424801222e-01
9.844499320449663360e-01
9.662107795977049607e-01
9.853700442727296727e-01
9.697836068373736351e-01
9.523214944155542483e-01
9.533354623046623733e-01
9.652867690591441230e-01
9.732993040126962647e-01
9.735331207992573566e-01
1.000658825270908547e+00
9.643557434229171887e-01
9.627700860160299801e-01
9.972451863451572418e-01
9.956847186966428787e-01
9.901338391291937269e-01
9.749601500738244164e-01
9.978518455291832678e-01
9.756490184637076624e-01
9.762783054922326009e-01
9.836597580601229573e-01
9.917580006746193888e-01
9.560453266001955885e-01
9.891631203952034879e-01
9.765814240082594244e-01
9.834547982315240411e-01
9.615922786326929206e-01
9.811349481768590897e-01
9.752469054736452314e-01
9.862949709381902963e-01
9.872143046935338839e-01
9.819143937750794970e-01
9.869903179611192456e-01
9.783946646365155875e-01
9.725810617910750633e-01
9.920702413426895072e-01
9.619379582595588563e-01
9.682912928406475217e-01
9.755691856746128154e-01
9.902272053668290663e-01
9.784433784392604361e-01
9.894598382380916934e-01
9.844396588869420706e-01
9.868489343450230766e-01
9.706873214839729647e-01
9.895457880584669352e-01
9.682358247034338339e-01
9.898130115457639544e-01
9.863371079679769116e-01
9.623730549362028430e-01
9.878592986086989214e-01
9.694761982185635674e-01
9.887376876010314231e-01
9.643606097067271010e-01
9.573588072596551646e-01
9.896624252904310248e-01
9.893945721810254446e-01
9.748414709755096608e-01
9.826379569653997947e-01
9.830222093718072873e-01
9.810968634471665117e-01
9.548256371517982455e-01
9.884855553375765380e-01
9.703062056921855083e-01
9.825714666046660994e-01
9.561558423657434691e-01
9.891874380095719843e-01
9.590844372095003179e-01
9.857099815631699125e-01
9.806632558099260821e-01
9.770860521699847867e-01
9.806446335538503423e-01
9.812409338450097662e-01
9.777747891736870978e-01
9.865279186994792004e-01
9.765922635198533985e-01
1.000738546847838029e+00
9.463169582380959177e-01
9.749352913297234524e-01
9.788203867703432204e-01
9.901255431862949763e-01
9.723922186575687521e-01
9.604735663515846511e-01
9.841811306679525417e-01
9.313395075005236334e-01
9.832134027348471417e-01
9.813270156159458191e-01
9.694755816207284438e-01
9.803493155410044624e-01
9.691105731831641812e-01
9.639976525437631283e-01
9.636705155471280149e-01
9.826813375653096205e-01
9.843215746797390198e-01
9.735458707173422210e-01
9.861032416360169250e-01
9.801713735685174678e-01
9.810654673207973575e-01
9.921347311967168014e-01
9.864289906028295141e-01
9.761624649651480246e-01
9.658483081321397323e-01
9.810466792334909814e-01
9.711454576665967675e-01
9.924353787189263976e-01
9.882855686917761950e-01
9.926781588092604691e-01
9.857538986388447722e-01
9.836781564067070827e-01
9.832562460158812412e-01
9.906640031629010412e-01
9.630897474621784582e-01
9.448697191971076048e-01
9.514113291723238497e-01
9.697803070510706558e-01
9.831019573734143258e-01
9.679038863083005984e-01
9.889552441092024360e-01
9.880974307401173551e-01
9.657326878323660990e-01
9.816001769113775755e-01
9.877471499029634172e-01
9.798271949877213061e-01
9.733398153830212784e-01
9.685236970580974880e-01
9.721515911437542679e-01
1.002168498017660614e+00
9.775766054806412919e-01
9.868932180974258062e-01
9.904275565333963138e-01
9.455286405023114460e-01
9.816053978712120376e-01
9.764808036242041966e-01
9.747108057100530853e-01
9.609586057837570250e-01
9.500934830273988219e-01
9.737048256331942708e-01
9.687746818055499309e-01
9.610052867420466605e-01
9.610838835470110197e-01
9.639618203869242397e-01
9.790324816354124549e-01
9.904636566549612775e-01
9.881973300769035795e-01
9.866496580884335232e-01
9.592702016345855398e-01
9.734859868259556626e-01
9.871414892910223005e-01
9.814880154658697231e-01
9.836630841119323732e-01
9.843638575413948821e-01
9.843413525492894500e-01
9.731177258695050680e-01
9.691890773990069485e-01
9.754321105629487620e-01
9.469391851810936567e-01
9.661632885132631632e-01
9.901829475507740730e-01
9.795607773618879577e-01
9.842171314470453680e-01
9.840085867732637492e-01
9.518069422645701883e-01
9.883411972674440715e-01
9.834403631440380433e-01
9.866762768382721926e-01
9.885917499304001099e-01
9.723882249422638457e-01
1.003523519533054964e+00
9.782901858358038494e-01
9.579719869380852737e-01
9.879470698393184591e-01
9.884176259704281486e-01
9.791229949523948539e-01
9.759592984856910736e-01
9.661278688418513116e-01
9.659685065650343017e-01
9.873996951448466008e-01
9.779483447782200134e-01
9.636232754134462786e-01
9.963068790692584109e-01
9.955160893198341521e-01
9.743009362534448270e-01
9.869116550185949022e-01
9.738002183506078158e-01
9.885027989096363266e-01
9.725968336528110214e-01
9.792445365861049966e-01
9.898861743846929517e-01
9.494132771463672515e-01
9.908985260731695277e-01
9.877159466025897672e-01
9.672324280654924777e-01
9.751850573637076414e-01
9.743560886888344985e-01
9.928716012995394413e-01
9.797845774416954479e-01
9.586791573695561119e-01
9.867571466523912260e-01
9.810340758811267881e-01
9.885597266553605156e-01
9.862771424064626924e-01
9.962017935843836547e-01
9.813042172115581385e-01
9.862605096529237780e-01
9.891818971295056606e-01
9.820765407287146420e-01
9.888120076741803155e-01
9.917895299422171407e-01
9.577108163829580745e-01
9.840185486306438634e-01
9.658188934263970404e-01
9.880377953058434581e-01
9.830619312300459267e-01
9.806539041634223519e-01
9.901481364522936035e-01
9.836438237937749074e-01
9.757064533029340403e-01
9.958485136872995414e-01
9.929338187867450261e-01
9.845230314127005888e-01
9.838022899918876796e-01
9.656413683068526543e-01
9.835796580540091538e-01
1.002229605278946334e+00
9.752480265504400725e-01
9.833324512073846613e-01
9.671519702982320776e-01
9.743523578238927341e-01
9.733220191346518835e-01
9.732442839374175758e-01
9.767487640356308232e-01
9.752090198986054226e-01
9.711783841570006404e-01
9.856977241820650271e-01
9.856158851516746422e-01
9.776073970569476579e-01
9.795107108011563701e-01
9.696770355269788144e-01
9.500815316667354793e-01
9.734945550633009592e-01
9.770808463581348580e-01
9.921722581506188243e-01
9.938225587475409961e-01
9.785323225704958272e-01
9.854659620369369266e-01
9.788553087750501147e-01
9.700033308544672161e-01
9.968951877088160218e-01
9.918915962126569896e-01
9.801754762629758533e-01
9.801034598174700463e-01
9.832400474025146941e-01
9.797178391624008498e-01
9.509452125057566985e-01
9.938590226612979972e-01
9.860616685927390268e-01
9.726864173915430456e-01
1.011193494150911754e+00
9.797727815532506490e-01
9.790761841692077194e-01
9.598018458552768362e-01
9.354905589693702783e-01
9.738513898737644059e-01
9.908523704797280729e-01
9.816206150418184118e-01
9.924401217801842590e-01
9.926571417021218258e-01
9.625668600873212855e-01
9.740069334490166764e-01
9.823366422760506644e-01
9.835806422686241834e-01
9.813779765632026919e-01
9.673405434389126256e-01
9.782301561241111276e-01
9.830703228355037737e-01
9.823761258496854776e-01
9.864221914871617036e-01
9.666957797753522597e-01
9.619310599179329291e-01
9.736178433805492416e-01
9.687057237129794718e-01
9.761751344620336335e-01
9.756782261592067407e-01
9.832960397735130975e-01
9.859997550833112800e-01
9.873520745314037228e-01
9.831513592995027029e-01
9.886828976723616158e-01
9.592625296033343574e-01
9.757179344017924416e-01
9.771864302579881256e-01
9.683889785452231003e-01
9.897572596088511920e-01
9.851674596980746212e-01
9.909900881940323369e-01
9.838821762525438164e-01
9.791825940277520957e-01
9.847555025802825490e-01
9.668086387054907194e-01
9.839631715244722132e-01
9.626610027800149849e-01
9.745788793388976412e-01
9.827594244713249161e-01
9.738554549476120537e-01
9.615670219515165540e-01
9.650227011860479376e-01
9.843334537252883543e-01
9.649944468369935358e-01
9.824002049926648938e-01
9.714368200396263919e-01
9.837391752533157785e-01
9.779572183954642339e-01
9.820216986393021097e-01
9.657261461882105102e-01
9.667390376336224556e-01
9.871284452165852707e-01
9.593770003063992746e-01
9.537938446765202860e-01
9.896852375805679225e-01
9.915165058043583501e-01
9.835886074419667446e-01
9.924151300784863627e-01
9.436448667206028817e-01
9.896853995130214798e-01
9.868344817017985493e-01
9.736724082168012329e-01
9.791720806925506837e-01
9.897209673710005706e-01
9.893304395869498835e-01
9.456094801850235543e-01
9.771521765838151463e-01
9.461683438723105244e-01
9.999361527064022370e-01
9.818050636467672287e-01
9.892013000844049886e-01
9.713373578097039829e-01
9.832879985670984757e-01
9.937403472618372424e-01
9.724358181263165202e-01
9.932385054905463750e-01
9.553900220776500030e-01
9.761215312261074528e-01
9.926330455601626301e-01
9.917238031317964220e-01
9.794297211416439497e-01
9.833613534867029493e-01
9.788587002394429915e-01
9.996069855206904942e-01
9.774235937003038499e-01
9.844652926705923512e-01
9.791170588553681498e-01
9.687639529358343937e-01
9.812329370932512118e-01
9.766912024440146389e-01
9.308411664920462902e-01
9.604976432724688928e-01
9.617007641518079408e-01
9.711762818200108116e-01
9.705122546185976917e-01
9.665463120241648554e-01
9.621905341683268942e-01
9.509642630096923899e-01
9.733906797925134802e-01
9.801062527345557607e-01
9.988434981822102987e-01
9.811784895079885827e-01
9.404992527456886853e-01
9.716986621828078707e-01
9.831100471036380295e-01
9.435760828522711252e-01
9.692818858387443059e-01
9.796280883497993086e-01
9.873166692484232065e-01
9.544921771437762104e-01
9.653612721137386776e-01
9.875312836001616246e-01
9.766542459868319259e-01
9.871342389028213704e-01
9.676886115899977492e-01
9.730165705330612314e-01
9.836242660759525469e-01
9.928739107667635677e-01
9.679772023038848427e-01
9.970498602028485813e-01
9.639847614041022750e-01
9.840735595880995001e-01
9.891514034776583975e-01
9.961379382842383556e-01
9.911746129053193854e-01
9.642849703700315800e-01
9.986206965958330795e-01
9.787190952240892861e-01
9.511976749306269019e-01
9.868669376023136985e-01
9.670654918379706366e-01
9.778480626161359934e-01
9.855571705327280663e-01
9.835726090021691403e-01
9.876056603872583883e-01
9.728224662007761703e-01
9.764131536994048455e-01
9.710864205746001510e-01
9.473306532109846412e-01
9.784278486111155360e-01
9.678515865014273301e-01
9.782897562454825335e-01
9.795632142068099180e-01
9.710072028117437970e-01
9.933845356113535363e-01
9.806273717654024891e-01
9.473946331016378508e-01
9.845006302138081811e-01
9.645045035291981428e-01
9.678556328522257557e-01
9.840267339935051538e-01
9.701472788616753995e-01
1.002073886263977309e+00
9.879627315468934023e-01
9.948068553742804854e-01
9.687707708509483151e-01
9.772320207654540125e-01
9.862166850489757497e-01
9.595172046952600287e-01
9.717207968612576741e-01
9.795433796081004507e-01
9.886124144445515016e-01
9.899805558418774964e-01
9.981715270373354709e-01
9.828329437294391902e-01
9.575674741662039136e-01
9.920409897321131876e-01
9.940242515391860545e-01
9.832181255195714398e-01
9.823706699933287823e-01
9.558938063138955332e-01
9.904111285385112096e-01
9.780761256171981444e-01
9.696567748604842940e-01
9.793687889867845886e-01
9.928489173022290171e-01
9.792822587453171579e-01
9.757146494198576381e-01
9.887748748558250478e-01
9.886310963233033711e-01
9.795981253046712744e-01
9.982558074916504376e-01
9.534575725063351159e-01
9.853743320409935613e-01
9.826748260946015501e-01
9.858399184439841090e-01
9.878833730691523041e-01
9.787997398234453694e-01
9.777945574105206816e-01
9.502351461295219792e-01
9.843071436868463531e-01
1.009502343174249583e+00
1.000729329031114334e+00
9.692640810949880725e-01
9.921151473627801698e-01
9.775935709884059355e-01
9.774076154824565821e-01
9.774245462724937550e-01
9.047084670919187666e-01
9.756148546807008604e-01
9.899914209559199652e-01
9.675572659687474708e-01
9.927822309770726328e-01
9.510993499741278168e-01
9.916986583403402111e-01
9.865306784360404757e-01
9.518252220576094436e-01
1.000560817571121586e+00
9.780918072237627658e-01
9.669422274559872355e-01
9.716392376612790205e-01
9.685043434799724960e-01
9.903919916212888808e-01
9.778864654916505916e-01
9.877649248293440820e-01
9.604759522215451373e-01
9.862409347350301614e-01
9.806066209840420544e-01
9.595027688024433399e-01
9.836773143122639063e-01
9.875382725936947548e-01
9.845865991225248859e-01
9.881967353834435475e-01
9.880397547277649517e-01
9.643270584554700653e-01
9.797310272855215274e-01
9.867369067990962028e-01
9.674313882034668577e-01
9.846054976323288521e-01
9.776103384743184410e-01
9.622685412681487582e-01
9.823922844685365474e-01
1.001306740085113889e+00
9.847468424868115466e-01
9.833190574870407374e-01
9.720433546800296698e-01
9.874860204827623500e-01
9.877557780451486913e-01
9.708762145098543961e-01
9.857211726512810079e-01
9.925904732105472750e-01
9.935309493105549672e-01
9.538251285899908005e-01
9.767038360487730886e-01
9.712476835704132450e-01
1.001160607275368930e+00
9.609376191495963004e-01
9.542742575274562045e-01
9.755976893994041665e-01
9.837467014428422640e-01
9.684383044318939371e-01
9.585077463954683186e-01
9.758674244528872110e-01
9.789193720603218685e-01
9.679660237830022274e-01
9.853168492726998018e-01
9.883011089958381179e-01
9.834477718654400791e-01
9.801729969182394475e-01
9.736101282275189117e-01
9.904716071913196584e-01
9.837291452232257427e-01
9.749819000758652709e-01
9.859142608569843036e-01
9.933020994175334462e-01
9.765503694041338667e-01
9.944510078007058329e-01
9.888205672274182900e-01
9.486740094004439960e-01
9.573854888795485518e-01
9.604396425063211895e-01
9.619007596460283915e-01
9.787163265827483194e-01
9.936966077668166752e-01
9.655239915440519960e-01
9.887044699027510708e-01
9.553496664411367245e-01
9.792395711367304356e-01
9.841101583845183187e-01
9.791437248385488346e-01
9.705504100753025165e-01
9.986459401333871444e-01
9.500088737248364446e-01
9.846794559582154882e-01
9.831881651383898024e-01
1.002299244052774707e+00
9.730063439299556638e-01
9.829110766243027708e-01
9.836501171912852559e-01
9.919091494528848862e-01
9.727010645187447180e-01
9.785349821532830505e-01
9.797268617171349669e-01
9.422492022389720168e-01
9.638416370559346191e-01
9.867919813109129468e-01
9.867085156547314995e-01
9.882590865389944135e-01
9.762224569868028778e-01
9.725350192887485257e-01
9.751686462299270497e-01
9.952091767329107608e-01
1.005890615108672836e+00
9.813905961759396002e-01
9.860312914975316589e-01
9.643731051775640273e-01
9.996774267151153914e-01
9.873817057050460200e-01
9.599058622930896068e-01
9.530938536411636131e-01
9.865860874115419676e-01
9.905028926192681604e-01
9.907701618530510013e-01
9.697609334083253652e-01
9.756889547098159809e-01
9.882456929301560722e-01
9.556183526655502858e-01
9.840919955122489071e-01
9.750217371217402285e-01
9.849783000918257425e-01
9.685245813634215661e-01
9.658368472749935263e-01
9.498663539723072313e-01
9.929575586578645030e-01
9.807630432734076864e-01
9.718799163339116864e-01
9.825625389080745453e-01
9.861519325339288544e-01
9.893872140480871602e-01
9.788690135925979252e-01
9.738119328104094530e-01
9.693146103864547225e-01
9.502353072372516918e-01
9.873308724587138707e-01
9.625918979631348238e-01
9.812371924208104224e-01
9.600877994311515229e-01
9.755793448991105787e-01
9.664850041491115373e-01
9.598028106952567473e-01
9.855895207377237677e-01
9.867409869136956058e-01
9.676220391246993513e-01
9.874353910851202398e-01
9.754395608345989288e-01
9.631395470543574477e-01
9.875548337472879190e-01
9.668510320501292332e-01
9.921538051979799100e-01
9.632843999279953051e-01
9.950766323870235963e-01
9.875754718100608898e-01
9.937937208890887941e-01
9.841797935243463691e-01
9.923797235998316202e-01
9.684081979647239935e-01
9.769701315729178992e-01
9.617645340047151770e-01
9.830626809975963054e-01
9.545859169295742852e-01
9.668583341361398631e-01
9.589258081917377829e-01
9.551752184718450556e-01
9.686068649519629092e-01
9.973006217458459943e-01
1.012835467173560655e+00
9.848747314034361766e-01
9.541288989449095981e-01
9.670834011261262297e-01
9.854170799822929983e-01
9.759315229273455294e-01
9.387400954697812105e-01
9.617691946815870585e-01
9.706990087619979946e-01
9.727287241878301849e-01
9.947637006448528663e-01
9.732715296773596370e-01
9.588465093646317827e-01
9.861996631647671485e-01
9.645226289088132399e-01
9.835491777236563538e-01
9.768562187457381363e-01
9.777549845814933471e-01
9.612728812924313804e-01
9.825119416498055980e-01
9.845315230076085999e-01
9.748279337184415638e-01
9.735577010298348544e-01
9.666128574284630348e-01
9.225297684553492861e-01
9.826774627625461944e-01
9.877846684439798297e-01
9.791301162490547716e-01
9.864136268669202456e-01
9.919435311062264615e-01
9.844471652262923866e-01
9.847645021357613881e-01
9.655066741178959244e-01
9.681583233505790531e-01
9.677160909689286328e-01
1.003189898801947200e+00
9.971358424452840818e-01
9.821854730794898902e-01
9.620520620215079477e-01
9.920764698284729732e-01
9.811388066073525316e-01
9.779483872051761839e-01
9.816153547999550977e-01
1.006515039705297987e+00
9.934802750275233407e-01
9.814950406704262553e-01
9.829791442466933038e-01
9.900712245356728669e-01
9.596371671955712390e-01
9.702277635747830198e-01
9.981467315279206609e-01
9.866317540437106182e-01
9.910388137057992708e-01
9.691014088491247680e-01
9.684407977660850486e-01
9.744394965279085108e-01
9.814762547297237738e-01
9.838090016600072873e-01
9.641675353028625883e-01
1.003453875554988661e+00
9.766651898786979924e-01
9.914939681183126963e-01
9.922583093301855506e-01
9.703199528670274354e-01
9.809535635714912161e-01
9.850424203264493972e-01
9.889857514925489701e-01
9.900209497316528884e-01
9.980767539379393760e-01
9.860594582419717202e-01
9.889117631591652913e-01
9.886381231969968431e-01
9.780211215430140159e-01
9.848363398349512243e-01
9.603400810255230402e-01
9.762364246917752952e-01
9.370095678333649758e-01
9.629202012819201295e-01
9.827590169246822605e-01
9.772430300446689477e-01
1.002391084242014063e+00
9.887757418668078335e-01
9.768437512423345792e-01
9.543716830140123175e-01
1.000695922508784808e+00
9.693138490310184707e-01
1.001122377266283392e+00
9.659411346132384946e-01
9.704486576259844233e-01
9.795534274683731502e-01
9.713532029469047480e-01
9.780475470162348639e-01
9.924609477181529638e-01
9.853510235229330227e-01
9.674524700992650494e-01
9.752850945248783265e-01
9.708165071261987134e-01
9.779601464671316968e-01
9.872524297711644525e-01
9.898458161597882832e-01
9.823072839993157723e-01
9.739672654848012812e-01
9.966067790539587801e-01
9.799761487464069276e-01
9.909193909914353338e-01
9.933363400412028588e-01
9.700297705135400017e-01
9.797323449991199862e-01
9.865133923009540284e-01
9.626082585171201744e-01
9.883259860803849106e-01
9.903676527314158040e-01
9.743678640503632415e-01
9.863137078639716560e-01
9.724466466262782216e-01
9.718733462925168709e-01
9.878677149325278961e-01
9.905342269337529260e-01
9.695524103698140994e-01
9.559623067630970139e-01
9.523397639528653480e-01
9.885761039601811406e-01
9.912702533945731975e-01
9.785700508091577099e-01
9.813009071979722497e-01
9.668120343956231322e-01
9.872058291355825244e-01
9.891023977870762041e-01
9.899813378562875021e-01
1.004652557350106834e+00
9.872080406634731187e-01
9.707006951627233926e-01
9.772261936334102339e-01
9.915484216784725691e-01
9.719977498693506135e-01
9.672105744138059791e-01
9.564716195718782066e-01
9.796424002106738360e-01
9.886692329049904249e-01
9.727754325670667779e-01
9.791042352271465132e-01
9.952745432607321696e-01
9.831482358284917566e-01
9.315356291024953217e-01
9.731040833225509390e-01
9.877333728115678113e-01
9.829793527996947278e-01
9.862861489285962291e-01
9.713616673775046229e-01
9.759813862351929270e-01
9.822906958204976613e-01
9.899594446442249174e-01
9.826097401921850549e-01
9.792437365042911956e-01
9.813529686576708544e-01
9.792733703484991503e-01
9.905257771767521646e-01
9.710595340752298243e-01
9.877810779161378951e-01
9.739442262911508497e-01
9.809657159535438709e-01
9.678855161441637378e-01
9.898547448699942519e-01
9.681351598093935751e-01
9.851184450518946090e-01
9.961657403008472578e-01
9.887446494930655083e-01
9.939458398687007756e-01
9.816352213050941744e-01
9.956234666706370584e-01
9.597413437653125046e-01
9.531254248161575848e-01
9.750819285290727167e-01
9.681984613809667684e-01
9.720983446166097108e-01
9.661336497906817256e-01
9.770628055628203246e-01
9.925710057985229762e-01
9.886238526900711365e-01
1.000295341801963556e+00
9.527654948844468397e-01
1.003608372704355434e+00
9.843653574311833632e-01
9.757224923723847310e-01
9.636288315369510027e-01
9.744863063784100499e-01
9.852805230814152271e-01
9.901951906858066366e-01
9.831788286807892074e-01
9.706297090471649458e-01
9.715474460342605756e-01
9.813713333046175658e-01
9.866689978796553406e-01
9.950497006343860251e-01
9.784285182354549582e-01
9.587715020721712111e-01
9.847480660788963114e-01
9.690203356462154805e-01
9.836345657796635722e-01
9.443073128800626437e-01
9.738796615653628752e-01
9.673178216799126483e-01
9.710773268119454738e-01
9.841512334835469389e-01
9.673160054090563786e-01
9.904012171206203474e-01
9.873063325433139026e-01
9.715214805634810880e-01
9.820681918542807365e-01
9.866885754340021242e-01
9.696302988763773056e-01
9.894106827925986947e-01
9.662485329963320657e-01
9.787926394256609708e-01
9.712027090328432255e-01
9.986513281806028708e-01
9.896671962909949771e-01
9.639257594096873882e-01
9.854518903643959549e-01
9.759299861491221861e-01
9.914151699969201426e-01
9.814854338042052762e-01
9.563064388094120183e-01
9.898841576842521972e-01
9.875522033945072220e-01
9.917814860956162271e-01
9.711221327671240022e-01
9.735087382308874604e-01
9.883954138910175935e-01
9.870935705381058689e-01
9.719702582724044637e-01
9.778866802036878525e-01
9.891697096797742450e-01
9.882636504664374932e-01
9.516775371789605309e-01
9.885349024674624507e-01
9.943322133895903248e-01
9.806911477108245512e-01
9.856464454717962509e-01
9.916608221996194850e-01
9.859430296083442347e-01
9.635002467222365530e-01
9.908854169572244297e-01
9.742249953819968056e-01
9.803535507809184590e-01
9.857737595149975718e-01
9.647335755184559547e-01
9.957565739082895329e-01
9.106450989718481992e-01
9.773091818946243459e-01
9.767398680590205773e-01
9.640723551602142782e-01
9.775434411815621116e-01
1.000621204117370100e+00
9.742175927202183505e-01
9.971696396096452197e-01
9.866718965370240291e-01
9.879824670953905041e-01
9.734824240694834874e-01
9.552211969610073794e-01
9.856565402894085226e-01
9.890141667961572791e-01
9.638231552339683317e-01
9.834661788376442004e-01
9.637705144220098941e-01
9.590429447121515683e-01
9.843357076600887101e-01
9.916048268465466053e-01
9.750521205413190673e-01
9.831000992551141016e-01
9.887789771120012450e-01
9.813413514896476286e-01
9.764111870961030837e-01
9.709158571685716499e-01
9.720391798636289771e-01
9.835469810274748426e-01
9.541400359509623064e-01
9.884057493251783288e-01
9.660046749241043562e-01
9.831245482748365294e-01
9.896615940478284967e-01
9.754840890869527215e-01
9.633754088358450485e-01
9.825615593402078352e-01
9.709839394639633303e-01
9.964669310855452933e-01
9.708731827200764997e-01
9.795950090076864791e-01
9.941831078576307545e-01
9.577444033584263661e-01
9.898080758701844895e-01
9.731912107035620707e-01
9.763876698860269876e-01
9.958223882088745871e-01
9.767753948697119881e-01
9.744664669650019428e-01
9.537816819963473858e-01
9.883158039552470964e-01
9.766627357296000511e-01
9.895899521129959409e-01
9.701445320013435403e-01
9.730835337804196739e-01
9.970288830732576546e-01
9.859609644388925842e-01
9.746312038448122772e-01
9.833948756982316963e-01
9.880243354397104660e-01
9.745496250273756322e-01
9.891729334185285216e-01
9.973924623165464354e-01
9.802474757567155583e-01
9.957622797131026049e-01
9.817127680327363271e-01
9.489103955561370984e-01
9.897072961987468664e-01
9.595748287225981388e-01
9.981926905402362937e-01
9.800290533920672509e-01
9.731351947791839763e-01
9.816903557295449945e-01
9.854857602282410811e-01
9.975199667748820831e-01
9.864125790403850402e-01
9.550235208217501270e-01
9.902090882319832810e-01
9.666141597478454806e-01
9.357298840090838565e-01
9.868735128494361408e-01
1.001010743390764235e+00
9.800594967214931730e-01
9.842294546887360163e-01
9.794756557272155106e-01
9.518676669543510993e-01
9.715149636010225187e-01
9.647303808964211580e-01
9.826459228458361839e-01
9.735378076587096752e-01
9.605375376734973658e-01
9.945882094033501319e-01
9.847696367300678988e-01
9.714481725998558304e-01
9.920681167502667375e-01
9.923611948398822769e-01
1.003741129197575743e+00
9.632527127393055721e-01
9.568932268732924795e-01
9.988245759055291995e-01
9.995305031800855167e-01
9.828770106385498195e-01
9.625934490301100155e-01
9.763434155781542945e-01
9.403588290190355581e-01
9.667131630281509125e-01
9.746336023196522369e-01
9.840841333812179181e-01
9.907781698085790234e-01
9.692420675547245290e-01
9.804899890283483854e-01
9.383987732605516552e-01
9.651059918654771863e-01
9.789822530618103036e-01
9.786946791617197050e-01
9.834582217438346818e-01
9.944577309218759487e-01
9.787144789511162957e-01
9.958119465325180331e-01
9.870903536924733324e-01
9.797505155554961931e-01
9.818973140290895296e-01
9.534917803090199317e-01
9.273754108366999427e-01
9.640841970068292355e-01
9.951400723202022958e-01
9.898627895254558107e-01
9.799828741389975395e-01
9.944053985452555589e-01
9.900355192589770370e-01
9.818815029769981662e-01
9.883499134608442205e-01
9.853542731327870063e-01
9.826195816418590301e-01
9.948545243377510117e-01
9.855898133282003926e-01
9.750214953011455687e-01
9.856393752961103427e-01
9.808473019569867724e-01
9.913635045011431890e-01
9.686819568638801448e-01
9.726407265919365663e-01
9.833435760065984965e-01
1.001152708257531554e+00
9.738896995402175349e-01
9.735404534180023273e-01
9.826948260954977421e-01
9.914259920218607691e-01
9.576835517056107028e-01
9.817162229430127507e-01
9.644711244871614353e-01
9.802414557981304899e-01
9.762294266325641789e-01
9.685140975419205267e-01
9.685611523832645675e-01
9.841919034617663264e-01
1.002032271473920488e+00
1.005397750787501154e+00
9.977487858914699803e-01
9.750883718657841204e-01
9.692534225584708008e-01
9.802849668968067753e-01
9.865166807458891629e-01
9.770982358842940085e-01
9.603838424736662605e-01
9.956357874846483158e-01
9.820567001530726703e-01
9.776866671291667421e-01
9.733300082108353735e-01
9.892282311804720951e-01
9.709706698604707586e-01
9.737450403438653312e-01
9.517686928837399973e-01
9.828019939040700814e-01
9.845819347029376445e-01
9.921625678110521651e-01
9.636992082958615313e-01
9.733801383258168238e-01
9.971663165746220692e-01
9.849407850218665494e-01
9.655914593485419584e-01
9.967946893850662127e-01
9.716706040954027346e-01
9.965971876955713737e-01
9.816771623149334047e-01
9.864427194461762305e-01
9.662489254928289251e-01
9.896741955406125335e-01
9.871263159118046637e-01
9.875673688488968427e-01
9.677050276887518843e-01
9.896958673540725560e-01
9.656710703200325208e-01
9.822593303507382023e-01
9.672213264136653166e-01
9.967461319843987644e-01
9.917652573717234965e-01
9.872283614096932780e-01
9.869742601040575325e-01
9.968174103373470540e-01
9.727310105671391760e-01
9.483177006390985930e-01
9.856578258553325700e-01
9.786083251557273766e-01
9.941678070648078958e-01
9.749019591219976189e-01
9.800890958851889989e-01
9.827491013981678458e-01
9.839902552903789790e-01
9.656943170187188841e-01
9.864052245824107557e-01
9.788905473911040378e-01
9.526372011095027847e-01
9.750344939413234657e-01
9.819232792846619429e-01
9.692255234458105884e-01
9.613316899727071263e-01
9.716859251902171257e-01
9.866954908103032773e-01
9.781481456560889853e-01
9.902183578339711634e-01
9.965833785797408861e-01
9.918914652998365167e-01
9.687334674206522500e-01
9.873417698038525758e-01
9.977466726519700346e-01
9.854681827915640069e-01
9.793908416805733319e-01
9.542392626886352369e-01
9.305519017993271191e-01
9.952126721175379442e-01
9.577472836074766294e-01
9.913207402454169426e-01
9.800954856340430288e-01
9.540059564496715661e-01
9.965136495676121253e-01
9.774728833932945227e-01
9.950780527613070081e-01
9.476450509708710390e-01
9.946790480498604037e-01
9.827998685567390647e-01
9.943153552372213655e-01
9.703165599026960519e-01
9.888925014299713157e-01
9.729879037639563855e-01
9.767457831188147699e-01
9.583628613541838037e-01
9.861837925999196175e-01
9.728415395288438905e-01
9.775705448401315056e-01
9.830860698792274199e-01
9.806315768887744477e-01
9.812648274664848014e-01
9.934019184848645878e-01
9.790130638674184871e-01
9.393127543948667224e-01
9.715372324693686279e-01
9.481378213709966696e-01
9.804094901142575980e-01
9.756682630864994543e-01
9.908143228033627903e-01
9.747983884740740734e-01
9.773820135578645818e-01
9.902887178115087341e-01
9.807597831536699617e-01
1.003404037282835004e+00
9.919983455058780653e-01
9.813310804015976663e-01
9.929808960662251938e-01
9.684192139329735882e-01
9.823807099943150378e-01
9.649972143152751869e-01
9.813660301868193381e-01
9.736926739352762539e-01
9.837469716814810639e-01
9.821403056033314316e-01
9.676185542606915435e-01
9.828972503496767876e-01
9.779608072052534684e-01
9.931378194988830233e-01
9.780586488827286429e-01
9.839857051207832050e-01
9.799140958055231332e-01
9.674274140799956623e-01
9.688946346233020535e-01
9.747722271291097140e-01
9.797326938272118424e-01
9.700597047771987169e-01
9.763591217032411285e-01
9.796295098680355418e-01
9.897585723620284659e-01
9.824982196455331884e-01
9.773259960364307775e-01
9.692667334547827585e-01
9.795129230276938825e-01
9.393005839757045949e-01
9.881644528645926462e-01
9.748204683441913376e-01
9.681539211487054652e-01
9.880214049051768699e-01
9.856343409984901216e-01
9.799550869385623697e-01
9.641790494782013221e-01
9.773582421546752608e-01
9.765906476818315696e-01
9.819459220967382551e-01
9.589427772461781574e-01
9.923292283876540276e-01
9.494123023924813110e-01
9.764103221966404789e-01
9.821190932036620858e-01
9.956429407868689907e-01
9.526625820146147339e-01
9.524940320802348648e-01
1.012239093420937097e+00
9.911857636988895548e-01
9.937726595417168962e-01
9.671968325660804666e-01
9.867503677380257132e-01
9.423266150801701269e-01
9.679283441088674111e-01
9.753763469820760923e-01
9.646840646566264832e-01
9.940110500976336860e-01
9.400184670069139381e-01
9.306073804534626959e-01
9.950210683410535273e-01
9.890523945062387190e-01
9.842244573603229352e-01
9.669169746241036423e-01
9.899926621186416753e-01
9.894540229290855748e-01
9.738075206006483464e-01
9.575143462199173783e-01
9.961243242682562560e-01
9.804605699259854035e-01
9.572265661719614460e-01
9.774506066464095921e-01
9.975665696300308749e-01
9.754488515743722221e-01
9.557956231259588931e-01
9.461774748601121665e-01
9.604086568448109151e-01
9.825959457804033237e-01
9.755952442860963414e-01
9.861885679397210946e-01
9.970483195389541198e-01
9.722681621353519432e-01
9.708091780398738768e-01
9.986691932097968571e-01
1.001466142196749676e+00
9.880647793081857033e-01
9.680718929073374168e-01
9.944195255900942776e-01
9.631254616251484491e-01
9.775410417863015233e-01
9.754706756108296739e-01
9.650491382099734006e-01
9.753079363796210988e-01
9.787636830680446209e-01
1.010860911068633516e+00
9.681410370431479118e-01
1.001995533415159345e+00
9.746750390351303084e-01
9.830226184793707800e-01
9.467930950461179718e-01
9.807542895611875977e-01
9.905384134051435918e-01
9.699271939761190398e-01
9.735164240130619318e-01
9.821352690111121442e-01
9.678340325405522249e-01
9.501563808543461720e-01
9.651896040160079515e-01
9.740457712709583715e-01
9.824068756820626414e-01
9.918615977480254031e-01
9.828873618119084998e-01
9.692577883745331357e-01
9.717091036553199279e-01
9.774235105830108017e-01
9.652028846443820864e-01
9.687111479742114284e-01
9.874385873161495297e-01
9.768022878143058918e-01
9.617495032321983217e-01
9.902110979559267667e-01
9.723855810581393255e-01
9.850302084455475615e-01
9.546156020399728659e-01
9.942050031197198212e-01
9.950970148352913380e-01
9.927121090060446740e-01
9.739461411064810337e-01
9.740904293007102144e-01
9.657147200731922565e-01
1.007234877206914403e+00
9.880931985610599266e-01
9.709399825533996387e-01
9.684854726812281989e-01
9.900084854337416473e-01
9.607805308739649774e-01
9.750857667485223201e-01
9.514433560353414698e-01
9.911508156254210666e-01
9.931094694417376134e-01
1.000032548931566678e+00
9.576223234580898414e-01
9.770560370956922203e-01
9.693184266844111496e-01
9.923101569523067322e-01
9.763090336520343637e-01
9.934456037551686602e-01
9.809751351719943058e-01
9.603398286954838436e-01
9.682431804953069987e-01
9.663484707799422369e-01
1.001851012681622022e+00
9.785757428071777397e-01
9.827802998623909048e-01
9.946221571787529081e-01
9.824195652010101476e-01
9.810096316549646867e-01
9.881478045060462234e-01
9.782916974038894375e-01
9.722208424629372736e-01
9.846415781266274481e-01
9.661457232528699590e-01
9.861816671323363481e-01
9.649961815459414671e-01
9.886233120452455614e-01
9.913787438113538242e-01
9.959384556854322668e-01
9.797646542632859612e-01
9.861302946213937881e-01
9.538296845985052563e-01
9.726593009579925786e-01
9.584776848511697978e-01
9.704263187885672215e-01
1.002049095417983482e+00
9.667914252100937578e-01
9.896920519611716038e-01
9.821031554003396558e-01
9.773605028124141558e-01
9.764712937793825764e-01
9.694190554850743435e-01
9.722290945291283126e-01
9.683999846454073301e-01
9.918009561754735914e-01
9.961291504059889279e-01
9.795916502978812002e-01
9.844504716967064084e-01
9.847471009332217085e-01
9.839206647188372123e-01
9.820070046659393759e-01
9.774325994163026721e-01
9.799815129629444455e-01
9.926603046290970456e-01
9.715797252524366323e-01
9.946021519724971283e-01
9.777937729223080687e-01
9.900563219725834196e-01
9.997027195176909631e-01
9.943074807169224316e-01
9.310165513358354961e-01
9.827495780386233948e-01
9.893182051444804337e-01
9.662663634751926800e-01
9.888688075695369895e-01
9.852947324889872460e-01
9.829346028107033284e-01
9.793772112609508973e-01
9.737660496438771407e-01
9.808069043840842438e-01
9.570091350684264420e-01
9.762380523202489613e-01
9.888108757945588412e-01
9.760539500029800086e-01
9.736818678533063487e-01
9.887173569476445101e-01
9.905858759305062877e-01
9.713999390798876421e-01
9.646762174924430333e-01
9.811382792203443559e-01
1.001734654965128923e+00
9.894657096880890013e-01
9.736750446281051685e-01
9.879352567966672716e-01
9.872176500969602753e-01
9.933515628155125121e-01
9.796792738865768291e-01
9.849755288421125909e-01
9.777487273374734222e-01
9.591719287250554116e-01
9.862879580935874912e-01
9.770465489877787624e-01
9.792129475577030506e-01
9.659998785600285576e-01
9.853278611285750666e-01
9.813553020801996096e-01
9.902424219435608244e-01
9.818917881859279273e-01
9.779831721512919351e-01
9.944710946342687485e-01
9.756714601984813884e-01
9.832097506612863524e-01
9.850336994236338350e-01
9.756894875152976043e-01
9.921956211064201225e-01
9.910482503755247974e-01
9.825051430485978177e-01
9.782656958023607796e-01
9.797355828154065138e-01
9.895745630799986925e-01
9.787630302954816175e-01
9.741777394813172508e-01
9.853009840693982557e-01
9.823691584127378640e-01
9.830037656072067032e-01
9.725119837052933480e-01
9.965651445101884054e-01
9.880971728778693564e-01
9.838176022737009641e-01
9.783784640414224798e-01
9.570466673082761444e-01
9.384028951176074385e-01
1.000531831773940228e+00
9.565198956714957568e-01
9.919310499917732837e-01
9.913982804960059791e-01
9.826479874401599091e-01
9.671148025852144281e-01
9.738336248960814956e-01
9.959277637599368571e-01
9.743447030318220792e-01
9.815394937285528698e-01
9.896269768647972809e-01
9.834264653685804713e-01
9.848674664361544151e-01
9.899247887949508273e-01
9.429270090550705419e-01
9.813748905095059927e-01
9.911372472519796029e-01
9.781464878985166589e-01
9.817545337832186414e-01
9.740901897408705823e-01
9.921066086169380016e-01
9.825770637443639322e-01
1.004095388821558466e+00
9.941204300936605787e-01
9.819380201009789699e-01
9.510006651333139382e-01
9.811094349399194225e-01
9.933223849583543430e-01
9.563607821073764059e-01
9.970390740797739904e-01
9.814658048630233722e-01
9.714277841235500199e-01
9.985597812372869475e-01
9.905713635477504386e-01
9.660506156097659058e-01
9.817806806203202008e-01
9.852629875855996033e-01
9.834041630371043174e-01
9.843921984261113645e-01
9.785053327899172482e-01
9.913575060110526582e-01
9.927246788415776679e-01
9.898806494354738250e-01
9.705609492676932071e-01
9.672089933311206478e-01
9.758461822388161400e-01
9.804556875247278924e-01
9.754466305512893287e-01
9.702035497980261436e-01
9.854132930086516584e-01
9.603798621413304204e-01
9.789168717173145629e-01
9.847482354131760207e-01
9.662521339225080830e-01
9.758235621874818966e-01
9.577749302159285216e-01
9.900627829906569755e-01
9.597950198742368766e-01
9.896473010464436060e-01
9.663844131697622020e-01
9.797057970029717788e-01
9.760541027983720141e-01
9.579314219500915106e-01
9.893176046643306076e-01
9.999007850524321839e-01
9.965131655765573360e-01
9.946498014020445089e-01
9.731614321434615134e-01
9.821488952031740549e-01
9.807657349064236030e-01
9.752804699762029905e-01
9.653872413035492484e-01
9.800311790116239541e-01
9.991439966230952763e-01
9.937425412084214260e-01
9.947654993962234959e-01
9.589240990549970922e-01
9.889262677625759723e-01
9.662982181877027843e-01
9.808561123084607036e-01
9.814128778396420394e-01
9.902015307381819564e-01
1.000044716922228183e+00
9.852524169514549346e-01
9.907331272384063414e-01
9.918799946904529596e-01
9.712084273870301709e-01
9.930270302358641388e-01
9.809343450104069939e-01
9.747163275988764974e-01
9.559706713651683341e-01
9.587838598164014625e-01
9.751895264005202568e-01
9.445302246860334261e-01
9.597875218071276748e-01
9.694522824545500628e-01
9.735581768885448462e-01
9.813371553312256745e-01
9.643010654088413069e-01
9.876639702533728249e-01
9.908505205194332310e-01
9.777873614849679207e-01
9.875476855055635994e-01
9.892551105000911837e-01
9.841334378451793707e-01
9.679083815001988667e-01
9.817199843133461723e-01
9.803204437947142802e-01
9.753048270451695201e-01
9.858569515917156023e-01
9.822985914996268386e-01
9.713445173923512810e-01
9.753604994119904337e-01
9.633273851612771388e-01
9.860411914315496684e-01
9.943864625660062684e-01
9.763501496167826810e-01
9.870647813215615018e-01
9.669218930316008098e-01
9.872721473520029711e-01
9.621185675479212440e-01
9.263209920150873300e-01
9.882079685743301312e-01
9.654825855738810025e-01
9.669230111384059523e-01
9.791282758065706915e-01
9.853250484515390095e-01
9.719136009630136019e-01
9.789364579173475134e-01
9.693357925897715388e-01
9.855500837699748828e-01
9.696379992272136095e-01
9.852379765592672589e-01
9.880173622665693323e-01
9.717668319732863935e-01
9.544046104891887872e-01
9.830874830440912149e-01
9.919199426230480565e-01
9.598716674535012761e-01
9.805690025433384527e-01
9.603137668709398334e-01
9.601773579259675895e-01
9.818940158207838387e-01
9.950258736523549530e-01
9.797341309829670220e-01
9.648987501878154571e-01
9.852225758706093517e-01
9.737211342859157792e-01
9.819889454777013249e-01
9.817325057770168728e-01
9.593726025382443012e-01
9.847842986446508906e-01
9.532585613440880401e-01
9.917189061660783844e-01
9.862431758412838478e-01
9.513202100950090001e-01
9.811559527814451842e-01
9.942702817914879088e-01
9.795107169949147652e-01
9.713807628263999572e-01
9.842201339155537410e-01
9.711493847402651314e-01
9.793139477991307240e-01
9.893320145319006720e-01
9.656962032412264030e-01
9.866250650555991042e-01
9.603949342949379409e-01
9.837175724701661128e-01
9.919030501009961087e-01
9.777018965821282492e-01
1.001098768897511482e+00
9.878118930711694556e-01
9.894072059202997371e-01
9.613459010094519419e-01
9.844861505918249822e-01
9.679234553619525672e-01
9.602277065623394670e-01
9.527684087844972005e-01
9.829001004993566104e-01
9.873310971835498329e-01
9.709505676164756904e-01
9.740836174892261168e-01
9.685966564479975283e-01
9.806216094372534053e-01
9.630416090942600649e-01
9.519056605516210690e-01
9.801804450165577665e-01
9.538270489841628175e-01
9.749987017040196990e-01
9.842863645922205196e-01
9.858952222720946956e-01
9.837858309125827594e-01
9.683297423524412917e-01
9.881624704306393170e-01
9.862122044369686646e-01
9.874049771076428561e-01
9.912369386606681987e-01
9.938310809105733723e-01
9.823581402817784802e-01
9.494552240539991805e-01
9.917993690064866863e-01
9.814149799085863934e-01
9.765914772322079607e-01
9.890914813892133228e-01
9.763271555344358310e-01
9.920390700676626761e-01
9.739984545153903550e-01
9.765071450530525832e-01
9.904471748738485903e-01
9.900776210065401761e-01
9.733849879275938699e-01
9.792027839672934331e-01
9.831504323287849623e-01
1.002216926267954333e+00
9.803992155125158536e-01
9.840736353512039569e-01
9.871563918768256896e-01
9.717580135046824941e-01
9.809490512580575361e-01
9.704084533258062750e-01
9.836176836774561671e-01
9.659791971787461407e-01
9.719089706630007486e-01
9.870245102120651648e-01
9.886488090196495770e-01
9.876741730841912537e-01
9.860860662562302981e-01
9.929562669716828216e-01
9.904279841704415333e-01
9.846835782892765510e-01
9.657762590585158291e-01
9.719139795352044198e-01
9.693214369340305003e-01
9.423675174830963286e-01
9.880319763384493026e-01
9.734169543645951883e-01
9.895119696129405229e-01
9.913481705534573640e-01
9.787313844133689322e-01
9.969409945363932879e-01
9.933618534135656430e-01
9.847823887859008529e-01
9.561924007125506275e-01
9.920866609804241953e-01
9.642639980109138920e-01
9.705738433271859922e-01
9.630110816302550614e-01
9.645669413533927150e-01
9.666143178951582815e-01
9.480352667215475870e-01
9.692963275363586373e-01
9.838669635351549037e-01
9.468940247631031371e-01
1.010813612580665710e+00
9.920744813837525378e-01
9.575657624113956823e-01
9.887302003013306306e-01
9.594430664584335799e-01
9.876770013734781362e-01
9.720493540740288152e-01
9.766614245143878659e-01
9.954217926871421485e-01
9.822905844646921958e-01
9.762636580943441222e-01
9.901275752287777010e-01
9.981027195391370954e-01
9.522648214144766587e-01
9.910060696909702704e-01
9.774876741180668072e-01
9.760491251747027697e-01
9.684036835279614674e-01
9.900399722615049747e-01
9.614787577694281495e-01
9.761224086244691955e-01
1.004099141443918652e+00
9.780049833678103877e-01
9.737027778857937355e-01
9.811845029064466539e-01
9.823800697796755133e-01
9.609238027944265736e-01
9.719934257361725338e-01
9.747078787741779715e-01
9.822422614464929591e-01
9.842931112560446838e-01
9.536747070077178368e-01
9.362843203290285299e-01
9.882604636643429474e-01
1.006155909358920963e+00
9.773180307203173101e-01
9.819798514494065822e-01
9.921430234652011126e-01
1.008388450037404738e+00
9.689126309034170603e-01
9.868447604165330178e-01
9.782817643412626829e-01
9.872766227001066319e-01
9.791539399166131474e-01
9.738943786694918003e-01
9.899696994975738518e-01
9.668679050507835715e-01
9.877724104706357977e-01
9.730261806088502663e-01
9.847255778948761362e-01
9.852987298196352883e-01
9.687625878481155306e-01
9.799007527434465681e-01
9.758576143656317869e-01
9.962221613906157014e-01
9.681240251150403653e-01
9.784695955029140135e-01
9.759811582753245007e-01
9.878973052834167934e-01
1.002567441824620875e+00
9.907833868451002557e-01
9.901757940674844605e-01
9.842536738796739959e-01
9.755948124023089418e-01
9.828880457282724858e-01
9.905305503830157399e-01
9.459915026342983202e-01
9.954697147794899781e-01
9.773316267683856973e-01
9.726316954564984130e-01
9.900051986032977203e-01
9.736111510840314009e-01
9.803777943324246680e-01
9.787913603409555963e-01
9.797519814159152407e-01
9.284949758839032841e-01
9.901311401750457764e-01
9.852265431684544827e-01
9.935009772151882634e-01
9.760809649471764438e-01
9.638817652868902908e-01
9.542118214746653226e-01
9.734918085920580832e-01
9.769881609113392207e-01
9.722523970632316326e-01
9.721489544894437174e-01
9.903275178338905027e-01
9.937538846683853233e-01
9.820478646512595944e-01
9.929206706138110627e-01
9.579585361625098106e-01
9.840957250013911972e-01
9.690875450684566239e-01
9.779170879027313523e-01
9.783541846624050908e-01
9.745373476526577594e-01
9.781395452398569113e-01
9.808449670384279395e-01
9.925647024759113313e-01
9.816224676809436334e-01
9.858887664184757815e-01
9.757578266487633156e-01
9.560519750254583560e-01
9.858579986632178827e-01
9.914096925820907735e-01
9.776107948474128673e-01
9.523720712759069507e-01
9.764436937303431208e-01
9.754368799991967043e-01
9.802871007288601612e-01
9.714531041197947969e-01
9.640399058650476194e-01
9.902113088280433129e-01
9.841000505012451605e-01
9.971731677305297747e-01
9.788792367193136501e-01
9.838783346392022677e-01
9.348741716180539729e-01
9.734613166892868152e-01
9.724080330793637428e-01
9.712724313536709175e-01
9.732127843954383462e-01
9.861644856687135086e-01
9.800610953260782132e-01
9.761784722438517914e-01
9.829553680552337580e-01
9.752074792385594382e-01
9.733698676401288941e-01
9.817951465271149702e-01
9.701589022652743477e-01
9.856897806290394470e-01
9.857052968457820086e-01
9.810806883395405409e-01
9.700776580655738890e-01
9.873256157387217957e-01
9.858386642144116863e-01
9.852699989733322283e-01
9.988175679348956226e-01
9.981108662133867382e-01
9.883884065462775759e-01
9.924090591155753094e-01
9.605800181761123824e-01
9.772718773017083915e-01
9.701236613918120533e-01
9.870905302123909042e-01
9.754939681176929556e-01
9.872704171451375244e-01
9.513679340089665759e-01
9.693751429323328450e-01
9.806942214724525542e-01
9.770716740392183519e-01
9.589285627791180877e-01
9.832148931220328070e-01
9.856965625357545502e-01
9.973591558829167925e-01
9.897308137888211066e-01
9.890341109708240541e-01
9.775923053575812371e-01
9.853578470116954868e-01
9.950911412682649226e-01
9.684725339597176630e-01
9.859262818920768723e-01
9.994029856220609798e-01
9.685309761189312416e-01
9.832415789392624506e-01
9.729263407893677940e-01
9.768561599210378033e-01
9.868024235938764877e-01
9.726454365535323054e-01
9.897059513722162860e-01
9.901333457586430908e-01
9.891742747137139968e-01
9.915213150417445664e-01
9.800353012086123750e-01
9.831494366932825857e-01
9.959111832217202309e-01
9.908811721621715307e-01
9.911129805366983847e-01
9.903448606409227528e-01
9.887319939885272913e-01
9.837820565529666883e-01
9.670849137704272680e-01
9.964595159515627909e-01
9.789450010756328702e-01
9.836273939029542834e-01
9.953511957877528848e-01
9.708959202047685588e-01
9.648955438372409654e-01
9.860843725406047700e-01
9.884009764255384800e-01
9.724530542018302581e-01
9.689571319229749458e-01
9.711945699394756160e-01
1.011994592894081224e+00
9.819617138424288072e-01
9.572466744138384831e-01
9.727682431069670788e-01
9.733248585299913991e-01
9.892667732421960292e-01
9.835828560637230877e-01
9.575452828906216851e-01
9.912615987844330956e-01
9.260549317338098163e-01
9.820749524449352563e-01
9.943131241868505832e-01
9.559486275111240827e-01
9.832361195422170130e-01
9.707124877160359100e-01
9.824568767330643659e-01
9.787084791348347190e-01
9.668463106390627892e-01
9.770453813336994475e-01
9.811633296545370087e-01
9.809869085592149984e-01
9.713256604324796983e-01
9.743612609817128289e-01
9.918067147149871587e-01
9.886146000122925104e-01
9.907797782476795989e-01
9.602937373534129462e-01
9.575425472602403509e-01
9.901797135778328540e-01
9.616254169967898280e-01
9.774618135570681821e-01
9.771292713554022846e-01
9.865306234584553247e-01
9.805996891848501873e-01
9.814180474754939931e-01
9.716603040399407476e-01
9.879209410828583282e-01
9.807253884543856159e-01
9.913718478871913486e-01
9.756089263580504101e-01
9.940851278828998216e-01
9.725572258453947239e-01
9.936977250593789224e-01
9.713219306003655351e-01
9.818638092679193852e-01
9.779669123344139070e-01
9.610763036473124465e-01
9.714160417962816041e-01
9.598046366538093288e-01
9.929469651031822552e-01
9.680290050177431382e-01
9.807066835505743319e-01
9.739462276004801078e-01
1.003891228370950683e+00
9.670807747168330692e-01
9.486307834171652242e-01
9.853620303626445809e-01
9.868852673725577729e-01
9.788840125791691271e-01
9.647193256688699758e-01
9.957079880855070897e-01
9.822895607930473005e-01
9.775839895105393751e-01
9.831009942291594195e-01
9.829567562649517143e-01
9.712949097721200742e-01
9.920810484888009650e-01
9.987445826202857591e-01
9.838283607597738678e-01
9.908704426700666312e-01
9.830070746689117955e-01
9.795250674562798743e-01
9.695222002256412841e-01
9.884920419407410286e-01
9.644386741924888540e-01
9.966441648605516290e-01
9.812019133130029935e-01
9.813989148765936976e-01
9.811204287387563783e-01
9.754396688149328254e-01
9.983115955787554840e-01
9.733497111880143882e-01
9.948312034096827849e-01
9.781174412172379817e-01
9.847426022836013315e-01
9.768087169613063336e-01
9.853897799785696909e-01
9.973061998710932574e-01
9.856760673012597840e-01
9.714386620161926666e-01
9.766516184717507487e-01
9.954932564604843659e-01
9.760645342176293981e-01
9.763477979979791055e-01
9.758490630200878924e-01
9.857651663628681504e-01
9.857151392433495252e-01
9.670553641826857838e-01
9.669657241607463316e-01
9.848360070051591642e-01
9.574412005898738087e-01
9.868388199193617316e-01
9.772443152231907737e-01
9.917780443532322465e-01
9.833703330801698561e-01
9.584955463497767392e-01
9.602385807383021499e-01
9.710677810580561342e-01
9.852370542445104684e-01
9.708071992092500713e-01
9.810447263924415573e-01
9.967592100165478808e-01
9.970805083415156256e-01
9.816465300431931329e-01
9.867073091735878432e-01
9.748918420986929512e-01
9.882887925291712339e-01
9.875983640796731633e-01
9.741820673884769022e-01
9.788742622494284173e-01
9.851241854592936997e-01
9.693009713597202648e-01
9.981159858800497942e-01
9.653075926045623367e-01
9.692062961550683697e-01
9.898898913036549008e-01
1.004486152394934662e+00
9.587674953051387172e-01
9.690767893306369007e-01
9.979989824085622185e-01
9.743198684482208272e-01
9.406521002700211076e-01
9.872351112570451059e-01
9.718251980526565470e-01
9.622950197787821791e-01
9.864205588961391102e-01
9.926976623294213598e-01
9.830963883878515164e-01
9.957784868926874422e-01
9.818474830668113551e-01
9.741803905846421197e-01
9.835048835920199295e-01
9.877066120288591211e-01
9.795636054135543613e-01
9.790196613122272851e-01
9.879521044160894938e-01
9.381254296515284530e-01
9.828399627088969526e-01
9.590461061310529001e-01
9.936469196516831692e-01
9.140252632198647698e-01
9.841939230870651034e-01
9.659958363589891128e-01
9.767487320243505300e-01
9.717981623956593040e-01
9.919421043063572085e-01
9.873277029447373732e-01
9.886445901263676284e-01
9.859494121782624854e-01
9.867798402032800231e-01
9.778445182384346568e-01
9.699628981863728239e-01
9.707949732835595702e-01
9.827626981154722330e-01
9.783174722143687108e-01
9.744049110868296948e-01
9.793922965151486970e-01
9.872574680613307452e-01
9.929687999071670212e-01
9.491209056000884381e-01
9.799995707357599395e-01
9.641025822694752057e-01
9.823446764355413530e-01
9.838098499210846670e-01
9.908936500034938311e-01
9.842217364283145642e-01
9.793239399255759814e-01
9.854739670432800525e-01
9.839771599956136372e-01
9.811935989889944976e-01
9.864768659099162340e-01
9.687381705163544687e-01
9.737146204247199011e-01
1.001506794207219775e+00
9.734684720130094560e-01
9.983158671169227727e-01
9.529832570337228859e-01
9.565205894454941182e-01
9.984745971980456547e-01
9.640777722717812637e-01
9.869343847722152896e-01
9.747494431392264014e-01
9.817249101726638338e-01
9.756139190740136247e-01
9.565902556914628319e-01
9.629480236246296121e-01
9.728987818072574179e-01
9.897468423727933118e-01
9.894157121002573607e-01
9.674663499851200443e-01
9.963419614928482604e-01
9.803120987134618103e-01
9.667564463576158174e-01
9.819890750770543519e-01
9.993062609658770468e-01
9.810260592265653834e-01
9.812215749508109708e-01
9.899294097150899141e-01
9.672747573155591194e-01
9.764815945520949336e-01
9.917707068179640872e-01
9.829106994408758347e-01
9.701246022135338043e-01
9.835728868785755807e-01
9.750570690470788948e-01
9.959752395036244321e-01
9.791397419375893474e-01
9.713993898636034130e-01
9.910006971320046709e-01
9.872956623525862563e-01
9.731585791206657232e-01
9.805489486210435812e-01
9.967208155169781092e-01
9.906060269505930771e-01
9.702305600097200777e-01
9.671759002744809708e-01
9.784954088698238905e-01
9.895151743921443144e-01
9.797681291693786099e-01
9.807852230854139375e-01
9.868589617652742119e-01
9.874200330136222448e-01
9.927584179438045942e-01
9.846502555000853363e-01
9.731099500534008406e-01
9.917489651299469244e-01
9.869514211469723186e-01
9.685047000840034670e-01
9.595602602124239100e-01
9.871071612464871192e-01
9.899524976374580731e-01
9.832265402146175282e-01
9.967136220543173497e-01
9.896064609604108275e-01
9.587347248548796497e-01
9.910369979793427486e-01
9.606143816859014084e-01
9.852110567283188791e-01
9.802396494485874356e-01
9.834789818909911441e-01
9.860592381346878765e-01
9.553805863618912708e-01
9.879570343296436574e-01
9.849009595594462319e-01
9.798465105229338112e-01
9.746438524688525451e-01
9.937279237744196525e-01
9.807035797431938873e-01
9.811800206423810788e-01
9.662494607679099623e-01
9.733212906509330908e-01
9.764081700910374195e-01
9.683550004396435096e-01
9.946653610575495463e-01
9.809327831671286191e-01
9.798748668649107652e-01
9.800266105259449745e-01
9.807505078418415900e-01
9.785582916680751753e-01
9.702355154809595428e-01
9.664596404167200561e-01
9.830454701509691029e-01
9.831555518644543579e-01
9.831438234517565489e-01
9.845311310155582252e-01
1.005809213466423380e+00
9.902381565011550979e-01
9.587912568525311929e-01
9.844295663038860056e-01
9.435521503835649915e-01
9.874451387099386634e-01
9.675230012751827591e-01
9.838498102105159848e-01
9.906938408713660271e-01
9.753370685617124280e-01
9.835814275167645837e-01
9.890601816311147543e-01
1.007398729346592026e+00
9.530994651426517583e-01
9.998603555035818768e-01
9.824749015075744385e-01
9.808543232592280559e-01
9.824205505096302860e-01
9.687778704413940734e-01
9.909269641369806703e-01
9.772670827342976319e-01
9.547778949101356494e-01
9.883113849239789639e-01
9.843040457558943634e-01
9.539676106368816244e-01
9.717377961598616665e-01
9.691491799055792500e-01
9.689805539391878053e-01
9.766378946149582019e-01
9.777982713124040437e-01
9.931121100302841009e-01
9.786726215988191813e-01
9.528516630289799449e-01
9.827826112060775721e-01
9.949096700307620278e-01
9.861262623741269273e-01
9.875964025421520853e-01
9.501765999468104740e-01
9.829682738748862780e-01
9.615789221646837692e-01
9.876891379422975126e-01
9.913157476947065394e-01
9.891087682662360603e-01
9.926634364776952824e-01
9.849428269527119584e-01
9.910527212663214902e-01
9.761434775977870792e-01
9.886009111013696060e-01
1.006009390352706090e+00
9.750064807163395519e-01
9.944520824543525706e-01
9.749656482901845056e-01
9.837932897044993075e-01
9.567799138322546915e-01
9.962892803064069547e-01
9.834464928902614256e-01
9.836710085191041619e-01
9.884270720412152711e-01
9.983052377886044715e-01
9.876589264637868348e-01
9.815399333387025971e-01
9.779439643037816099e-01
9.610932193276368052e-01
9.846305933239560826e-01
9.601086277366307487e-01
9.757944698730818267e-01
9.596904556800678332e-01
9.867310263031521256e-01
9.944202529140372393e-01
9.865707252415293338e-01
9.878922020481266664e-01
9.681711374004081661e-01
9.784251344941583550e-01
9.692242644114160699e-01
9.794161159053591525e-01
9.659809307539097833e-01
9.862033044144484784e-01
9.637598314281949907e-01
9.772933558207398397e-01
9.784867791574933804e-01
9.813149453339622408e-01
9.701393559520032905e-01
9.715973230258276860e-01
9.821985261283501245e-01
9.805405327081371247e-01
9.885292861716492574e-01
9.995099951387950155e-01
9.485091144678978736e-01
9.806187888145313503e-01
9.809508536477695717e-01
9.815623545290200758e-01
9.759488030917353729e-01
9.794779114838251255e-01
1.002232391086077978e+00
9.831438433693179269e-01
9.849505515574124015e-01
9.763511012625883945e-01
9.679840933816969972e-01
9.819114037468215095e-01
9.889067613002168189e-01
9.698025115374757643e-01
9.958973622011418891e-01
9.516466023271176189e-01
9.640491585866073354e-01
9.539031976439212857e-01
9.712079671442164219e-01
9.902632434865928923e-01
9.963493740493497564e-01
9.907268112735536647e-01
9.747942648472057714e-01
9.855260010712909580e-01
9.689775673639249298e-01
9.772970399311288192e-01
9.420822078929316223e-01
9.912815155703313952e-01
9.694559721223388049e-01
9.923581687352860392e-01
9.838452231593773911e-01
9.698707461763838023e-01
9.543716859946020925e-01
9.777736720055215658e-01
9.716803340716362314e-01
9.868414791703734590e-01
9.616562513812100255e-01
9.795215061536218792e-01
9.865761897766581745e-01
9.804915145667602028e-01
9.653345994361599569e-01
9.730237323885728706e-01
9.880118264737246525e-01
9.594986841146937451e-01
9.771141440104289533e-01
9.766713080277146242e-01
9.530591813227331510e-01
9.877836586062770374e-01
9.519099630716933991e-01
9.787556836298538787e-01
9.826011367161292531e-01
9.758973477742203251e-01
9.942263962375754716e-01
9.872769860970740385e-01
9.774368631051933987e-01
1.006524200593151841e+00
9.847657391992112874e-01
9.840391547566271768e-01
9.765497725930519790e-01
9.615349252871927543e-01
9.852767162991812322e-01
9.826814357961565216e-01
9.822780387667721103e-01
9.769805877036770170e-01
9.884824659828190807e-01
9.740236911774764472e-01
9.749712450757705984e-01
9.702914287982833397e-01
9.880109607094786917e-01
9.496332088648872238e-01
9.854714202369244669e-01
9.711371756437537917e-01
9.862565984443035783e-01
9.768972239840323368e-01
9.673522272558268131e-01
9.830459121189326632e-01
9.958589104551155424e-01
9.841360436794821531e-01
9.862590707755426456e-01
9.697851986474362862e-01
9.727093628552940796e-01
9.890122061504216244e-01
9.853429296882962873e-01
9.836857499361800761e-01
9.603229027548314534e-01
9.923835542273043986e-01
9.824822440821643355e-01
9.853300225731213002e-01
9.784875441567747467e-01
9.840468124419249341e-01
9.908692681459322360e-01
9.897501419848204751e-01
9.893055580545458971e-01
9.710022569218578203e-01
9.880391821802807506e-01
9.823059631854941243e-01
9.493804242809912308e-01
9.722855948574056217e-01
9.966034053745387311e-01
9.812446583838451142e-01
9.863494831514276751e-01
9.874479372918678610e-01
9.958728693177244518e-01
9.785165935306526785e-01
9.839217028050563085e-01
9.793811402603982419e-01
9.783117625968814624e-01
9.718849705243362003e-01
9.646945687874733943e-01
9.816670246925092158e-01
9.879844186270685391e-01
9.385966692337569528e-01
9.599006125501173825e-01
9.808639585156445628e-01
9.781542609688306245e-01
9.923025755637689960e-01
9.600783379739389334e-01
9.791983117327226482e-01
9.754747231368424698e-01
9.834709577487292798e-01
9.900857915806130505e-01
9.813318401683599479e-01
9.758470548410421719e-01
9.777442022475246741e-01
9.919160347412147027e-01
9.957725501177172589e-01
9.752616007699150824e-01
9.778709829062162129e-01
9.877451006337629735e-01
9.550164771822299281e-01
9.863325765199979500e-01
9.886500265740805204e-01
9.633721017338487957e-01
9.712084430230887300e-01
9.972685154666447449e-01
9.902008272736521066e-01
9.806238319614770660e-01
9.676000681190064512e-01
9.783791587121186684e-01
9.758146395729816458e-01
9.950266710446962204e-01
9.973114415295759594e-01
9.859683503356370116e-01
9.845362126086357746e-01
9.585554982577436656e-01
9.744223508660859734e-01
9.891989230214148776e-01
9.642000444881569932e-01
9.884163929319004227e-01
9.744676563117405932e-01
9.925867071095508809e-01
9.981000515935268824e-01
9.946203062682585916e-01
9.621926518864182265e-01
9.413912012404256346e-01
9.828337905363500049e-01
9.805575240495919553e-01
9.794944895879921232e-01
9.838175943681793933e-01
9.829338850804295591e-01
9.856566280473825215e-01
9.942642906123502211e-01
9.846103244428854318e-01
9.669852380645804768e-01
9.465569721945852333e-01
9.850801388026741989e-01
9.621082552782046493e-01
9.882738129287946816e-01
9.840402891622573867e-01
9.465893490107588626e-01
9.738964017735771694e-01
9.898434543932963514e-01
9.885772039751377083e-01
9.708057626822710340e-01
9.505141101801773962e-01
1.007106547914421890e+00
9.714430664170558005e-01
9.731343699082619647e-01
9.816918160095583490e-01
9.957545617426944995e-01
9.348372083699326707e-01
9.798131400105307698e-01
9.759767998383538368e-01
9.909193064346106805e-01
9.599990163446833202e-01
9.839687226805864384e-01
9.899291649972206120e-01
9.762028685240720094e-01
9.820110770538298395e-01
9.494577297420714324e-01
9.925304172564025640e-01
9.949872692822643305e-01
9.951287266121033870e-01
9.828224825737903458e-01
9.655755364580311806e-01
9.568835233745487390e-01
9.608164334878130930e-01
9.806269857483160823e-01
9.759114302092644078e-01
9.861447495876110025e-01
9.680037420486778954e-01
9.948768344326670565e-01
9.899716206838625743e-01
9.436701718786183468e-01
9.778151722689250036e-01
9.685235936728427975e-01
9.845018979113177027e-01
9.815238677455252470e-01
9.893167452009186125e-01
9.589957529439995243e-01
9.390201982560704153e-01
9.679758756573171308e-01
9.819881255586000446e-01
9.447727643017812538e-01
9.927697059018364412e-01
9.912019616083667106e-01
9.598925785691965196e-01
9.812575801864990011e-01
9.134569023874515858e-01
9.613072211398850930e-01
9.674423908276924555e-01
9.645886999138237883e-01
9.904299917043487556e-01
9.825927774578282481e-01
1.001443140476788951e+00
9.744322051894401815e-01
9.882971062922905059e-01
9.751701190376922401e-01
9.748962841745802965e-01
9.864818157999171166e-01
9.933375839539649865e-01
9.736797915077586296e-01
9.831351257476479422e-01
9.889523332786902543e-01
9.852684912515553561e-01
9.672973782630398532e-01
9.936059324711640217e-01
9.858863576758166714e-01
9.912294073789523763e-01
9.592093318073836583e-01
9.820353387958706826e-01
9.961247106302484333e-01
9.708404086623062534e-01
9.617271929820707665e-01
9.744712645765670755e-01
9.900702594608599139e-01
9.464738018868650293e-01
9.797228056785566297e-01
9.765973805701851918e-01
9.769665714094991626e-01
9.771886455535924165e-01
9.872551122465397233e-01
9.749605776632422893e-01
9.769009665572810919e-01
1.004314935062960101e+00
9.695765205722888247e-01
9.792255339183530971e-01
9.735436026042277868e-01
9.809637003846884973e-01
9.932844466630613711e-01
9.671746845905480061e-01
9.626041771908471212e-01
9.791651790194204619e-01
9.819742520616292492e-01
9.787880278201497308e-01
9.737589871906684458e-01
9.903864017209946802e-01
9.712042565089313850e-01
9.967558056238551289e-01
9.904525858319730425e-01
9.692582394154013459e-01
9.508052329444652839e-01
9.953287972940971784e-01
9.694974287631173970e-01
9.695356998534113702e-01
9.622508569019613267e-01
9.981117582119820586e-01
9.608854736009302400e-01
9.875215023565097061e-01
9.895518597843889763e-01
9.757675074301970231e-01
9.718534449247387963e-01
9.922882359457304569e-01
9.860293031973762501e-01
9.656869113706821883e-01
9.823738414766360894e-01
9.575596360488760617e-01
9.795607288447435446e-01
9.867707770045718307e-01
9.625264758022613609e-01
9.881280971249651879e-01
9.884606491561442887e-01
9.446389576758046358e-01
9.935929145714597066e-01
9.802446376342464074e-01
9.845777319893946888e-01
9.862226383914018957e-01
9.861013178716551142e-01
9.553102039244295574e-01
9.553341109493489469e-01
9.876318282478691035e-01
9.762799182891571670e-01
9.852590316348954769e-01
9.883113212868839259e-01
9.829748872846201246e-01
9.925213033934083828e-01
9.961899532182161288e-01
9.570032438570396094e-01
9.986564314620292038e-01
9.849541703502083800e-01
9.592707948867846834e-01
9.719507613785142164e-01
9.916421635017341751e-01
9.749596537663467455e-01
9.867465901514544946e-01
9.987895851113840484e-01
9.782707005511284137e-01
9.846707250625725827e-01
9.858348828342479164e-01
9.747638643978454587e-01
9.715990361341828585e-01
9.727983357597081993e-01
9.927136635723977642e-01
9.895459896143229406e-01
9.861587713909791830e-01
9.719371494817364843e-01
9.827969957650679600e-01
9.780222307867953990e-01
9.887414455699907734e-01
9.623163298695291967e-01
9.754990827717415769e-01
9.900031613468344149e-01
9.851672725427826904e-01
9.910860969343011639e-01
9.815136207347656683e-01
9.718681424411207415e-01
9.804094548981902024e-01
9.883667482293685413e-01
9.990197797112622125e-01
9.860107453413777812e-01
9.897631155802929515e-01
9.834783807438801650e-01
9.726338880423932576e-01
9.766828525081379109e-01
1.004419575734995185e+00
9.936158647080512996e-01
9.606902626414091095e-01
9.836201579264014505e-01
9.924544480701192883e-01
9.473425591328641371e-01
9.860841630990705431e-01
9.946374129718945634e-01
9.703300720771673715e-01
9.951692322022972492e-01
9.699042580668035818e-01
9.734213526775831182e-01
9.990702501963422133e-01
9.983564820270962592e-01
9.771159730707154045e-01
9.848250068579054162e-01
9.846738859030328417e-01
9.725216798110805083e-01
9.734119652312053228e-01
9.844249103025187742e-01
9.859461129862933104e-01
9.523048681486789846e-01
9.696482520682027095e-01
9.807153398011619894e-01
9.842136594332319133e-01
9.748793648424298741e-01
9.675049985642572015e-01
9.865894097068366175e-01
9.910217746927676430e-01
9.538466609839958421e-01
9.793108367751973686e-01
9.470337471216616620e-01
9.712902218570649282e-01
9.875357098882615592e-01
9.853627841569704282e-01
9.871015183316326214e-01
9.786301242347198448e-01
9.886443370925404039e-01
9.812821277775433115e-01
9.700408886550029308e-01
9.793559017613328033e-01
9.773718626935332665e-01
9.556317956284263726e-01
1.001778656790693001e+00
9.306561499769889778e-01
9.804532384433181091e-01
9.560879807174792466e-01
9.759099489431720675e-01
9.306223056101026181e-01
9.895950484102429279e-01
9.895690100265357447e-01
9.866648769780350658e-01
9.692019669072013954e-01
9.706691154625340934e-01
9.775478950945249990e-01
9.559922793164141730e-01
9.796788088412733408e-01
9.793112161806425409e-01
9.873282211385513429e-01
9.655340996915215968e-01
9.746745646766914462e-01
9.770250261937212244e-01
9.982318576429601853e-01
9.922012548273477783e-01
9.485603424320635524e-01
9.895968672462147619e-01
9.843770592492520066e-01
9.953257059660632899e-01
9.798815907533551250e-01
9.762590490403713073e-01
9.831219603251306616e-01
9.403795217757132674e-01
9.903114196867169872e-01
9.705524659865962800e-01
9.831652948409183024e-01
9.904040191162649664e-01
9.731303103371902186e-01
9.975767531844115243e-01
9.613878221626021015e-01
9.880890648949149924e-01
9.848142620342730247e-01
9.878264905927323092e-01
9.744646212574324950e-01
9.856508538885241366e-01
9.940903407254697566e-01
9.808586138796202558e-01
9.582477780404320411e-01
9.871723298122749846e-01
1.002622418160844076e+00
9.580728856855122988e-01
9.939221607097664668e-01
9.820439010092900656e-01
9.804694424098068239e-01
9.983143358457466920e-01
9.849251695273693041e-01
9.614990790561140921e-01
9.717445176129153595e-01
9.989654866404629185e-01
9.718476051266384808e-01
9.849555397559960346e-01
9.790820497325434246e-01
1.007125666731763181e+00
9.832465033706192514e-01
9.738333056328173365e-01
9.631942848037393645e-01
9.774163931153060370e-01
9.793493560000600118e-01
9.750138548419393647e-01
9.857166906786272165e-01
9.605523526403993984e-01
9.642508959964928295e-01
9.904049275379900319e-01
9.766598163473998451e-01
9.912182771532478398e-01
9.867640419803567209e-01
9.909638034608909685e-01
9.748567063382944653e-01
9.722626994145433521e-01
9.883641383268852998e-01
9.815347384932463504e-01
9.852105258874391813e-01
9.810634680672342123e-01
9.879102100233811967e-01
9.872803151186729798e-01
9.806015496193992709e-01
9.863157358041574341e-01
9.929312911903772632e-01
9.946424194659641005e-01
9.789520727054926708e-01
9.920495740468736612e-01
9.988273699245731052e-01
9.628033756788052511e-01
9.827896550764748662e-01
9.919978302747266552e-01
9.852200925884222471e-01
9.880252879741249217e-01
9.801740624391176437e-01
9.943445440792934020e-01
9.872075235510205937e-01
9.886708277851637972e-01
9.693932393850023255e-01
9.524252057984432529e-01
9.775656999194975993e-01
9.710762984275262966e-01
9.847010842620759208e-01
9.720949128657326854e-01
9.748581402543354812e-01
9.748801608823004505e-01
9.718071668709047373e-01
9.761837960063336483e-01
9.951674008265701810e-01
9.872534279926568068e-01
1.004545663846700521e+00
9.975415380445431524e-01
9.814848218102343314e-01
9.902323216480412027e-01
9.850111734830395704e-01
9.774337247079445401e-01
9.919882090689400300e-01
9.843885695039107375e-01
9.911220738091373050e-01
9.903136016985357726e-01
9.910382952420996316e-01
9.792178676775190604e-01
9.786257391965821339e-01
9.710490494824121077e-01
9.884242397323946827e-01
9.689174791178558621e-01
9.923853862983893492e-01
1.005818611263854079e+00
9.768246183074958955e-01
9.830119053353036929e-01
9.817000067169200372e-01
9.795425655072255156e-01
9.905173430489043751e-01
9.889312256992150996e-01
9.710534639567836024e-01
9.855036685418491205e-01
9.707050947006530262e-01
9.913234803202088941e-01
9.788760914214976738e-01
9.957969642845190261e-01
9.869489279387088088e-01
9.756534099239296820e-01
9.555769488413027313e-01
9.981788978027297254e-01
9.804245737716212883e-01
9.896078935922633102e-01
9.849089128783575786e-01
9.878413072820916296e-01
9.514206086150353014e-01
9.657468360853047606e-01
9.865089738609377212e-01
9.870075144501674336e-01
9.919660388999474998e-01
9.671674946709082343e-01
9.774423272633354642e-01
9.474688445114222146e-01
9.862180103448278112e-01
9.859294017113069408e-01
9.654797827407375355e-01
9.511786452741920472e-01
9.899509567896130902e-01
9.833639138891325793e-01
9.850579447310408021e-01
9.805617224180074309e-01
9.810558430118261342e-01
9.876160057283565052e-01
9.847031090860129954e-01
9.491396136873150313e-01
9.820858007800447043e-01
9.373886541247954396e-01
8.935172135254770831e-01
9.895742256492177091e-01
9.640470260461128094e-01
9.960215394882059314e-01
9.869096613503341997e-01
9.816286199418675640e-01
9.681428688871986932e-01
9.853856600219245143e-01
9.879627894144367151e-01
9.812401000159174380e-01
9.485413892144943793e-01
9.767575922531338550e-01
9.847046195628623710e-01
9.725798102008478274e-01
9.987673368456072565e-01
9.661615128281411113e-01
9.803432285778639343e-01
9.815647301678765979e-01
9.822766530951365649e-01
9.378146809457278410e-01
9.870662180027022226e-01
9.728550310414507685e-01
9.430435851798807390e-01
9.896749293484116139e-01
9.892905630531365624e-01
9.962985099401043820e-01
9.587534442016241165e-01
9.426887606487919236e-01
9.747884299210016756e-01
9.925152468485411994e-01
9.754020344113008001e-01
9.672219283215462982e-01
9.752945165973172514e-01
9.786696750725107918e-01
9.834916125447052959e-01
9.704436337159925152e-01
9.530712158207130802e-01
9.899063756615434917e-01
9.891002528884356160e-01
9.810994979251856929e-01
9.856605143193581942e-01
9.730217777680910674e-01
9.976696398861907289e-01
9.915122180940904029e-01
9.650120317519538249e-01
9.844077949133599459e-01
9.390350629859007814e-01
9.894841932214520908e-01
9.879882210344508309e-01
9.501346812449098511e-01
9.747329580944049665e-01
9.825287740286602345e-01
9.681072707274576139e-01
9.887107651592654811e-01
9.883390324227236956e-01
9.892621016311042847e-01
9.884709047263546822e-01
9.593203777217641504e-01
9.961528670942025876e-01
9.700519438379916481e-01
9.740821069581622194e-01
9.680203731554547497e-01
9.583093186886358916e-01
9.857624541227770765e-01
9.841136813853093024e-01
9.894901149195144407e-01
9.621577793837176040e-01
9.865201554156284303e-01
1.005271582065264679e+00
9.815071034563805918e-01
9.776842668196599195e-01
9.983675448166068334e-01
9.813838912706259743e-01
1.001529530926646538e+00
9.771025223164517826e-01
9.814308040148546075e-01
9.837875198649366215e-01
9.640502795329344288e-01
9.591603218386711704e-01
9.855715644396306763e-01
9.539909726707281878e-01
9.794342400590588804e-01
9.869118119026341063e-01
9.822334903554653662e-01
9.708572085127921136e-01
9.786828946257084549e-01
9.944185373999674393e-01
9.891351710833845567e-01
9.931574637366381575e-01
9.801723937124016128e-01
9.588620029555785518e-01
9.846299905192595903e-01
9.897200391792740914e-01
9.976796814595592089e-01
9.752504119184456366e-01
9.892884345551676839e-01
9.786274441278701719e-01
9.557576462583854404e-01
9.887362041040487215e-01
9.792574166023354509e-01
9.937965717822142553e-01
9.815302106361664114e-01
9.744839080504055229e-01
9.789120344205780588e-01
9.752283093153496507e-01
9.655064711736559557e-01
9.722328020647866831e-01
9.892201807781805245e-01
9.837815784610861591e-01
9.916630003113525715e-01
9.882124838364994002e-01
9.854637518685018804e-01
9.885566541980017607e-01
9.946759698077839440e-01
9.782118642697605893e-01
9.885117563831941068e-01
9.649379718774581116e-01
9.593543710917266099e-01
9.694751880444469894e-01
9.832838313850396084e-01
9.295992877144581001e-01
9.702209638008382209e-01
9.898178326845794572e-01
9.759343403139589812e-01
9.826114930782635648e-01
9.891763273736609019e-01
9.772588802032614597e-01
9.675622362669404897e-01
9.483163778619724260e-01
9.702027855991824934e-01
9.871364037034309202e-01
9.530198925162540746e-01
9.778091236364138128e-01
9.797682461960264266e-01
9.980073248220354687e-01
9.884733845025115428e-01
9.875925091671410305e-01
9.952406795014859808e-01
9.718510389168274477e-01
9.908118552541234081e-01
9.550573653202687474e-01
9.949017273876754608e-01
9.983799813217199004e-01
9.450247984442338156e-01
9.811676950333708680e-01
9.942702432890448971e-01
9.981898311511629984e-01
9.804903983824651004e-01
9.969423730580589949e-01
9.728669273723683508e-01
9.904699736100657237e-01
9.903267731691191011e-01
9.854122239690585872e-01
9.863867460672425258e-01
9.814945186518913012e-01
9.874785708390314554e-01
9.900963902404024131e-01
9.591683389069147747e-01
9.668533697954356798e-01
9.693863673418862126e-01
9.664910317034276499e-01
9.840601935170587566e-01
9.727724939857993469e-01
9.790502440463075828e-01
9.840756507959537158e-01
9.891639629199190376e-01
9.817889735652205463e-01
9.847948871704602647e-01
9.835983832337131805e-01
9.815989426686654307e-01
9.783854659130727383e-01
9.664539194750579876e-01
9.920667802195770602e-01
9.858759486410421102e-01
9.704315453581325857e-01
9.657229123311681374e-01
9.900530189886083132e-01
9.801559459929973794e-01
9.853908202678353101e-01
9.867124992282487739e-01
9.796727097085455860e-01
9.710169555793720653e-01
9.645793303084578829e-01
9.808761952580322685e-01
9.884553231867074796e-01
9.842795815641214308e-01
9.897920723218984751e-01
9.795762059344019779e-01
9.904802610356062686e-01
9.633598967283254488e-01
9.773336511518718739e-01
9.851778645712625515e-01
9.831249232433744156e-01
9.884416949467133007e-01
9.854774798568587402e-01
9.616409983780552784e-01
9.877847470510915384e-01
9.573314172364644214e-01
9.737073367319106776e-01
9.629319448738395959e-01
9.780953978302873164e-01
9.676406136645712142e-01
9.897405622323687258e-01
9.776484530702563847e-01
9.784410220151489312e-01
9.799636127214043091e-01
9.789155102916664575e-01
9.800593052205409661e-01
9.834928290203677204e-01
9.511499525435551661e-01
9.777518937468948623e-01
9.947916392501570115e-01
9.631888253583117399e-01
9.677004571029901303e-01
9.873896049198082059e-01
9.896833484205423970e-01
9.794686184877552382e-01
9.602103233423672224e-01
9.845612290423845225e-01
9.589762878045748895e-01
9.615216180789840639e-01
9.894942000728670362e-01
9.767762767058758566e-01
9.873865278228853848e-01
9.907606695175096290e-01
9.883110325213892988e-01
9.802406894853354924e-01
9.823404199056132713e-01
9.487246213895677016e-01
9.848228440959504448e-01
9.900513823066536823e-01
9.724490747980427674e-01
9.685391552155414585e-01
9.788063960249762108e-01
9.860630913395345143e-01
9.718215247347624652e-01
9.767373386178922479e-01
9.715155960823694814e-01
9.755589783517033542e-01
9.828433771366239524e-01
9.771157535007950479e-01
9.724757557601456659e-01
9.833510050871865360e-01
9.825387874877814509e-01
9.836492892817340072e-01
9.873431307272634294e-01
9.700565621393132387e-01
9.716608039982501666e-01
9.844751494590759933e-01
9.694100867496763252e-01
9.773265870951435286e-01
9.742348624083425612e-01
9.942086511259126125e-01
9.756276479414096592e-01
9.624341901374459107e-01
9.598756808888592174e-01
9.806154310128178953e-01
9.890942921503791396e-01
9.801012035454804705e-01
9.898654735919317771e-01
9.873482981077706944e-01
9.823518665440397202e-01
9.886247818650421015e-01
9.782334583411432805e-01
9.520733539188246386e-01
9.897751403243472135e-01
9.755440683143233871e-01
9.695565742059055747e-01
9.623982146866020271e-01
9.861688578916364412e-01
9.686192821884035409e-01
9.785509325940255909e-01
9.478237750713114362e-01
9.726182153984680445e-01
9.610070996561410617e-01
9.623467611359064477e-01
9.726236836981364542e-01
9.611758249442642343e-01
9.725381622530144821e-01
9.883033232774967036e-01
9.698121790179459190e-01
9.719087000682828936e-01
9.830989454955801898e-01
9.828085142295608367e-01
9.831932798877318636e-01
9.920327275558129543e-01
9.614561582931923089e-01
9.620372608151704918e-01
9.934251045194882890e-01
9.729957333031225009e-01
9.913717554149241717e-01
9.973099424345635011e-01
9.733802804834166267e-01
9.723099790782975260e-01
9.755205967370279563e-01
9.959323859000354107e-01
9.810992476205609991e-01
9.634073250108875497e-01
9.854122032995390468e-01
9.775771893728338879e-01
9.781138930224185790e-01
9.714744927258607277e-01
9.864408444626204808e-01
9.725212189895785508e-01
9.728438266930855560e-01
9.741047109220629663e-01
9.798267902143987795e-01
9.675669061277520910e-01
9.899474315920967493e-01
9.869644792159038005e-01
9.982793661177751243e-01
9.762879527960249826e-01
9.508248530430879475e-01
9.829837567546110266e-01
9.759148610785796096e-01
9.634285616810244202e-01
9.739067834025304515e-01
9.603961543266187340e-01
9.879245639383299471e-01
9.837585605604112216e-01
9.929393345915636937e-01
9.738402454171111167e-01
9.855981312730054400e-01
9.870781986250086737e-01
9.877438614710801756e-01
9.808197930850520718e-01
9.875058310420807839e-01
9.624740353677516680e-01
9.852277857155586904e-01
9.910350585233052012e-01
9.792076449871371935e-01
9.839027186116130475e-01
9.801594959663731954e-01
9.946636985634236261e-01
9.755438993238551015e-01
9.841959662438128920e-01
9.867972677262074610e-01
9.802379650282583290e-01
9.843764814904353289e-01
9.829810924783239923e-01
9.521140414653337380e-01
9.942817372376615559e-01
9.682387456049055263e-01
9.975631956510375709e-01
9.710728007812234885e-01
9.860632066271012297e-01
9.859758545656666096e-01
9.835065985922084586e-01
9.880837556246848674e-01
9.773817855993368608e-01
9.693057858425981888e-01
9.680970677350210218e-01
9.882909406197303293e-01
9.861971345554370050e-01
9.847352364802358649e-01
9.884690269650403538e-01
9.856005103939563528e-01
9.654687864216486837e-01
9.902176799036167543e-01
9.695953537274257794e-01
9.769106599239253397e-01
9.906433843062926181e-01
9.879316041899397494e-01
9.768584596482680071e-01
9.802639346139649934e-01
9.625734243159542736e-01
9.913981705110825882e-01
9.715998160529626393e-01
9.894579299929417981e-01
9.680601186536695879e-01
9.477247347096323660e-01
9.624156530663046105e-01
9.829190847115018004e-01
9.875042138647236456e-01
9.842527012072869175e-01
9.749242748665332137e-01
9.819323218087547822e-01
9.709473570886064664e-01
9.792174163504330231e-01
9.626640358936440212e-01
9.755961100284304965e-01
9.846192377340571289e-01
9.841396006659858253e-01
9.824111475852040920e-01
9.758206582241780724e-01
9.685086953947611432e-01
9.766028418630433583e-01
9.874103520968088299e-01
9.865468138200279569e-01
9.742988953169151589e-01
9.790531991319130212e-01
9.965584783162207971e-01
9.696374820415429863e-01
9.769240987072480564e-01
9.952408070812368557e-01
9.712123540296613289e-01
9.745646620756446277e-01
9.805753506849793633e-01
1.003504536393147628e+00
9.852843417149740324e-01
9.804408760011892321e-01
9.944291267239372401e-01
9.883550059079538874e-01
9.795929381697640048e-01
9.758891739817430189e-01
9.844859459789838674e-01
9.774677366636517206e-01
9.898714573170039888e-01
9.719484640233228001e-01
9.857033380185888927e-01
9.977685455655416202e-01
9.784458981496373386e-01
9.841943997431954472e-01
9.873374396501184425e-01
9.707124035117877803e-01
9.727761909004432050e-01
9.891973616972953298e-01
9.861421097276458214e-01
9.909597936255273298e-01
9.828038203259678030e-01
9.638297223413103687e-01
9.714407729201710584e-01
9.837465832855064596e-01
9.909141491495133680e-01
9.516507404079974641e-01
9.659751035194051871e-01
9.640778758409878080e-01
9.798740232549059126e-01
1.004959184404523365e+00
9.838612493964650207e-01
9.818135613702113629e-01
9.427215100795330871e-01
9.561892010973777056e-01
9.894423951218340729e-01
9.813184726331827257e-01
9.704203051348460063e-01
9.335069320712432450e-01
9.504872907103404378e-01
9.862822369007677725e-01
9.650666157681933033e-01
9.657445257101555658e-01
9.690359659530768388e-01
9.716746154211339803e-01
9.602414542829326161e-01
9.695124028282120499e-01
9.370441576424164420e-01
9.798184333852494321e-01
9.810147361315629810e-01
9.876241373195037143e-01
9.642215115817098781e-01
9.704373889142124954e-01
9.910059167824807336e-01
9.932312042694350085e-01
9.797145720731317287e-01
9.750965552022787808e-01
9.686970566273028771e-01
9.802725388825835884e-01
9.749160084314506536e-01
9.915849226890807167e-01
9.930363891088848094e-01
9.869700817337032639e-01
9.857444054396138355e-01
9.861695403793725445e-01
9.822868003719794627e-01
1.006234558192249606e+00
9.483354129493977158e-01
9.663384365313658630e-01
9.826596127205793341e-01
9.792977961056833491e-01
9.717504560891896404e-01
9.844766918231259156e-01
9.677543322600260511e-01
9.673186756014734433e-01
9.869254894515049337e-01
9.622484617189270839e-01
9.963928425865352656e-01
9.720759125108311416e-01
9.887597795515007393e-01
9.837079253165270654e-01
9.914083475322776895e-01
9.746232471632035876e-01
9.917690354637515027e-01
9.962431688206085934e-01
9.996161316169329680e-01
9.877834078721902111e-01
9.798202413385510567e-01
9.805662702073610903e-01
9.626085053197590558e-01
9.922753395385678354e-01
9.813081133515437759e-01
9.846354036484005201e-01
9.663214428765973807e-01
9.791670667866569922e-01
9.910549232240143391e-01
9.771121624690992657e-01
9.807969031742280741e-01
9.830079873160398884e-01
9.848262926300336284e-01
9.656056840694052790e-01
9.661764441985497553e-01
9.696248134519599438e-01
9.930249567434549229e-01
9.864610287155760604e-01
1.001123071577556312e+00
9.940563470518219980e-01
9.953979724881988345e-01
9.703649253988626544e-01
9.793577148894050399e-01
9.861794210520354875e-01
9.584188200500851629e-01
9.775473115211421593e-01
9.917952150676282441e-01
9.738822237850909280e-01
9.780193184101869663e-01
9.619317261785150786e-01
9.954695383329500435e-01
9.696967942441465649e-01
9.885063439282442133e-01
9.780533465294685147e-01
9.768503820631833090e-01
9.817380667801693939e-01
9.886323136478782914e-01
9.764058871694260011e-01
9.543680861459358233e-01
9.496017390901539956e-01
9.412748380019629879e-01
9.856507446049191934e-01
9.899278425037523199e-01
9.415673535945203732e-01
9.774566918007036032e-01
9.854734647778133905e-01
9.639342259309672256e-01
9.808595999093954187e-01
9.786539727322177695e-01
9.919954987477135333e-01
9.759636141765611894e-01
9.641131057327555487e-01
9.709426199827423387e-01
9.726067004733085497e-01
9.712699919056091424e-01
9.856418820072450071e-01
9.720708581217069044e-01
9.846815676273479312e-01
9.751149978217740211e-01
9.844007832303156569e-01
9.654819440760945559e-01
9.688826297548565059e-01
9.961925835240390548e-01
1.008745044366829324e+00
9.866654147179768630e-01
9.863321300146370429e-01
9.497815274343521796e-01
9.761773913766630395e-01
9.700203183783675520e-01
9.498554050374744540e-01
9.866835371723366999e-01
9.875659951614256249e-01
9.906376598450462589e-01
1.002513401974742813e+00
9.515059214262495679e-01
9.798199587901508245e-01
9.568577901818280385e-01
9.895508730580990786e-01
9.936662169778155418e-01
9.878672108145826192e-01
9.855678495869087952e-01
9.690982268756399565e-01
9.896449194287478823e-01
9.923800836097014244e-01
9.952240455179668377e-01
9.646394638827365808e-01
9.748020205815366435e-01
9.615391997370719146e-01
1.003414151016352340e+00
9.709186204714163049e-01
9.893819426131977846e-01
9.851974480286644908e-01
9.881213265116709499e-01
9.856276591887361826e-01
9.981244460564501209e-01
9.614272738092591863e-01
9.762452567553056015e-01
9.867154839876342010e-01
9.535413991143318890e-01
9.712275849642835190e-01
9.758374762981532058e-01
9.775073907518467831e-01
9.688457512960358953e-01
9.901459708795306014e-01
9.919676574943981917e-01
9.499349479321751444e-01
9.920031973407160697e-01
9.819600101755983079e-01
9.796377116949306352e-01
9.871073035076042279e-01
9.738822087912720749e-01
9.838814309691203963e-01
9.828993204437105335e-01
9.765175909276870847e-01
9.801464221568805257e-01
9.913943627389535385e-01
9.874096341262209586e-01
9.940552751851852165e-01
9.651071608300616500e-01
9.868093037929385192e-01
9.825406220984967964e-01
9.899155128410423998e-01
9.730281340897976028e-01
9.591299013757336178e-01
9.807029608771964391e-01
9.875122511935986447e-01
9.857994360601954886e-01
9.888751646549093222e-01
9.882466124732525170e-01
9.712450771904076463e-01
9.890731907921211929e-01
9.821144047467420535e-01
9.736053690748600609e-01
9.607992735872817880e-01
9.772738857641167787e-01
9.634177003306522158e-01
9.407926479195232172e-01
9.781022714083149605e-01
9.787727107186503517e-01
9.926764474913848391e-01
9.926284051966367539e-01
9.852111642641616651e-01
9.894029014148759682e-01
9.746513786562638337e-01
9.813260548603477407e-01
9.709340875229102164e-01
9.958500014348633522e-01
9.950209527336401072e-01
9.861956357812798890e-01
9.455893408889954888e-01
9.966998160217677150e-01
9.898910175842863257e-01
9.821821870968042711e-01
9.869756701529053267e-01
9.652633560985116601e-01
9.522488971932768775e-01
9.879384530118576757e-01
9.533064157022592688e-01
9.762166923608874836e-01
9.588815836575277363e-01
9.839545778429925615e-01
9.781250410074704416e-01
9.822343319921612581e-01
9.901031248107908800e-01
9.639326582009254407e-01
9.827269956496187397e-01
9.761474134514506185e-01
9.638206170032757036e-01
9.729886411079320396e-01
9.901686448417952313e-01
9.741556711992674922e-01
9.757211054175395359e-01
9.866174710091528688e-01
9.662289545575729610e-01
9.915788890738279626e-01
9.543836973858662587e-01
9.923699463056316894e-01
9.751771148173011827e-01
9.852375576147474057e-01
9.893044910342837506e-01
9.877129011544224513e-01
9.861480201157211134e-01
9.653789390170945950e-01
9.796989219409718563e-01
9.861115262381645596e-01
9.755050571240474477e-01
9.803341265978521291e-01
1.000528126456503797e+00
9.828735595897910571e-01
9.855644805228116478e-01
9.976198940982744512e-01
9.818579505844257094e-01
9.898352510301354767e-01
9.747135545112272093e-01
9.823621581991776042e-01
9.558636480164722782e-01
9.753980633977918924e-01
9.857676510025148442e-01
9.879466909435141719e-01
9.594810060010674491e-01
9.725207431838003291e-01
9.894914822545579636e-01
9.785549511314285409e-01
9.649813536163459604e-01
9.871405058208488903e-01
9.845017184354357687e-01
9.793255885690934637e-01
9.906195625152786066e-01
9.793503177931244252e-01
9.763043289043111805e-01
9.784172373393096311e-01
9.764110072681903008e-01
9.846166336628355831e-01
9.678173773623216514e-01
9.848915397042083963e-01
9.651646586579878395e-01
9.629256097459542030e-01
9.213661915238440248e-01
9.747850058332958589e-01
9.839138845582665605e-01
9.805752481973830648e-01
9.766704004087940483e-01
9.781191559918244183e-01
9.874281215584027604e-01
9.892101058994910989e-01
9.899712033051982774e-01
9.934423412764082917e-01
9.736697473442945672e-01
9.583128982343711577e-01
1.007860084074671869e+00
9.892049948147910721e-01
9.752509027982607659e-01
9.989638957266596675e-01
9.665566902209352662e-01
9.600919805626325632e-01
9.876209935870926548e-01
9.902552808072211388e-01
9.735672499424535831e-01
9.667686437022279256e-01
9.796776592082632185e-01
9.622955491510635229e-01
9.736270271549243294e-01
9.736234166451011030e-01
9.492486062381815248e-01
9.860590477763915285e-01
9.457112443491265674e-01
9.917001458418056581e-01
9.746326546427253046e-01
9.675597067446816135e-01
9.620290686978375527e-01
9.400718810147488114e-01
9.500434973100126967e-01
9.849137043994226071e-01
9.769306807816100502e-01
9.831448224493909427e-01
1.004527705296001772e+00
9.793325404725874428e-01
9.857100687699612562e-01
9.912599264022600165e-01
9.735412904258016198e-01
9.746376210811675822e-01
9.814690918209082460e-01
9.922190966720233485e-01
9.794237804336394237e-01
9.587864675255433067e-01
9.968371223370197098e-01
9.886815992494208949e-01
9.455262047510719636e-01
1.009019912321388102e+00
9.436966219617299867e-01
9.832123777221606353e-01
9.560947443344569585e-01
9.629355991064587617e-01
9.767335488708152047e-01
9.857270895720086079e-01
9.886575194408935285e-01
9.546097301116153178e-01
9.343814723558633295e-01
9.642090728077843398e-01
9.965940498977385875e-01
9.962852998925161296e-01
9.892356167983870074e-01
9.438134072301938016e-01
9.494062713886529670e-01
9.739258448154698433e-01
9.642613131699825368e-01
9.960914211536829876e-01
9.875221348646745501e-01
9.781054585737016804e-01
9.640735680566115962e-01
9.842567571246643165e-01
9.793876392839301337e-01
9.772514310464306408e-01
9.607778820000635323e-01
9.904588277835770782e-01
9.846716068304185443e-01
9.685854727720760726e-01
9.770057505555181931e-01
9.951477043801988387e-01
9.737560118944145193e-01
9.889620669209959747e-01
9.573879874017094949e-01
9.653844065683002684e-01
9.504591128762567287e-01
9.634015301607498083e-01
9.494335981566031091e-01
9.913948075653128411e-01
9.738819370211490023e-01
9.894579512442960301e-01
9.810336864863694606e-01
9.899111211112282538e-01
9.856408041131586861e-01
9.761024741907706748e-01
9.739414496030073254e-01
9.908786728822381873e-01
9.482520095020795514e-01
9.914803357477497414e-01
9.414739946309615970e-01
9.779141018287121900e-01
9.934308832722718030e-01
9.787453600572855184e-01
9.819758064547821075e-01
9.834779157842896691e-01
9.640347615298554551e-01
9.851769703415281798e-01
9.939672851315440871e-01
9.647656193762239596e-01
9.959846000435802482e-01
9.621716772113758642e-01
9.868862700147826850e-01
9.934675423981648157e-01
9.864272049328483005e-01
9.389508839089948378e-01
9.611680182244572990e-01
9.741538596375409753e-01
9.839095636894049646e-01
9.755896661433969275e-01
9.770881191242573038e-01
9.829124090134562231e-01
9.957605388417054559e-01
9.906016767412011426e-01
9.758423137794040025e-01
9.952433922280782275e-01
9.961454956198031452e-01
9.895557569336731474e-01
9.900360142414890152e-01
9.776773777749455663e-01
9.669755956084555848e-01
9.741036355018858339e-01
9.837460844124490400e-01
9.875744917651488874e-01
9.679816934260464523e-01
9.528833586208353967e-01
9.862674426862647614e-01
9.802540327238593587e-01
9.888341526933219772e-01
9.883779377356359808e-01
9.714368976576708281e-01
9.803352837760550553e-01
9.791258220734021522e-01
9.872905762222552450e-01
9.967959485254441754e-01
9.897683977101138231e-01
9.887531948567142015e-01
9.722576946953506161e-01
9.768281767148881967e-01
9.997271089109319719e-01
9.904153292454622726e-01
9.790116228802773213e-01
9.876149506801500388e-01
9.900155653956792534e-01
9.842521766901513036e-01
9.652876851081049203e-01
9.675660129530698761e-01
9.780587707984145229e-01
9.829042687243658705e-01
9.850061356765739129e-01
9.624735814349548724e-01
9.822528929566806122e-01
9.889020695817926088e-01
9.685742515580704204e-01
9.640386831934399936e-01
9.777949438195586707e-01
9.847610642430431049e-01
9.930576098517682748e-01
9.838851535262651549e-01
9.628759183045452197e-01
9.858146187998944043e-01
9.906858457044226407e-01
9.874208802378509064e-01
9.900247282620069367e-01
9.748904437578217452e-01
9.510270973766247193e-01
9.734934424379146911e-01
9.844671231889491336e-01
9.926135015857250332e-01
9.744095286363865238e-01
9.952158213421586908e-01
9.886453061212959748e-01
9.654049204015121566e-01
9.801235057716007892e-01
9.849097410462998026e-01
9.844866599822400532e-01
9.712303752243185428e-01
9.902685084945014315e-01
9.822287235712019449e-01
9.631259301014057916e-01
9.890474831894602303e-01
9.928659203803053002e-01
9.727056344840453450e-01
9.910367546158322938e-01
9.934882791671962865e-01
9.546920812963670677e-01
9.746786189094706065e-01
9.797437724116635493e-01
9.807211941337664607e-01
9.849502165791165220e-01
9.930241680024678441e-01
9.879887882888024331e-01
9.906845043291356845e-01
9.878770758031857335e-01
9.623752527260717171e-01
9.459678248193847949e-01
9.692124738625857994e-01
9.923843634872180353e-01
9.795642925338702289e-01
9.764694381176822757e-01
9.853093794527537641e-01
9.823752986228647677e-01
9.754337740375903509e-01
9.948443713159339508e-01
9.716447121364722994e-01
9.655074069249680591e-01
9.962242354826152946e-01
9.967088311074034923e-01
9.894815172986620722e-01
9.885396237737149594e-01
9.806591677934198836e-01
9.967909236360663616e-01
9.883698635967526069e-01
9.852468852461215842e-01
9.773280829808371761e-01
9.846742891938921050e-01
9.828250963179145927e-01
9.765656108891256348e-01
9.819589144106293244e-01
9.484279944651213823e-01
9.434798378883619829e-01
9.895409215410013726e-01
9.465080928987726905e-01
9.827923380278851262e-01
9.700941421598870962e-01
9.940998116578018129e-01
9.788668604433249376e-01
9.467259310991202881e-01
9.573299158645411921e-01
9.846968967871433387e-01
9.835926947621086436e-01
9.729806703776489041e-01
9.878952460623061649e-01
9.808967406434918601e-01
9.927292806966524497e-01
9.662797451268541060e-01
9.847030442481824464e-01
9.860286949719998528e-01
9.861558240834286115e-01
9.737012216285119148e-01
9.924005153447900129e-01
1.005620170608982455e+00
9.538876507238672753e-01
9.749861236897596761e-01
9.646314853475655982e-01
9.753763730248540265e-01
9.935603652479907399e-01
9.915796938340462052e-01
9.977492430426060377e-01
9.916738484712245283e-01
9.835327121933348238e-01
9.841868886473847944e-01
9.774427143764853332e-01
9.650135123438943197e-01
9.542222297142884946e-01
9.941725558239252747e-01
9.934751097650834639e-01
9.882811560364320735e-01
9.814420001420322004e-01
9.551724189233130602e-01
9.766603346759117343e-01
9.753985158286649915e-01
9.705808184533927241e-01
9.624280922924938197e-01
9.641620100244466807e-01
9.507218644594981338e-01
9.740696493438045778e-01
9.913324910860926709e-01
9.925732587499832560e-01
9.918412312688756893e-01
9.884217876316049312e-01
9.843315081314151227e-01
9.911589502120397022e-01
9.892243793146663355e-01
9.909448597054263397e-01
9.973805987932875539e-01
9.807756557195695946e-01
1.001428658838952934e+00
9.906866362006669924e-01
9.893184184205991993e-01
9.855109737253346935e-01
9.748017857944589748e-01
9.714351634142605052e-01
9.445306870226276574e-01
9.734800692202592032e-01
9.873505470212111668e-01
9.849026306765255034e-01
9.355935495697729198e-01
9.838097984901066351e-01
9.663007091690481998e-01
9.630093677618615233e-01
9.951906057484694035e-01
9.859002958382349080e-01
9.498429039924936035e-01
9.829243389851907153e-01
9.848725535828056765e-01
9.892875073752918080e-01
9.763804197175790511e-01
9.943500277386525532e-01
9.846044704753380561e-01
9.748368801264657435e-01
9.823754169349100396e-01
9.754677165385177151e-01
9.790218149290537131e-01
9.639977942769994979e-01
9.729142600559501641e-01
9.927401377764980550e-01
9.870914383081448307e-01
9.751572822201005630e-01
9.435639270244480237e-01
9.673403738403600904e-01
9.635792682579552570e-01
9.533448291110705464e-01
9.854645553004373060e-01
9.948706341354441873e-01
9.798384909718362845e-01
9.864380833767161239e-01
9.882407593161611770e-01
9.725360314369846382e-01
9.738220359762265188e-01
9.802006216907768188e-01
9.855782391455679692e-01
9.846353621843105808e-01
9.729354209665784792e-01
9.824145091795809526e-01
9.698012114037689591e-01
1.003368630998812794e+00
9.799838056192153868e-01
9.798411951942087583e-01
9.843284692448017736e-01
9.839842543423401588e-01
9.513324179387004920e-01
9.871789043356103965e-01
9.854679726872526135e-01
9.730337983223319442e-01
9.874066259875090568e-01
9.782707026953270102e-01
9.730591780298477600e-01
9.880547546644697920e-01
9.829754028662823773e-01
9.966031611829174741e-01
9.870679756678247818e-01
9.652991192025471845e-01
9.611298647592624311e-01
9.942228227891871661e-01
9.830213209779644634e-01
9.796016071827936544e-01
9.713337096030147944e-01
1.002306634872564439e+00
9.880352641910533640e-01
9.591065548571762189e-01
9.605338983354623217e-01
9.752818068868404078e-01
9.896115091060657676e-01
9.845558486856338387e-01
9.615799115062945157e-01
9.627433679678127909e-01
9.696464506940196681e-01
9.787847904988643544e-01
9.719485842669789433e-01
9.814270447691356702e-01
9.500073273139326702e-01
9.477140628452530580e-01
9.676005009316289707e-01
9.692116419366553215e-01
9.834185259510718202e-01
9.542952298463757144e-01
9.880237444883496201e-01
9.718755135689114422e-01
9.728535775914767258e-01
9.818148103234873858e-01
9.660145560443786916e-01
9.765334286039550893e-01
9.899273089065824260e-01
9.828524895738390832e-01
9.783237962856498049e-01
9.820431380872750582e-01
9.858994908362836984e-01
1.005262779966006770e+00
9.853800398317525966e-01
9.699209814811525776e-01
9.849353653676748976e-01
9.891056604971343313e-01
9.911049386803221228e-01
9.692443500494728470e-01
9.847825411283513963e-01
9.448087815000810741e-01
9.833667519627631304e-01
9.874160919814796156e-01
9.501396307015678167e-01
9.849338570016196170e-01
9.878492430449864470e-01
9.850249311797846241e-01
9.769877497550381040e-01
9.865249714639385825e-01
9.810971823192883301e-01
9.837040770532435863e-01
9.979908784084162710e-01
9.882315375001052837e-01
9.843657897973545623e-01
9.810459375842111029e-01
9.704906366498616821e-01
9.713014966147819340e-01
9.948317082651907395e-01
9.904652769208671659e-01
9.921321696460291273e-01
9.899070005562087271e-01
9.560297510440481927e-01
9.846132947812941127e-01
9.924486922288224822e-01
9.471356323083400808e-01
9.915986604519977377e-01
9.846199324593901681e-01
9.534853487709262776e-01
9.857928012941389317e-01
9.534509021871855339e-01
9.896644698411456442e-01
9.636540078942618104e-01
9.579179568105342657e-01
9.722962980747388295e-01
9.531644068939755243e-01
9.937182154819159674e-01
9.797480231715569587e-01
9.582484214220574614e-01
9.841800910741197450e-01
9.863997860410259610e-01
9.742072108968719002e-01
9.616714650567131928e-01
9.722255582493984916e-01
9.796755660946526723e-01
9.839633404560103047e-01
9.846115827474051230e-01
9.888124586873435762e-01
9.729573314401342987e-01
9.668896955701442586e-01
9.889134514581716662e-01
9.809464230353458492e-01
9.799097982211729674e-01
9.353837981659003376e-01
9.695180837923554895e-01
9.854134233382726427e-01
9.711392790266440977e-01
9.723033913725624977e-01
9.809449468379967119e-01
9.748915601231725736e-01
9.532922056056641891e-01
9.607851891960721424e-01
9.822854088118667670e-01
9.902188395114044361e-01
9.563188519707049862e-01
9.795296655141260134e-01
9.825992510197002483e-01
9.956667720817725664e-01
9.811817270844949146e-01
9.881983218518507472e-01
9.854950634163588408e-01
9.824322056436003425e-01
9.915077269641107138e-01
9.674428846835135820e-01
9.856496317529690465e-01
9.721561662818515304e-01
9.728584015384085237e-01
9.887343148312213170e-01
9.907948967930961803e-01
9.788119142250648608e-01
9.648136443787515004e-01
9.831900887617770479e-01
9.630482764595207357e-01
9.787081965798523076e-01
9.681384724624458871e-01
9.846170576240281802e-01
9.794253553115074284e-01
9.852526370804274292e-01
9.500181547702652995e-01
9.821251514481125211e-01
9.679894213387281177e-01
9.820450796631239321e-01
9.786967218410767000e-01
9.734570012855567889e-01
9.864779477350844594e-01
9.863688674170502102e-01
9.539578758572335726e-01
9.771423996138970391e-01
9.828835093148787783e-01
9.864791427065675578e-01
9.876889898929106515e-01
9.720831762903686668e-01
9.586564240209979326e-01
9.719078627988707586e-01
9.835731255386829242e-01
9.969409612606948690e-01
9.576603554985513300e-01
9.869721042608066153e-01
9.697406959473348076e-01
9.724184480738101710e-01
9.835291438859888880e-01
9.913971698497041629e-01
9.903716882608865069e-01
9.730920652746758437e-01
9.583086374580543909e-01
9.735605814568005778e-01
9.758524048444396914e-01
9.854035538241628922e-01
9.863647137383236840e-01
9.624234520799994641e-01
9.919382543566970245e-01
9.887140131889924355e-01
9.848396855644114822e-01
9.759907325199126404e-01
9.798205419609437028e-01
9.869789634953717306e-01
9.917022725837213448e-01
9.721794576256572729e-01
9.820949644872114526e-01
9.664490437674694290e-01
9.817401202879860733e-01
9.657271741270551102e-01
9.263153419510010700e-01
1.007388385896373473e+00
9.796238497504073939e-01
9.805633678549832144e-01
9.762577479177816375e-01
9.894691767051010389e-01
9.794398973121984930e-01
9.636801490920442470e-01
9.877972386710509589e-01
9.789438576042842621e-01
9.833340640421119883e-01
9.460670926330690955e-01
9.866965156933688030e-01
9.846310279383773123e-01
9.958015575421895749e-01
9.903292680949411508e-01
9.637408091630704776e-01
9.731900564370508100e-01
9.878570688863718141e-01
9.928612420732918498e-01
9.699024658724176851e-01
9.818142108058819373e-01
9.883310003403942279e-01
9.919198472095334118e-01
9.741706630668188760e-01
9.958843384166954360e-01
9.565868865627666917e-01
9.662992323854050492e-01
9.567609089087875107e-01
9.667230631323907586e-01
9.899304782200304409e-01
9.717478023089943795e-01
9.703767293487457479e-01
9.693216129388518842e-01
9.806964015195772655e-01
9.773018602169182278e-01
9.953941729707810326e-01
9.866093461076436144e-01
9.718722922573734824e-01
9.641089119888369696e-01
9.577035479154168973e-01
9.516011656857752410e-01
9.832380583436334254e-01
9.905021861299145858e-01
9.786121453382200519e-01
9.959274900720461732e-01
9.929342049610115906e-01
9.491000739876150893e-01
9.795822835513365856e-01
9.911179924059191348e-01
9.849182437203595208e-01
9.620043091811458780e-01
9.836688841374280345e-01
9.955134509860743552e-01
9.859926712126657611e-01
1.001334809571153617e+00
9.969589883037485167e-01
9.399215649171147602e-01
9.783392565220290216e-01
9.541634274140796679e-01
9.806770517145806387e-01
9.787319871739690313e-01
9.956637004410738845e-01
9.906138927560723673e-01
9.854094139565959809e-01
9.820844683773721773e-01
9.817754993704044253e-01
9.852775850739150520e-01
9.833811214214777108e-01
9.798387636139802570e-01
9.901946975379726235e-01
9.728660978569859674e-01
9.670205007383719797e-01
9.769142118150884180e-01
9.606902122495014629e-01
9.892674980025804032e-01
9.706586217988177889e-01
9.736552667341766831e-01
1.000129732108469893e+00
9.842380898214820872e-01
9.944576358721415321e-01
9.698859033050084566e-01
9.975517404523270848e-01
9.777202507385351904e-01
9.765821057080812384e-01
9.798326331917563969e-01
9.932444425591580028e-01
9.800658045514040184e-01
9.681735724216883332e-01
9.957617050715678042e-01
9.696480636244336759e-01
9.426035663652474472e-01
9.625292179486474309e-01
9.865926299692979740e-01
9.589788850896753258e-01
9.742443917532286335e-01
9.593270847533212908e-01
9.878227505117503915e-01
9.783899767865823494e-01
9.624337521690798924e-01
9.845054943366945421e-01
9.680369530918879750e-01
9.766969111206526000e-01
9.802325811704837299e-01
9.813058552580826710e-01
9.893022670557819476e-01
9.765130662214887014e-01
9.675990167949128917e-01
9.810399515673350335e-01
9.764179434829757254e-01
9.733261336329922520e-01
9.880580676323422740e-01
9.829554256239512178e-01
9.795717355499738987e-01
9.612286867940762480e-01
9.878272111457839788e-01
9.726431602194834936e-01
9.767067070511349369e-01
9.759613633654328213e-01
9.749821914558004510e-01
9.784688935527081632e-01
9.553637950280343683e-01
9.932872887073138646e-01
9.702382122923161045e-01
9.843382515067143901e-01
9.798156988716139049e-01
9.923080050963581922e-01
9.863511659826890154e-01
1.005560821127246429e+00
9.850024304554607646e-01
9.680781900548109942e-01
9.489650945957134320e-01
9.664503900853144147e-01
9.811835721116914932e-01
9.803593098177334486e-01
9.958218722909535359e-01
9.718867961496245877e-01
9.621329079668242690e-01
9.581901282551098520e-01
9.875830738077769899e-01
9.870367724327590020e-01
9.773803955729495341e-01
9.928389200989685692e-01
9.688725266873632336e-01
9.781882150852045932e-01
9.714950916411033699e-01
9.665531893386066775e-01
9.862055351714639206e-01
9.879243391061295343e-01
9.798997133509448343e-01
9.521098111573899070e-01
9.667853811869269176e-01
9.722996807996878710e-01
9.727831931579922209e-01
9.713582315585418403e-01
9.906045514124879325e-01
9.792239256178573159e-01
9.679507604375668928e-01
9.534146086294852385e-01
9.642931123869853405e-01
9.971631627716578405e-01
9.961107273377241000e-01
9.874018973102380858e-01
9.590795717764496464e-01
9.795739275741369712e-01
9.889140825905190502e-01
9.654841355527195024e-01
9.850737873430472913e-01
9.559993205371748459e-01
9.451448568979279319e-01
9.873494859473727070e-01
9.787600614268154864e-01
9.966723697623792733e-01
9.872836357610217384e-01
9.933327583301961861e-01
9.496138891115936120e-01
9.778862168648988495e-01
9.928776937949270742e-01
9.862182255275305787e-01
9.850854294330021466e-01
9.852691927703096653e-01
9.889643098040055147e-01
9.997822705969350299e-01
9.834551972989968860e-01
9.563783571429775865e-01
9.919374222649762762e-01
9.717393254842791039e-01
9.702423998127477356e-01
9.797772912971300929e-01
9.948991820006053421e-01
9.633450877206596319e-01
9.869620237424374665e-01
9.821230159626320733e-01
1.004034495155209816e+00
9.883192062681201984e-01
9.890136081645533039e-01
9.621322032249507439e-01
9.539376436008785154e-01
9.805499579700397428e-01
9.862862206896602091e-01
9.540112901938725409e-01
9.768377429070878026e-01
9.575517145020174814e-01
9.730949580374134156e-01
9.745795508610280988e-01
9.653377937978567802e-01
9.663778928372166455e-01
9.562732376355229658e-01
9.969390059828046047e-01
9.799076883005213290e-01
9.403199776594658443e-01
9.844709562787330448e-01
9.825016901172917150e-01
9.881561516896062436e-01
9.938288136313485621e-01
9.730198126944488157e-01
9.934742082155091358e-01
9.592339793057264030e-01
9.910203641369557115e-01
9.801753008744463758e-01
9.643424660574251295e-01
9.931016146617478446e-01
9.599739043786276183e-01
9.731303389199360554e-01
9.825498600355901946e-01
9.812177873734360123e-01
9.889985306884455651e-01
9.732583889414503364e-01
9.610608244316987125e-01
9.577657185893765357e-01
9.839221260530598423e-01
9.904529094109613130e-01
9.791093324164595879e-01
9.873078441229906632e-01
9.836053782154909886e-01
9.847723922498756721e-01
9.498672639363288095e-01
9.831249192628839229e-01
9.581493061410839562e-01
9.625056264713003351e-01
9.475081961760390969e-01
9.668134421022901437e-01
9.588511496916662935e-01
9.875613218522177883e-01
9.790609441152166026e-01
9.933595851155738732e-01
9.615587230522468776e-01
9.785414599359898435e-01
9.678971300107210851e-01
9.897380425866403320e-01
9.605047535261727054e-01
9.829007414522119568e-01
9.602332992976376769e-01
9.580827492244436971e-01
9.714566030390860973e-01
9.995209378072585915e-01
9.555476140184441247e-01
9.821450466983443484e-01
9.527266731450036996e-01
9.909034807778506204e-01
9.548364160468356676e-01
9.831517793955801832e-01
9.609055839412239397e-01
9.844087534130319117e-01
9.961983266276708271e-01
9.862621164100641158e-01
9.855340401653484017e-01
9.803536053645304227e-01
9.742949661515333259e-01
9.945727897190885791e-01
9.817730492962409850e-01
9.630064424237460008e-01
9.909137553988496272e-01
9.940259011572933900e-01
9.848492667088537544e-01
9.867902770525900369e-01
9.811888757253276472e-01
9.873305239588242577e-01
9.940153841708633253e-01
9.804336682063302666e-01
9.715636641584199928e-01
9.788361540221227619e-01
9.975229730009934626e-01
9.848666659596218009e-01
9.700070213923174256e-01
9.771504110917272889e-01
9.817739300314486384e-01
9.795472559384353906e-01
9.805767954936396302e-01
9.832682232422507163e-01
9.785027012475270292e-01
9.853771775122611709e-01
9.910561078625871323e-01
9.970460266283939221e-01
9.896487392440261877e-01
9.880251082295753440e-01
9.900880602255491825e-01
9.573436123482056415e-01
9.654964793990650218e-01
9.773839596048709000e-01
9.912962821379790457e-01
9.834609085098461323e-01
9.899126826678532609e-01
9.985175470201256287e-01
9.719907043432571836e-01
9.823228705682873763e-01
9.825681405983274219e-01
9.710618572652417457e-01
9.905153571333846774e-01
9.692217730846479640e-01
9.579144951006595132e-01
9.832811327394164191e-01
9.854475425846043191e-01
9.940570459619815225e-01
9.822071316230048810e-01
9.926334952718822713e-01
9.844763415650047422e-01
9.748958041060321600e-01
9.668186677433653342e-01
9.961688246693538584e-01
9.960228191400705144e-01
9.836908332070249950e-01
9.757610518664544541e-01
9.869125127031088685e-01
9.874771315366349667e-01
9.681187834249187496e-01
9.927696780400061538e-01
9.833003263116116832e-01
9.928470990179681932e-01
9.539517785671690620e-01
9.527499423283272151e-01
9.674592824819412407e-01
9.672601532327513851e-01
9.931489462333397134e-01
9.824683598558057174e-01
9.550359496782229174e-01
9.571633634700398297e-01
9.769498166597535560e-01
9.866555792807307768e-01
9.666653452970588312e-01
9.872493378071628412e-01
9.821306904057716114e-01
9.889933673887605359e-01
9.847666685244509388e-01
9.878568543803191160e-01
9.777709677660235688e-01
9.976453398937971118e-01
9.718509079165466025e-01
9.796693971275264312e-01
9.811332889258951306e-01
9.796578987797119886e-01
9.925125282233310253e-01
9.756004048592968880e-01
9.889110301418254645e-01
9.840965919309282439e-01
9.489758329984726570e-01
9.951769037772957294e-01
9.883208893181824051e-01
9.924983069723460893e-01
9.918883063733638927e-01
9.878737156070119818e-01
9.708050539987272964e-01
9.865531662456997752e-01
9.949572060973740362e-01
9.687009693155840262e-01
9.801385483209876792e-01
9.752207095664682246e-01
9.963793907910334369e-01
9.877133383934743049e-01
9.733868206994741312e-01
9.756493241747518086e-01
9.740772380155452437e-01
9.835090594238655726e-01
9.802275949793085585e-01
9.816792682450798946e-01
9.899319980775126426e-01
9.864405201727224348e-01
9.797063277023290162e-01
9.922957880866800640e-01
9.957617082930141361e-01
9.714582501047621665e-01
9.892045570300681545e-01
9.836110195464434769e-01
9.806648051824207180e-01
9.812133501920474732e-01
9.686066312714490811e-01
9.835760615173796406e-01
9.851907698916906320e-01
9.877701818193840300e-01
9.834373441053623210e-01
9.793724527956322312e-01
9.804469676100761033e-01
9.780785728472594087e-01
9.950747464233620221e-01
9.735184930191469466e-01
9.819042861282422097e-01
9.894604826530903896e-01
1.001865251596608886e+00
9.764926420758638370e-01
9.887469179994700097e-01
9.887729964366684943e-01
9.610216122205892386e-01
9.711896423846047011e-01
9.637649156024642449e-01
9.848888657400226565e-01
9.924615215242068578e-01
9.720048138122486803e-01
9.791439559221775113e-01
9.767293213278870345e-01
9.733772012700696585e-01
9.799790492982395351e-01
9.879608310349605738e-01
9.671046608249136423e-01
9.844260442880727879e-01
9.876109289247020362e-01
9.360067691546849478e-01
9.916344514783843600e-01
9.875824765817743378e-01
9.814593135052506190e-01
9.723808762454064780e-01
9.633084508594448314e-01
9.661156692202865770e-01
9.916844179080664956e-01
9.639942636222762484e-01
9.981438496010951456e-01
9.935186855166858733e-01
9.894124011850331524e-01
1.003803028861460334e+00
9.799903587057612331e-01
9.641702516060809414e-01
9.671408133255604556e-01
9.784227474768338872e-01
9.933786595605212932e-01
9.983623759872479742e-01
9.769302520812943591e-01
9.720502956351170232e-01
9.893315847200873092e-01
9.851132083463365330e-01
9.706100416644882767e-01
1.001434285052479778e+00
9.824268852511361949e-01
9.854924744534334646e-01
9.764859597904533839e-01
9.932945347814990944e-01
9.830173087194400416e-01
9.745103769576142216e-01
9.583246423382962842e-01
9.817436941905837156e-01
9.981622409869678192e-01
9.767257287472876914e-01
9.676400872707346945e-01
9.835719422292938940e-01
9.684454726009881220e-01
9.787477602984325786e-01
9.875358463087791083e-01
9.851610203270325661e-01
9.868397567421539618e-01
9.830142826856165250e-01
9.867768939019200269e-01
9.956662904483214449e-01
9.545544665968713760e-01
9.937164176219837053e-01
9.790945127655442670e-01
9.568337800597576104e-01
9.719167084976441107e-01
9.843312726989804640e-01
9.758428790075628356e-01
9.627791785534051128e-01
9.765867817379094706e-01
9.913665172222528854e-01
9.839166621445282201e-01
9.972540887504216522e-01
9.689582864850686539e-01
9.826855568981327504e-01
9.845733535014391524e-01
9.590502162778153927e-01
9.794691037269867007e-01
9.786081938821468151e-01
9.857328211174783972e-01
9.961703665242007677e-01
9.768355422461175719e-01
9.909591371593117204e-01
1.015749022749403263e+00
9.699100619023588443e-01
9.702629799522950460e-01
9.611965250161995655e-01
9.778474225207547388e-01
9.802232429617392384e-01
9.512666042936706035e-01
9.794016995594916342e-01
9.519540128435430848e-01
9.821465933362723000e-01
9.851512951099733462e-01
9.827477442785105266e-01
9.732910211742222817e-01
9.485356004928545692e-01
9.438187084420330830e-01
1.000266181711248148e+00
9.518323789420141123e-01
9.979332311032721448e-01
9.734239282802822357e-01
9.813619614823928528e-01
9.483429830956111584e-01
9.869459101423073699e-01
9.809040956759815799e-01
9.568081670466723754e-01
9.824561369374560371e-01
9.825238063968282365e-01
9.891123063499098755e-01
9.762818798312022928e-01
9.934402739466843268e-01
9.706151408347639675e-01
9.802591958350541645e-01
9.740346308616405491e-01
9.768956012420345614e-01
9.753639392194053404e-01
9.801105315048671551e-01
9.787013181229575753e-01
9.800022538457936472e-01
9.940073096558983412e-01
9.907461535607403613e-01
9.655788451224682767e-01
9.824133491699120757e-01
9.381269363933750771e-01
9.776625683013514534e-01
9.994793913444658395e-01
9.581324945333844489e-01
9.727429067888448966e-01
9.643014639876348326e-01
9.733729738971395040e-01
9.435198790802693525e-01
9.807072026095439155e-01
9.818678344200084673e-01
9.621283233518744815e-01
9.797294761519127482e-01
9.601200033461623207e-01
9.627784935008747436e-01
9.737501059661154423e-01
9.962510645752351568e-01
9.806678028989099793e-01
9.818863836450868465e-01
9.770053799697080432e-01
9.724635192709366605e-01
9.947361425452834194e-01
9.787940143157419781e-01
9.703618660152319997e-01
9.822089300747384177e-01
9.444549820783042504e-01
9.758342304252459742e-01
9.797856126011585953e-01
9.893009933580805271e-01
1.016881642944847286e+00
9.919974818578711773e-01
9.467250502475824669e-01
9.973227853279349464e-01
9.686614791477806685e-01
9.831562712453615349e-01
9.738372690268973786e-01
9.765476467018004980e-01
9.739000733157141543e-01
9.776150573872472993e-01
9.804314625363804714e-01
9.747663878016934458e-01
9.752439484994135377e-01
9.792810184619997749e-01
9.746894935990111364e-01
9.940122541177329740e-01
9.764259136652490012e-01
9.857678887171253956e-01
9.698788026331978118e-01
9.816817260243455578e-01
9.881027146662044736e-01
9.707046677783240929e-01
9.911360924431493746e-01
9.791110024074363150e-01
9.584439069021807311e-01
9.674493538711497198e-01
9.810847692774106177e-01
9.836221533807016915e-01
9.853492289323861897e-01
9.876573877208059127e-01
9.894803466215719157e-01
9.818175233319725859e-01
9.821360666612539703e-01
9.879961114977053871e-01
9.701563625435614124e-01
9.768044864622621448e-01
9.882523021809658248e-01
9.869962092218843575e-01
9.629981936330388459e-01
9.865851059936342482e-01
9.666919023186713034e-01
9.755781281531475946e-01
9.867622838287765097e-01
9.908955588628487465e-01
9.804718955925377788e-01
9.786977394455590451e-01
9.547651301689947800e-01
9.751667552305738340e-01
1.002728822282881183e+00
9.729455359031661255e-01
9.860818496376040354e-01
9.793162783361706314e-01
9.842182466022318943e-01
9.950557797410763960e-01
9.749173382370360796e-01
9.777044673004111619e-01
9.699631684489207206e-01
9.771144070562302053e-01
9.913809475120048953e-01
9.467474210927956380e-01
9.676865752139039989e-01
9.586872919481264077e-01
9.629966363192052903e-01
9.845721429242336731e-01
9.901250548603335311e-01
9.905743936220022805e-01
9.744953354366810983e-01
9.568664383671872109e-01
9.796060037743625770e-01
9.729517389783445269e-01
9.959934772974082806e-01
9.887375482114654224e-01
9.805878005093250360e-01
9.915932776382943015e-01
9.783783810642195933e-01
1.012705037760959881e+00
9.779614317303900739e-01
9.987133797826036608e-01
9.890952641708281590e-01
9.879429972092200751e-01
9.928408862884541275e-01
9.857367783275660100e-01
9.865747929853768694e-01
9.849298110475623869e-01
9.859914563513546559e-01
9.827565839796276181e-01
9.754901338074637440e-01
9.741191816033843986e-01
9.705959101042384018e-01
9.971080789340868167e-01
9.909590196536610662e-01
9.677564439883221681e-01
9.951558926727159804e-01
9.746367951058109158e-01
9.195298041162566216e-01
9.917707460481361981e-01
9.996444945263199822e-01
9.863194711052831742e-01
9.794608261025565810e-01
9.808083185503633228e-01
9.563135706742247333e-01
9.801552334146048651e-01
9.627801221373715190e-01
9.819495747555930798e-01
1.003968784014961368e+00
9.736851814505403935e-01
9.802234219833566575e-01
9.993071312349361968e-01
9.939946527996252890e-01
9.654539964164078336e-01
9.894780227434782915e-01
9.681365223458007208e-01
9.752870012274676981e-01
9.901661916040773725e-01
9.939401148207193115e-01
9.683911033019552139e-01
9.714319914035804970e-01
9.621045704570774237e-01
9.849152058515910912e-01
9.500234665604484485e-01
9.809920037896591172e-01
9.770855188661292656e-01
9.863236328041310452e-01
9.880637379237899864e-01
9.681960443847502651e-01
9.758598489215359884e-01
9.920025042789269998e-01
9.743289600144923179e-01
9.854046811595026378e-01
9.594337219479279755e-01
9.987898395718332045e-01
9.595633203397740951e-01
9.944494061699730159e-01
9.862973898210914969e-01
9.826991025780636990e-01
9.849094639320201683e-01
9.748738663480932543e-01
9.931732053285877715e-01
9.774020068638566983e-01
9.847387999304435535e-01
9.903867239997439231e-01
9.709415979755374737e-01
9.768193542593204270e-01
9.490933096517281120e-01
9.890146339982572865e-01
9.852326155793491580e-01
9.826038117806811245e-01
9.641305174963806790e-01
9.845090957208713078e-01
9.885702454768742209e-01
9.865830249841831545e-01
9.650095888051443138e-01
9.485004774317571385e-01
9.826656741397731265e-01
9.948960346948167999e-01
9.666052778191666084e-01
9.642604219506670793e-01
9.646458256867790348e-01
9.863307018076098442e-01
9.669167349702056935e-01
9.479952694759647969e-01
9.721263289647680272e-01
9.777172289193104548e-01
9.777543554477580168e-01
9.735586928869335299e-01
9.933489476710082311e-01
9.624138499816414782e-01
9.904563016843622725e-01
9.789384456695553460e-01
9.737430469307201131e-01
9.744380303638939811e-01
9.689941074740279214e-01
9.822964424188244115e-01
9.666148717344634766e-01
9.969942047202617896e-01
9.645315613667204691e-01
9.791431696782114669e-01
9.732782985905624740e-01
9.751626801758351837e-01
9.779649887024313148e-01
9.981652586556253315e-01
9.923735941917781744e-01
9.881510482892198466e-01
9.701138532368149825e-01
9.938124228088259793e-01
1.006261687394786053e+00
9.947346428069271385e-01
9.494170209700391050e-01
9.752812405205378843e-01
9.683909227458959990e-01
9.525199986618748671e-01
9.855126854451492502e-01
9.934809571395997185e-01
9.871373247043933041e-01
9.787614931392896178e-01
9.860590894358255420e-01
9.756146157921024020e-01
9.747637710626204655e-01
9.534721470711140512e-01
9.800873627075713523e-01
9.791959505862314339e-01
9.735543096214851477e-01
9.753293340269605372e-01
9.761461634612095262e-01
9.851100423308988274e-01
1.000703126679527433e+00
9.894433799693589382e-01
9.810603779220475884e-01
9.946082480238793710e-01
9.936562168158008523e-01
9.831381621914612179e-01
9.806545340987727899e-01
9.805464330735591538e-01
9.839390320303952331e-01
9.867207563833091388e-01
9.864923076079493702e-01
9.544096196383229369e-01
9.716774590597530015e-01
9.673006297209809645e-01
9.943664904583877640e-01
9.966980050184900408e-01
9.949619293829177202e-01
9.912459619384327292e-01
9.841608877087694163e-01
9.629165073881756909e-01
9.549026999258546367e-01
9.895517983275815554e-01
9.698128227540924184e-01
9.930868952777003322e-01
9.836442289698089647e-01
9.896264946332606893e-01
9.763105397477358505e-01
9.877039707532625501e-01
9.749911225674484649e-01
9.816679409315839377e-01
9.848290079438527522e-01
9.669028663484341424e-01
9.757348012295333772e-01
9.859859375135290316e-01
9.840154861266749986e-01
9.816605571306257216e-01
9.691505300154955593e-01
9.897087511718765107e-01
9.738154922232472588e-01
9.773028691121673495e-01
9.791751423969045076e-01
9.828095213895182702e-01
9.439797555473243840e-01
9.817142960093531157e-01
9.729236972768762204e-01
9.780759093951598704e-01
9.876943345901307847e-01
9.908674436239619521e-01
9.765550569688160598e-01
9.733228491519750891e-01
9.886896627066976695e-01
9.691071382546599944e-01
9.844053408087035661e-01
9.833640105556050726e-01
9.510067871338124812e-01
9.838938792439837489e-01
9.861118963789492486e-01
9.689135407768201258e-01
9.711300538755694989e-01
9.949044857823943211e-01
9.535048827510839153e-01
9.925562618518800617e-01
9.924198286402967639e-01
9.903333744934950111e-01
9.868673220495828291e-01
9.792585684980322780e-01
9.733144569614221586e-01
9.775865071283831309e-01
9.985188855155808785e-01
9.895393125517245592e-01
9.915616148973599442e-01
9.922441794703327211e-01
9.817748296300810029e-01
9.903803223848570703e-01
9.842046098665918619e-01
9.841708372847814967e-01
9.807230964045393629e-01
9.642988993111374363e-01
1.003145000342047899e+00
9.951308680065922285e-01
9.956867893766885302e-01
9.852133502664806031e-01
9.891276101649814079e-01
9.736216953949801134e-01
9.883383933577712943e-01
9.673864387906375706e-01
9.550997883637027952e-01
9.718914258252662197e-01
9.847108113208844493e-01
9.762529872086618266e-01
9.421970070629800409e-01
9.678984423281974392e-01
9.770808922399609742e-01
9.748944760966034018e-01
9.931949237337894809e-01
9.680118240176702749e-01
9.814958450048000271e-01
9.702697440489393976e-01
9.813076096115003200e-01
9.829120830540482023e-01
9.728304036666275412e-01
9.943637294377394298e-01
9.913006206432614098e-01
9.939362152543866902e-01
9.736288800755662498e-01
9.904583889773883598e-01
9.880567561814106448e-01
9.790172071503304707e-01
9.630098741885509961e-01
9.881127907271456401e-01
9.892443477519131667e-01
9.792064149683885610e-01
9.854365075474657010e-01
9.803013861282890984e-01
9.515119063294146251e-01
9.895727649858405695e-01
9.829142611295038634e-01
9.790401395454492173e-01
9.710161307050160229e-01
9.950343447264902164e-01
9.439122342495717133e-01
9.834641396128960267e-01
9.677340842981123625e-01
9.805942233315081413e-01
9.806093180034135548e-01
9.755718614668450472e-01
9.813902639439819886e-01
9.913899864299321463e-01
9.629515097199017326e-01
9.740436386526125645e-01
9.725502921420302593e-01
9.911856437497287287e-01
9.865337035339046823e-01
9.836723916751299868e-01
9.778587112970275053e-01
9.975625635427778359e-01
9.855508941914705723e-01
9.760995501192434309e-01
9.896644837822609064e-01
9.750399493728507672e-01
9.779346517745813872e-01
9.850139756565621241e-01
9.740795053797945968e-01
9.856872089330398490e-01
9.831932150534959947e-01
9.857819948003118116e-01
9.385179217347129343e-01
1.001362682201518028e+00
9.957260898610567068e-01
9.671308450419764391e-01
9.922077720784182597e-01
9.869917694223049320e-01
9.740514633323683613e-01
9.850974159155249099e-01
9.917065085742378105e-01
9.703937916724288959e-01
9.997514272083881659e-01
9.876509776313969757e-01
9.824187161844585292e-01
9.903174594487191840e-01
9.860351926924809662e-01
9.801959639974635596e-01
9.802236447325642921e-01
9.913832626757265176e-01
9.838345868496569668e-01
9.868220168858679031e-01
9.812928337945193702e-01
9.784472159461179430e-01
9.845931721524772140e-01
9.868076492006675471e-01
9.739832529004996964e-01
9.880420876123593432e-01
9.684412057729500090e-01
9.987798267899519189e-01
9.388593168248989818e-01
9.929854276088634357e-01
9.665033627713429665e-01
9.792226162735940820e-01
9.811274968306135102e-01
9.890151687532739988e-01
9.696435039823643187e-01
9.894798546927819904e-01
9.714013313648259818e-01
9.803373260694875357e-01
9.737165112627149677e-01
9.814539820144693172e-01
9.769470791427069534e-01
9.803782200546757863e-01
9.327340275182717244e-01
9.543156522082945070e-01
9.770080221944089649e-01
9.822971307004322306e-01
9.715922094326137071e-01
9.987218354126170539e-01
9.853805173107755833e-01
9.594841665243352136e-01
9.591739058375975402e-01
9.674185144862715857e-01
9.794812997496767926e-01
9.633674713137390100e-01
9.621024332161354220e-01
1.001503707673490950e+00
9.928228506106447915e-01
9.822058306774512637e-01
9.543267208701998738e-01
9.826345735681855098e-01
9.641056386481746676e-01
9.414281437496715421e-01
9.388409726723804249e-01
9.857887638528276542e-01
9.672164658191064746e-01
9.848945278027173567e-01
9.815860241317555523e-01
9.813991309547532849e-01
9.578589166610432803e-01
9.505323674565162584e-01
9.809072643456101526e-01
9.985574444494607071e-01
9.888098796274829017e-01
9.881167473643395205e-01
9.969996290294972363e-01
9.470424440574607416e-01
9.799424607428025569e-01
9.733734145954091588e-01
9.760942865781295774e-01
9.903300923997317984e-01
9.835024634181815939e-01
9.655417499859281216e-01
9.866898414378518778e-01
9.901514450767582298e-01
9.630178214401672321e-01
9.904423114518219329e-01
1.005620902550026452e+00
9.849269829206925841e-01
9.810233251318556391e-01
9.817968729682867712e-01
9.876510853930792200e-01
1.002593214283588718e+00
9.929780576029403338e-01
9.757991902777677362e-01
1.008687979143521929e+00
9.901933698063953848e-01
9.722164872832258498e-01
9.839062900745698670e-01
9.967859461756803929e-01
9.698257071340090629e-01
9.810601642532615907e-01
9.915908485780918769e-01
9.805381350489530412e-01
9.735817680805380903e-01
9.912641587231582063e-01
9.877436979310861842e-01
9.867059309499959241e-01
9.362861610883903563e-01
9.849846243964017756e-01
9.895453523718186206e-01
9.881658782796792773e-01
9.881042104010457905e-01
9.848983578153454044e-01
9.768413712022651074e-01
9.804604759796941016e-01
9.740868112095512066e-01
9.935067255848487600e-01
9.869609503813887574e-01
9.761285553863093822e-01
9.447736285427732472e-01
9.892781054789394624e-01
9.945370086686654565e-01
9.866527917841487749e-01
9.739758445560504629e-01
9.718226647386896122e-01
9.844805244976633229e-01
9.939431101528876100e-01
9.918299035659858820e-01
9.678293900343424294e-01
9.958866185547525784e-01
9.797428574915086896e-01
9.855559175210308887e-01
9.903819014487592609e-01
9.920138431992431283e-01
9.872245006123329114e-01
9.851470900376116946e-01
9.949702758750235132e-01
9.818399106019803924e-01
9.498871159330902758e-01
9.873871645125112950e-01
9.729710331978908000e-01
9.878370907711685467e-01
9.843098373302242576e-01
9.797499913450876674e-01
9.798557151061172421e-01
9.768369925465325565e-01
9.846699121621246276e-01
9.767897184748541850e-01
9.804959693477082183e-01
9.854728282682124751e-01
9.997359570748952651e-01
9.909897410737987800e-01
9.982065398950553670e-01
9.691180902128403440e-01
9.794574116925095497e-01
9.653695764825991343e-01
9.860925741694659408e-01
9.880907461052009788e-01
9.783558152019581344e-01
9.863714622727147718e-01
9.704978983618772759e-01
9.954901325193450390e-01
9.973167559935891546e-01
9.734484037893661457e-01
9.897455028978967562e-01
9.551606980991752538e-01
9.634263714086338526e-01
9.986884277079837169e-01
9.767627591360601436e-01
9.848735110192491371e-01
9.849363412306447740e-01
9.546867223953248160e-01
9.869026437311912980e-01
9.853420965169744639e-01
9.802491900231656841e-01
9.671245145039982782e-01
9.814102692807334938e-01
9.932046523082491696e-01
9.920139685290797482e-01
9.675866476179675324e-01
9.756960641398951806e-01
9.776388276038945335e-01
9.732253220350693956e-01
9.983540323781749937e-01
9.687716357454724259e-01
9.891336306795486255e-01
9.845789905777933004e-01
9.742275109952024392e-01
9.850568730348823188e-01
9.845383341080492512e-01
9.829594173713223082e-01
9.538809214190147046e-01
9.896544759068789388e-01
9.882165155980203730e-01
9.965095327476578557e-01
9.716087996019855400e-01
9.890740844806429344e-01
9.652157548497669604e-01
9.806750171166808139e-01
9.975301169470568441e-01
9.316218811237205744e-01
9.508760740765607178e-01
9.936557070142862935e-01
9.642720814986889266e-01
9.831646626573213865e-01
9.812834332691645622e-01
9.830746508426907448e-01
9.793358528325631918e-01
9.908327008145996206e-01
9.637779036796703114e-01
9.823904384857046201e-01
9.753592913694592026e-01
9.446509813056682692e-01
9.687147067304119341e-01
9.860708546953306231e-01
9.820461071638488804e-01
9.520259651468402362e-01
9.866514730379688514e-01
9.740071419735681912e-01
9.715986775074277881e-01
9.732986281000064466e-01
9.816229779315983617e-01
9.906482530928895081e-01
9.674776015581125765e-01
9.832133970232771469e-01
9.874867351626885892e-01
9.832418362840729120e-01
9.844793205879280862e-01
9.847066481116163450e-01
9.893857732317307141e-01
9.837320107820328730e-01
9.789588808533955522e-01
9.870591467518993190e-01
9.742619572566136865e-01
9.797807401269580385e-01
9.648442954272028471e-01
9.778645030130239668e-01
9.890191935126430023e-01
9.671719484277851997e-01
9.838331973628393623e-01
9.356264971737193736e-01
9.829600621478180589e-01
9.931613987678984401e-01
1.000842027508645149e+00
9.658260323955762949e-01
9.821717042010364995e-01
9.865364974296916278e-01
9.807717820624354266e-01
9.626371488916659613e-01
9.896610052169462213e-01
9.564489965628176771e-01
9.735612772929570502e-01
9.837540504256129248e-01
9.540037508707702729e-01
9.810900294375939357e-01
9.881557085803907015e-01
9.885355435870240015e-01
9.883517003394179934e-01
9.654270024292622709e-01
9.820858697216631183e-01
9.821587811076574193e-01
9.733508084725784881e-01
9.935979484056578492e-01
9.964687616509445567e-01
9.687380984237702330e-01
9.628912642297022817e-01
9.474257830944446956e-01
9.673721655303659794e-01
9.689151644329665469e-01
9.656095602032768177e-01
9.830763154444159824e-01
9.726700943111170616e-01
9.926580731739960139e-01
9.883835962112511586e-01
9.802640471936865385e-01
9.921084705751971322e-01
9.827590605541525193e-01
9.661489580622352191e-01
9.826292915824446084e-01
9.619862496161301069e-01
9.943090107123372379e-01
9.795233104692714354e-01
9.671900602393411761e-01
9.847892439017129629e-01
9.950382264932015053e-01
9.753224309832625449e-01
9.769366157684629126e-01
9.737453833240827805e-01
9.547558072240629468e-01
9.780208408382277119e-01
9.747904456746419033e-01
9.394935986609997958e-01
9.812005259151745928e-01
9.998228027074050894e-01
9.957066509518253117e-01
9.803100425889620384e-01
1.001569772517193257e+00
9.878429224741295256e-01
9.705829781735085815e-01
9.833571254446583643e-01
9.663173057681930800e-01
9.819309994697111854e-01
9.991008390917989201e-01
9.910004378862206087e-01
9.914249325089824483e-01
9.797783293589041875e-01
9.365410503530812170e-01
9.842843522383382115e-01
9.479266887233535055e-01
9.564050339751699603e-01
9.880806968145964264e-01
9.678907369154686746e-01
9.726094209825943970e-01
9.871772787989827602e-01
9.536145402829357964e-01
9.924191452061560392e-01
9.844989678000589661e-01
9.895480327469696746e-01
9.843708052282841292e-01
9.813524356335435739e-01
9.854231152049092168e-01
9.995620298842148310e-01
9.495416364351083605e-01
9.919710344491045051e-01
9.896961069964750335e-01
9.777843418280599552e-01
9.833634560589711304e-01
9.910502232928577460e-01
9.413425856962908123e-01
9.666819212517396842e-01
9.846702157803495226e-01
9.601024920692378117e-01
9.883585517882435001e-01
9.803990771887541866e-01
9.823700310145778714e-01
9.753695108568504191e-01
9.842070080608729121e-01
9.868090079123478242e-01
9.786718412805254230e-01
9.927129897805162528e-01
9.847203216492884659e-01
9.749977633928138543e-01
9.420363873584342018e-01
9.855293642598068615e-01
9.896615005303017742e-01
9.725679140726607441e-01
9.871029937531794474e-01
9.389461126065683505e-01
9.978399695854124340e-01
9.896311603520229205e-01
9.876683466899632835e-01
9.736497711137628297e-01
9.841498385618634437e-01
9.555832018922705284e-01
9.870055602927638727e-01
9.940957374224091980e-01
9.782419664993037278e-01
9.689631032209135020e-01
9.884396368077927875e-01
9.593901258974039115e-01
9.722380414281227567e-01
9.951161411183158112e-01
9.847230482958507780e-01
9.893849201641023994e-01
9.418189525213960245e-01
9.862384614344349432e-01
9.858754528390167859e-01
9.606416479605345282e-01
9.883124440393031840e-01
9.723530330958345402e-01
9.931029530371239256e-01
9.760293505083526000e-01
9.702837223936577882e-01
9.369037369748549615e-01
9.687229560950578744e-01
9.745447740019805849e-01
9.843385913542974652e-01
9.950505001239687841e-01
9.562753430313601921e-01
9.537882062364952951e-01
9.764079047575123793e-01
9.655402111080370053e-01
9.653169616787802276e-01
9.669349599535587148e-01
9.827830984228994593e-01
9.781259927630732154e-01
9.802556685503881484e-01
9.736407522429799677e-01
9.840300336610170451e-01
9.818285927550327585e-01
9.804852422041494542e-01
9.773682748718729441e-01
9.820506476303483279e-01
9.871452963333864350e-01
9.844941847191327478e-01
9.591878149535036924e-01
9.852171300324422676e-01
9.807867115933479596e-01
9.873422139069534254e-01
9.929227864514790225e-01
9.898258620080461201e-01
9.586681513596024828e-01
9.804960295903348833e-01
9.881590122488327355e-01
9.822574523602831675e-01
9.763993422692733848e-01
9.886993753185147060e-01
9.663604092825764935e-01
9.956024135735392910e-01
9.730398862763436352e-01
9.829896709247762931e-01
9.798622767620805973e-01
9.896828172886434904e-01
9.700708117293577182e-01
9.601999989155324267e-01
9.714845163099307124e-01
9.638083066677357591e-01
9.817505864865515575e-01
9.878919467614771799e-01
9.641185462643742099e-01
9.691098244435255582e-01
1.005873501408613535e+00
9.637454153238507182e-01
9.735514076571253339e-01
9.800922932670664833e-01
9.897629777910030846e-01
9.813220077436699551e-01
9.847374850425171244e-01
9.574505245522209052e-01
9.646945839328315841e-01
9.586766271460152034e-01
9.741254292444233576e-01
1.001005801866122313e+00
9.799631832076884930e-01
9.901756320505147313e-01
9.718766136414834778e-01
9.895515771033562835e-01
9.690892187815233205e-01
9.724028388196732653e-01
9.823194737694531664e-01
9.867687540610036168e-01
9.863953507348366401e-01
9.779918031320378180e-01
9.988292063894395056e-01
9.503345755327119448e-01
9.825566387474481411e-01
9.846469577231438119e-01
9.897400912090027481e-01
9.460413446505199220e-01
9.797554955399626619e-01
9.872936510478884653e-01
9.744060693346341395e-01
9.821084071208526778e-01
9.975936950753150345e-01
9.910455578825668743e-01
9.784548615680548345e-01
9.953274145273103279e-01
9.851952543439282950e-01
9.733389710058356625e-01
9.780340058515378798e-01
9.750455046498567313e-01
9.598689856241405804e-01
9.838260451026898945e-01
9.844220852165560531e-01
9.594381527492238382e-01
9.902311305010331743e-01
9.682304852075583890e-01
9.750975288033760791e-01
9.700016697713141900e-01
9.814813776641249099e-01
1.004633337458791686e+00
9.850336486749466935e-01
9.755131731558307484e-01
9.874596367630937843e-01
9.729801094548553575e-01
9.921374461987171323e-01
9.848237366523988623e-01
9.871730567849995586e-01
9.858178383332717454e-01
9.909936526985223537e-01
9.531965024337332171e-01
9.904712985264183533e-01
9.736972802539068939e-01
1.001356659501462687e+00
9.847508743182113999e-01
9.828453578889104758e-01
9.956395889897154960e-01
9.807831229291409381e-01
9.661199760881771237e-01
9.796444477695726016e-01
9.888420128269517217e-01
9.890773982156532140e-01
9.911789317886461337e-01
9.841843499550639862e-01
9.876481518792129544e-01
9.800835516266598324e-01
9.942993627121081701e-01
1.000150764277915272e+00
9.834826424389729871e-01
9.819486052517637509e-01
9.740796333742238744e-01
9.758521989670206898e-01
9.904998038872691035e-01
9.788473974345975881e-01
9.674976028144937068e-01
9.864622049210084453e-01
9.865050837422130181e-01
9.775693250474124518e-01
9.894164564008826046e-01
9.925810186219397036e-01
9.488355640404190217e-01
9.793901439811211196e-01
1.002309642337149143e+00
9.801318315622244981e-01
9.995165482596257700e-01
9.970470994456113178e-01
9.759902389270430634e-01
9.886845128447286912e-01
9.700395794165951324e-01
9.959125802074495493e-01
9.794657412925309448e-01
9.841464167729676582e-01
9.855742929499879956e-01
9.814862467714540184e-01
9.826825510511429940e-01
9.781847927727710390e-01
9.787814924567926900e-01
9.818759897575377593e-01
9.774133979070386280e-01
9.861744153012647063e-01
9.908812154352619750e-01
9.607715556271019253e-01
9.907008389321043662e-01
9.697787444144710944e-01
9.498891575134368326e-01
9.744032544721784594e-01
9.902083160929985306e-01
9.924048808557522916e-01
9.907283968398092888e-01
9.533326128176790037e-01
9.855845411228928432e-01
9.715269749150845513e-01
9.854974584360614021e-01
9.696775500274475990e-01
9.822163620164997555e-01
9.941073258822137326e-01
9.977287224817465994e-01
9.659238434834465092e-01
9.845624854916859015e-01
9.878641670819783283e-01
9.927242917940074518e-01
9.520784946180035346e-01
9.952887945542878700e-01
9.893811162922491187e-01
9.912935691639011004e-01
9.823649817857712518e-01
9.770002910306277988e-01
9.909365372800278404e-01
9.674379990655918027e-01
9.727719222725730308e-01
9.795689341117900240e-01
9.531273852002488667e-01
9.820058460340870266e-01
9.830447070286586486e-01
9.684153979829563941e-01
9.615499189706664396e-01
9.775214727573966478e-01
9.852955495176917156e-01
9.807955953382422321e-01
9.894980791842928891e-01
9.819559582949767274e-01
9.681308904678656013e-01
9.835652593728874127e-01
9.719929230099553230e-01
9.606974665604500752e-01
9.745780220295494622e-01
9.681364758429410466e-01
9.753365909740012718e-01
9.739211883328721120e-01
9.835862319437044254e-01
9.867796258193485270e-01
9.517813944331066089e-01
9.481984665715659233e-01
9.888550879893861500e-01
9.934721996045379200e-01
9.827805649502517893e-01
9.854672047858882289e-01
9.776984982879891595e-01
9.808803573215245653e-01
9.717425773817559564e-01
9.429390284638466957e-01
9.712741089090516367e-01
9.486142276755779035e-01
9.911406815780052781e-01
9.857239046696802953e-01
9.579585431781532101e-01
9.583661513784210717e-01
9.900365707881181310e-01
9.800406374237695672e-01
9.606259079573170601e-01
9.641293029019051275e-01
9.868705680001642611e-01
9.909621627678356637e-01
9.742261935063191158e-01
9.883219033593124703e-01
9.665482631889456000e-01
9.528425893801977242e-01
9.869608247324755945e-01
1.003889583660286133e+00
9.748230374914471641e-01
9.620296194293136427e-01
9.897702332990275798e-01
9.789398654584882120e-01
9.656842383230928029e-01
9.886494066754306642e-01
9.830257554470309689e-01
9.746334999865661208e-01
9.856769325774021873e-01
9.768024214077168921e-01
9.964118969702128181e-01
9.867249394241597305e-01
9.919987148633091500e-01
9.764200298002040368e-01
9.853915568982126727e-01
9.917185171878352135e-01
9.413643340666714154e-01
9.812263281784115998e-01
9.924482061610947481e-01
9.790111345776942864e-01
9.871826150389237942e-01
9.834493433030715437e-01
9.640346794965030108e-01
9.484231927446228338e-01
9.797732048353519074e-01
9.906757926794064195e-01
9.784495529240395673e-01
9.506276912009301583e-01
9.850661664651547689e-01
9.667688622703285439e-01
9.924487329548380421e-01
9.817833233038809615e-01
9.649143755291214042e-01
9.690429397358434338e-01
1.000103853758025796e+00
9.925111459164115413e-01
9.809737873429520416e-01
9.828043503080805543e-01
9.835989012588658431e-01
9.853581935246492618e-01
9.872533536129749487e-01
9.778796243326554061e-01
9.735067632717473440e-01
9.891696835404879540e-01
9.965464306536059302e-01
9.538717985227527230e-01
9.692464759353452974e-01
9.816773081980104676e-01
9.911616678633403676e-01
9.889532933995478503e-01
9.694243494417215112e-01
9.919760505083367041e-01
9.693561328966306956e-01
9.912029139450565518e-01
9.890146462295381635e-01
9.890223119331031931e-01
9.665926949464686002e-01
1.001780315655089737e+00
9.912313945939086324e-01
9.973767697205923044e-01
9.823611079909825294e-01
9.732298905538071532e-01
9.888774631362119427e-01
9.812816899920515645e-01
9.716886264985076238e-01
9.726621558829857683e-01
9.768548367582433611e-01
9.640146443867678716e-01
9.848755603561076821e-01
9.694921036898258571e-01
9.939329585720374505e-01
9.822427653574525852e-01
9.785925545075564447e-01
9.758366758548450148e-01
9.875434004438331526e-01
9.836470350168703414e-01
9.868378337151102464e-01
9.794449637480088233e-01
9.740742428178070789e-01
9.851877508912126880e-01
9.840273379426611733e-01
9.763117432913083205e-01
9.783521199585604178e-01
9.918430373062364636e-01
9.875385874290908417e-01
9.769305280689021265e-01
9.775158408982255187e-01
9.618395857292483253e-01
9.772257994842605822e-01
1.002279362986819411e+00
9.928095653212350991e-01
9.910955120242488370e-01
9.464630888016464239e-01
9.770613829278027573e-01
9.476429229607096216e-01
9.710207559353213336e-01
9.868501626119230430e-01
9.942340110143830234e-01
9.867911300779673711e-01
9.904455967049798915e-01
9.655495662632106457e-01
9.783642451067375845e-01
9.725423318770450853e-01
9.741922578480334272e-01
9.325091310994755300e-01
9.563912884920515722e-01
9.873684328471142857e-01
9.912042396468607741e-01
9.851105650979071759e-01
9.892875038669348697e-01
9.765296001508644297e-01
9.852822221994876895e-01
9.793173348299438752e-01
9.776030412343619247e-01
9.855758639216734007e-01
9.854731956692470707e-01
9.624176861926351245e-01
9.598351076545297289e-01
9.888177696117340654e-01
9.835091725070420621e-01
9.730193669599781492e-01
9.758145285191678342e-01
9.856445027634290756e-01
9.908676859267918635e-01
9.819482509633042921e-01
9.740883141808931445e-01
9.520981778125044981e-01
9.725740019895076083e-01
9.712708452216921584e-01
9.675053567522027276e-01
9.490377108417319407e-01
9.969732232837633656e-01
9.486684143234801470e-01
9.849317575333914609e-01
9.697504142261517135e-01
9.889638153472726234e-01
9.607105840486667159e-01
9.806947778087833356e-01
9.837858813948533454e-01
9.728153255100148167e-01
9.928977514910802826e-01
9.747464048049782059e-01
9.886064495694303345e-01
9.789727374409212812e-01
9.778522282673133281e-01
9.877169398498359953e-01
9.819891347541428450e-01
9.896426484868741102e-01
9.453872871791059174e-01
9.760119589213663849e-01
9.948419945580513346e-01
9.712044520284853766e-01
9.824832034079814536e-01
9.883012823542084435e-01
9.366322005274012596e-01
9.669030443425471466e-01
9.770926674922550959e-01
9.914164718877866989e-01
9.865053604545622745e-01
9.846829619849870596e-01
9.878467334113125720e-01
9.896765821988641187e-01
9.702451460206491518e-01
9.750495448212476157e-01
9.976585905072087312e-01
9.850905012331544475e-01
9.853669698986761150e-01
9.500350394843454227e-01
9.917890316833085640e-01
9.762023954521900082e-01
9.883894457860713523e-01
9.846738813166122650e-01
9.909689210409421412e-01
9.470209871540246072e-01
9.819227036326468872e-01
9.764411917282809217e-01
9.486013545048318507e-01
9.768936287877781899e-01
9.833213161940601577e-01
9.846752830933555023e-01
9.777102408618227880e-01
9.894283155771668170e-01
9.875735043434532567e-01
9.599695827569402207e-01
9.710696631203338258e-01
9.798318867046519332e-01
9.518354347333909393e-01
9.895728642720983403e-01
9.249685044430292491e-01
9.967410969176166979e-01
9.834074415159081983e-01
9.737092841170330582e-01
9.892260391963764166e-01
9.909087000896003028e-01
9.724885941270239309e-01
9.861037634791398609e-01
9.858950948660516467e-01
9.434124928655482911e-01
9.894045795394247333e-01
9.783392833880357742e-01
9.673181133775214935e-01
9.631505955882555536e-01
9.529008068274213983e-01
9.870082655322814924e-01
9.882689449444439500e-01
9.693549730461867853e-01
9.650078467364783252e-01
9.784590870350582392e-01
9.836457735308721251e-01
9.787383064503705210e-01
9.659876621860782331e-01
9.814069047733170459e-01
9.743238735826589281e-01
9.492089139890255156e-01
9.803178429546191008e-01
9.770334351122466066e-01
9.805758867624311259e-01
9.867395675121848342e-01
9.883119933032208371e-01
1.007640058999033750e+00
9.843914880245209220e-01
9.681331165747127931e-01
9.679638422690258759e-01
9.471596473802736948e-01
9.896763943191071444e-01
9.786566599682980927e-01
9.847354656195490552e-01
9.847547540188801296e-01
9.912445547733864659e-01
9.526554887914133740e-01
9.855945804235931584e-01
9.833876355762450894e-01
9.962362187135676006e-01
9.887023399528254153e-01
9.736978232284568824e-01
9.867206322251848016e-01
9.788585572594891149e-01
9.713569359157331329e-01
9.778340393903736105e-01
9.576785300906752729e-01
9.860749481355455259e-01
9.843197910465776301e-01
9.521290013358695292e-01
9.932499046824793121e-01
9.714241355584853910e-01
9.899174798923581209e-01
9.926205567081780590e-01
9.835795664107083169e-01
9.411971814398745195e-01
9.837003421174552731e-01
9.891682584644555520e-01
9.626552279175997207e-01
9.984657349567316320e-01
9.921888216955245809e-01
9.787143819623319585e-01
9.847145546380420278e-01
9.786274916756895204e-01
9.734249461565215311e-01
9.677576616353474881e-01
9.730072282970461117e-01
9.736348591679439002e-01
9.889164196584175892e-01
9.797673064671487131e-01
9.895247922751603253e-01
9.578545827843715221e-01
9.932737360149845873e-01
9.583082703407338476e-01
9.834903904589198387e-01
9.779890908339153865e-01
9.939678760152348413e-01
9.860279775454928730e-01
9.660996103801581247e-01
1.006065682768011227e+00
9.734710502390263587e-01
9.842690369173565657e-01
9.791678005081509983e-01
9.810222630105038810e-01
9.860320144519147956e-01
9.693620721104313498e-01
9.836468765705058681e-01
9.826676904896790576e-01
9.867901557582442473e-01
9.905837300798097100e-01
9.879361443465916048e-01
9.799851151589572540e-01
9.847856618420185448e-01
9.995198515740484346e-01
9.729071332220057267e-01
9.901604255446287972e-01
9.618980740175767652e-01
9.645560030938717944e-01
9.553145580639492707e-01
9.708567349196197682e-01
9.847055971077455228e-01
9.825580123445998293e-01
9.787725197400003463e-01
9.816053975124321429e-01
9.786752500093862661e-01
9.444294738313239179e-01
9.856626875387320963e-01
9.657435196943436884e-01
9.688810371184599646e-01
9.921858674632302311e-01
9.782571133335087321e-01
9.829497103877048447e-01
9.675142888712716660e-01
9.607499477639676044e-01
9.884743675028363485e-01
9.888840562998324479e-01
9.882320642851405434e-01
9.880220396368503133e-01
9.589315352788621016e-01
9.700909407407917184e-01
9.968913619655169756e-01
9.893684264096989089e-01
9.949542839021374707e-01
9.831460666980542662e-01
9.634767045445756795e-01
9.951620666038277774e-01
9.936668114457946066e-01
9.805166146731455479e-01
9.934409423012936502e-01
9.862503460929069599e-01
9.886633421868644689e-01
9.647028593457702694e-01
9.833017257811706990e-01
9.713452459566394026e-01
9.927974318891221728e-01
9.775928891663497877e-01
9.767455210889105510e-01
9.600309854638436891e-01
9.756555923401957209e-01
9.711032136867870923e-01
9.527044759157961007e-01
9.888908460022309832e-01
9.779985900486696249e-01
9.886003028420567995e-01
9.990733099572683962e-01
9.556571433706690932e-01
9.766854120289348851e-01
9.871506928261414293e-01
9.902318724838611308e-01
9.774664832314158280e-01
9.715469866953829747e-01
9.650036472211898086e-01
9.726186269562294706e-01
9.651568504312294516e-01
9.935075398290892368e-01
9.863599003015853794e-01
9.666501834716353381e-01
9.921431412049797061e-01
9.810748650573276608e-01
9.767697149741362272e-01
9.840171040483484122e-01
9.827139524209195232e-01
9.706947931216418635e-01
9.844072404501784668e-01
9.609728912873891638e-01
9.755834959053264477e-01
9.977532586663775405e-01
9.886836017737995475e-01
9.720361076680962276e-01
9.454362877583954994e-01
9.459443551594073352e-01
9.853192710575030544e-01
9.550637063242161107e-01
9.878970694284338050e-01
9.901442944694606174e-01
9.945605926214673431e-01
9.701314272553163143e-01
9.647894474349106853e-01
9.891744845879040238e-01
9.927311118769888143e-01
9.951972587791116931e-01
9.450829535946291271e-01
9.706118143565301004e-01
9.844236222023327043e-01
9.845909276104996000e-01
9.749110101056303046e-01
9.697140646472183212e-01
9.807227811606948897e-01
9.849808605265015782e-01
9.875753522100039206e-01
9.859098754741235648e-01
9.540211241909435369e-01
9.802757377728580357e-01
9.703967201546729315e-01
1.000650833529785233e+00
9.855300361148300325e-01
9.876068516836885580e-01
9.852318159960318233e-01
9.903599888705533205e-01
9.492971921297631566e-01
9.975749169231724611e-01
9.883085602051868701e-01
9.947974592119795956e-01
9.865003459514163353e-01
9.908597546547213142e-01
9.827949404082554352e-01
9.871089929973233534e-01
9.857254027753341585e-01
9.844503236622709208e-01
9.939530052312344210e-01
1.000628814328618832e+00
9.851085294370338641e-01
9.781487715171942599e-01
9.736904606729007705e-01
9.866222145922511899e-01
9.805753030736791276e-01
9.827010346820141962e-01
1.004559436548835505e+00
9.893449799575431136e-01
9.662206700590962871e-01
9.922963920397964710e-01
9.854997665011089314e-01
9.941173708881275717e-01
9.663261554355256910e-01
9.898749939669949649e-01
9.858501832415239585e-01
9.756789422506311205e-01
9.826885480389181415e-01
9.812613045592988303e-01
9.884900443915826118e-01
9.732973078849023185e-01
9.740386038442259142e-01
9.971661496070748365e-01
9.924715513636533926e-01
9.807562794330191291e-01
9.798198254290063636e-01
9.842187425998887296e-01
9.748945522723438950e-01
9.937046104658837642e-01
9.881754964839282174e-01
9.848249907166756190e-01
9.539512760167528915e-01
9.865668636280646719e-01
9.759518152123717316e-01
9.705057049835361660e-01
9.811432964534007040e-01
9.549371629190118727e-01
9.815883983820630210e-01
9.542110558040208801e-01
9.965486126631547537e-01
9.961632552015808884e-01
9.643884070781777451e-01
9.864478444642333921e-01
9.799963713306896196e-01
9.725636822689012195e-01
9.815136275680189648e-01
9.766368211106576380e-01
9.719982305690444413e-01
9.959308977847159960e-01
9.627862871906652797e-01
9.847007662940798767e-01
9.909479027988312705e-01
9.916282931980130444e-01
9.543070716052276525e-01
9.826744450720711344e-01
9.929920779261850461e-01
9.687588294520538268e-01
9.708608774433609145e-01
9.774233961161116202e-01
9.767418327182069149e-01
9.791293708247372773e-01
9.735875425530569061e-01
9.963888711141938304e-01
9.828217060666794014e-01
9.665799923805752369e-01
9.845468818521129206e-01
9.740274457761179949e-01
9.800411758592456613e-01
9.862390947237130723e-01
9.840200376109423663e-01
9.569525633814117693e-01
9.708678532391323834e-01
9.754564140899946167e-01
9.772605210114458929e-01
9.734188977476727622e-01
9.806462336345990183e-01
9.805413348533151829e-01
9.687837164008089585e-01
9.922256292964976021e-01
9.876432100379688439e-01
9.903443906112316952e-01
9.855489324222295178e-01
9.821761908677766328e-01
9.736223697557593315e-01
9.791942188536759684e-01
9.757221663370128084e-01
9.533185579846815694e-01
9.892332979943615490e-01
9.773869013181187837e-01
9.858707551264968005e-01
9.842297867979614701e-01
9.524834843514154992e-01
9.481194505014620688e-01
9.813171773788084140e-01
9.933178806588367493e-01
9.931096560662882045e-01
9.820529194710853060e-01
9.677429730238712446e-01
9.923879542059157455e-01
9.964687923485081589e-01
9.841821118481623998e-01
9.836332469945578971e-01
9.741149985978840853e-01
9.676104852488437436e-01
9.704525059692385991e-01
9.877894200063565000e-01
9.680200713698680071e-01
9.799968544476440613e-01
9.651340640275783977e-01
9.717568673327142692e-01
9.866054716524882418e-01
9.892399249974692665e-01
9.803190360552981319e-01
9.830367106784939635e-01
9.727611985844163422e-01
9.802043931962269863e-01
9.923599992195083486e-01
9.865898341627918899e-01
9.614114112915506105e-01
9.628715549079509550e-01
9.647383327574992062e-01
9.715407350103736350e-01
9.429531872619875132e-01
9.654179995710556739e-01
9.639193200825727503e-01
1.004463920527225440e+00
9.843550068882469528e-01
9.734214793623483519e-01
9.784044525889027399e-01
9.551915469975580386e-01
9.871561870193158450e-01
9.737257698401712291e-01
9.865377163177170283e-01
9.910567103955831847e-01
9.819207781945352709e-01
9.893170358952452226e-01
9.814057806989932020e-01
9.873395017003658847e-01
9.876754486811841760e-01
9.676134791628278053e-01
9.793537153516305160e-01
9.938873536418580956e-01
9.840790946610289414e-01
9.448396736252870909e-01
9.845479407978241504e-01
9.896521302372222051e-01
9.779206918362643997e-01
9.826505365277159454e-01
9.834617324553355244e-01
9.691776966909491087e-01
9.962986977470452699e-01
9.891859796636898183e-01
9.612390000105993648e-01
9.824098218626614587e-01
9.944860846979981517e-01
9.744694399076627711e-01
9.928449900453049093e-01
9.948766522602882079e-01
9.956286594869345752e-01
9.932185650275500155e-01
1.002506883842198881e+00
9.925793997133746105e-01
9.780542381765777726e-01
9.834794820851282537e-01
9.851161071529793700e-01
9.691172236033592791e-01
9.732060350948681382e-01
9.645657493718293729e-01
9.859786008480678765e-01
9.614845138990724127e-01
9.719601800596399110e-01
9.855149322269395329e-01
9.908283152013862560e-01
9.893771275969360790e-01
9.799806478493969797e-01
9.918818324066847048e-01
9.516032682625540362e-01
9.696226498496559598e-01
9.465368240046381221e-01
9.931846906918314621e-01
9.641526389688673815e-01
9.871793821212225817e-01
9.644796759298953637e-01
9.716750212041983525e-01
9.821537382946904371e-01
9.917338423211627951e-01
9.864366095605638929e-01
9.826145566736405046e-01
9.899754758162944146e-01
9.811663056776656067e-01
9.870202481481239465e-01
9.822064771240947012e-01
9.913763512898584596e-01
9.761195732315506302e-01
1.002509040616826219e+00
9.743129026780700253e-01
9.609852473755531310e-01
9.825088254411959987e-01
9.768749169077444172e-01
9.801213107778092848e-01
9.802183936458636060e-01
9.907134114339740671e-01
9.525952240390123116e-01
9.756146016541032973e-01
9.885861085495670775e-01
9.978165091543177434e-01
9.881702131745466744e-01
9.623722936957064267e-01
9.927588497066553996e-01
9.590880725302052268e-01
9.932586266732691405e-01
9.813160909565900036e-01
9.838426055007318816e-01
9.736399889927693785e-01
9.961177549212296700e-01
9.626674876095429045e-01
9.872105898765953791e-01
9.915392356503124338e-01
9.904997808305785467e-01
9.788036658338399310e-01
9.668023397973124489e-01
9.836261042023319856e-01
1.002502039943762968e+00
9.791362910063478031e-01
9.886814426841661341e-01
9.785065884092591926e-01
9.452740827815877545e-01
9.845512161416466457e-01
9.908049082192029733e-01
9.926440723297654811e-01
9.505137433418734405e-01
9.834302922565469895e-01
9.818816307545671362e-01
9.803402472537493528e-01
1.000128006031927308e+00
9.554014576810464510e-01
9.910609238587668735e-01
9.809403922931235753e-01
9.835008589915071875e-01
9.900985892733674687e-01
9.935006783207562808e-01
9.831641603197740498e-01
9.898906859300744543e-01
9.782859056586616919e-01
9.693252430325685065e-01
9.700100113481252562e-01
9.466911696822676303e-01
9.847656612148997235e-01
9.440363196138715773e-01
9.797669212337218880e-01
9.641345079732747125e-01
9.873048298397030242e-01
9.894264164219623847e-01
9.881689267089386330e-01
9.663084738280821595e-01
9.873691578599699259e-01
9.840935816839995187e-01
9.746982668410334449e-01
9.783880389129918642e-01
9.840983347557055172e-01
9.777637667819104594e-01
9.643075127462277241e-01
9.794788719602728344e-01
9.770830723955056252e-01
9.876727951760713164e-01
9.619583662769511934e-01
9.850144643023798219e-01
9.940175305807117390e-01
9.784423555899812719e-01
9.850242066498872129e-01
9.925469585888100355e-01
9.768588584593694835e-01
9.925606216917367552e-01
9.828484314131816779e-01
9.643180997988557435e-01
9.548596669429754158e-01
1.001523480840868174e+00
9.985501189349131890e-01
9.887243588729196508e-01
9.893943273206367017e-01
9.611704250923442938e-01
9.724291793517098048e-01
9.672210754997201398e-01
9.878816572298786403e-01
9.823501089392572272e-01
9.860505217097925712e-01
9.865651472546050904e-01
9.878453500945693078e-01
9.826558715455044890e-01
9.764072993420260804e-01
9.872220130318279940e-01
1.002362294867863879e+00
9.924946986097807899e-01
9.912489137317311849e-01
9.782807067268314283e-01
9.688452112466675592e-01
9.894572314646500333e-01
9.656146391760612735e-01
9.903744081393601739e-01
9.828414861804655178e-01
9.879907288361819973e-01
9.907130902666289041e-01
9.861671133858139759e-01
9.755278229860614436e-01
9.782429800881951021e-01
9.848301148773824787e-01
9.685448074394251705e-01
9.636443881609260131e-01
9.901824596557332603e-01
9.687005916005566597e-01
9.759668182804749348e-01
9.710561912357756897e-01
9.904337196655168540e-01
9.878309662107751521e-01
9.783318823225578553e-01
9.809021674086224607e-01
9.723066805009633606e-01
9.771907731077773551e-01
9.746450915744744314e-01
9.932215845847052194e-01
9.594627671954256698e-01
9.970117736109060935e-01
9.910519849942626136e-01
9.782425614393599478e-01
9.720950578258751307e-01
9.704878310753138893e-01
9.627180703384947691e-01
9.882799546126121992e-01
9.872373414988911966e-01
9.784973367893152751e-01
9.766585298163764639e-01
9.876280285416242366e-01
9.884829440554681046e-01
9.908199294329605999e-01
9.911743182554855203e-01
9.900343646699495403e-01
9.940414110213812160e-01
9.697403763629418583e-01
9.852425918302063490e-01
9.866079218804590933e-01
9.879279553947405423e-01
9.948443881552020418e-01
9.882684546759141764e-01
9.877139353337271999e-01
9.535535665722576493e-01
9.643618957760262678e-01
9.830523673948917684e-01
9.757541368824581562e-01
9.748360202874739588e-01
9.289123875767464344e-01
9.907393452935088218e-01
9.680820156116655140e-01
9.906144698769934198e-01
9.934825461586243023e-01
9.821151596771379166e-01
9.753302020855574295e-01
9.897179602183003855e-01
9.808778475697742527e-01
9.875582385601417990e-01
9.908324905475249800e-01
9.514899185744315480e-01
9.834883179235522910e-01
9.757254845191802861e-01
9.947070595101288326e-01
9.870179827201042144e-01
1.002483076612020074e+00
9.683049341515957975e-01
9.799774591899848009e-01
9.758039363136581379e-01
9.813478521131838717e-01
9.297506591667151765e-01
9.557780053108272389e-01
9.843046894272405867e-01
9.854151245178737195e-01
9.868424351719919940e-01
9.872671143632409940e-01
9.859255374003499384e-01
9.672223218817822543e-01
9.626249353951041865e-01
9.760117970938504417e-01
9.810899178060497050e-01
9.812674169488563303e-01
9.836195657775717027e-01
9.729413029928283274e-01
9.827730441300156494e-01
9.802253712831576760e-01
9.591909082224601146e-01
9.666294737400862314e-01
9.537184386312081985e-01
9.778219279618228787e-01
9.351109734806536400e-01
9.742835043614598289e-01
9.840764307457227078e-01
9.882867931856850197e-01
9.671632133210231741e-01
9.876500378102194277e-01
9.850783582239039937e-01
9.795185621897981587e-01
9.796107723083303798e-01
9.881339120312632174e-01
9.621932780551454290e-01
9.598481684879460740e-01
9.920234727344816594e-01
9.917327992481765886e-01
9.776478688767518133e-01
9.760451030549686102e-01
9.877830393087707606e-01
9.827327110871791893e-01
9.751626663548298435e-01
9.867489815719642232e-01
9.706873267275712980e-01
9.798161424490616778e-01
9.898276889834957126e-01
9.481925172563577808e-01
9.990607543825911208e-01
9.718400896099427255e-01
9.444682626415630278e-01
9.752170472391640255e-01
9.816370717707149085e-01
9.685134307480561811e-01
9.881128093872102447e-01
9.669216463587361199e-01
9.787118443776134935e-01
9.928688824229785492e-01
9.703932123320669900e-01
9.654257759262594440e-01
9.809084703889094925e-01
9.832006060471680797e-01
9.921888678084685997e-01
9.904822100451433631e-01
9.875304396351353153e-01
9.729405480150249419e-01
9.952437886377611953e-01
9.871402997929320522e-01
9.795838249414349219e-01
9.610824919291701685e-01
9.733555565216303052e-01
9.912947324919997305e-01
9.554223828146181097e-01
9.762915886273909605e-01
9.831291518806986041e-01
9.833601798075641831e-01
9.869368481643909785e-01
9.710406530691401139e-01
9.877255185670433812e-01
9.713310988836975080e-01
9.793523469091310885e-01
9.833441783895769950e-01
9.650077422813038153e-01
9.891761152428408810e-01
9.812250791479691925e-01
9.698002630876529917e-01
1.000010748162375451e+00
9.968346661962111943e-01
9.823269983695678276e-01
9.490099508321554467e-01
9.794678741318298965e-01
9.858542594617597521e-01
9.949022451107685239e-01
9.942931607707757857e-01
9.920436446044207379e-01
9.806072118951885130e-01
9.913941370380019436e-01
9.698085186410420055e-01
9.867628454166622598e-01
9.795088455933956828e-01
9.954822840635977332e-01
9.582133920544272376e-01
9.890061995842737153e-01
9.870819701156694492e-01
9.772855431899593048e-01
9.769286471849116804e-01
9.876764471909084131e-01
9.920231416572248273e-01
9.838965640740109375e-01
9.874974007832930667e-01
9.743753188839182622e-01
9.776350498962484981e-01
9.876695348055182233e-01
9.740794918547285297e-01
9.831403303714298936e-01
9.757649727259249950e-01
9.813995084648204914e-01
9.341971716893925359e-01
9.875957632424663402e-01
9.853261946894026346e-01
9.697446276658036046e-01
9.846939022911975758e-01
9.885303372291850410e-01
9.692256339927743936e-01
9.744424527186672513e-01
9.852698051762868170e-01
9.933968757572915198e-01
9.796750190523330071e-01
9.912667834830295455e-01
9.783123738949853765e-01
9.783664397946303382e-01
9.951143552516026336e-01
9.389940120272317614e-01
9.875868676063089824e-01
9.676974278210916935e-01
9.924461438894370824e-01
9.919780406955105434e-01
9.831718786228851314e-01
9.851899225908357094e-01
9.727659209021011222e-01
9.742039314090753521e-01
9.789760170429676611e-01
9.886537243049435819e-01
9.851783469965442741e-01
9.667494213051140983e-01
9.792470242620061605e-01
9.539415717035334419e-01
9.808598508744662547e-01
9.957337086728429432e-01
9.789258139058923947e-01
9.955699424313005919e-01
9.798104289913077691e-01
9.871247885742669981e-01
9.817744828616420394e-01
9.661607453172968984e-01
9.856016692315958672e-01
9.823916726682601075e-01
9.679709352035115177e-01
1.000108811687712151e+00
9.850655657936062681e-01
9.855537278249030253e-01
9.753153594096579670e-01
9.905800755613556330e-01
9.786259737133440328e-01
9.846135905735736715e-01
9.696541989238176562e-01
9.591488052228204220e-01
9.883932001355816288e-01
9.730496467794771398e-01
9.751926621152759989e-01
9.615697887599399252e-01
9.759633672639044244e-01
9.778049614554961133e-01
1.006381016822462504e+00
9.797057924358212322e-01
9.856057625775238584e-01
9.867070981162773258e-01
9.897050190997053187e-01
9.639782768824565196e-01
9.590156288526497930e-01
9.486131334542593496e-01
9.908984322197076366e-01
9.745481857745722509e-01
9.793008221692237614e-01
9.669379890308918979e-01
9.539239204798287686e-01
9.858707329052712742e-01
9.745516386837321798e-01
9.815782743035703639e-01
9.623286862531711394e-01
9.835714047658374870e-01
9.968169873940728731e-01
9.863190292780659174e-01
9.774081587985982145e-01
9.673213800947009222e-01
9.910702907965203146e-01
9.807651914858717124e-01
9.735367595512092187e-01
9.767048617969058544e-01
9.793785138252442124e-01
9.865067551634733034e-01
9.732213379888956517e-01
9.553729173828526822e-01
9.916066684279988275e-01
9.783984106903721445e-01
9.872169430859193406e-01
9.453365262295670979e-01
9.829968614398930660e-01
9.739250810166071304e-01
9.861204120779600846e-01
9.911785041817834374e-01
9.894993035082186861e-01
9.868075236327213950e-01
9.847928616981583838e-01
9.726154691817133768e-01
9.533514530343438764e-01
9.940648592784806503e-01
9.743036001159353088e-01
9.903885805680539001e-01
9.870952747159914553e-01
9.822591418130075525e-01
9.710944905311957864e-01
9.799755425123083397e-01
9.911932601702442280e-01
9.745632222970983527e-01
9.645056343995416226e-01
9.828262971788821467e-01
9.810536578283870490e-01
9.896895650055802518e-01
9.812488396735979945e-01
9.775755431320269917e-01
9.650469487702855176e-01
9.699144539453921077e-01
9.801581318688951105e-01
9.716591890312180624e-01
9.744622592149946305e-01
9.799556174334976832e-01
9.902751670765991276e-01
9.348426417844928338e-01
9.702047295025494345e-01
9.806598030562663215e-01
1.012529915191388907e+00
9.906131132200756140e-01
9.662896754194817417e-01
9.700328028374860523e-01
9.757114628257425037e-01
9.813427150569553614e-01
9.869005839703473004e-01
9.727017318097836984e-01
9.468108598283956345e-01
9.918965884203675420e-01
9.844920469794921081e-01
9.892355417775098303e-01
9.661900817599711200e-01
9.829187684210681786e-01
9.785671959456864188e-01
9.860628656967215244e-01
9.859863859575661582e-01
9.933087530822188871e-01
9.840509844510453297e-01
9.704541794359392570e-01
9.631445349107917719e-01
9.831061316595672839e-01
9.656429376325396108e-01
9.923867596522375489e-01
1.004834320592149055e+00
9.674445847841826041e-01
9.711453771140498015e-01
9.871495571642705524e-01
9.685863487057273513e-01
9.707102487489723819e-01
9.567587843898894828e-01
9.767146835770074143e-01
9.912281923779995285e-01
9.753090402444589690e-01
9.839840903752382628e-01
9.822028588712777841e-01
9.618170877361249538e-01
9.904766203714564510e-01
9.922345536950025746e-01
9.810690621934152755e-01
9.940830867167573803e-01
9.848538572719659490e-01
9.892721118027745231e-01
9.957905544350096338e-01
9.830996732346360956e-01
9.675676851890574470e-01
9.552272315725329754e-01
9.876346677906431282e-01
9.854410059128722033e-01
9.917314860001804622e-01
9.852525347834815150e-01
9.846678177643245489e-01
9.877444190821231818e-01
9.693527284090602825e-01
9.865814804161028295e-01
9.624480635357214320e-01
9.764229860985222942e-01
9.825744009863128792e-01
9.755418108987840009e-01
9.837378834534928895e-01
9.847577549655517348e-01
9.674513810099716338e-01
9.753976419490378857e-01
9.979548203553046948e-01
9.686789658523069502e-01
9.844486505565782641e-01
9.934912320026314525e-01
9.966280287844334618e-01
9.721591957301634057e-01
9.712845637171726443e-01
9.838174956981727837e-01
9.707196714298464979e-01
1.000658495403532466e+00
9.816166137736442865e-01
9.768388023121951091e-01
9.727211639800722454e-01
9.837549558970776209e-01
9.619770020500388874e-01
9.944995018312636770e-01
9.766431130275635697e-01
9.876277967286269943e-01
9.805356103227961251e-01
9.706502014372313525e-01
9.801497057609122043e-01
9.857580617693382230e-01
9.706891801033845635e-01
9.838942766878537860e-01
9.584990519057803304e-01
9.672482105841347932e-01
9.835331224355761126e-01
9.820933039628493288e-01
9.880058798079821569e-01
9.896284959531002068e-01
9.593898027763505532e-01
9.713495972722091532e-01
9.659938112119585973e-01
9.794435877853255867e-01
9.479677408534347149e-01
9.902164954323322554e-01
9.943129281494734739e-01
9.926281459121437667e-01
9.886625589426609739e-01
9.888912839519429232e-01
9.680837599979905672e-01
9.871368976790174665e-01
9.886964467047099081e-01
9.788988619440945893e-01
9.837787582361500194e-01
9.800436501855785965e-01
9.950134309176603686e-01
9.538189515617304659e-01
9.780980522116698994e-01
9.726954119365662788e-01
9.767804624023951332e-01
9.862069080137195742e-01
9.936562727455956479e-01
9.536598475754418658e-01
9.928330012826757089e-01
9.968254925259858457e-01
9.441721537823768440e-01
9.831953350373882072e-01
9.811113861866029850e-01
9.547802545929533480e-01
9.721171894366169575e-01
9.817835404699084556e-01
9.858859745709320777e-01
9.602939949986460944e-01
9.767620933219611778e-01
9.782908415136279956e-01
9.906760341541629433e-01
9.784144118686375347e-01
9.914684752212850061e-01
9.323980898538819506e-01
9.928667699945147307e-01
9.854346611808390000e-01
9.373900039082601054e-01
9.751424996623373476e-01
9.846454833390454464e-01
9.912337035281202358e-01
9.962153899988707151e-01
9.868765108762501681e-01
9.667043415577728505e-01
9.867030403999352828e-01
9.860319609222997217e-01
9.853660432914221889e-01
9.904801982309731079e-01
9.720668269208055934e-01
9.749330348957321313e-01
9.818339495438451747e-01
9.484381674176232124e-01
9.729119629485456500e-01
9.667915520017639208e-01
9.701949569475565305e-01
9.866153993602356786e-01
9.932057523677787492e-01
9.885773605392405017e-01
9.808520670265454822e-01
9.833496311883747065e-01
9.724887157139071592e-01
9.841134315314100656e-01
9.825507989859587621e-01
9.878545681266702738e-01
9.890556185786089083e-01
9.684475421249008065e-01
9.724131079400610833e-01
9.786201367127748130e-01
9.860854481016263495e-01
9.830924925763329103e-01
9.726067270832084999e-01
9.782314952374961958e-01
9.739324448198375395e-01
9.865467929736149166e-01
9.873524398067081709e-01
9.901631284350047579e-01
9.550654511809524294e-01
9.703195803618605009e-01
9.838575138641751927e-01
9.638572084083841807e-01
9.781114422933061547e-01
9.711520999150182742e-01
9.478740492382778937e-01
9.847333696242077661e-01
9.796243157658861556e-01
9.882256168573274602e-01
9.878159954283041166e-01
9.658435949459219794e-01
9.929321926555123579e-01
9.803347216509881168e-01
9.781060838674063840e-01
9.714820980274432305e-01
9.654183575429257091e-01
9.895666970556723507e-01
9.746531800196178708e-01
9.756568253954915892e-01
9.856915239732855216e-01
9.824009265006754532e-01
9.982528842025238935e-01
9.844365472257784466e-01
1.006640402044651994e+00
9.928434270459679523e-01
9.555460518802019187e-01
9.993941393337297807e-01
9.733402805471980113e-01
9.356496528459474771e-01
9.811417328916209879e-01
9.603336736507965821e-01
1.010641415939528720e+00
9.806604698987758661e-01
9.696967585108785537e-01
9.660187951284299190e-01
9.757320915735837596e-01
9.872496385769015115e-01
9.760209710843039677e-01
9.792047490559017131e-01
9.839816695322928242e-01
9.894668689094094916e-01
9.937518620612026954e-01
9.828014236688505934e-01
9.743063190575239618e-01
9.917127105298185752e-01
9.908234898804256785e-01
9.830933185171375488e-01
9.736481082440064938e-01
9.866262128913110274e-01
9.847937245767337533e-01
9.794631097162549427e-01
9.653821296016329434e-01
9.839200690427887253e-01
9.897282777471005932e-01
9.685607824956037337e-01
9.875907963397960732e-01
9.854403952001868916e-01
9.718960616450633694e-01
9.747922765046795890e-01
9.797079479626389364e-01
9.938137535255332500e-01
9.877608918961745532e-01
9.866517281246987014e-01
9.867984969494977276e-01
9.783452758196673482e-01
9.781226506474690607e-01
9.870816470828730482e-01
9.600439731161473089e-01
9.923486287595684185e-01
9.836441435568819003e-01
9.584772204917889615e-01
9.805883177747302115e-01
9.743996492088159433e-01
9.854781621044202966e-01
9.591687406359497015e-01
9.849817437432095701e-01
9.896868216788913264e-01
9.723065732186292331e-01
9.780794186372413490e-01
9.805294606163562632e-01
9.800334383975669583e-01
9.532920619055477163e-01
9.935882697102305094e-01
9.738976268569652373e-01
9.864061580835142840e-01
9.869979536791474439e-01
9.901416165658504243e-01
9.897895209480623846e-01
9.591363812229212193e-01
9.472190515155397561e-01
9.837090952245144404e-01
9.400201959398106766e-01
9.647752615175482216e-01
9.946706940062814972e-01
9.905291138485917690e-01
9.876545657221595942e-01
9.612599632181657583e-01
9.799366179178475855e-01
9.742539590621664969e-01
9.873867384975169026e-01
9.778869144494013455e-01
9.851709260296783732e-01
9.704528412898312251e-01
9.694824611835548556e-01
9.563808679498584375e-01
9.813631623798286796e-01
9.770575788119374439e-01
9.918382707215049887e-01
9.573340087548044552e-01
9.851128650237386264e-01
9.893581192095248777e-01
9.685026254732675977e-01
9.874098268319088101e-01
9.923882853022292228e-01
9.833026118206223964e-01
9.857156403996906180e-01
9.672156434489167509e-01
9.881510057495770383e-01
9.670201716809704306e-01
9.681138289885792281e-01
9.816243344547997962e-01
9.840273849271494733e-01
9.941035508183191372e-01
9.827070967898562381e-01
9.849759440444394443e-01
9.888460170370009239e-01
9.937619772398930129e-01
9.706249129633675032e-01
9.745365739841064245e-01
9.739873441867314963e-01
9.702610029191210961e-01
9.681438247563520783e-01
9.820362404351939967e-01
9.977668343302927845e-01
1.000538346704005654e+00
9.879097429869154734e-01
9.504965042417163890e-01
9.725727749470755024e-01
9.964011035520085047e-01
9.912768691642009911e-01
9.909370678613658168e-01
9.656997654203474113e-01
9.922278147978628171e-01
9.980454299993205547e-01
9.701768566231711022e-01
9.861107570304490366e-01
9.797938325520029190e-01
9.388828004529319315e-01
9.813238289465638919e-01
9.831521670301910376e-01
9.806837066473387265e-01
9.801556852215730364e-01
9.854309130193213973e-01
9.815573158066035475e-01
9.840051446731590268e-01
9.956354418098102288e-01
9.698755875518629832e-01
9.827084646684229874e-01
9.917086858626043000e-01
9.896937145777877642e-01
9.895269468903939991e-01
9.928985750417862466e-01
9.791943730242725907e-01
9.841373269089064291e-01
9.864565617287220922e-01
9.785181215289747714e-01
9.750638922132115471e-01
9.962989974388037906e-01
9.510710700791354943e-01
9.640642865506462433e-01
9.957073245850226462e-01
9.691599763336603557e-01
9.736231377456600056e-01
9.599443642267762034e-01
9.866199435110086791e-01
9.915786970150168855e-01
9.735300151144929970e-01
9.919332947656847033e-01
9.672334292878954631e-01
9.723913841574782779e-01
9.611695181188503190e-01
9.634968544289064241e-01
9.805918595149357708e-01
9.831256392694384116e-01
9.693139674564311692e-01
9.965458838891461113e-01
9.813501284860171037e-01
9.871419006642535576e-01
9.721613926864079991e-01
9.754765907319986606e-01
9.956959955776393256e-01
9.924276558857690889e-01
9.910536150495092844e-01
9.663954537994747795e-01
1.007289003539034278e+00
9.846947765107372241e-01
9.763520837844643641e-01
9.793001274732719974e-01
9.883887234756297824e-01
9.599861829931390922e-01
9.875122399432519904e-01
9.753485912407853231e-01
9.932345767509677126e-01
9.680116351651021356e-01
9.867299292710394187e-01
9.844022652569335285e-01
9.918124015325980869e-01
9.666138163530390015e-01
9.903644986481662249e-01
9.693989613681662787e-01
9.652202285891632316e-01
9.854899680034326925e-01
9.620773475893363846e-01
9.481603844246805357e-01
9.867613946314239826e-01
9.688889852224240595e-01
9.447116447458326904e-01
9.722367572190597773e-01
9.895853086618212613e-01
9.692285927258644795e-01
9.832948723211264452e-01
9.533419167483696555e-01
9.879048926857513235e-01
9.673441323630764810e-01
9.916660071121926601e-01
9.415666349450639849e-01
9.800222344464192270e-01
9.898447758644276506e-01
9.645761550939000450e-01
9.767212141535653869e-01
9.818785957279503318e-01
9.895383064266742856e-01
9.527771224639858261e-01
9.773755268704050758e-01
9.941756207988612370e-01
9.821886023348601613e-01
9.808567278111556265e-01
1.000930440021729373e+00
9.964728595442812198e-01
9.769495810888623177e-01
9.848278825665046643e-01
9.956527729137794047e-01
9.582157857274820056e-01
9.845896381494726457e-01
9.950983230679671943e-01
9.837315693726806920e-01
9.977640330219290643e-01
9.813286698165820665e-01
9.738756038708611396e-01
9.975737853836945668e-01
9.812765457144696502e-01
9.533146252295473522e-01
9.802537902900225752e-01
9.735251502276416335e-01
9.866224873083968561e-01
9.831325132143430290e-01
9.864707382353130605e-01
9.828400627964506420e-01
9.742392882317415514e-01
9.264004699396821696e-01
9.981331974100328130e-01
9.776094786271501968e-01
9.778717277724997547e-01
9.939957894930109283e-01
9.926388866218496254e-01
9.957140528874592889e-01
9.873149531237643828e-01
9.661955333493950082e-01
9.825193366469617828e-01
9.784092061489012560e-01
9.836806385905733086e-01
9.476079559007812847e-01
9.875428029038316735e-01
9.757857659145334761e-01
9.716454348747994851e-01
9.626896383518248612e-01
9.751565116050247006e-01
9.640461675000739916e-01
9.845427591684511315e-01
9.248580076522957549e-01
9.590078620107428398e-01
9.831740306045448907e-01
9.829747512244245700e-01
9.933626316200655504e-01
9.855867353280651777e-01
9.541044634067001873e-01
9.873124460142924663e-01
9.877148193606647419e-01
9.788340813387025330e-01
9.925808380902653161e-01
9.897111191341836367e-01
9.418308838470144106e-01
9.844641501025783725e-01
1.001313529783298240e+00
9.704628105423305229e-01
9.649051406504050021e-01
9.899579589020962578e-01
9.745777190405822132e-01
9.539126592944612293e-01
9.692188018058311982e-01
9.890949737403313957e-01
9.874035940271667089e-01
9.758743787177693862e-01
9.779254618990250725e-01
9.857133725107667388e-01
9.860546725287950842e-01
9.739046125790855601e-01
9.888403330067058183e-01
9.896405552776788017e-01
9.904134650471783097e-01
9.703184499650689965e-01
9.680081780018792159e-01
9.701040873840037770e-01
9.808268194367827375e-01
9.369262037366921092e-01
9.905597488820204743e-01
9.710338885155664901e-01
9.766295430858193960e-01
9.786775459164313018e-01
9.650226718168541939e-01
9.762861647051463976e-01
9.762176036783140054e-01
9.912797709793643719e-01
9.775082900776652650e-01
9.899988467782697699e-01
9.766908526118339706e-01
9.723553113431110395e-01
9.785248808662572184e-01
9.887535540996371664e-01
9.407715965486890264e-01
9.675507295464428337e-01
9.836357996448055196e-01
9.487647096362972210e-01
9.787666838809564451e-01
9.725502313215738104e-01
9.357040376868887011e-01
9.859493813466528866e-01
9.524301616418737737e-01
9.848953700464718741e-01
9.907858765833346126e-01
9.583338803687470042e-01
9.946166849112429986e-01
9.852739606038778408e-01
9.609813865715132186e-01
9.852645542535761747e-01
9.768977151598258191e-01
9.720232581760024360e-01
9.709867354989943911e-01
9.975222919686139722e-01
9.824613607901795387e-01
9.703941510210385424e-01
9.948838537078601441e-01
9.880487585215002033e-01
9.538136083074488791e-01
9.859943459949973565e-01
9.778475725020870923e-01
9.739310107032618236e-01
9.729068821862263405e-01
9.931571179528418947e-01
9.853166797875186900e-01
9.785101087054104418e-01
9.686983220350774415e-01
9.898129797310001310e-01
9.835861569476157529e-01
9.888920929010283078e-01
9.884440593351682125e-01
9.522260422140877978e-01
9.699436633918114836e-01
9.793678812591115612e-01
9.896156624531479151e-01
9.906694068662370567e-01
9.876016618307107420e-01
9.827140948648498409e-01
9.914895245667566526e-01
9.933728182262979711e-01
9.786950531590089541e-01
9.826532969503566362e-01
9.868737312954617424e-01
9.792088160221882331e-01
9.550774249404837546e-01
9.746225244231573326e-01
9.600718772829169856e-01
9.728299674424787380e-01
9.882939761412844470e-01
1.009266123181427277e+00
9.801785649311878235e-01
9.516849705763752443e-01
9.861308186746214899e-01
9.877156162213308610e-01
9.740650051458810132e-01
9.758018746348208206e-01
9.922785144816914649e-01
9.925172482011838104e-01
9.650809376161536557e-01
9.780158019573848005e-01
9.625680701291540187e-01
9.444896388984838076e-01
9.963665930834286755e-01
9.789689528646332572e-01
9.830292004191633071e-01
9.844445192164539282e-01
9.781130991893522975e-01
9.778478793005119796e-01
9.838039829407509984e-01
9.819805189629708941e-01
9.436989500454482371e-01
9.902867627953416685e-01
9.868027413416208260e-01
9.678048689019036477e-01
9.664321043596082461e-01
9.617649224616560133e-01
9.876666345508804401e-01
9.982930710965046694e-01
9.767779465218090484e-01
9.758597156986694721e-01
9.940106839230908875e-01
9.777621628875542426e-01
9.679973744308358885e-01
9.778723821971687657e-01
9.895236777421297925e-01
9.874192446463514461e-01
9.400112937706583960e-01
9.807479172170161519e-01
9.700233416209649295e-01
9.878754169686257969e-01
9.633028523705206014e-01
9.789754217078735499e-01
9.866774732770536849e-01
9.803308600091104053e-01
9.722196259849025246e-01
9.856522482685615705e-01
9.773551462580278848e-01
9.820462895570165607e-01
9.812888661510894561e-01
9.724310216472634716e-01
9.850491847338200824e-01
9.857879941700429249e-01
9.889860923948983196e-01
9.712940037825034123e-01
9.738883762676451283e-01
9.817987407154472601e-01
9.531476843773907248e-01
9.795201378753890520e-01
9.935303733192786257e-01
9.619595584064373206e-01
9.864983624979601906e-01
9.749243605609313468e-01
9.937243901916474886e-01
9.848042999656859697e-01
9.758336953482822373e-01
9.905864880670176564e-01
9.699363389916665357e-01
9.642645302882575375e-01
9.838992791029158580e-01
9.683719219329463002e-01
9.737800979775741439e-01
9.861769497652496108e-01
9.751391820580048719e-01
9.925739117839940118e-01
9.742702306493873365e-01
9.602611661586700764e-01
9.920989264982678080e-01
9.791622986147684449e-01
9.877798704393175866e-01
9.796353600982861121e-01
9.908000244320820382e-01
9.745188243717041177e-01
9.809298980605454243e-01
9.626913727607933069e-01
9.728731206993650460e-01
9.831976271980890081e-01
9.772620220415813019e-01
9.694677919521442755e-01
9.898873262552524421e-01
9.661340104842445209e-01
9.650793177907255327e-01
9.751245794789608068e-01
9.863461693883529557e-01
9.732075681601216610e-01
9.662408326515147250e-01
9.870331257708343520e-01
9.826499778504793614e-01
9.894762515148906035e-01
9.730622491535115826e-01
9.693929268538724608e-01
9.790467053461329172e-01
9.759536192046384118e-01
9.705133849264924173e-01
9.793684034334539934e-01
9.711368838664223846e-01
9.833985858240169575e-01
9.817519581737566003e-01
9.859099428884192662e-01
9.955638203716534740e-01
9.823514269693329748e-01
9.824744719137795679e-01
9.607170512101941284e-01
9.863321337436193881e-01
9.647666910513426064e-01
9.698080260081262116e-01
9.581442903017949320e-01
9.815745723587090410e-01
9.867783088444782580e-01
9.899311546359745861e-01
9.539663455504664435e-01
9.819986596849693550e-01
9.698445857095115974e-01
1.005302876725089556e+00
9.930859278033863369e-01
9.765892293522183687e-01
9.792862098287354877e-01
1.003558405412288135e+00
9.904672608739748529e-01
9.790724707455447096e-01
9.802394316362266213e-01
9.481925910623854037e-01
9.788359602254829150e-01
9.634301523468054018e-01
9.738237487191671038e-01
9.840458750987504111e-01
9.734006320970576276e-01
9.661531567816498134e-01
9.822093588733927794e-01
9.803972790826106509e-01
9.921013248253587324e-01
9.974166817221034043e-01
9.651508604738970876e-01
9.848212845754121814e-01
9.706960398877590990e-01
9.804416157175046553e-01
9.811550064309639829e-01
9.880109837318228339e-01
9.896044145911039314e-01
9.795309779896392843e-01
9.872331247821662936e-01
9.779652013093609320e-01
9.530104544531028399e-01
9.637129624525690996e-01
9.895728956659547437e-01
9.902437452755736835e-01
9.867539065753232475e-01
9.903675554512897383e-01
9.792427539649323220e-01
9.804065603992730971e-01
9.812633220579298765e-01
9.801904079155882021e-01
9.742471011337845432e-01
9.559625715931379109e-01
9.687402272538608861e-01
9.552868510395500223e-01
1.008697525238298365e+00
9.785407672162226289e-01
9.708028725538279113e-01
9.832938002509586939e-01
9.905033497672082188e-01
9.802253274484584722e-01
9.718915043167709600e-01
9.507339936998776553e-01
9.951943403027456725e-01
9.773824817225102990e-01
9.812016039884040586e-01
9.634571608553650357e-01
9.809344168395041086e-01
9.614603700449027013e-01
9.615711512091166258e-01
9.871084245701748916e-01
9.909636924779271494e-01
9.572901408822306335e-01
9.726116391324611810e-01
1.004669812484520586e+00
9.826617688296390707e-01
9.833716226923631121e-01
9.892071201063933339e-01
9.638405140695189832e-01
9.561598185257883520e-01
9.538736756574835995e-01
9.619896205410684020e-01
9.910085948990043914e-01
9.851506900782626142e-01
9.487650067026935918e-01
9.781849488401497261e-01
9.681569715493340000e-01
9.715788379848797618e-01
9.736442689810628215e-01
9.879962768984927868e-01
9.746710225941528360e-01
9.802378445220925052e-01
9.943955436516905833e-01
9.765653251607044893e-01
9.790925811653057309e-01
9.717797888369057446e-01
9.806815293826416369e-01
9.875077360069455246e-01
9.880857728376257754e-01
9.896463182519343871e-01
9.517089529013846860e-01
9.842384788243463412e-01
9.966549167161348199e-01
9.885619990604654905e-01
9.805130021962151776e-01
9.952377432640703292e-01
9.568674785200133037e-01
1.000456222209408441e+00
9.587265751126157198e-01
9.562725201198573055e-01
9.827102753421779191e-01
9.606147170918561962e-01
9.606301072998804091e-01
9.883889005559844954e-01
9.778392554672913350e-01
9.271752916026425595e-01
9.572962789315885290e-01
9.377369363235349420e-01
9.885094495237901624e-01
9.781723204444293662e-01
9.895892431846257109e-01
9.771631212250201370e-01
9.871728280044220760e-01
9.864800459976277303e-01
9.841162207325194755e-01
9.776083345416344272e-01
9.754065141228247526e-01
9.803499506078678927e-01
9.769557414042503440e-01
9.880878634461933707e-01
9.933050536917013007e-01
9.708053997359955556e-01
9.886914139726105111e-01
9.917046993214566619e-01
9.919891628179410281e-01
9.665977815343471669e-01
9.658290521362195014e-01
9.943377841355205415e-01
9.746768347835853552e-01
1.002152951094570366e+00
9.657422094886651820e-01
9.710973079423410592e-01
9.891825443245370053e-01
9.777310577446408635e-01
9.744658198571962693e-01
9.890234514472204808e-01
9.870030252072391486e-01
9.887400219080441088e-01
9.846914214422332057e-01
9.682559108312903673e-01
9.777898856322224663e-01
9.634596132932565782e-01
9.841895665289930317e-01
9.890528103797943116e-01
9.654445210028556046e-01
9.912838749617176592e-01
9.679821423519660017e-01
9.910844601045847302e-01
9.768190648114488672e-01
9.732390569013867898e-01
9.963381178444303821e-01
9.495458294744149041e-01
9.861137756280852207e-01
9.910527549924607049e-01
9.840334128269683234e-01
9.882942401589431825e-01
9.900541416380093107e-01
9.621392895240892251e-01
9.912810181109044105e-01
9.680067817427261412e-01
9.839933664664667345e-01
9.837133764062315766e-01
9.785818523848374140e-01
9.695557568155974693e-01
9.841662055395277164e-01
9.801699389276460339e-01
9.822536832186371525e-01
9.403663945601896668e-01
9.847927723676128675e-01
9.771014064304596181e-01
9.766632870309417402e-01
9.595759196886421982e-01
9.736169645414918250e-01
9.928951814361495209e-01
9.842050669289020837e-01
9.916393944550322415e-01
9.714150505501717436e-01
9.863576248822734094e-01
9.647073271661954497e-01
9.728139884656978875e-01
9.625108903715463571e-01
9.638681785149012526e-01
9.491168659666121554e-01
9.831866748029804981e-01
9.763510005163464900e-01
9.792731783507612198e-01
9.861701522887683646e-01
9.951540314266722476e-01
9.890927570971737026e-01
9.474255120080931070e-01
9.850387592332212616e-01
9.901684220126107938e-01
9.844757297495583259e-01
9.843384048510381845e-01
9.744734927522300527e-01
9.910774813226942426e-01
9.854812417356932919e-01
9.807790849820273715e-01
9.691098807175452245e-01
9.959195896830985717e-01
9.820563103166018992e-01
9.861461343824178272e-01
9.752085099875019703e-01
9.752554167102449600e-01
9.693852647102987330e-01
9.921375916456840471e-01
9.925422372341089483e-01
9.778412001025219569e-01
9.914864639954789061e-01
9.974586367743294435e-01
9.776858419501316400e-01
9.683260503046248191e-01
9.859953807311849783e-01
9.847998203602051914e-01
9.831345746964444965e-01
9.631372507004212213e-01
9.759057509084276827e-01
9.766590819979475979e-01
9.909050566675194904e-01
9.699125114664696179e-01
9.839903481663462292e-01
9.791738464439448952e-01
9.795162835634392273e-01
9.688153210521339709e-01
9.681353110473359669e-01
9.925651655187490707e-01
9.800550893785062723e-01
9.880427659934754026e-01
9.682927173962977418e-01
9.990116996022093687e-01
9.732667414598374922e-01
9.862321705819022677e-01
9.689546005559598330e-01
9.663069368273469184e-01
9.889346901301847570e-01
9.714344270079884325e-01
9.473039510503022953e-01
1.001762354557555357e+00
9.675967245066739997e-01
9.991523559178758784e-01
9.783508944381039685e-01
9.424712478118555392e-01
9.738355314186107892e-01
9.563283930627468621e-01
9.847631401533953888e-01
9.687555425230890416e-01
9.833217252297434818e-01
9.928033981904839100e-01
9.567897617786375042e-01
9.857318557251544267e-01
9.869358234434717492e-01
9.561692587367662810e-01
9.970549351296166263e-01
9.918923854203248736e-01
9.877633119410158535e-01
9.777425780653044018e-01
9.792071770055589264e-01
9.876981878849276919e-01
9.501154272356532315e-01
9.864713040258061838e-01
9.790112680980058713e-01
9.830453518114236067e-01
9.951387758784387971e-01
9.826811513989534008e-01
9.783734046655411243e-01
9.585994969424024292e-01
9.948120529928445865e-01
9.768793453654913694e-01
9.871973156009409278e-01
9.828304945138913729e-01
9.790875981162854291e-01
9.839744293106902351e-01
9.614651439450281334e-01
9.882610702823230175e-01
9.828131186183961532e-01
9.650082175921864680e-01
9.938433433042676013e-01
9.739854523726421132e-01
9.760275250356832411e-01
9.808895940120799795e-01
9.795840616412034851e-01
9.747916190142424941e-01
9.831776242224876672e-01
9.794502093074242133e-01
9.656679324367953843e-01
1.005522873601477851e+00
9.830962073984511607e-01
9.952327852604001546e-01
9.936697903192847070e-01
9.661142011314670652e-01
9.870792320929567820e-01
9.795700509047523541e-01
9.714098300736596636e-01
9.788807868381544930e-01
9.925224983868998763e-01
9.769190473066277081e-01
9.987444500326193575e-01
9.823615369226627037e-01
9.820673722605063327e-01
9.823869055459873989e-01
9.927878731236320364e-01
9.832988364886529054e-01
9.706379011615705599e-01
9.893084828307526779e-01
9.685319384233209705e-01
9.838039115517434041e-01
9.848300055570275990e-01
9.699171626293269233e-01
9.768448731252791228e-01
9.893967373280811994e-01
9.900193153571890115e-01
9.630701386045109613e-01
9.835575091271704373e-01
9.956576541590475005e-01
9.880535258678028177e-01
9.836159107042287131e-01
9.824401657833484736e-01
9.923035292261840334e-01
9.943468228831167099e-01
9.716962170370618823e-01
9.825654093341472661e-01
9.982715915223234759e-01
9.760995512776003968e-01
9.826652139470848368e-01
9.867533092485039070e-01
9.678526588362934557e-01
9.598559585017273355e-01
9.665254439232114914e-01
9.874040525260784351e-01
9.732068267081634971e-01
9.879141771692084850e-01
9.795445756130248816e-01
9.865352583953987953e-01
9.741510182651605954e-01
9.948432567650401515e-01
9.857665584647177237e-01
9.896588201301771415e-01
9.717228755526803319e-01
9.838813850222271062e-01
9.501205085264960992e-01
9.754311194173889143e-01
1.011858793746673646e+00
9.560593736583343771e-01
1.010238629254092579e+00
9.680357190419603963e-01
9.906977759914814552e-01
9.915172265896495807e-01
9.896852585065187835e-01
9.834545926385026560e-01
9.717041067142943023e-01
9.789114795141076186e-01
9.793961237611050752e-01
9.887888720896473860e-01
9.849180358739814123e-01
9.894985771767959015e-01
9.626154434098079804e-01
9.611707258143696864e-01
9.804826894889729916e-01
9.703300874862895720e-01
9.858825464054433718e-01
9.834233225863542316e-01
9.726839151109383241e-01
9.871839455895565774e-01
9.702800093965355810e-01
9.859973729810352916e-01
9.566653408778534873e-01
9.892784087064451226e-01
9.392652964863618115e-01
9.948927366078110790e-01
9.682156866414112217e-01
9.534475365131612756e-01
9.867436918073917429e-01
9.674788746201262724e-01
9.724474397388335190e-01
9.481093421286540535e-01
9.876773935851979047e-01
9.871733724613280803e-01
9.796938730127019435e-01
9.729048737134625702e-01
9.879267823363929724e-01
9.807934088630020364e-01
9.828707536767050668e-01
9.593118039533943264e-01
9.398205412127618175e-01
9.919856138506645271e-01
9.851724223907847300e-01
9.746534942885591857e-01
9.926677749328475242e-01
9.741417229164279767e-01
9.858431411548355117e-01
9.536867599085251390e-01
9.773756713901263771e-01
9.918724450740563636e-01
9.841826607790902237e-01
9.736949881371724791e-01
9.530005857920146317e-01
9.848508256339377764e-01
9.835173479393543028e-01
9.833186366435454628e-01
9.818866670663811691e-01
9.836965237817273389e-01
9.799952954169982577e-01
9.903572257206715301e-01
9.840388405471581779e-01
9.730055460696191982e-01
9.983131013356421057e-01
9.760864210616316816e-01
9.703188721817632700e-01
9.744298366955757018e-01
9.746729026931606477e-01
9.927336707071093835e-01
9.720680151442369077e-01
9.728883964306611620e-01
9.732933357213678915e-01
9.732465741418435679e-01
9.568372473476235429e-01
9.786789832600510941e-01
9.834070019786993466e-01
9.547675499874040961e-01
9.743119891170648472e-01
9.637793087353819788e-01
9.850585876722532941e-01
9.842400445898971117e-01
9.870341257101841181e-01
9.843239763584928914e-01
9.811116088656612888e-01
9.595700263609152625e-01
9.791477998783908454e-01
9.843966547648955734e-01
9.812752127152076786e-01
9.775632147586550413e-01
9.928459226607466714e-01
9.705509650422553536e-01
9.605134235932188957e-01
9.674771242045944186e-01
9.738527514477700597e-01
9.845176963416013560e-01
9.712221513109656756e-01
9.794243886066670290e-01
9.820059945990092798e-01
9.889541145772738906e-01
9.895655938567333720e-01
9.683575894114869742e-01
9.895400262673677005e-01
9.770588252873103619e-01
9.892957019885747494e-01
9.820591887021982158e-01
9.835272791803871817e-01
9.830530488853422844e-01
9.916650502545926171e-01
9.815514465165614544e-01
9.761639532368470151e-01
9.714020102271045953e-01
9.728815054797930184e-01
9.852365985779132362e-01
9.735073470979026533e-01
9.851585458845838472e-01
9.832051835465303036e-01
9.920340518316086431e-01
9.780829443268079793e-01
9.863195038597479813e-01
9.874590128040130477e-01
9.810249402095133631e-01
9.907724078235475851e-01
9.724034807549015724e-01
9.744992556064556721e-01
9.801169467253714185e-01
9.561453673525641683e-01
9.699100760489915984e-01
9.678686312738850051e-01
9.779197261810387287e-01
9.809515224506182296e-01
9.816567791083735672e-01
9.713387759138856214e-01
9.732409761076366017e-01
9.856169847681603979e-01
9.841992497122313832e-01
9.858992869287006577e-01
9.950469342866683498e-01
9.757500944299531964e-01
1.001193134436674681e+00
9.436646881688263155e-01
9.848656363955671234e-01
9.423443540259042184e-01
9.957168094292372373e-01
9.762506394629185680e-01
9.844191429002693283e-01
9.741826960374686539e-01
9.732162958954387877e-01
9.553680661948740216e-01
9.565313097433448819e-01
9.665824071873155843e-01
9.800346309933964939e-01
9.857424458268382317e-01
9.841587633086312792e-01
9.738004559717343689e-01
9.463699698597709542e-01
9.729467129446464080e-01
9.825220599245987341e-01
9.858698285543726625e-01
9.668511477769468065e-01
9.735422086159879473e-01
9.573821363879648771e-01
9.789697983356482336e-01
9.892829099659201653e-01
9.839327847158887419e-01
9.827208812294547791e-01
9.565604052342399077e-01
9.757471878513085395e-01
1.009027153800490018e+00
9.691224846083208444e-01
9.846001944872719847e-01
9.783261994743837064e-01
9.778063244767465356e-01
9.714645330152845704e-01
9.896666633180096762e-01
9.790905332880173173e-01
9.908218930198882113e-01
9.927224439215817098e-01
9.875327986446594819e-01
9.797944670347988882e-01
9.481685148292881005e-01
9.828966315654115160e-01
9.748321065033690447e-01
9.587198547055642006e-01
9.859025951461931614e-01
9.796606191057166679e-01
9.849276597500808972e-01
9.890305959122401847e-01
9.735732844655560214e-01
9.801125852139329631e-01
9.804524256679968408e-01
9.862891354842812097e-01
9.563236083011362743e-01
9.880411774679345172e-01
9.781712540842066872e-01
9.932105728166534808e-01
9.815759775345831439e-01
9.631453762798578566e-01
9.857366537415012120e-01
9.723164742482224288e-01
9.854653791723670953e-01
9.574135445392103483e-01
9.682017889685924361e-01
9.843672413248557573e-01
9.873627240184492670e-01
9.801970129675287025e-01
9.838143869205741021e-01
9.851320023921862346e-01
9.726243087036762214e-01
9.766510494710521906e-01
1.000551629015685062e+00
9.904236496594679418e-01
9.896783790406751269e-01
9.855080485779690314e-01
9.318346774644006292e-01
9.824326048159839342e-01
9.905133676281204780e-01
9.864454752473704735e-01
9.684725133158145205e-01
9.661269975627805318e-01
9.903432237582430187e-01
9.840427746152865529e-01
9.805324309502775337e-01
9.791541797916261114e-01
9.823911187365743647e-01
9.855806424015270961e-01
9.815740922577135263e-01
9.710279446181148133e-01
9.853471753970398650e-01
9.640902036680564224e-01
9.973730142816591426e-01
9.912514704976121971e-01
9.783910187819094828e-01
9.880456813445829267e-01
9.401387925937640944e-01
9.873844003036656991e-01
9.727476637858483155e-01
9.826692450612622975e-01
9.639026416373939199e-01
9.776346516787532970e-01
9.812106243882050549e-01
9.886249950168777278e-01
9.508136075014992361e-01
1.011297199489555432e+00
9.648955097170377471e-01
9.846262644155597821e-01
9.888395202414936858e-01
9.887917263036086757e-01
9.858321299448135067e-01
9.755786129629173686e-01
9.584540721001935104e-01
9.836348428863443960e-01
9.631660258283304410e-01
9.695130392747010051e-01
9.864553686270554067e-01
9.846920187533449997e-01
9.839610403047778231e-01
9.820850090266649568e-01
9.883509556401864904e-01
9.793403800715687613e-01
9.892224038876529235e-01
9.816479493298042591e-01
9.757580821749494149e-01
9.883822939863884383e-01
9.646862708777050877e-01
9.753562151041502704e-01
9.950320509863426199e-01
9.832493512464697272e-01
9.732903221040273278e-01
9.893321690810689129e-01
9.945251867732171069e-01
9.615159509088052614e-01
9.722653915338437258e-01
9.897500383454049810e-01
9.799311207591778761e-01
9.877902827107212236e-01
9.845364110893257692e-01
9.834870340855415005e-01
9.725327975279597359e-01
9.770418739476479653e-01
9.781823694798015278e-01
9.825237757148425066e-01
9.940863305577821718e-01
9.827920632910968068e-01
9.728930551146456329e-01
9.791307356646671289e-01
9.650908182562057958e-01
9.804079857035479240e-01
9.789981789946973212e-01
9.702313577723103988e-01
9.818467716514145405e-01
9.779065107445759075e-01
9.885029624616419319e-01
9.791832479041298054e-01
9.775803297612085663e-01
9.801250689329373822e-01
9.706170384676910956e-01
9.693079790891288017e-01
9.831000101260105595e-01
9.890359830677606379e-01
9.820613839227990693e-01
9.726077723018515808e-01
9.876272312680022258e-01
9.857760941008095745e-01
9.781372925894389336e-01
9.783014836928403124e-01
9.631734738158063136e-01
9.731779472954916743e-01
9.631372595996561259e-01
9.284941622873714717e-01
9.592569597203132181e-01
9.918158831924593910e-01
9.599746331040754921e-01
9.869911809405279568e-01
9.822782103870142389e-01
9.930453021260896573e-01
9.692389927979386810e-01
9.681191957642942825e-01
9.617151818885003589e-01
9.669904957398463008e-01
9.621351185522518668e-01
9.867467092054528210e-01
9.665158830153955938e-01
9.726035993564084992e-01
9.847335367115338522e-01
9.842902528268002715e-01
9.783612546845250613e-01
9.648408419179063111e-01
9.577589013091327708e-01
9.790519790508930287e-01
9.761832976649645888e-01
9.824533804422135308e-01
9.531566422490931334e-01
9.753108842602794537e-01
9.749723100162827061e-01
9.447364729149628770e-01
9.841453776688230404e-01
9.772535750797233245e-01
1.002467444820393849e+00
9.754794880816233249e-01
9.710645962729804737e-01
9.856412395882547806e-01
9.845254923517219314e-01
9.721608736923581517e-01
9.872325903675601699e-01
9.680633187712812671e-01
9.830649579132504368e-01
9.840418135068895733e-01
9.664892260415198777e-01
9.381895594149476381e-01
9.844587822845706215e-01
9.990929280599235573e-01
9.841190556636504327e-01
9.849381655182130046e-01
9.949445031868363598e-01
9.817539143665853230e-01
9.556482460761470676e-01
9.878885437762451316e-01
9.894819166457050619e-01
9.732628547649272432e-01
9.763738212462396149e-01
9.832732372692104539e-01
9.905863653202874319e-01
9.848490313263222884e-01
1.000346268662333671e+00
9.720849160901692265e-01
9.976422181212438733e-01
9.883236847725339613e-01
9.733891879655192092e-01
9.750699055277728400e-01
9.846485307979234713e-01
9.576072546980932687e-01
9.812220809672510535e-01
9.895999500673114957e-01
9.690617199065079124e-01
9.457694082291209225e-01
9.948993682677360617e-01
9.788006770950198332e-01
9.468471149723339808e-01
9.611274255370414465e-01
9.740197170509405922e-01
9.772269985836983253e-01
9.815757470231473159e-01
9.987513939635465077e-01
9.854749980251986674e-01
9.763538823150587076e-01
9.644673802661127837e-01
9.745297487261901370e-01
9.875799509667048115e-01
9.582085228423939949e-01
9.972195425985541650e-01
9.978007856927807451e-01
9.840691420998971539e-01
9.824573291488263305e-01
9.879107814601587600e-01
9.878498672143726234e-01
9.781109537262028253e-01
9.642904332821887747e-01
9.644075170412214071e-01
9.577060266081908191e-01
9.820944056076114093e-01
9.812936054275818165e-01
9.718256744273656711e-01
9.755238655635554146e-01
9.809011433995242779e-01
9.819832633086921225e-01
9.879892724240291191e-01
9.762389718845281283e-01
9.962576957024179558e-01
9.601147842104088559e-01
9.830815611515780761e-01
9.467454916197052261e-01
9.927785654679821548e-01
9.664434832409054543e-01
9.868883877591339004e-01
9.945304272848667360e-01
9.861348696510418010e-01
9.926581270369497778e-01
9.702552278363920646e-01
1.000096658417094053e+00
9.863549099993921265e-01
9.589613751615635451e-01
9.873196981430434338e-01
9.825973927234282757e-01
9.905173097669565108e-01
9.766128619936244037e-01
9.867477298977727074e-01
9.948791037287653127e-01
9.881876966153229080e-01
9.776799631981735184e-01
9.989122261657863433e-01
9.775620970280466393e-01
9.748565331684733160e-01
9.695258020512205199e-01
9.967418584860308073e-01
9.524179748330924289e-01
9.360387349230345766e-01
9.845677344860577218e-01
9.863736205711092220e-01
9.858285986982300297e-01
9.901012747406493508e-01
9.816101315381644543e-01
9.785212793303366130e-01
9.743403395015474144e-01
9.969177998687737130e-01
9.611307830872841684e-01
9.660232819454216413e-01
9.587186224767909604e-01
9.780465484326982262e-01
9.886987555206857570e-01
9.506529947375931267e-01
9.782436118773216727e-01
9.706791850007292499e-01
9.501351360544825209e-01
9.564504111389814378e-01
9.773973267765838635e-01
9.878782470604909882e-01
9.938282530259004988e-01
9.837939090058631653e-01
9.747123170712230777e-01
9.925331167046623770e-01
9.831858857645426886e-01
9.602153907354963325e-01
9.803872641689381773e-01
9.981392590504194473e-01
9.873202460778329748e-01
9.818147051348575793e-01
9.785815841092072587e-01
9.651219950817907511e-01
9.888592000266586135e-01
9.907495219510751294e-01
9.666365445919794519e-01
9.896917716913973262e-01
9.816988879867786233e-01
9.525770134027805591e-01
9.611077755195874817e-01
9.614341088718981743e-01
9.800476319621691523e-01
9.962653039022126844e-01
9.854759314849735885e-01
9.522391035820597649e-01
9.900607245648864740e-01
9.831251355022496696e-01
9.829204862067576487e-01
9.857818232673880576e-01
9.401022182912411873e-01
9.911440347335991330e-01
9.788829712476686540e-01
9.833406429936711879e-01
9.812608621311654788e-01
9.704930566631934097e-01
9.805484663650666510e-01
9.888490915018495198e-01
9.949219780315170514e-01
9.807986540730958547e-01
9.717576997605207323e-01
9.726136834021158473e-01
9.685928913805197382e-01
9.790061180374501904e-01
9.818285164724712688e-01
9.813375806492318221e-01
9.717050152933567331e-01
9.916773469489911230e-01
9.856909184725750617e-01
9.902413621073492545e-01
9.419993662732051298e-01
9.780886171861931100e-01
9.727638337725266204e-01
9.903010184771381397e-01
9.639344242969316578e-01
9.732596791487931887e-01
9.474682110282335312e-01
9.948106318781659851e-01
9.949196251233369814e-01
9.616907118650013242e-01
9.514765049600106828e-01
9.595115026500161681e-01
9.715397210058892563e-01
9.955622969722709437e-01
9.640630948119043309e-01
9.801100590540805513e-01
9.941092474058518258e-01
9.628213642214750179e-01
9.886297938793793261e-01
9.790100088147585256e-01
9.823759234087094949e-01
9.654698393123698485e-01
9.807290708841843729e-01
9.796127064963681130e-01
9.766745567744492540e-01
9.739354785325305963e-01
9.761891842914633965e-01
9.599369801414258108e-01
9.704535301805462533e-01
9.689428300247645565e-01
9.917289374682134451e-01
9.647671670194368776e-01
9.441796287796009324e-01
9.948703025156314661e-01
9.896138969759314952e-01
9.952638216694731366e-01
9.764785228212697898e-01
9.841793643639864531e-01
9.739394647239905112e-01
9.792654552429993497e-01
9.828260133402711984e-01
9.746645037641371578e-01
9.899274517011683594e-01
9.878586081753957249e-01
9.830883153051438450e-01
9.862842750282638793e-01
9.837982274434826646e-01
9.660732059367170832e-01
9.813524439218452855e-01
9.782315476668593801e-01
9.899852288884961604e-01
9.430980580239056721e-01
9.807956536649146129e-01
9.634375429836595783e-01
9.606671130795926272e-01
9.802798270709970341e-01
9.871534125423540029e-01
9.869579611093943772e-01
9.834873345591663707e-01
9.588201970508396510e-01
9.637413967944326032e-01
9.471664256681542327e-01
9.823707712907501222e-01
9.767335678278349365e-01
9.843340204562702755e-01
9.697492448660280928e-01
9.681333786209900261e-01
9.878428550158202537e-01
9.713339233940212480e-01
9.569468312702625878e-01
9.939161819352161364e-01
9.787364155845580393e-01
9.871164136794889910e-01
9.888705799815064035e-01
9.484400834798317748e-01
9.796113165705896408e-01
9.759530703535211904e-01
9.604610337734357239e-01
9.792871108176270933e-01
9.564092835297209882e-01
9.751671275110290749e-01
9.905142293181813384e-01
9.871484526807022819e-01
9.718894089607846842e-01
9.945613218676763179e-01
9.714148125745010187e-01
9.852415317456010291e-01
9.664243283080958813e-01
9.907676958182086713e-01
9.658751997539247736e-01
9.751608394239058564e-01
9.745536096875375698e-01
9.710643170066114438e-01
9.739217856196156209e-01
9.960944211390680980e-01
9.793483519977870255e-01
9.877917531079545288e-01
9.800832784681500209e-01
9.882102030067114740e-01
9.797696023010055155e-01
9.747196573080363358e-01
9.775419884300606821e-01
9.605777584726843399e-01
9.809838383326369149e-01
9.666689006322342070e-01
9.887383464271530809e-01
9.796801564790629246e-01
9.775918565421178874e-01
9.788597887043326562e-01
9.831602812005892922e-01
9.605173888597245968e-01
9.885130513483942893e-01
9.276304656026367335e-01
9.820396751502580290e-01
9.681486535993076847e-01
9.745377819773040073e-01
9.868953425133915047e-01
9.672952119064699428e-01
9.921805152399458816e-01
9.722613213605454385e-01
9.937144174811696207e-01
9.845422746329232089e-01
9.487570702767119668e-01
9.661584665602710453e-01
9.982137810166978875e-01
9.634255298454695859e-01
9.883383878023592750e-01
9.760275562989151332e-01
9.527196465107590218e-01
9.731139416398327802e-01
9.976770688496100492e-01
9.893422353838036143e-01
9.872507642114921600e-01
9.809490106614048299e-01
9.930123354621044340e-01
9.751530894551202477e-01
9.685142799036933203e-01
9.857502515909676299e-01
9.823391162578405389e-01
9.349111650902030002e-01
9.952877603014435026e-01
9.702236055262023484e-01
9.897234331720740075e-01
9.920106350365771597e-01
9.809458488841706902e-01
9.470690226217312047e-01
9.829620417645116293e-01
9.607605233738937267e-01
9.491906920789255908e-01
9.900100717096996794e-01
9.867087128159518494e-01
9.816960369216283233e-01
9.142362486432324964e-01
9.847518497458228603e-01
9.791140323807797641e-01
9.743947958836207679e-01
9.619746594950783214e-01
9.890668686410412080e-01
9.898891025719613879e-01
9.864087920915781682e-01
9.732602482233166930e-01
9.796932892400647130e-01
1.011721307271103321e+00
9.872384052966086676e-01
9.866137715426021026e-01
9.955636853195842795e-01
9.819070205948259300e-01
9.864360999950639863e-01
9.840122631087548921e-01
9.534165201622769592e-01
9.563193557385927246e-01
9.830510372275739206e-01
9.699791138768829590e-01
9.869462495643529509e-01
9.937855947982325855e-01
9.693552589663345653e-01
9.665298770928997252e-01
9.743916089479531806e-01
9.830299607043724297e-01
9.812621151461085045e-01
9.868288515883097967e-01
9.649098521056088673e-01
9.911541569058002210e-01
9.815245621640527052e-01
9.785068463465366184e-01
9.725035459324573583e-01
9.869575153172147619e-01
9.809172020301830663e-01
9.650600510295122003e-01
9.413295826056167215e-01
9.852653520428246159e-01
9.903874113727244577e-01
9.930493087743050840e-01
9.675618525582326823e-01
9.512258050666464460e-01
9.813384534746779631e-01
9.850393331613670478e-01
9.908782215208131738e-01
9.890107470208108209e-01
9.797561564759357244e-01
9.835646352013566185e-01
9.902126466329995713e-01
9.758484869412168417e-01
9.719175671017210583e-01
9.863029698667769019e-01
9.825565172976573614e-01
9.999802011799405754e-01
9.804023831047342652e-01
1.002248411883717383e+00
9.855228935410670354e-01
9.959756509224090282e-01
9.960787478532542316e-01
9.681060561692119704e-01
9.878209589035665816e-01
9.818208830968236933e-01
9.645682992723183524e-01
9.930297702017885086e-01
9.834318852587836668e-01
9.637677098880451654e-01
1.002800632805312286e+00
9.814725308680806171e-01
9.920451364004907457e-01
9.587634519253178667e-01
9.791955891470313089e-01
9.907189883717660850e-01
9.626102727954869431e-01
9.912438665708304120e-01
9.893487589546433592e-01
9.700432758004287059e-01
9.785769673857181994e-01
9.759501580530000053e-01
9.771538164854866038e-01
9.865606563989586242e-01
9.763278287216609064e-01
9.815880133567104204e-01
9.678581588056368590e-01
9.905811047573416239e-01
9.602235737170558005e-01
9.848552051398007379e-01
9.539665311368937806e-01
9.943666363713201672e-01
9.675885314799161918e-01
9.734854596142520355e-01
9.918750923658877783e-01
9.898537975372029285e-01
9.777944599800976189e-01
9.738192010977514412e-01
9.915838499253895044e-01
9.480100324662907862e-01
9.653982405922996168e-01
9.896303233749365047e-01
9.769869951405155684e-01
9.846634205912728754e-01
9.937981425057114127e-01
9.965684495134349286e-01
9.787557567455601459e-01
9.930118346410332641e-01
9.897874669176830453e-01
9.318198801497803441e-01
9.722483722249161131e-01
9.850895978250626683e-01
9.701848984942057497e-01
9.876580695191805592e-01
9.816903593807672079e-01
9.814155441638429123e-01
9.824746329211256901e-01
9.929748605374295600e-01
9.785030958223676079e-01
9.796247736758786351e-01
9.904954392397262719e-01
9.915050608925248810e-01
9.858274983075514530e-01
9.929009019708698869e-01
9.848322045408771652e-01
9.808638506063117601e-01
9.605549009734694055e-01
9.831003928393733382e-01
9.865545456966960947e-01
9.827788814024805975e-01
9.990100697927574158e-01
9.802930513441204807e-01
9.753234312019438690e-01
9.343944443529419441e-01
9.454018795823727617e-01
9.884405914568081819e-01
9.901119603376107303e-01
9.899245414291120149e-01
9.843118037366808126e-01
9.907907694427958711e-01
9.839975228121098372e-01
9.640833712049141635e-01
9.799714373482856233e-01
9.634696425720269408e-01
1.003208767869442575e+00
9.736830395067964661e-01
9.712743682559649150e-01
9.885461300618787472e-01
9.859356715911938851e-01
9.956139444695050189e-01
9.921709358853554317e-01
9.355349258244175514e-01
9.733045799311191848e-01
9.666651028597427198e-01
9.880096429723685958e-01
9.784827005940095468e-01
9.685701578643204357e-01
9.786385197355182974e-01
9.847835406078001563e-01
9.820052060695505514e-01
9.814431785217230253e-01
9.756331366584406473e-01
9.851049011607240224e-01
9.838559785787263090e-01
9.894384920701144726e-01
9.726090168962654436e-01
9.883811586550035333e-01
9.963986135404319100e-01
9.855431157418660382e-01
9.835528138423722533e-01
9.910017669113093675e-01
9.835479886558496920e-01
9.896813798567557496e-01
9.908721707476845220e-01
9.348457747803852191e-01
9.841365172967714292e-01
9.869575962705534611e-01
9.447658341687453776e-01
9.750673146445374417e-01
9.665010662873660952e-01
9.634055886794435919e-01
9.928376565947598653e-01
9.664875394219765159e-01
9.610263579997018191e-01
9.849087008575364566e-01
9.973669131421369904e-01
9.884211580079139692e-01
9.794177499287054500e-01
9.718989245489828566e-01
9.720618800117536429e-01
9.883108217795150141e-01
9.942363726787948330e-01
9.683110470425394523e-01
9.890682807714412661e-01
9.848059686839922833e-01
9.601406771023671682e-01
9.573618674954039731e-01
9.675769736789280318e-01
9.810609807647168168e-01
9.621845022125500302e-01
9.686657648335148529e-01
9.876074544995941951e-01
9.851163531064954793e-01
9.671900478473771656e-01
9.841605936086003092e-01
9.950516847496314599e-01
9.903717944693073427e-01
9.484005677893849739e-01
9.911507763428377693e-01
9.758762903290507662e-01
9.768936421327970576e-01
9.799980914940843446e-01
9.271379916687300105e-01
9.832054466491436662e-01
9.897591648331180991e-01
9.858528381438441679e-01
9.893101021303403186e-01
9.982963257970918214e-01
9.612524317585732225e-01
9.889413558318934649e-01
9.908353204403312908e-01
9.959602621311749449e-01
9.529256102076238966e-01
9.916851384242086898e-01
9.834732992390583517e-01
9.624641006013677780e-01
9.678340336316095804e-01
9.784275814752543265e-01
9.888579805977412152e-01
9.836020274231996874e-01
9.727321580685163172e-01
9.682885769917389807e-01
9.839311504079119031e-01
9.697802320860624548e-01
9.715563749451413544e-01
1.000198801756729372e+00
9.508516900210655098e-01
9.865204730197145722e-01
9.692407002663915305e-01
9.733668339750946030e-01
9.706523060992690022e-01
9.932095163908042368e-01
9.671146175536964318e-01
9.956705190880956735e-01
9.696463086809650189e-01
9.719586558563978462e-01
9.599003006147962536e-01
9.621699397665133269e-01
9.722005047877384509e-01
9.777487400514073279e-01
9.806444823416418100e-01
9.911419766978726287e-01
9.626351294822398375e-01
9.644353491279381574e-01
9.734920642687771020e-01
9.778377476687185599e-01
9.653818524038401128e-01
9.809124428818307706e-01
9.997294361544023511e-01
9.821856562733614071e-01
9.886978073552356028e-01
9.888578310587631259e-01
9.621105973448459414e-01
9.986837205992915578e-01
9.615425189172400744e-01
9.887905197129187584e-01
9.846369669884743603e-01
9.834851212115415242e-01
9.840362759600116416e-01
9.879974600303708110e-01
9.759993519025375042e-01
9.941276111311246888e-01
9.816454874652186247e-01
9.457978005269023214e-01
9.631938667093311590e-01
9.672995152263887952e-01
9.896897565223999882e-01
9.785646808181327483e-01
9.724113654475541324e-01
9.663950426601054522e-01
9.725250749316531884e-01
9.909456677105061839e-01
9.958416193040735553e-01
9.854550899540771569e-01
9.841539950859323760e-01
9.771460053396854306e-01
9.778670563846755259e-01
9.813402042990699847e-01
9.803087838475960103e-01
9.915692579549580943e-01
9.715626579834136800e-01
9.669769383551879427e-01
9.753197438013049281e-01
9.863552296208624171e-01
9.846786275949291900e-01
9.737148027929092287e-01
9.920055828265419429e-01
9.875674265897667059e-01
9.669309192040939083e-01
9.750914168795781212e-01
9.420781423653682429e-01
9.706221887713282204e-01
9.841804330466824569e-01
9.966719496410804124e-01
9.561927014098058342e-01
9.850689129620643358e-01
9.716022618899987640e-01
9.919616493529292978e-01
9.806212647510141878e-01
9.870614328629299106e-01
9.814307746136089472e-01
9.862779358305443500e-01
9.762329508064778727e-01
9.379607378048219202e-01
9.904463351971484197e-01
9.813853472740892148e-01
9.844486779498933249e-01
9.858782344285543786e-01
9.512764521410150831e-01
9.819975970930127085e-01
9.806229982141323465e-01
9.890698155424311189e-01
9.783051367645589913e-01
9.769328536861191514e-01
9.836145925733122963e-01
9.769976503982785720e-01
9.506640861415976973e-01
9.893854919860353148e-01
9.868738152825131671e-01
9.786349140614329922e-01
1.000591482117761943e+00
9.437645992223153701e-01
9.716458222081307827e-01
9.488962291147430284e-01
9.781932795524631574e-01
9.853102561811977189e-01
9.710924487358105761e-01
9.816027616828750801e-01
9.638970808702900239e-01
9.567460822913093077e-01
9.937475928320896879e-01
9.699622615019110050e-01
9.641315209511083228e-01
9.867584434760781065e-01
9.810489969036031432e-01
9.844722584858605074e-01
9.836676303276058464e-01
1.001811848763816792e+00
9.677382328253355537e-01
9.585496058465498015e-01
9.576809916424127156e-01
9.739473413967242310e-01
9.630596917676491620e-01
9.217861912239735389e-01
9.557752983027846261e-01
9.658866704003961079e-01
9.412914696898584399e-01
1.000859120102174371e+00
9.703676323657742797e-01
9.821110290790924235e-01
9.747430615044648805e-01
9.741507276772618518e-01
9.347019194123800112e-01
9.810679931836112644e-01
9.871676576941815773e-01
9.704380395611056365e-01
9.949102046456071990e-01
9.672522341791828238e-01
9.534567111758551761e-01
9.708319863893143387e-01
9.790865568957393128e-01
9.715515433016101987e-01
9.856339435936843918e-01
9.315977819124112713e-01
9.417039176338296569e-01
9.805656593770756269e-01
9.874210192744217185e-01
9.788456212340657103e-01
9.947005187709664353e-01
9.819030106624547782e-01
9.772853397208599580e-01
9.747966197146460399e-01
9.853275271072514663e-01
9.724200280877901559e-01
9.816349211756888460e-01
9.871289037206048000e-01
9.790947630102372345e-01
9.679495814067528014e-01
9.874559047680259161e-01
9.416332427041292918e-01
9.817759089576841847e-01
9.719237524754895663e-01
9.991207506821863094e-01
9.753353155947134256e-01
9.881305318915809544e-01
9.858975931038252982e-01
9.780853172335577383e-01
9.876570623814678873e-01
9.696092505493629776e-01
9.890722079002762790e-01
9.857070808486572133e-01
9.874933611419695056e-01
9.780210613065691838e-01
9.644856750141271862e-01
9.794258294685417310e-01
9.925865388676717860e-01
9.306542516058837755e-01
9.768257050930371221e-01
9.829054139607148466e-01
9.808489922968005592e-01
9.852958993816547384e-01
9.816448330452133275e-01
9.794110162860790725e-01
9.840532256909814146e-01
9.804213314167120608e-01
9.518983045443030200e-01
9.928713924415326630e-01
9.452750808054988241e-01
9.842846734205404902e-01
9.843643461820766882e-01
9.856728833065619977e-01
9.899489911072205661e-01
9.770364931671037256e-01
9.817588550950874238e-01
9.777479196850489274e-01
9.774236757226254513e-01
9.700020258225187098e-01
9.874588804680077825e-01
9.709225381934242227e-01
9.883788901079463285e-01
9.651874098166018934e-01
9.727164581813914079e-01
9.690010845285158547e-01
9.765636883041879379e-01
9.796020716402350503e-01
9.828956691711084881e-01
9.869923193518829185e-01
9.866031705923424822e-01
9.857631007273746082e-01
9.694376364750382224e-01
9.764879038759993746e-01
9.818539325921697980e-01
9.757060006748455860e-01
9.881700097787990966e-01
9.689747961863190984e-01
9.774953212335041330e-01
9.853580237413226417e-01
9.806279276349850749e-01
9.861057013849955366e-01
9.861776041490649680e-01
9.720014219561061708e-01
9.689373814644625105e-01
9.879641898208567641e-01
9.935754687667307516e-01
9.830919194363968439e-01
9.785217723919512611e-01
9.814072073234862970e-01
9.784409555789186363e-01
9.797168009505020647e-01
9.618405335327783190e-01
9.768644854292772850e-01
9.906443352788643075e-01
9.802238632535652529e-01
9.970091137411016824e-01
9.743695842104218574e-01
9.779307840864148726e-01
9.898305001455353080e-01
9.892602266795393895e-01
9.795050993091001246e-01
9.819875839236179571e-01
9.668825008733159532e-01
9.708284931332566980e-01
9.965683058778377346e-01
9.954134272763123237e-01
9.810185773891937355e-01
9.923046527745817968e-01
9.885371184358516805e-01
9.928019317560363710e-01
1.004997091087241223e+00
9.668650907795205418e-01
9.813579333812425531e-01
9.887918654300666965e-01
9.881718506726235862e-01
9.767589437820656251e-01
9.883292140180671703e-01
9.848593225606560031e-01
9.859490489050414253e-01
9.854468735272219337e-01
9.739610719863646127e-01
9.741036808796749158e-01
9.915480305010525575e-01
9.985576488388374639e-01
9.774971032189250231e-01
9.807682586059895957e-01
9.819218083831492416e-01
9.853921812315740159e-01
9.875103634076978221e-01
9.863351572661889222e-01
9.748103670323114978e-01
9.696058965599221313e-01
9.710060209193223102e-01
9.899056550001419374e-01
9.858844959521722018e-01
9.761177468859938422e-01
9.782340252450117957e-01
9.861844055026510736e-01
9.756659746431535218e-01
9.778572476910684097e-01
9.867140708353622225e-01
1.001236972262500080e+00
9.811622086831873757e-01
9.727825921345963911e-01
9.738253100138460905e-01
9.626990773241246302e-01
9.762342955954698143e-01
9.863499972821381245e-01
9.728030286128797055e-01
9.883726690217862210e-01
9.856566881896198229e-01
9.854016556503778501e-01
9.861302677847743059e-01
9.615732724927082975e-01
9.806661522829284161e-01
9.387284634721997367e-01
9.701730968568537117e-01
9.910108124751675351e-01
9.831743328443045549e-01
9.901743106510836334e-01
9.872417970431905943e-01
9.950389238640304779e-01
9.842284091677546698e-01
9.823066566455416204e-01
9.785051696033932878e-01
9.920904084642121479e-01
9.799298711596436950e-01
9.667021569774282286e-01
9.496160115447951355e-01
9.971927852661597313e-01
9.755237097339843899e-01
1.005347151423375829e+00
9.608458732990564632e-01
9.715954221078523245e-01
9.643959879172123717e-01
9.691175030386640632e-01
9.697683108734865831e-01
9.771937185934077563e-01
9.923587889037566168e-01
9.742124591761734953e-01
9.925553352539127072e-01
9.205599638900177073e-01
9.740449975059206622e-01
9.686181009851020374e-01
9.799478411351365548e-01
9.865206740776815142e-01
9.864953706972455771e-01
9.426023170516526495e-01
9.726443286009817113e-01
9.809946080927404166e-01
9.813483381497513092e-01
9.775886392633142963e-01
9.848155415540422730e-01
9.926784634567665799e-01
9.847233122462829558e-01
9.774433162948581444e-01
9.880763291613248178e-01
9.799921180889555883e-01
1.003629722939511693e+00
9.739437152397750763e-01
9.767541362530972604e-01
9.823153259947369209e-01
9.645746678493231085e-01
9.865376411467746687e-01
9.865575560010670930e-01
9.764092082134343542e-01
9.825715493225499753e-01
9.495590047326223360e-01
9.537566240790271710e-01
9.953608201373741471e-01
9.700250467784777841e-01
9.929748916220912935e-01
9.835658926419198478e-01
9.702112705230971912e-01
9.885081568235024596e-01
9.865169144873624507e-01
9.795513007946484718e-01
9.521248692808365055e-01
9.884260789537703262e-01
9.749771633232440227e-01
9.741661089844848576e-01
9.835387681682572492e-01
9.792742972158976489e-01
9.693081882581683351e-01
9.560779226159809019e-01
9.851278639686614769e-01
9.869268951542905510e-01
9.847696031542123585e-01
9.623227409622658879e-01
9.762444773292470179e-01
9.827992575124332442e-01
9.857321992261598442e-01
9.317145257777406098e-01
9.754016550542449204e-01
9.902685149903397432e-01
9.908705585456039078e-01
9.849351134604422686e-01
9.813388649512826412e-01
9.634392564325180430e-01
9.687395685190184347e-01
9.630605449583951039e-01
9.727359547021152686e-01
9.803754775296562585e-01
9.905508989269501408e-01
9.711996886348538416e-01
9.802551794796503515e-01
9.830002598006837289e-01
9.630097969998482332e-01
9.901205638103856010e-01
9.747884849141814634e-01
9.888561750224115210e-01
9.803150358986677526e-01
9.891638327409562059e-01
9.949805011373809016e-01
9.878730265287100076e-01
9.733972711060369098e-01
9.874276701869953987e-01
9.446255044623912411e-01
9.733311791114773737e-01
9.713176000280326905e-01
9.547093129257553379e-01
9.853482823196623164e-01
9.548237486511371719e-01
1.011277900898803983e+00
9.801836822316634112e-01
9.904493374703107200e-01
9.720716592874917295e-01
9.829695462497285430e-01
9.799490509867356813e-01
9.727234653095722106e-01
9.495059022678383753e-01
9.790144974234391562e-01
9.818405991976338898e-01
9.947685851015797276e-01
9.615369739274016725e-01
9.879388870501364384e-01
9.877297389187333909e-01
9.851441992720800789e-01
9.794974433413722315e-01
9.630024730959022561e-01
9.725720038770677700e-01
9.819457240558997491e-01
9.662796651667084902e-01
9.891112626472632341e-01
9.837932460367759813e-01
9.895887843070906298e-01
9.837687311963110304e-01
9.736976858842286697e-01
9.916060258830688978e-01
9.762648434715508472e-01
1.006272341574284468e+00
9.889549066264833321e-01
9.690645674287249323e-01
9.828031758406184926e-01
9.821979190377251312e-01
9.737075400665186065e-01
9.812234478120589465e-01
9.504641451828754750e-01
9.810552493364286253e-01
9.951686704909157299e-01
9.855836300374668513e-01
9.762199118989616231e-01
9.593942161681326963e-01
9.965713044674826548e-01
9.789842016244832967e-01
9.611101899238907453e-01
9.908952519355950228e-01
1.001092058504879700e+00
9.800535849976378389e-01
9.838324545566105028e-01
9.798885257294537299e-01
9.786793765183601224e-01
9.813135615767671904e-01
9.730096854141510043e-01
9.474656174588045321e-01
9.759648180785461813e-01
9.832212714469537040e-01
9.516145858500492105e-01
9.758653183923590158e-01
9.910735902555477539e-01
9.764004945221055332e-01
9.715522841930126496e-01
9.836773918893771951e-01
9.362474080992161385e-01
9.723344766549507634e-01
9.964903846804201715e-01
9.911812668250414848e-01
9.825776149776590529e-01
9.887196756575030721e-01
9.736643206580098964e-01
9.645505090473065479e-01
9.896722645042369537e-01
9.699923443502487252e-01
9.631851502691854972e-01
9.778586478389948988e-01
9.763168929809535879e-01
9.899535858850645464e-01
9.789450624861439909e-01
9.927281222829920093e-01
9.811884493036939769e-01
9.971083480479816519e-01
9.910031025231946789e-01
9.757788791517736371e-01
9.889988192877661177e-01
9.949702710124348481e-01
9.921147462093028446e-01
9.652750582176342631e-01
9.744395236956340245e-01
9.627038523143727211e-01
9.649282784967753157e-01
9.871869250634852655e-01
9.893714874005211657e-01
9.337375294927293679e-01
9.897401321119206896e-01
9.784102734546659130e-01
9.728506229088088597e-01
9.760992253533772312e-01
9.517608265419230662e-01
9.704272209182184250e-01
9.936572108383514568e-01
9.892553416333740302e-01
9.775201267783332204e-01
9.662769608881986994e-01
9.814372290184769643e-01
9.907956478813554346e-01
9.792007144709405919e-01
9.801251452871461156e-01
9.741319407845492329e-01
9.886266929223910260e-01
9.859477050224081385e-01
9.918472691104004424e-01
9.827334438794141924e-01
9.791892841983965701e-01
9.769843113969164383e-01
9.656494280683192155e-01
9.763920274389771281e-01
1.000903065525538205e+00
9.869540977791506631e-01
9.604225627333389248e-01
9.685229944362775401e-01
9.852122686764961390e-01
9.895412551878680629e-01
9.814676390154091212e-01
9.780747656501423970e-01
9.933665077003298594e-01
9.830194854908606006e-01
9.906653830747909062e-01
9.882288078380394580e-01
9.742156971401748633e-01
9.739302054908414163e-01
9.690482303491316785e-01
1.000053246603772816e+00
9.853859628107205504e-01
9.757297697237847789e-01
9.903907402310635488e-01
9.371508429393151651e-01
1.007453407857722416e+00
9.609765188780085010e-01
9.616363433317047793e-01
9.955516256370546824e-01
9.845485236846205357e-01
9.760208972115298476e-01
9.971171541438377250e-01
9.800720956993868027e-01
9.876774003733308493e-01
9.697214199857759898e-01
9.885294327396372260e-01
9.897580310431025596e-01
9.875065886369662760e-01
9.811834558537737561e-01
9.611436111552722483e-01
9.672075697480321255e-01
9.793393902565564746e-01
9.883545498262903406e-01
9.816229163126439783e-01
9.904060069272245803e-01
9.835182096383481287e-01
9.764467048253697712e-01
9.761563004625404272e-01
9.667744067914386674e-01
9.796808306945138378e-01
9.755367473912498477e-01
9.939256231038094969e-01
9.840498215615000044e-01
9.679118133307220706e-01
9.960937599221906247e-01
9.711309698650855138e-01
9.699810392771733847e-01
9.787017027020189497e-01
1.004438583729510004e+00
9.889725392889824329e-01
9.622188741573209914e-01
9.757803500361271754e-01
9.838156672433902017e-01
9.798095945798460660e-01
9.809239014394994793e-01
9.957375586163903503e-01
9.913697437342562369e-01
9.909109571441639952e-01
9.657531129026488692e-01
9.584564280332508179e-01
9.886596311172967111e-01
9.517529830717313954e-01
9.938437264322089737e-01
9.868014169404367708e-01
9.813322699093823820e-01
9.926187032662513454e-01
9.894768143295407103e-01
9.714285580386108343e-01
9.630986012811236785e-01
9.769425121331891670e-01
1.002571237243806479e+00
9.844989080434745077e-01
9.587013711612961675e-01
9.895483885637508248e-01
9.812540662265225588e-01
9.893095408561120019e-01
9.899791548658403162e-01
9.867503585643507824e-01
9.812976024530686292e-01
9.643878852601885932e-01
9.714262128106128102e-01
9.562521024314317719e-01
9.537949262167341180e-01
9.751726669548816950e-01
9.814651166785420822e-01
9.845219245851954959e-01
9.769058150837210963e-01
9.964305482572829442e-01
9.777085938534764153e-01
9.941689884738156291e-01
9.883854412652249843e-01
9.882784859560123092e-01
9.867165401571830197e-01
9.670173071678639376e-01
9.851362953549385182e-01
9.814743195402397813e-01
9.627421818587653668e-01
9.712260167237777297e-01
9.693145640600769886e-01
9.788478114599425961e-01
9.437073411654158805e-01
9.946663983371605289e-01
9.667231840044743230e-01
9.871686577520623063e-01
9.915857830824590380e-01
9.829640157379579968e-01
9.664726400085085212e-01
9.671460842137086233e-01
9.767579518234497105e-01
9.862561572270076571e-01
9.840041161962096439e-01
1.012186139765434145e+00
9.735134963516770545e-01
9.532622580044292082e-01
9.826004093006492912e-01
9.679040269668284235e-01
9.647468181587539604e-01
9.842522759571656898e-01
9.589957195526357392e-01
9.684616746951988375e-01
9.920536594626343518e-01
9.796320864625712721e-01
9.848638123252471122e-01
9.818019242916359302e-01
9.865558349697667317e-01
9.843414148000544373e-01
9.930678309315925656e-01
9.870417837909351011e-01
9.858775369916613629e-01
9.748607045261575843e-01
9.809138102606588250e-01
9.805875515282223009e-01
9.799230019999947139e-01
9.759250175978422259e-01
9.808764866668323590e-01
9.822663463598062528e-01
9.877376486466206140e-01
9.915784306220687405e-01
9.882332869249735863e-01
9.751545503637161216e-01
9.538685151870147649e-01
9.769382594457366453e-01
9.707314231638899393e-01
9.874032562509271749e-01
9.780720385999558397e-01
9.904531434414676205e-01
9.787535708628704034e-01
9.793305765938606910e-01
9.934626998718064650e-01
9.932423454042007549e-01
9.809586538641281717e-01
9.785447286787932741e-01
9.899038458774666038e-01
9.894878904252956131e-01
9.735641298855742809e-01
9.854961765107421723e-01
9.858386234783332869e-01
9.961857508011117135e-01
9.534231227246448004e-01
9.931352037135354749e-01
9.886000599995873328e-01
9.842141338829238917e-01
9.818596710577454090e-01
9.770888976614747756e-01
9.888334295372296356e-01
9.925208642385598967e-01
9.837034014106161850e-01
9.836644559870374449e-01
9.753825142328436115e-01
9.953032665860557238e-01
9.795418948573832996e-01
9.870004580499835978e-01
9.651367048012023941e-01
9.641536914018365989e-01
9.613279121153966988e-01
9.761431807384389758e-01
9.465532039380453178e-01
9.482317464447197475e-01
9.875884737656563939e-01
9.700665473520165838e-01
9.629882884790330611e-01
9.701223323438412649e-01
9.935940739065616256e-01
9.904747028903657657e-01
1.011884559471780465e+00
9.886010600881777188e-01
1.000137299267109592e+00
9.411861518971759155e-01
9.578665544307659596e-01
9.868517667737077836e-01
9.841602244067860772e-01
9.655964657984743571e-01
9.832583416047581126e-01
9.560699176539194655e-01
9.851304191570011692e-01
9.988927898053476806e-01
9.836455401129737819e-01
9.405798157627379696e-01
9.461071414865339646e-01
9.785498096752953678e-01
9.677703886109969567e-01
9.491244391099573630e-01
9.777823649756198776e-01
9.799785402187329852e-01
9.777709274427358599e-01
9.760951715796070127e-01
9.750772193111302277e-01
9.868768505922766998e-01
9.700675575715987931e-01
9.692071803142062736e-01
9.916327117937835389e-01
9.906829776630606821e-01
1.001902869711457367e+00
9.711287867817198771e-01
1.004104511398695943e+00
9.769363134864593734e-01
9.877245498422670966e-01
9.961673575920729773e-01
9.740149133247781865e-01
9.880645144194879492e-01
9.766929717041299419e-01
9.882698403164824619e-01
9.733693177291958820e-01
9.937042394099449005e-01
9.831307655330333573e-01
9.919668272671953169e-01
9.783009069492332177e-01
9.743810630363924918e-01
9.774555670338501701e-01
9.776104133244887251e-01
9.759788692088958717e-01
9.594010712971478005e-01
9.789902215399713947e-01
9.662230116407237723e-01
9.791221752273298051e-01
9.630189025234826561e-01
9.739094656661981819e-01
9.885133073184554364e-01
9.669042331492111453e-01
9.695766861609057541e-01
9.435245771808820070e-01
9.710465606709814956e-01
9.865542413136760835e-01
9.587089562742903137e-01
9.953588402975339644e-01
9.173036935973568617e-01
9.869325008437986879e-01
9.860944468215067094e-01
9.744582110227323346e-01
9.695918350437582323e-01
9.823629941379473651e-01
9.851189314016171039e-01
9.652998508152190738e-01
9.827266334582308582e-01
9.874934812860967082e-01
9.848901006934449587e-01
9.387554167170293340e-01
9.811030538889866648e-01
9.854292165190259301e-01
9.911879770559662850e-01
9.877318870057116840e-01
9.609128586862938359e-01
9.537805908280503342e-01
9.818900116129762878e-01
9.861344567214964663e-01
9.424314321215749857e-01
9.929105213942219788e-01
9.997573748951176231e-01
9.651607687213588083e-01
9.860997239087577748e-01
9.908659427839896505e-01
9.698569165310880758e-01
9.974559215549547719e-01
9.699079817761581124e-01
9.867115926824301386e-01
9.833035745292311169e-01
9.561171975915858656e-01
9.857339124560785537e-01
9.893271162788975781e-01
9.915862818518915711e-01
9.808322192746524726e-01
9.781548282027257013e-01
9.659734194659952422e-01
9.863618170667218799e-01
9.729668735292076320e-01
9.843719458198183503e-01
9.596776867569440927e-01
9.704374273688775032e-01
9.871364218867043627e-01
9.939947773505865003e-01
9.926557049273259103e-01
9.763119352401664619e-01
9.715012787873150701e-01
9.435529221797624988e-01
9.747071029097906791e-01
9.839662985573948140e-01
9.459161201099660632e-01
9.696274729881061427e-01
9.690252557149987567e-01
9.739122934914127283e-01
9.920175952846344014e-01
9.843151501669707981e-01
9.883891827858275470e-01
9.796327623199377888e-01
9.851814135013043927e-01
9.842798969747724724e-01
9.800702174464168692e-01
9.538037332576378979e-01
9.964520282527501438e-01
9.854977305159500212e-01
9.911645806995952324e-01
9.815651674748752109e-01
9.673631751336816409e-01
9.659826068637991092e-01
9.898914344271133592e-01
9.861787707402283054e-01
9.783987170714297799e-01
9.798092227495052153e-01
9.273114943870267579e-01
9.874289586802065255e-01
9.800840768934651059e-01
9.899296514986567486e-01
9.686000648886603503e-01
9.527221849728877423e-01
9.986308664333526375e-01
9.854733711339288549e-01
9.909053698050128700e-01
9.868213783667018069e-01
9.878592314859103718e-01
9.658988906779332195e-01
9.819002459648076275e-01
9.483239519281327912e-01
9.813574997730997174e-01
9.746486522698820654e-01
9.798383170601564496e-01
9.687251747655911682e-01
9.848646261091278387e-01
9.775822608198795338e-01
1.001510727772144893e+00
9.630850509234052392e-01
9.788092942083571613e-01
9.808371068703410911e-01
9.685323575583876243e-01
9.820243225459442948e-01
9.881761398953516906e-01
9.675592402543613524e-01
9.772053285106753195e-01
9.609827913948606470e-01
9.625094253232567842e-01
9.670212144760998996e-01
9.689806998098789981e-01
9.884187216115375429e-01
9.753601456954774651e-01
9.811077337191947967e-01
9.709519238175552402e-01
9.841343912476364642e-01
9.858485725383701048e-01
9.914128649680957750e-01
9.635479847558036104e-01
9.750272105202028028e-01
9.610223156029457092e-01
9.645362965181607517e-01
9.938447195306022719e-01
9.827018580977401330e-01
9.824094334961517294e-01
9.761843025745201574e-01
9.769695546496708349e-01
9.783758684894752200e-01
9.880076812399130048e-01
9.906978331773756974e-01
9.827258747441602882e-01
9.783322653381001377e-01
9.781149670964074394e-01
9.859650354056528343e-01
9.894350801362538084e-01
9.779812094552979840e-01
9.876772454549290758e-01
9.854976921121120226e-01
9.729725325053364404e-01
9.797859750810874457e-01
9.612538817004078195e-01
9.885284735666292066e-01
9.855096436938026727e-01
9.587226373600294949e-01
9.825918826245843007e-01
9.819467430415749210e-01
9.635584491450559508e-01
9.755531707847366896e-01
9.782562544177091368e-01
9.870280628498777631e-01
9.805483279151260279e-01
9.895386400653469749e-01
9.845130152947836333e-01
9.846602506474024796e-01
9.939896071506100217e-01
9.953197187612218277e-01
9.432779461759299711e-01
9.819393610684790108e-01
9.815333717783270018e-01
9.862044783224247491e-01
9.997868102985265626e-01
9.914000124710182771e-01
9.860088228642467367e-01
9.914312883797404830e-01
9.976496157536450804e-01
9.933545614987916439e-01
9.867779308475569389e-01
9.861914945886895989e-01
9.694222661473029801e-01
9.781273293435635008e-01
9.726977662236285793e-01
9.899867097226836554e-01
9.767936087962129088e-01
9.816161370900493566e-01
9.910910210975620860e-01
9.694089800214198416e-01
9.802695765594046096e-01
9.696889533490945512e-01
9.730094747329797178e-01
9.889940695148451422e-01
9.810428052907187446e-01
9.775403202393265767e-01
9.579533810955279671e-01
9.801175160624413518e-01
9.687783892425335663e-01
9.760555655767302330e-01
9.950473851783402379e-01
9.482375322264321449e-01
1.014266033568239633e+00
9.867944056631589023e-01
9.538767358120729956e-01
9.906012515436463106e-01
9.721511046810928924e-01
9.606879891285042827e-01
9.772306433997882680e-01
9.835612348790471193e-01
9.928969443180396537e-01
9.943680896676578840e-01
9.735219620995719803e-01
9.631057873978983164e-01
9.727253659841881284e-01
9.758931426594247283e-01
9.828814696725293176e-01
9.818767662221556947e-01
9.678409134530436830e-01
9.715970960445187155e-01
9.736541972352714680e-01
9.867112185406723412e-01
9.655249612950108640e-01
9.930631116730187502e-01
9.862448577417696205e-01
9.872836680522412145e-01
9.926144185909687723e-01
9.887631506283707239e-01
9.846369425526428909e-01
9.891671208715108188e-01
9.731310390008495181e-01
9.723320628929819076e-01
9.888437962930114455e-01
9.839018240166585993e-01
9.910224575614693387e-01
9.734402935840358317e-01
9.761047643134359575e-01
9.449339764459254720e-01
9.631826575021282810e-01
9.400756296490576647e-01
9.879654599167686513e-01
9.897054837472297750e-01
9.920167711040802638e-01
9.760608303055130497e-01
9.779222620232361773e-01
9.968484212909793918e-01
9.806078955912682638e-01
9.920454164499876715e-01
9.648873209148866037e-01
9.887241069602606958e-01
9.798445046463034602e-01
9.803251039645968223e-01
9.884795624256151880e-01
9.887865883675415191e-01
9.801872229356466404e-01
9.850485489596449984e-01
9.811207178946078633e-01
9.743273420170376342e-01
9.798254050700246909e-01
9.735405831107445396e-01
9.942640138553620055e-01
9.871950447836208564e-01
9.702634890511782073e-01
9.679690221447033727e-01
9.621875232569145897e-01
9.710018330741779780e-01
9.733652466563434968e-01
9.870319486950829280e-01
9.737967092551347292e-01
9.904245866005711996e-01
9.853175770555715474e-01
9.749223350709198543e-01
9.841801329392623199e-01
9.816009422321645417e-01
9.766874611905949077e-01
9.686485700665270482e-01
9.745781928036103547e-01
9.707318525788108943e-01
9.939743423553453194e-01
9.930481538202665659e-01
9.929527589109019559e-01
9.818042612662954971e-01
9.884132403414002122e-01
9.609578492771744251e-01
9.781400127976531689e-01
9.589007355913197195e-01
9.852430270580707639e-01
9.878794738135345810e-01
9.719021891533446977e-01
9.965001226788080535e-01
9.825161713873999947e-01
9.820515987861503371e-01
9.859451139943867792e-01
9.893791016822337525e-01
9.711901488082130829e-01
9.852562641506742436e-01
9.974890555823402449e-01
9.818186527049513890e-01
9.874500086603698046e-01
9.586658504373609668e-01
9.815670943212612132e-01
9.957100312361475414e-01
9.831000907430504920e-01
9.903438679263629751e-01
9.600559977156810643e-01
9.838894389692602882e-01
9.664055422750450486e-01
9.749247532156244400e-01
9.811627214268440200e-01
9.492195349027742202e-01
9.840469854224734858e-01
9.919925215224125736e-01
9.634972587107233366e-01
9.799530398494863404e-01
9.791242564645132873e-01
9.695245992175298699e-01
9.500330820618770877e-01
9.974347999171984114e-01
9.694087675430951290e-01
9.865828866558021826e-01
9.945386173445495137e-01
9.879140295233231894e-01
9.927030857928803576e-01
9.645738829683697668e-01
9.897810496527227331e-01
9.916144411903691225e-01
9.898502838570678586e-01
9.791484002841311929e-01
9.896523904732417165e-01
9.815256184087333136e-01
9.774777752299182998e-01
9.599915059338717249e-01
9.658540272797921933e-01
9.815717290045911092e-01
9.626819246425890597e-01
9.721173605066155687e-01
9.700315838541447855e-01
9.753068049279814966e-01
9.891507138161882429e-01
9.890259496176992959e-01
9.869944488025983453e-01
9.429714054597496675e-01
9.921611036633338765e-01
9.666038917571914135e-01
9.706361634146800643e-01
9.688744721100595036e-01
9.941622786102101150e-01
9.639611227834068430e-01
9.592655267841325717e-01
9.802184917100206230e-01
9.989533970834161281e-01
9.825489442532684414e-01
9.876198696855799097e-01
1.000361122598109054e+00
9.738211702412040705e-01
9.885803884710665512e-01
9.737597538502917871e-01
9.830920013062414142e-01
9.804086013436783542e-01
9.794034086660158289e-01
9.569342381286152222e-01
9.941656834032747136e-01
9.799843711409282898e-01
9.889768025502226889e-01
9.849170347675696435e-01
9.912146590011480241e-01
9.712971063279662864e-01
9.663718468298481135e-01
9.680370694653571695e-01
9.422528857454727236e-01
9.808565275479086409e-01
9.862883508088914342e-01
9.836502762265273425e-01
9.809561303900520279e-01
9.761629535991106499e-01
9.791684600323603549e-01
9.970232579900232261e-01
9.861020012897724341e-01
9.849600222015949536e-01
9.644580796902824105e-01
9.759595666088473065e-01
9.782681194688048754e-01
9.657045720567081215e-01
9.882494314399106194e-01
9.830021884566557677e-01
9.700177829048513001e-01
9.703296293318997012e-01
9.669481278120062306e-01
9.851076807892915621e-01
9.854909308528793099e-01
9.796243047134886028e-01
9.692833968943183054e-01
9.864677066492284485e-01
9.766525065888392865e-01
9.871905532699606356e-01
9.789164599802879785e-01
9.869320049087421109e-01
1.000656279438390861e+00
9.938444032335940204e-01
9.656236988111428499e-01
9.661314554077554684e-01
9.801507913575397968e-01
9.936814686355616155e-01
9.865096913709942017e-01
9.823730204324928605e-01
9.566660950594606527e-01
9.854011003223029919e-01
9.826236927204977656e-01
9.872483610982868418e-01
9.903375303734681667e-01
9.843906264298039055e-01
9.501988537203124308e-01
9.744623092217409299e-01
9.778282654357426384e-01
9.759623457007887692e-01
9.739856447539583240e-01
9.591096355231414350e-01
9.702434617763612268e-01
9.624633286246737640e-01
9.861290332492728128e-01
9.891967510014824105e-01
9.815989849514641374e-01
9.679500525433654134e-01
1.001852915393619536e+00
9.774405871291883541e-01
9.299039321927924373e-01
9.910979848195272668e-01
9.796155975661481330e-01
9.905373859392725411e-01
9.860018795078905329e-01
9.533183126427675624e-01
9.587498756380479215e-01
9.881986081639366759e-01
9.862439703785552680e-01
9.535648690664019211e-01
9.891737853816597870e-01
9.633010415557575756e-01
9.660164537273391305e-01
9.719671461634694642e-01
9.765144456839534026e-01
9.864988846133215805e-01
9.519940001748353753e-01
9.843229222194320727e-01
9.679494614442357703e-01
9.674539626393083847e-01
9.710106559162368089e-01
9.804645585526791107e-01
9.828211324902987878e-01
9.613144698107443098e-01
9.670563434168419903e-01
9.684097490304554023e-01
9.792382267332013779e-01
9.722385860662097201e-01
9.898028314815107143e-01
9.888111344659793467e-01
9.720605613798127820e-01
9.731080685408650677e-01
9.912559078916416411e-01
9.876257983530135620e-01
9.701075247907976484e-01
9.841938131054026595e-01
9.924742784013628194e-01
9.859102632799225940e-01
9.649434192929362553e-01
9.960173159295027112e-01
9.906864243167288198e-01
9.669511797340329951e-01
9.954096605020998911e-01
9.542800333539940283e-01
9.920348332274805392e-01
9.698334518485195455e-01
9.732737793759091982e-01
9.819541495188190972e-01
9.870356589160822480e-01
9.869106545553973930e-01
9.930771231612082195e-01
9.706805077143783045e-01
9.655202524855667212e-01
9.605131269912539071e-01
9.811565427497506153e-01
9.957041946657437803e-01
9.899951140839902131e-01
9.787223079264932846e-01
9.901335981585674961e-01
1.005935509282054330e+00
9.863167537055370637e-01
9.872220765975482371e-01
9.911674922495735673e-01
9.884006768437531010e-01
9.821260100085036360e-01
9.888590617565871099e-01
9.559560176637781348e-01
1.002912713611960438e+00
9.976183356797340140e-01
9.757395742477119605e-01
9.528839903733763439e-01
9.790134206066217759e-01
1.002473378206322430e+00
9.511201170921016468e-01
9.733816772156278496e-01
9.968615678868355534e-01
9.789860050938883340e-01
9.703769518060010313e-01
9.916190182724731184e-01
9.686628990712216059e-01
9.618910586832221110e-01
9.680561201012710670e-01
9.838363996073901108e-01
9.884712464987234215e-01
9.819115301146219554e-01
9.911607596161247091e-01
9.824004074391193830e-01
9.677942486222153029e-01
9.907720960121982889e-01
1.003975595812250710e+00
9.725468144760379685e-01
9.670165631481090207e-01
9.544531186636618925e-01
9.830638076478830367e-01
9.787206812889884811e-01
9.586348007714081687e-01
9.844679754909987368e-01
9.863804834802569754e-01
9.886190373919055974e-01
1.004426966557140144e+00
9.830208279036188879e-01
9.806453275434785510e-01
9.872755823790733132e-01
9.666334516357275586e-01
9.870952949487058481e-01
9.757566660894220201e-01
9.793377698659905262e-01
9.610043787048367925e-01
9.640299015415522144e-01
9.783420598421728176e-01
9.831175628885661100e-01
9.844577882270256763e-01
9.944064239337426780e-01
9.824251854994537902e-01
9.869936507272963899e-01
9.833159211666970823e-01
9.759217477100665672e-01
9.965643897939022722e-01
9.857615785544774356e-01
9.868200768738718542e-01
9.850905820408583091e-01
9.631887294044368941e-01
9.574516498873564263e-01
9.630831682307084973e-01
9.863678631517743822e-01
9.859101360038317052e-01
9.822748610154561355e-01
9.608296931902573501e-01
9.857201637507356784e-01
9.924544718041526936e-01
9.797550243072268294e-01
9.809987309441005054e-01
9.754340593781587465e-01
9.903967380798860409e-01
9.802417729541461622e-01
9.772178926962749035e-01
9.846651672779824782e-01
9.940140350147633752e-01
9.567870347311350221e-01
9.840532044302420234e-01
9.868976468053837214e-01
9.879782604945978042e-01
9.910180804600050575e-01
9.905737951314257383e-01
9.857844109181831405e-01
9.794471821165107173e-01
9.876999442104398286e-01
9.766561100997293021e-01
9.959175784256435460e-01
9.752693783530220761e-01
9.885429933086878895e-01
9.842371054595997482e-01
9.879827727483264654e-01
9.750051972301094771e-01
9.910338301936620908e-01
9.791512991548421141e-01
9.789687842899467141e-01
9.853101835369006967e-01
9.917189766931117090e-01
9.656352544801860560e-01
9.745659095861509691e-01
9.929582403046263162e-01
9.884384283319302966e-01
9.880463920315830650e-01
9.752499030740295893e-01
9.921544277855871563e-01
9.726277975217688665e-01
9.620855209527331420e-01
9.628759131589167408e-01
9.812400619444057170e-01
9.884049700751843526e-01
9.732961055520845672e-01
9.841574214055295311e-01
1.003108923422944443e+00
9.884258674158248326e-01
9.843878157866808865e-01
9.768311986928882584e-01
9.991057067135079572e-01
9.776033803911816644e-01
9.793652969168850086e-01
9.926833169288274972e-01
9.517304829431110225e-01
9.859503454004421297e-01
9.858773657403610002e-01
9.875310509354066069e-01
9.473739366223322689e-01
9.782754723017403897e-01
9.845995664307917172e-01
9.923281831062066294e-01
9.970577967164155897e-01
9.800317451573669070e-01
9.733769121088207132e-01
9.699188781253442748e-01
9.902366247883022110e-01
9.904918555347352882e-01
9.816160345395387177e-01
9.892994048668196649e-01
9.823863490282849220e-01
9.776757043769218614e-01
9.780429174774133427e-01
9.650167993423083290e-01
9.935623112908482657e-01
9.859542216496547384e-01
9.780851765596219050e-01
9.928531246409240119e-01
9.949574711171983443e-01
9.607358533404722900e-01
9.806211005338205666e-01
9.922397860610940867e-01
9.827598449518891721e-01
9.866870445036590720e-01
9.963133680304835371e-01
1.000274500643550279e+00
9.687498054306404871e-01
9.849230183751770396e-01
9.724113485433519832e-01
9.819992361437382966e-01
9.573962038421356402e-01
9.744187193224359556e-01
9.936588796150531699e-01
9.962892618982998050e-01
9.928600481969535041e-01
9.847953828146477351e-01
9.610366190891749261e-01
9.797451638536890384e-01
9.674285722283051392e-01
1.003434015607238994e+00
9.949999803305880075e-01
9.807280007081002893e-01
9.717026719515817756e-01
9.850435799453629571e-01
9.705537781079086601e-01
9.750261506329594985e-01
9.789499843351665564e-01
9.869876966999313606e-01
9.878137026117088659e-01
9.545825418496973747e-01
9.721018004826857961e-01
9.767995782052244502e-01
9.820927096635789777e-01
9.848501075966683560e-01
9.324021707473740816e-01
9.814116964118800857e-01
9.891980037290590833e-01
9.669045069954309568e-01
9.785295164466625284e-01
9.884065107499354630e-01
9.839418108015901554e-01
9.897874593303492841e-01
1.002169725264439704e+00
9.825147672236681506e-01
9.862813330389106348e-01
9.358355451681383830e-01
9.562260703453620003e-01
9.807576729906818391e-01
9.865904598350797583e-01
9.189109716498231606e-01
9.758217579505132910e-01
1.001318923799065619e+00
9.512373814065935296e-01
9.678419627959675697e-01
9.857794778394536328e-01
9.603244439549648570e-01
9.661158921337685834e-01
9.797063407214482433e-01
1.000057057792639537e+00
9.825451248137531124e-01
9.772882833379921141e-01
9.944836558261617165e-01
9.813624406439324099e-01
9.377486662446012922e-01
9.741566359660857044e-01
9.884416577682819671e-01
9.675841992219680332e-01
9.849667898599734350e-01
9.770385691006177042e-01
9.678085891460653789e-01
9.339476435698447210e-01
9.834349174191063803e-01
9.842943078345154362e-01
9.900828023176031500e-01
9.854153373218454970e-01
9.834359429130041796e-01
9.747931813884899155e-01
9.962933019664037548e-01
9.772021334928491232e-01
9.581663681921697151e-01
9.757710542780253515e-01
9.767109557241252515e-01
9.616660973569161053e-01
9.879064434119517735e-01
9.849484825960279633e-01
9.644335983780772947e-01
9.673760084091861389e-01
9.838880689005388147e-01
9.909205249226326062e-01
9.842330058628088185e-01
9.956428603423541634e-01
9.745126775642745098e-01
9.562237195017010416e-01
9.716871422642195943e-01
9.865198932952298216e-01
9.756084967566915900e-01
9.878445203543657627e-01
9.601559142751630027e-01
9.861137183870073430e-01
1.000906574067937926e+00
9.891609679546893297e-01
9.723598626769333064e-01
9.728548155936366237e-01
9.822378860155243085e-01
9.846652699443657619e-01
9.577974092272260043e-01
9.665732435384839505e-01
9.807631966524446021e-01
9.766402809887342329e-01
9.744350785739831489e-01
9.846771624354078156e-01
9.775148134230164931e-01
9.844781064695061756e-01
9.821628649359565033e-01
9.922322935192615656e-01
9.849240932467402398e-01
9.855501683337856145e-01
9.861304799983807712e-01
9.940224408737837747e-01
9.832761679832628943e-01
9.930390612487304258e-01
9.694375625601706625e-01
9.680636671774007773e-01
9.903444737415824095e-01
9.708105203391601545e-01
9.573228637668433905e-01
9.740440719020675431e-01
9.840628748414133042e-01
1.011855419218722130e+00
9.593617105494791630e-01
9.693294136878992662e-01
9.862541410569971578e-01
9.916838462362830287e-01
9.835220878389527854e-01
9.796076235477348959e-01
9.899335508848230436e-01
9.583137969918299470e-01
9.753497277463905046e-01
9.726652918699357775e-01
9.588186795848612221e-01
9.586937438226658115e-01
9.774866792315604069e-01
9.948420641547066623e-01
9.767944885955303080e-01
9.749512106018246582e-01
9.835694070880978135e-01
9.820122150540738781e-01
9.958625376893167624e-01
9.875629884537651115e-01
9.876892054890908934e-01
9.904057363167700911e-01
9.986892433093195187e-01
9.837982783264307418e-01
9.909113233493250794e-01
9.735629219003169021e-01
9.850731630241696957e-01
9.706058028532057458e-01
9.935930023331652761e-01
9.892476777891984208e-01
9.819877993372702063e-01
9.747125040023758569e-01
9.880117659570133437e-01
9.770414657604834519e-01
9.706028595344778909e-01
9.844547254846055528e-01
9.778330395700717270e-01
9.755828836920622527e-01
9.852882308672047396e-01
9.733664782515214497e-01
9.501803595361748567e-01
9.832884778301710371e-01
9.936408896844497463e-01
9.750748110576956673e-01
9.846357727207519783e-01
9.927058962896380123e-01
9.762354265541763887e-01
9.929828610838241643e-01
9.738579795630762925e-01
9.823281831776803363e-01
9.901622654397242984e-01
9.666902859453904151e-01
9.819332435120493585e-01
9.801698438823145398e-01
9.761118424018846440e-01
9.647186674455699995e-01
9.621746839625632264e-01
9.651419856671809017e-01
9.843528354158299631e-01
9.645793251041600014e-01
9.694894402295256564e-01
9.741241224496454132e-01
9.868963146581083423e-01
9.824199941899620647e-01
9.880037174815369250e-01
9.864760688772664654e-01
9.731832199829156815e-01
9.818410215071113889e-01
9.756635570948860581e-01
9.802216197450742685e-01
9.564636597789292205e-01
9.967100540891937754e-01
9.949487242043366653e-01
9.599296693567724859e-01
1.002088599451521622e+00
9.703960078957423185e-01
9.968882542954430326e-01
9.645642307827891893e-01
9.661334357815142271e-01
9.863297417514427234e-01
9.850580292230033397e-01
9.844197947351041034e-01
9.880759541697817783e-01
9.546443906317533257e-01
9.895206332630753776e-01
9.768863681679375022e-01
9.781841769128422071e-01
9.904528282288032059e-01
9.743915159779570345e-01
9.762308657687562841e-01
9.861731917762366351e-01
9.534820513856162583e-01
9.832630391417984672e-01
9.972287346635801963e-01
9.731230071175487328e-01
9.861842786506779257e-01
9.589978300609481865e-01
9.872663001192018006e-01
9.912158487520331684e-01
9.636978960560689256e-01
9.898075733713004309e-01
9.797724148624468166e-01
9.725702832159235367e-01
9.626834942552485730e-01
9.940241891795168483e-01
9.912985148482877928e-01
9.868089307982943481e-01
9.888890651272774779e-01
9.775532994287101651e-01
9.885831805792700822e-01
9.841933058533952616e-01
9.843250852741812773e-01
9.875159162944429081e-01
9.871141756624703945e-01
9.911429304805302598e-01
9.652648672554037246e-01
9.854688332160278508e-01
9.792839580875051242e-01
9.715027893539271986e-01
9.550421139609427401e-01
9.619904560279631811e-01
9.780451489994872460e-01
9.827036902802047669e-01
9.672092414723951759e-01
9.640257806207918057e-01
9.930352242982458666e-01
9.690873384603947427e-01
9.842847090344620797e-01
9.733317112241647306e-01
9.867585881964936467e-01
9.790061416855517784e-01
9.748719781478817348e-01
9.937550873096377968e-01
9.656443396077833974e-01
9.900870367047234222e-01
9.808230320720099371e-01
9.917338641752404538e-01
9.910813043349661067e-01
9.785208005510401819e-01
9.840593242499707793e-01
9.812112181169102554e-01
9.871972895655709568e-01
9.868156971815922329e-01
9.884200919705173893e-01
9.677335518385754565e-01
9.750372317182962600e-01
9.821215163102271495e-01
9.519386966751426371e-01
9.841694609600966093e-01
9.738414254174589946e-01
9.796623906312341701e-01
9.848865798841881514e-01
9.689417990724800145e-01
9.783785458255370715e-01
9.632021214064581116e-01
9.882771079298622308e-01
9.912227539316410541e-01
9.685465907180615952e-01
9.882454706806702571e-01
9.842305261483174084e-01
9.772132634400111373e-01
9.940651543926748435e-01
9.874550979722295230e-01
9.654938341862729922e-01
9.664385726634143747e-01
9.760348680261490273e-01
9.647292587072197056e-01
9.919587631497712721e-01
9.681428946332972796e-01
9.816269475002812328e-01
9.851667365919517527e-01
9.887585841274261211e-01
9.914646529136746933e-01
9.710782416861313271e-01
9.669523216134839894e-01
9.945363512218735602e-01
9.865489470187209786e-01
9.571533802180369754e-01
9.637764161802461205e-01
9.965341760729173881e-01
9.582106481299224043e-01
9.811268656543362665e-01
9.710167152114212996e-01
9.670237593837361922e-01
9.591551711349690645e-01
9.915018009223072193e-01
9.763627956663853968e-01
9.814525364432792331e-01
9.937648589403039745e-01
9.885504253271076847e-01
9.734901494512220310e-01
9.579025644183761790e-01
9.582943653342755885e-01
9.476579194590196709e-01
9.887964763844330207e-01
9.826470593997705949e-01
9.846872182254367001e-01
9.825381048601623535e-01
9.892589486352926231e-01
9.862032393733711766e-01
9.642688931064303803e-01
9.901047277924690526e-01
9.818903293024640044e-01
9.612298487454183915e-01
9.470441506713512814e-01
9.581433198633050319e-01
9.804243743134994915e-01
9.728042683584449124e-01
9.801779935648344821e-01
9.759790152932349416e-01
9.872089285412405379e-01
9.659572168972261341e-01
9.748303153449633385e-01
9.688537034640815060e-01
9.806074803449817967e-01
9.930236046051588161e-01
9.790182602747800056e-01
9.686289743314229206e-01
9.822030456558070721e-01
9.566403284043158983e-01
9.718148922312016547e-01
9.867925229685888810e-01
9.980931317413112014e-01
9.694682750368360802e-01
9.572398639142836174e-01
9.882446551397198187e-01
9.828004096371866227e-01
9.534379348360917383e-01
9.920340853616897991e-01
9.935793314271219590e-01
9.948483367427335411e-01
9.904017128906912326e-01
9.783046029569730795e-01
9.779399807860604810e-01
9.827632024205444905e-01
9.786857361991138093e-01
9.666196421666658489e-01
9.631368896373901922e-01
9.778255931421568903e-01
9.720610965558851291e-01
9.762021983419839621e-01
9.992325801749158964e-01
9.817056041040449488e-01
9.879418837462374814e-01
1.008279752102797744e+00
9.789205804174693215e-01
9.867235957367590515e-01
9.845496761657858142e-01
9.750023037909286705e-01
9.577239168464981578e-01
9.914283607274471111e-01
9.850619405540911311e-01
9.747805091214947204e-01
9.769489413134818667e-01
9.898275282281783216e-01
9.803905567759574335e-01
9.758294793708497394e-01
9.613950637922556997e-01
9.883705587043504215e-01
9.390708468428888844e-01
9.739987818078261750e-01
9.760059170191864863e-01
9.741921005977899339e-01
9.705324773729122612e-01
9.929832289935854872e-01
9.862091644781306732e-01
9.828759594366157648e-01
9.743046907295070946e-01
9.855480916461952789e-01
9.840131356075124680e-01
9.576990632330518727e-01
9.769853056165029859e-01
9.605889805590207553e-01
9.694452801985671275e-01
9.888705850269864372e-01
9.743743012128095460e-01
9.871121038057236730e-01
9.914462767300196155e-01
9.853366188666787817e-01
9.906530782219996611e-01
9.803320850985968171e-01
9.886472287208314391e-01
9.876524075360600952e-01
9.801855075363552494e-01
9.867733162190087670e-01
9.971847542914654694e-01
9.775317301643633439e-01
9.758664879885581289e-01
9.813410154307042887e-01
9.873443520918929739e-01
9.705001740272221067e-01
9.590823912595746181e-01
9.797425163911723800e-01
9.747556649878805768e-01
9.816055668427206005e-01
9.895911636549132862e-01
9.911420069649060638e-01
9.859754089494111584e-01
9.719189484719024108e-01
9.709676653939023350e-01
9.359295131914393551e-01
9.508841813374339091e-01
9.777032296427999869e-01
9.793830449238098979e-01
9.627060201210607682e-01
9.809931361408313899e-01
9.487133408227698128e-01
9.842527570089925071e-01
9.531298269265633394e-01
9.999177008976664061e-01
9.869127284749210638e-01
9.916620072790305329e-01
9.715334804160309368e-01
9.958357929672201347e-01
9.639350726818900483e-01
9.673188364930560557e-01
9.863945771496467341e-01
9.730854227148035829e-01
1.018222050228461573e+00
9.791364450962206645e-01
9.725725610533412224e-01
9.699003002055162082e-01
9.870078604770571307e-01
9.731870000322798697e-01
9.827654848793874187e-01
9.931009104270610566e-01
9.930877305144300005e-01
9.589499281762409177e-01
9.809351541318892531e-01
9.385121356996135589e-01
9.856223188909076782e-01
9.991515409026829886e-01
9.870934690359239871e-01
9.913778322621830119e-01
9.677409680824089477e-01
9.601402473572756557e-01
9.880829083803552848e-01
9.872620202385749000e-01
9.539276441297043219e-01
9.790571924905898671e-01
9.677822812555189058e-01
9.845243101513455608e-01
9.842310188976384211e-01
9.730501927303476517e-01
9.833349680251864955e-01
9.336820643174513767e-01
9.798575147214764192e-01
9.776897221907335789e-01
9.989754600234879156e-01
9.730760992533956655e-01
9.948036048535009446e-01
9.741386759145793661e-01
9.838729383191345823e-01
9.697596255378009289e-01
9.805323452997395384e-01
9.786591630143676168e-01
9.685332744268091432e-01
9.734816631069717063e-01
1.002065805763317385e+00
9.853804623786347472e-01
9.880354354212951273e-01
9.894946058944730227e-01
9.970935597090887503e-01
9.903568464790747372e-01
9.663437927492191104e-01
9.790642228939597791e-01
9.865198321164762030e-01
9.906203346532985732e-01
9.896240875800474956e-01
9.999817813012522594e-01
1.002780349553538786e+00
9.643813219063700481e-01
9.770299242284109509e-01
9.410659222967796556e-01
9.537015474912506896e-01
9.862148406000490475e-01
9.896331011283391321e-01
9.813752280968363051e-01
9.916274293975928522e-01
9.789398628925822798e-01
9.692569991421816633e-01
9.780857549584560662e-01
9.612668366116053908e-01
9.772513974585735896e-01
9.717568755658252400e-01
9.711497486365984200e-01
9.725763120064955247e-01
1.001286522450145933e+00
9.703332611067490010e-01
9.729952188939516855e-01
9.679470684637914157e-01
9.513297909675190178e-01
9.743617864286886476e-01
9.687462402130034844e-01
9.796523959337931631e-01
9.927854800272883917e-01
9.943862993472232237e-01
1.001080205294884617e+00
9.842006441225658042e-01
9.944542594330736396e-01
9.857519845614335363e-01
9.856255262527642280e-01
9.960126453728594953e-01
9.773415932147607732e-01
9.941659893975243190e-01
9.892380759297637605e-01
9.792020967479457827e-01
9.875074651394840641e-01
9.712516793950435323e-01
9.906614129828368309e-01
9.712367937743070501e-01
9.657697357706966912e-01
9.827829371552859739e-01
9.618841970996919732e-01
9.790438308301148140e-01
9.858646345802331012e-01
9.625917753698632895e-01
9.725153331495925979e-01
9.750110981873689742e-01
9.751144646252880577e-01
9.799058879221476115e-01
9.757813938010864163e-01
9.987793754129282719e-01
9.640674958077191103e-01
9.907425019829938506e-01
9.777242979296253411e-01
9.820984956232661212e-01
9.945346729482112957e-01
1.000742484916093522e+00
9.757500768162752358e-01
9.767591625963772950e-01
9.991648483016029036e-01
9.520209160650714431e-01
9.780283283272414030e-01
9.953817057963756376e-01
9.850808016427169411e-01
9.894158951061065022e-01
9.507672686487240732e-01
9.714701601931909902e-01
9.813700690518968317e-01
9.755973418055380320e-01
9.905604793242305250e-01
9.838231266736485736e-01
9.496864248200779235e-01
9.943096015670461751e-01
9.708200887552201896e-01
9.761907854388564010e-01
9.609735172996395347e-01
9.848809432125134045e-01
9.831263976934593307e-01
9.729731250362043671e-01
9.899849471416747315e-01
9.900857808323414444e-01
9.275787713516019384e-01
9.782806650986813901e-01
9.860515913721258352e-01
9.847508701788533214e-01
9.805029175709927269e-01
9.838736705966524276e-01
9.771749977265384857e-01
9.884859866594443156e-01
9.779178562908130701e-01
9.937555511657865104e-01
9.752545971735785413e-01
9.671804867488056345e-01
9.857440373824603030e-01
9.873282958715283719e-01
9.830900371368912483e-01
9.841751095109254610e-01
9.645720188448693166e-01
9.951050175196164416e-01
9.928142249222806637e-01
9.805771136927916576e-01
9.882584398519830282e-01
9.837259931917843314e-01
9.589539203512910115e-01
9.915489665744565695e-01
9.701888237868204756e-01
9.932685334920164921e-01
9.793320002637954103e-01
9.670280650625227015e-01
9.826354729984937419e-01
1.020103443995103554e+00
9.703340388463169708e-01
9.473437762473450041e-01
9.726430050939790517e-01
9.990298571364191194e-01
9.872708357181181338e-01
9.697412231881877842e-01
9.984486315866194506e-01
9.719438790888980106e-01
9.850235223523328143e-01
9.870531717134951588e-01
9.745142844284429007e-01
1.003821956231453427e+00
9.944080055738363511e-01
9.550729082955460303e-01
9.901126289916098999e-01
9.689096473962323097e-01
9.923981788098592549e-01
9.501805764444398728e-01
9.852966266033978959e-01
9.869612054870909867e-01
9.839312866829580395e-01
9.808677832690479992e-01
9.772483510154664765e-01
1.002599329962819974e+00
9.808168593867411245e-01
9.729436524637332662e-01
9.718231064611622116e-01
9.514961196414424283e-01
9.829955093001374600e-01
9.661536412056322964e-01
9.921576046833794349e-01
9.679056618708870019e-01
9.647968837107089302e-01
9.774619419438167478e-01
9.850342432982973628e-01
9.913459623105903562e-01
9.820985428921750193e-01
9.884979651856834471e-01
9.654417055121747859e-01
9.835340531457423818e-01
9.859088520609806672e-01
9.935232561317564048e-01
9.812290791178476246e-01
9.726547349790692909e-01
9.759483851909946939e-01
9.669917065956943336e-01
9.921556383562866177e-01
9.869578062172720267e-01
9.771874124319959165e-01
9.839891051228673025e-01
9.835982529954238052e-01
9.676397699636325456e-01
9.809135974459531893e-01
9.756904506518189191e-01
9.909302320339210546e-01
9.726520563175684586e-01
9.885101119926554825e-01
9.783700546301166145e-01
9.532935007982689113e-01
9.850620039901906155e-01
9.975645262233909794e-01
9.831461973931301390e-01
9.825523813867957923e-01
9.484522139242517191e-01
9.698809103101255769e-01
1.003993403351954417e+00
9.798732044233126048e-01
9.849074993974118453e-01
9.709547401733812366e-01
9.780748517212052295e-01
9.801238710179174252e-01
9.837360641581180953e-01
9.820837952553627126e-01
9.785717048943782803e-01
9.695821380009127521e-01
9.736466742699432242e-01
9.548478511309272942e-01
1.006541472124102610e+00
9.941229028592036832e-01
9.808510240504616506e-01
9.817088474697305278e-01
9.803515736170059780e-01
9.771215681599773051e-01
9.819464694503765578e-01
9.746853714354204445e-01
9.884911703189689369e-01
9.906665782967708500e-01
9.789438515659139028e-01
9.937072021690439572e-01
9.923272674238213797e-01
9.820982303503728028e-01
9.920679428321250715e-01
9.676051944884359601e-01
9.982474753874132078e-01
9.894238673795183736e-01
9.557256774987507031e-01
9.821881826442300234e-01
9.901302144840752328e-01
9.807826540109962909e-01
9.746131863351130686e-01
9.896256288936069456e-01
9.906491720540118173e-01
9.904609120085575702e-01
9.492820916408265530e-01
9.446816359980656497e-01
9.651977635461280736e-01
9.832063323595616744e-01
9.567188194953252234e-01
9.903319043759452045e-01
9.855359822262265146e-01
9.537772511947658627e-01
9.708660081349012039e-01
9.928090017119838295e-01
9.805286237974548680e-01
9.863720663308351844e-01
9.854408517199414463e-01
9.883421702186979685e-01
9.915245315042029439e-01
9.804762405827402993e-01
9.829586058923145409e-01
9.856251293818015791e-01
9.864201206109809439e-01
9.745409130792861419e-01
9.861038058785196458e-01
9.883046875173114865e-01
9.923513112355396570e-01
9.847737338516707739e-01
9.676016278478524191e-01
9.947448727429235582e-01
9.585699060328791710e-01
9.774082319394823415e-01
9.557906953609659473e-01
9.852902816427722144e-01
9.882620919876524690e-01
9.891601650028979398e-01
9.945630559776825752e-01
9.845387084166317138e-01
9.721622731376317050e-01
9.905274072533379881e-01
9.865485663505827452e-01
9.895302217171478842e-01
9.859023606316608124e-01
9.879049123544086930e-01
1.008087930888916794e+00
9.908891343504299121e-01
9.749092380954311743e-01
9.915066368598638435e-01
9.795460952482861750e-01
9.937003553174488246e-01
9.701347618433940889e-01
9.731174290499331470e-01
9.787726295473074822e-01
9.801468415796531497e-01
9.708883010584534734e-01
9.976151360165623760e-01
9.841455583600368096e-01
9.733873683783800246e-01
9.996441577877114293e-01
9.971379899990073792e-01
1.000711898100505204e+00
9.973535336188485978e-01
9.803133775399714978e-01
9.586648916757561922e-01
9.689140993046225780e-01
9.914323578085014743e-01
9.710547244241064524e-01
9.778890783985436652e-01
9.706365256410554032e-01
9.408080050239762127e-01
9.877797494144934243e-01
9.806827460276601460e-01
9.659688094098081157e-01
9.646671218950869653e-01
9.647985722870504599e-01
9.981121598430054975e-01
9.641433042498979145e-01
9.813035482431033962e-01
9.837245775556958671e-01
9.827199544200558856e-01
9.667897971787953182e-01
9.893924842454276947e-01
9.876509300599335406e-01
9.849375301114448034e-01
1.004470256211722923e+00
9.857285625357078418e-01
9.891014117675948070e-01
9.940926691085936184e-01
9.818661132525308144e-01
9.894733529057723187e-01
9.865570104095350290e-01
9.716198972390770461e-01
9.997674659346610371e-01
9.830601724210480397e-01
9.880747966898292267e-01
9.784414006522645924e-01
9.648329953369126910e-01
9.840434887417408572e-01
9.754975167645493217e-01
9.863611673415172421e-01
9.656878499875911626e-01
9.718764942965036902e-01
9.723856033173091662e-01
9.737906494491183063e-01
9.860675076522958937e-01
9.899811273757966879e-01
9.768637312807806339e-01
9.870192711673377861e-01
9.883671053306753995e-01
9.582853172126150065e-01
9.902352960980342900e-01
9.928982921999758293e-01
9.726896456786239265e-01
9.855319804393857241e-01
9.492744884638733005e-01
9.700522212716625736e-01
9.885346700358463856e-01
9.679401642850067322e-01
9.551340790350288934e-01
9.703073441894783935e-01
9.852301617645481402e-01
9.623902059499369610e-01
9.570559106150660078e-01
9.802101879071546398e-01
9.834096039987374471e-01
9.889076413948775235e-01
9.889960715940536717e-01
9.881816045266031967e-01
9.670613031722773423e-01
9.851452443818101701e-01
9.754561636401933855e-01
9.571258195789701384e-01
9.780938749527100518e-01
1.003176063247066541e+00
9.710876136900994382e-01
9.933128278325913385e-01
9.741958344753780530e-01
9.730238036705490812e-01
9.902890672102694358e-01
9.919481161450105500e-01
9.865555357165852746e-01
9.826104359960700085e-01
9.897416022076781505e-01
9.566479644192974474e-01
9.915444422712891281e-01
9.595681733771974642e-01
9.877521960453294891e-01
9.840218591129572534e-01
9.673353623856871808e-01
9.835669277974672386e-01
9.849168955923578439e-01
9.657470512452120959e-01
9.895499445880470146e-01
9.829740467768623979e-01
9.880254177365608292e-01
9.921287381437378095e-01
9.782862963577361182e-01
9.854857196937903963e-01
9.752488103265538610e-01
9.701087139508934865e-01
9.936662935475424341e-01
9.835761587465288169e-01
9.879727808502755115e-01
9.825426775287577907e-01
9.855370754135811540e-01
9.878620436931946358e-01
9.665501276364175665e-01
9.491813119374045149e-01
9.820888382818109275e-01
9.683666869800781063e-01
9.889244527083784764e-01
9.433957320602884833e-01
9.634728477005389813e-01
9.624666201590197367e-01
9.856813051463275688e-01
9.927248645503048419e-01
9.773733456700477440e-01
9.825828205060925802e-01
9.807191702098942976e-01
9.600333439673069957e-01
9.765879984404606251e-01
9.657211110112152719e-01
9.818907121059219367e-01
9.497213898512948393e-01
9.874558873723545682e-01
9.918020469043489218e-01
9.846792621396340817e-01
1.002086384739059088e+00
9.949420025950644897e-01
9.806710788433787851e-01
9.867414523249687930e-01
9.818451863371168153e-01
9.885228605386621181e-01
9.948884947992182592e-01
9.715141969267360178e-01
9.708204005031252359e-01
9.842649299828165610e-01
9.932752247150457015e-01
9.965381817915176521e-01
9.942214516344233255e-01
9.794424898984127603e-01
9.611589698346257871e-01
9.736936844143162517e-01
9.793126387529490495e-01
9.860493068298339381e-01
9.855846227655434832e-01
1.002524315973382540e+00
9.793428655968414720e-01
9.745023323133644721e-01
9.561370126699069161e-01
9.715777904801162768e-01
9.721920094521652178e-01
9.901202703422647966e-01
9.708210627506003165e-01
9.993934913571688172e-01
9.755310469087267178e-01
9.758469068398142321e-01
9.732494026167464174e-01
9.908793434499244546e-01
9.776482249610584097e-01
9.905424263850477473e-01
9.614869670391755774e-01
9.788996713637003744e-01
9.785464404739462330e-01
9.771008061083491514e-01
9.803460608729811510e-01
9.813633518152413693e-01
9.901676432503681013e-01
9.626822458010341199e-01
9.889582085618184859e-01
9.554680325161565291e-01
9.732781566665542616e-01
9.674631860634775871e-01
9.663693285237333619e-01
1.004761354667619955e+00
9.942815885166382817e-01
9.697980189489846525e-01
9.779342001168800369e-01
9.659395380374332651e-01
9.973113752852608149e-01
9.989201308479396246e-01
9.917740911217095556e-01
9.706007364584086083e-01
9.866001283829197721e-01
9.918125883769727258e-01
9.811362586602260238e-01
9.807939738124803464e-01
9.970347007590586452e-01
9.743185135180236767e-01
9.731173243762578640e-01
9.855627400531934423e-01
9.837502791646159928e-01
9.700712624065983558e-01
9.724259840856995796e-01
9.992231284188205498e-01
9.741350172576319633e-01
9.892030905362884097e-01
9.858515341357775297e-01
9.743994250647856070e-01
9.900282697336484361e-01
9.809152759527379750e-01
9.842619285629846670e-01
9.860129796863181806e-01
9.528742958102679461e-01
9.897763303387308031e-01
9.808333540595908229e-01
9.880731375025049168e-01
9.789185325275621130e-01
9.742473171702094037e-01
9.989434838067906552e-01
9.756774501780839381e-01
9.821415776087818461e-01
9.657862455743058128e-01
9.970975227367924187e-01
9.777923883395953641e-01
9.939130241865196114e-01
9.669103173385641403e-01
9.485736851863495467e-01
9.986402857032805613e-01
9.733384848716596371e-01
9.926450660195829112e-01
9.786675393654878929e-01
9.675140934435564333e-01
9.682437322882910813e-01
9.791622777114998843e-01
9.760132111866405280e-01
9.780458156976656880e-01
9.820042179564031359e-01
9.792796785947035509e-01
1.011515825512462108e+00
9.889660151711403557e-01
9.832254227888214126e-01
9.817410101446418791e-01
9.846710890857416354e-01
9.794032295684356182e-01
9.822200864307545354e-01
9.901067938752226016e-01
9.531490268962745649e-01
9.727581457200114023e-01
9.358023181921625300e-01
9.838428673920107670e-01
9.828267655018892990e-01
9.866628204148091275e-01
9.875312792919671567e-01
9.941035941240066176e-01
9.716185225996095687e-01
9.691145814990831386e-01
9.773068960972364216e-01
9.823238174972325210e-01
9.718399843115916870e-01
9.638136149189688862e-01
9.716462688817202320e-01
9.928655226530123112e-01
9.686118873855712463e-01
9.897715048388484593e-01
9.856146690530803722e-01
9.705943916262801396e-01
9.780408989923859986e-01
9.743416659386731071e-01
9.732912153984082382e-01
9.892854670143530482e-01
9.423857714822593268e-01
9.771036638777728101e-01
9.769863379041775486e-01
9.614030409073492933e-01
9.826481788856537003e-01
9.923750807358351356e-01
9.757563986961893532e-01
9.931600740696008289e-01
9.897643041729479174e-01
9.790251824663689373e-01
9.805854899251694734e-01
9.792150357293838425e-01
9.757920427819800624e-01
9.586670893103769187e-01
9.728150609276791094e-01
9.698402998895421234e-01
9.846270096394366123e-01
9.821360495074956676e-01
9.523856032404059979e-01
9.887330456269964873e-01
9.881626501764181336e-01
9.949803638182986854e-01
9.893960572837939837e-01
9.939977988819626020e-01
9.770797752427834437e-01
9.698932964484416885e-01
9.737110582192910480e-01
9.700841901525830702e-01
9.829864867843097764e-01
9.895639588979944223e-01
9.777508136896916335e-01
9.769626589100157688e-01
9.696268262294681639e-01
9.795367381593419465e-01
9.876623224091860553e-01
9.681324447493985241e-01
9.791411346775276137e-01
9.939374477578269973e-01
9.840824304333467554e-01
9.878956303427166574e-01
9.861379352748710359e-01
9.872950668091543536e-01
9.920455084434680604e-01
9.833689187430523226e-01
9.696518473741696509e-01
9.866947185914625162e-01
9.866907272766316517e-01
9.636815000555067900e-01
9.884306932840604132e-01
9.989060460007613829e-01
9.948889325883203405e-01
9.969638113408941793e-01
9.889135099484800406e-01
9.721065724058552959e-01
9.678883938469771131e-01
9.771192700980049217e-01
9.794436648271166446e-01
9.732438158512038973e-01
9.718296310496702395e-01
9.461267070831297366e-01
9.689991666949031579e-01
9.852146689080597541e-01
9.405663136960296100e-01
9.810084662784203102e-01
9.820040533788948478e-01
1.005771659473821966e+00
9.800968209487832539e-01
9.957694570383898158e-01
9.802858373761066391e-01
9.592484671286083397e-01
9.794825704186208570e-01
9.809306256887632136e-01
9.812626419312342474e-01
9.852383420944680337e-01
9.532821656461721860e-01
9.893131469120084454e-01
9.789547567742175049e-01
9.710667191271542542e-01
9.636697456034331033e-01
9.879623387734336459e-01
9.614478008779366869e-01
9.675547760172148459e-01
9.984279945015918090e-01
9.597365837952251955e-01
9.501162216143834716e-01
9.943133523427569731e-01
9.804454169332823543e-01
9.815910800365603706e-01
9.654869928921215871e-01
9.842566662479923512e-01
9.722572915449093633e-01
9.771924688620340360e-01
9.664320450413467212e-01
9.555396405566940476e-01
9.862995624434439668e-01
9.730968000162468767e-01
9.666118712772981958e-01
9.844718149822607733e-01
9.445857126295665873e-01
9.852558492025057513e-01
9.860056415582790779e-01
9.897100348023265548e-01
9.746382172363681207e-01
1.030992732865729122e+00
9.659833700413724689e-01
9.609700526023283729e-01
9.897230007263930762e-01
9.771833195067128885e-01
9.884169792114178010e-01
9.801301613507023003e-01
9.818189965309525036e-01
9.707334695592544360e-01
9.805188221715732677e-01
9.703471909643772708e-01
9.594872136467488266e-01
9.839542158497073254e-01
9.707874703083241297e-01
9.561162751682080740e-01
9.758985084048630299e-01
9.727161770451027145e-01
9.893158483098134504e-01
9.960168786921893558e-01
9.703284770408281412e-01
9.676069808184495358e-01
9.870229115842525935e-01
9.758080193354532472e-01
9.838059831068637351e-01
9.619769022476807319e-01
9.701427309382609776e-01
9.870815967179474848e-01
1.002387756865806168e+00
9.996917848927322492e-01
9.938394245357775603e-01
9.794308420149526739e-01
9.906275512307899378e-01
9.755603381988883216e-01
9.851745169450403239e-01
9.759042203924988002e-01
9.767861093179385223e-01
9.887017778742868135e-01
9.689100913408401627e-01
9.776108590515694141e-01
9.822369327011075679e-01
9.903119633303931746e-01
9.794911918668498529e-01
9.907305437440578899e-01
9.674826092478163719e-01
9.546250314208452048e-01
9.695480711119238704e-01
9.679375281391406904e-01
9.832983377828481419e-01
9.861842013361254988e-01
1.001472864908284244e+00
9.768996003722958399e-01
9.788597431196182086e-01
9.766643626607083295e-01
9.924509852435083879e-01
9.394816503540047714e-01
9.591637961046154404e-01
9.793708560981277955e-01
9.714446297480562320e-01
9.822289552519793965e-01
9.939770010173893944e-01
9.705555528747955574e-01
9.548480518054733857e-01
9.907756489732525429e-01
9.887130497082428082e-01
9.772264133058606861e-01
9.600455551816152733e-01
9.830217640263184675e-01
9.746497375527490847e-01
9.858505900782078557e-01
9.816895488744276088e-01
9.775848039345891305e-01
9.870656033880820246e-01
9.908993203611677902e-01
9.707249129877195681e-01
9.813110474787206661e-01
9.729869885398413354e-01
9.844366770127929156e-01
9.889903898381930958e-01
9.695463698758458593e-01
9.707730095848152718e-01
9.993334055694920171e-01
9.610890276309960178e-01
9.902514582955066480e-01
9.572008106425753393e-01
9.636064530268113604e-01
9.737546115977182559e-01
9.898108018254166973e-01
9.563582100128888985e-01
9.874658035281301816e-01
9.743970428502473080e-01
9.622667609453375848e-01
9.760570745908919710e-01
9.723196353398962932e-01
9.964620479373678119e-01
9.764573768550788291e-01
9.865704361044271842e-01
9.880104520871481055e-01
9.889776623898218766e-01
9.760872201194827902e-01
9.609332369034522259e-01
9.791284760474487925e-01
9.774994272334236456e-01
9.482751234576222155e-01
9.651890914274827704e-01
9.785790050860293521e-01
9.923802699344989042e-01
9.863219265940490477e-01
9.815644360980427807e-01
9.795587548790669619e-01
9.646285886482643956e-01
9.806542329123485446e-01
9.587334899783251929e-01
9.847650494394751819e-01
9.767737616847977922e-01
9.780091743069200261e-01
9.879375639832473910e-01
9.856292603968380694e-01
9.761123870795017643e-01
9.517977665040316948e-01
9.919161181579260189e-01
9.697041562893390365e-01
9.972273532696002141e-01
9.836439512358721160e-01
9.913631681906049931e-01
9.968365325948249644e-01
9.903279923083994074e-01
9.835574190238716152e-01
9.931254250931882410e-01
9.947710130502812609e-01
9.909754409327412583e-01
9.798580348973587872e-01
9.368466585772263766e-01
9.813096634468061463e-01
9.806778545608326736e-01
9.927288526645871025e-01
9.925276819896307057e-01
9.688285120238587789e-01
9.847593882300422763e-01
9.598145047047543787e-01
9.689799260810301185e-01
9.885947056830864943e-01
9.825139797796211827e-01
9.669254116289011103e-01
9.884337004834439222e-01
9.720871855854473775e-01
9.787233562226396177e-01
9.704450599772310726e-01
9.861926753876217866e-01
1.000311419945119740e+00
9.800191838109219011e-01
9.860460815182744421e-01
9.931715835732406461e-01
9.575265366056322502e-01
9.897617915855386750e-01
9.791149063854813761e-01
9.809697913190627006e-01
9.767598021332122293e-01
9.871081625626906275e-01
1.003943704115409341e+00
9.853352160288816330e-01
9.935544678763891246e-01
9.854150655097670963e-01
9.892586708106692051e-01
9.993584483176762845e-01
9.832118155666970116e-01
9.929454794016892016e-01
9.786828791156514384e-01
9.833807104463602178e-01
9.924663782601989004e-01
9.810018238001665392e-01
9.619395060771394057e-01
9.364908704018437557e-01
9.683291207030246817e-01
9.819614457492114035e-01
9.853810146418976457e-01
9.741465155379704921e-01
9.823779261286027520e-01
9.747779535046705579e-01
9.926465745017301057e-01
9.702875662109027299e-01
9.754313557998260942e-01
9.816486031385306399e-01
9.620852850657998223e-01
9.574869296718894196e-01
9.495490664439778516e-01
9.845204103303114573e-01
9.804839246365241179e-01
9.560631426795290766e-01
9.753333903636907110e-01
9.814983595125796878e-01
9.531054011122985781e-01
9.844906242717871292e-01
9.804541569885266705e-01
9.798809816511738768e-01
9.931673506910644322e-01
9.654710093068560317e-01
9.753930048341444836e-01
9.920722765571301505e-01
9.763577310315671998e-01
9.761508130151463902e-01
9.718964588605600863e-01
1.001103777251028948e+00
9.817585858465318616e-01
9.963706524221845884e-01
9.790366591476058478e-01
9.762720566680317402e-01
9.925527689072973780e-01
9.569076686209039284e-01
9.873502943747058946e-01
9.887748769464952403e-01
9.918477040556182844e-01
9.617351188005102136e-01
1.011611290964401277e+00
9.737822211161937247e-01
9.634909620167160238e-01
9.733979612212702026e-01
9.849076232685226584e-01
9.780591051673879210e-01
9.828198203527195309e-01
9.921031758973382075e-01
9.817001825450977215e-01
9.759346193246958290e-01
9.822449049637125285e-01
9.826951479322435512e-01
9.730223236052329971e-01
9.743908735178787861e-01
9.893448455082173298e-01
9.871080669766563176e-01
9.841451244618422134e-01
9.669408216014725443e-01
9.885396834322275339e-01
9.611753762324961592e-01
9.864824656215287479e-01
9.932367507273015539e-01
9.809537609192756635e-01
9.681792343477301221e-01
9.905605251217411977e-01
9.806488037979386174e-01
9.534170519795489573e-01
9.764346429290007290e-01
9.693749921181338269e-01
9.867384132390616402e-01
9.925010834305282303e-01
9.928241284572983938e-01
9.765781940945185147e-01
9.893501940689412022e-01
9.787677676094505008e-01
9.899532686830199157e-01
9.927271118377017922e-01
9.826825893231576625e-01
9.450622472641242444e-01
9.288975197446038834e-01
1.000234557241291400e+00
9.813075675273656984e-01
9.650513621333455250e-01
9.775520486818506383e-01
9.831926374552772963e-01
9.772889808827646130e-01
9.906947775199332895e-01
9.780329349656372573e-01
9.616062053935634513e-01
9.882628864409490621e-01
9.569461382116026815e-01
9.816865949549195003e-01
9.929780303098795224e-01
9.759089298214635999e-01
9.760184809882709311e-01
9.887946839072637717e-01
9.821659067367901619e-01
9.888653298891646459e-01
9.712897182258770634e-01
9.817417881530235979e-01
9.564721243520734051e-01
9.512161979641178267e-01
9.871796733169684313e-01
9.891925587135064202e-01
9.372358722084547233e-01
9.634077618066065885e-01
9.833560996489342232e-01
9.389445327687244713e-01
9.880509930706984356e-01
9.803664077337737037e-01
9.877637046185905323e-01
9.636373593532736592e-01
9.676574048583957977e-01
9.798018275157663881e-01
9.731027120608972680e-01
9.849679246128689725e-01
9.650131658482520303e-01
9.721178345002196020e-01
9.848432966746696327e-01
9.965519244398689525e-01
9.648003785346277450e-01
9.691028119289896159e-01
9.687128426947972937e-01
9.915327205092792084e-01
9.617765189851559260e-01
9.756759826496477217e-01
9.801406949847967232e-01
9.543216157780627373e-01
9.588205434040849573e-01
9.690089738902506467e-01
9.826735113142084366e-01
9.886833174343211406e-01
9.630358229614439658e-01
9.658161939683385100e-01
9.657626386792242945e-01
9.851201821223193322e-01
9.940874792878123811e-01
9.841940718374465602e-01
9.889578117666825152e-01
9.736310976831401565e-01
9.797080851673130031e-01
9.692505601381915525e-01
9.859055822236464373e-01
9.815313040526284505e-01
9.872838437318369742e-01
9.862839446391115095e-01
9.818006673224551895e-01
9.994565194385010010e-01
9.907715296019629081e-01
9.670044443594200123e-01
9.629363035747290356e-01
9.739176483671546647e-01
9.683833832475472470e-01
9.841249822268935965e-01
9.901516888887593737e-01
9.671405558412600190e-01
9.739152094035496976e-01
9.702912236565870430e-01
9.893840142186168807e-01
9.687264162096463904e-01
9.881800919859878851e-01
9.342973988881299041e-01
9.834481626574338442e-01
9.759461609944273253e-01
9.761426776460082610e-01
9.643462671893460181e-01
9.713523621982257383e-01
9.653063207385768063e-01
9.889885371984179496e-01
9.884616365148294337e-01
9.786536750458066924e-01
9.771247552598554265e-01
9.954032563834833702e-01
9.464601335993783060e-01
9.909939090966930486e-01
9.733337501915938494e-01
9.849592691677654388e-01
9.760874827097262285e-01
9.932339837817503181e-01
9.814133827065333326e-01
9.910285423091605983e-01
9.681787548480099703e-01
9.797475297225083368e-01
9.631888567298925174e-01
9.709608261152338216e-01
9.945984626331790812e-01
9.871520455600900634e-01
9.956327288936902553e-01
9.785894445866764046e-01
9.993656888095970858e-01
9.761321873868529231e-01
9.997607081880588442e-01
9.782179637649565107e-01
9.738397230460550391e-01
9.988780573795973394e-01
9.884773610741536265e-01
9.985191774298334266e-01
9.840847164990823570e-01
9.845761911917719766e-01
9.978318704915788429e-01
9.808015402079286460e-01
9.868521757917003701e-01
9.818613581981402438e-01
9.909122901834155339e-01
9.257682539279118439e-01
9.771499857619682095e-01
9.921614858348655197e-01
9.792417180036756541e-01
9.859052488640923650e-01
9.863932182725548836e-01
9.740665261564670496e-01
9.682662869405118666e-01
9.939510220894246517e-01
9.282381613475896298e-01
9.788742357689119711e-01
9.678674330810074222e-01
9.714271768302549237e-01
9.912024062208084629e-01
9.545989619478587596e-01
9.621387943240947704e-01
9.665802690839857547e-01
9.719742994181266305e-01
9.931658230117937913e-01
9.681130421161494581e-01
9.772657255545439403e-01
9.874734413997117155e-01
9.921448848727054681e-01
9.603630909204378119e-01
9.914408117461951386e-01
9.835868184704646966e-01
9.797752148333621625e-01
9.837046288093999058e-01
9.841733246124596546e-01
9.877939122960938123e-01
9.912397881191492566e-01
9.675142597285122381e-01
9.854065995535725708e-01
9.976618223981741362e-01
9.826447782798195529e-01
9.815185110056674489e-01
9.769462552808608757e-01
9.734712791862933923e-01
9.815389904259164133e-01
9.767932524864538779e-01
9.874851395411324839e-01
9.772112148798651754e-01
9.836719131871525246e-01
9.489918187079465772e-01
9.859584992951554439e-01
9.721885729396235742e-01
9.960720474004758351e-01
9.950523348241716581e-01
9.561272819353403563e-01
9.829720946909354939e-01
9.735578987056893174e-01
1.002394859380061787e+00
9.892256996511679112e-01
9.749439647936352094e-01
9.657100721664245713e-01
9.632801077511681243e-01
1.003196814263030090e+00
9.637043384883314801e-01
9.242671552205115049e-01
9.814206656473691837e-01
9.553464150522436027e-01
9.797875274815835978e-01
9.879626989122332059e-01
9.861631460953192985e-01
9.801881872598765533e-01
9.891985912471993325e-01
9.765280652907509795e-01
9.736690463850694588e-01
9.932440289617719964e-01
9.867333378694679302e-01
9.764961015851529869e-01
9.683142729106215540e-01
9.830147658741659189e-01
9.673198040343512494e-01
9.983066204710205893e-01
9.826571277592942577e-01
9.923271084207524462e-01
9.873667579731435495e-01
9.872332643548236142e-01
9.872719858055111208e-01
9.752555052162090732e-01
9.929266497055057039e-01
9.970948313550429543e-01
9.907514228319135308e-01
9.815540653061007870e-01
9.907596468472114060e-01
9.897909818669620163e-01
9.655089959683386125e-01
9.410784588905672932e-01
9.935760063537459885e-01
9.932913712630617731e-01
1.011286354522238362e+00
9.835160180885286207e-01
9.863715111427223681e-01
9.706657956608915061e-01
9.877866759176739953e-01
9.864801692837108504e-01
9.815011557042363499e-01
9.807421569109558979e-01
9.769950117941228473e-01
9.536571186439284364e-01
9.800667958797099066e-01
9.820491916683711242e-01
9.681594626875844600e-01
9.931895214141908124e-01
9.846681132898218447e-01
9.906751991351476772e-01
9.754824235886750960e-01
9.622701573499933270e-01
9.570140650067662236e-01
9.813304205053722251e-01
9.849767303406007368e-01
9.786604830328210491e-01
9.926536872413009860e-01
9.899730007182714342e-01
9.588216713287159854e-01
9.882182846542562071e-01
9.849088516887970490e-01
9.856557804698903302e-01
9.787690694419142190e-01
9.756305549457600090e-01
9.887289940028300972e-01
9.735767871157081643e-01
9.877152974075357195e-01
9.796273807261511868e-01
9.731246393340079459e-01
9.757773097200505008e-01
9.904213217565561722e-01
9.696820831845296418e-01
9.845957720064600904e-01
9.801338500264616949e-01
9.794866116878250262e-01
9.863178597510602330e-01
9.840986809808568436e-01
9.837774190624252180e-01
9.748778396976989224e-01
9.930144275819516864e-01
9.823992811558275307e-01
9.984088941706602549e-01
9.730081445780748295e-01
9.785263612958431390e-01
9.703860714953300715e-01
9.850218586604717608e-01
9.748703010358121812e-01
9.872293044246976956e-01
9.701230932761829573e-01
9.871355007550574046e-01
9.904279551421785177e-01
9.854829946480386793e-01
9.800402717939128427e-01
9.450885998804804400e-01
9.739330873779732389e-01
9.975246469516867442e-01
9.722627702867289168e-01
9.711817379165401665e-01
9.873666535078536866e-01
9.904007070746982944e-01
9.578368020542108452e-01
9.935674630610891178e-01
9.852755856366904874e-01
9.857924362488837966e-01
9.808751912785360627e-01
9.721108730322475244e-01
9.964119618557558677e-01
9.823740629679295067e-01
9.879309062850446521e-01
9.738682300774460510e-01
9.956579475633151599e-01
9.844397759343107568e-01
9.905245608141791669e-01
9.790754484433090710e-01
9.855609394631354991e-01
9.444926445518575520e-01
9.734864111657179908e-01
9.822619910154697376e-01
9.916594918877205123e-01
9.949510203203583147e-01
9.795232758328098477e-01
9.654019659235182349e-01
9.696484603944417469e-01
9.797881653625627463e-01
9.884879145664280387e-01
9.853395653422230005e-01
9.866696497819869016e-01
9.880395098839452883e-01
9.732493074072230410e-01
9.807402658433901355e-01
9.751453081836058967e-01
9.626163233820058673e-01
9.967615149435388178e-01
9.758950316451856510e-01
9.799291992657975792e-01
9.652527310739776878e-01
9.787919025790248195e-01
9.862120140558694459e-01
9.817906396765461174e-01
9.767375237818542999e-01
9.798703898841883975e-01
9.967639025101491246e-01
9.859351227996984157e-01
9.696242156945240609e-01
9.632559106746477751e-01
9.757680865542962545e-01
9.774043001660095431e-01
9.894761573235116847e-01
9.913562936081360411e-01
9.803756906443470420e-01
9.851252699601127372e-01
9.819762103355629268e-01
9.588672228263344088e-01
9.808492913529075485e-01
9.894903671992570926e-01
9.654283072947688060e-01
9.735266256723401623e-01
9.937438380354440826e-01
9.784137360982199105e-01
9.882606393084117924e-01
9.833354101151446924e-01
9.819983185504406187e-01
9.790696158114481351e-01
9.658881359709526881e-01
9.785875529671606010e-01
9.879703240820286725e-01
9.875760950593917009e-01
9.684350616374307608e-01
9.903746761333295234e-01
9.934835214155967043e-01
9.527279554871350697e-01
9.893726032622061073e-01
9.776033383397333409e-01
9.883475431042459958e-01
9.583325934950392977e-01
9.684147457905427636e-01
9.881652374770444336e-01
9.828059050731767776e-01
9.596016537731929530e-01
9.892596844160076452e-01
9.881513855807522173e-01
9.801903044385683605e-01
9.853775883680511161e-01
9.812818777137561899e-01
9.792657824344374040e-01
9.622031793084427909e-01
9.814988194445828373e-01
9.840616478166285264e-01
9.671237645626290513e-01
9.987221720296937111e-01
9.616538781974012240e-01
9.942902674846045841e-01
9.852938557432162625e-01
9.794434159039951959e-01
9.725509988556320096e-01
9.857799799651885131e-01
9.848556879003999009e-01
9.593082203336289471e-01
9.680704848466707979e-01
9.880340069968011063e-01
1.002846850969339343e+00
9.665982027853522451e-01
9.645547929746555171e-01
9.735879790076904516e-01
9.659995523358969605e-01
9.838314761542051867e-01
9.884151954589399658e-01
9.926306911145201806e-01
9.841886282140545061e-01
9.897838294900677125e-01
9.877859740898855545e-01
9.882642934009098212e-01
9.877224754987353750e-01
9.684805520116575028e-01
9.383713599990595178e-01
9.703022758829846772e-01
9.686503225740307199e-01
9.713164304242033475e-01
9.842362220134808215e-01
9.709169194514067902e-01
9.776876798943845426e-01
9.890500865286964149e-01
9.316063299263110942e-01
9.974826089853709998e-01
9.834248453731794237e-01
9.625291856066240381e-01
9.763025316376092722e-01
9.774867411501768633e-01
9.833052472198864358e-01
9.725256616763944262e-01
9.894137329492271871e-01
9.624038949233628681e-01
9.928963434808519839e-01
9.894487296271250454e-01
9.815044450184157165e-01
9.838688501337587988e-01
9.589209751223811695e-01
9.681894053488607765e-01
9.736867407649405504e-01
9.600726210347330092e-01
9.875644687663864829e-01
9.848786349614205848e-01
9.838854843008222328e-01
9.926373342688369350e-01
9.700953905924756260e-01
9.956990896122914769e-01
9.655927623331447274e-01
9.740353132689616444e-01
9.274372546608399270e-01
9.836169016273959009e-01
9.920671529291945623e-01
9.925592835005866421e-01
9.886157482752969683e-01
9.730443837820776931e-01
9.900188941455445590e-01
9.819174312415321904e-01
9.899930139431926124e-01
9.832300660735394660e-01
9.753872163342989232e-01
9.818391757367873618e-01
9.502581850629907567e-01
9.881211793533153376e-01
9.842270354294312407e-01
9.867957452669474661e-01
9.885948476858740230e-01
9.742479015513831886e-01
9.861700895265878009e-01
9.902993567806789299e-01
9.901041611097181061e-01
9.970860391147413626e-01
9.908112446894087322e-01
1.004734184739281222e+00
9.550871700801806252e-01
9.536784733073350173e-01
9.923523684130681755e-01
9.743068075423758634e-01
9.954438350045865525e-01
9.764493460363389277e-01
9.818122956522137290e-01
9.586297909481462654e-01
9.809607339072455856e-01
9.840799848433264829e-01
9.870679996681863688e-01
9.445519350364582900e-01
9.787138994665928182e-01
9.860274903106907018e-01
9.768534288955789124e-01
9.850087131265078400e-01
9.599044262906712977e-01
9.852247276956808131e-01
9.793248317110756496e-01
9.669304411139247879e-01
9.466972878492248000e-01
9.669870009646416298e-01
9.657603434572363810e-01
9.587381720435299570e-01
9.776639091266836612e-01
9.852947673119442085e-01
9.788325728343425514e-01
9.711335378754776260e-01
9.757035821685934307e-01
9.692244574970260151e-01
9.801189147291597958e-01
9.914723799161778706e-01
9.741593698768051812e-01
9.785300258406680607e-01
9.661249836138313674e-01
9.857748723011107161e-01
9.814667529790187528e-01
9.802369571683099414e-01
9.798057989923689703e-01
9.778065172425294271e-01
9.982818694256464509e-01
9.778231796593089831e-01
9.827058196143795277e-01
9.799316123704275849e-01
9.873647369579143795e-01
9.962491225654613869e-01
9.942917169636342756e-01
9.879019225918841407e-01
9.586056271053744471e-01
9.833174878221513371e-01
9.848060614478247876e-01
9.873411838534706941e-01
9.932454380097966995e-01
9.570506029531745673e-01
9.851759427515257572e-01
9.863283733812419074e-01
9.772742738996451628e-01
9.686313057973662266e-01
9.541825526328313600e-01
9.862586457860029743e-01
9.796839326668110859e-01
9.725907278599842387e-01
9.924657566781152074e-01
9.885436403501983715e-01
9.779534259783377870e-01
9.787930807919211773e-01
9.373656523778581828e-01
9.827783673172122425e-01
9.723696684958142988e-01
9.731147714414362104e-01
9.895938808112088036e-01
9.723193607079195777e-01
9.909528138577773371e-01
9.863822586312971374e-01
9.876821621904555704e-01
9.905368270704031364e-01
9.865723261436688540e-01
9.728990519369301593e-01
9.747129797307981791e-01
9.749813069030980328e-01
9.861112634979185554e-01
9.785376886905274851e-01
9.867763483054788898e-01
9.907556911695711843e-01
9.799079713804614844e-01
9.859394468390088040e-01
9.858756806102345616e-01
9.730427664664629273e-01
9.784389135254574210e-01
9.291112770221825468e-01
9.854166751576932670e-01
9.848189532571538507e-01
9.936526653763373407e-01
9.898185226665818792e-01
9.704437831491178335e-01
9.761703928537759367e-01
9.852605840187569353e-01
9.791718873553282299e-01
9.851511869006090993e-01
9.553845861350149793e-01
9.586452783456761439e-01
9.759480139415517286e-01
9.789490786452565985e-01
9.903355461895578804e-01
9.820472923175608271e-01
9.832661169947407576e-01
9.578978779948482680e-01
9.904943869612092833e-01
9.802568370642762430e-01
9.864430726133338601e-01
9.730488999238261494e-01
9.872766689356147207e-01
9.693390372573170710e-01
9.914723786251413706e-01
9.703662897105908014e-01
9.878738162378944976e-01
9.680893893284859830e-01
9.818502167905228672e-01
9.648119986352055033e-01
9.856459363162378695e-01
9.940200111311606745e-01
9.733993981722076638e-01
9.951901208726625647e-01
9.611491553979238933e-01
9.743971412947732835e-01
9.704838424803960972e-01
9.822868957854636873e-01
9.802488194524515697e-01
9.736441790399130713e-01
9.603414387351115744e-01
9.976372795760860557e-01
9.786605918085766742e-01
9.916831221920509032e-01
9.933059611563777036e-01
9.886268201821817314e-01
9.816753816748744477e-01
9.915040399480371525e-01
9.908640072176019276e-01
9.724733931390815433e-01
9.945261188942582375e-01
9.806080511712830239e-01
9.823481508904114978e-01
9.762430950479801250e-01
9.801473077010984802e-01
9.590532934999363990e-01
9.676875866340132193e-01
9.872368657491319421e-01
9.955224096429196035e-01
9.848473748102970493e-01
9.739464388245735460e-01
9.479426855821482256e-01
9.827087791796450533e-01
9.943209925176208497e-01
9.818404551872007557e-01
9.481327259493107507e-01
1.006692723777769860e+00
9.795588231260078382e-01
9.812116411143183559e-01
9.610182115964743810e-01
9.802639437833924330e-01
9.484331014210730659e-01
9.719018679542810180e-01
9.994174011763572452e-01
9.970448207532465190e-01
9.878587132700751283e-01
9.904414138061258255e-01
9.808479595383959859e-01
9.765653205770244982e-01
9.825870808923560240e-01
9.963122138716067333e-01
9.736267271335250495e-01
9.746136226940382841e-01
9.858677681642569191e-01
9.866926988145403588e-01
9.874119683723817653e-01
9.752732009641723598e-01
9.605710815000809699e-01
9.809279317975085899e-01
9.823295039946321472e-01
9.898387385396094640e-01
9.694950163480612337e-01
9.368932167758722285e-01
9.751464983545261589e-01
9.544582714491820497e-01
9.823194004116497791e-01
9.799123621163601250e-01
9.883627498860517724e-01
9.944223941464894745e-01
9.835222356213785266e-01
9.905080694884872416e-01
9.722610602354611053e-01
9.830245677957144546e-01
9.851714322894682407e-01
9.786359316685721010e-01
9.976924227790558986e-01
9.537752680736855115e-01
9.487004189952807920e-01
9.796077363827903062e-01
9.585146601783530729e-01
9.912904636145167814e-01
9.959883310016094393e-01
9.869148508881666615e-01
9.797776202868192508e-01
9.804535540077010669e-01
9.907338254591125937e-01
9.849108428848688535e-01
9.791535165245992545e-01
9.844053499613045766e-01
9.937881750860267926e-01
9.776276814359753375e-01
9.655228208400384871e-01
9.869453807646966226e-01
9.619447849737834400e-01
9.779645273458482668e-01
9.853820119751778295e-01
9.836593254077076187e-01
9.846771645208280965e-01
9.839663743312861977e-01
9.858664954732093699e-01
9.834477207875200744e-01
9.771343806711698665e-01
9.545974711383097278e-01
9.819287410313948250e-01
9.482678747982211664e-01
9.940304235750154760e-01
9.848654679499013742e-01
9.740385146574103148e-01
9.844468041164682326e-01
9.677375473050412458e-01
9.352398015266989439e-01
9.871995759930726200e-01
9.773886975858336879e-01
9.776844920049395649e-01
9.783002392285052862e-01
9.723741384296356038e-01
9.689783931342882406e-01
9.574088048252309413e-01
9.841604499379001947e-01
9.904821668391367018e-01
9.776477960652099064e-01
9.849870992136678938e-01
9.720958441834319785e-01
9.869470477729691549e-01
9.839866266008820972e-01
9.655442023225763171e-01
9.830274531629609180e-01
9.859989787733941524e-01
9.928815967516987362e-01
9.805675978349086552e-01
9.850153287601611796e-01
1.000417848369867357e+00
9.751333197371931938e-01
9.916874722631771055e-01
9.801671087184014031e-01
1.004261173978608257e+00
9.760818604009089405e-01
9.731617929554112756e-01
9.529574064883893358e-01
9.796243233847345966e-01
9.908615106626033064e-01
9.671513344646488486e-01
9.689480047246337158e-01
9.525928038325184311e-01
9.725854884691449431e-01
9.835196448327807595e-01
9.718140066021733192e-01
9.865338557974633327e-01
9.810273766545308805e-01
9.846262374844528820e-01
9.624093991808707615e-01
9.925045615834969803e-01
9.502465615043736991e-01
9.843056194888111232e-01
9.861911238074945185e-01
9.870844608154503153e-01
9.409944728849056750e-01
9.787875211361427574e-01
9.851806811237678874e-01
9.859662480070142676e-01
9.872910983452570788e-01
9.859946538563056917e-01
9.739634452339310799e-01
9.747077817657615606e-01
9.856626915202529871e-01
9.892901886561127345e-01
9.642004646546922242e-01
9.894166860150328535e-01
9.932721608984180772e-01
9.655649839857400885e-01
9.747681900759859186e-01
9.674618643421093456e-01
9.708547917216978629e-01
9.651884477249800254e-01
9.934633243148158765e-01
9.844189151074044242e-01
9.568526651902481417e-01
9.629593316833922056e-01
9.902913418187254679e-01
9.824855821173287262e-01
9.783734716225154227e-01
9.869865461941936813e-01
1.001091675941827797e+00
9.583706611514459794e-01
9.824970158853939539e-01
9.666274037929469820e-01
9.448084152892773924e-01
9.916698308005208462e-01
9.690172033900643633e-01
9.747659146241118844e-01
9.704018873904882714e-01
9.849403456784665556e-01
9.658846367206700423e-01
9.719124787786826980e-01
9.979865886999061964e-01
9.825039843196438083e-01
9.929585446772185575e-01
9.925985997042200415e-01
9.869301199786501000e-01
9.462439721330691000e-01
9.799032911867113782e-01
9.630204092503900082e-01
9.612262634975673459e-01
9.823221516233308082e-01
9.906866890058420028e-01
9.665864842569503734e-01
9.693647939295247928e-01
9.692216487730856977e-01
9.803667473442779778e-01
9.849200925456419453e-01
9.805854702884450047e-01
9.851578793527774325e-01
9.808129621573158374e-01
9.970223706530272345e-01
9.806703776626386482e-01
9.660017774344944463e-01
9.819298832338800853e-01
9.790238562902293662e-01
9.544789490384102404e-01
9.644252773774932841e-01
1.002363441143091505e+00
9.949839938226778813e-01
9.536171190164137723e-01
9.563758743050245759e-01
9.775843420947234463e-01
9.889703033443202340e-01
9.752454232337304241e-01
9.725288813826660217e-01
9.698004738233421129e-01
9.768800988732132540e-01
9.608536982984717811e-01
9.782947447532106544e-01
9.785692060052533225e-01
9.962983631602706502e-01
9.898223299909554296e-01
9.941328344626823021e-01
9.919892582711666851e-01
9.963242817812560936e-01
9.823395633716304198e-01
9.666183683159625950e-01
9.897152121812846648e-01
9.622512218604702960e-01
9.683200007533263598e-01
9.898474929368867858e-01
9.818703820334702126e-01
9.838035601122111506e-01
9.871756515024210366e-01
9.717629972465358090e-01
1.002756621989736585e+00
9.804963250834650701e-01
9.411523503671820334e-01
9.906428280931568464e-01
9.730545730110514713e-01
9.882003957801238636e-01
9.821172674887203025e-01
9.498677532243114952e-01
9.825657719107555588e-01
9.892983983144759685e-01
9.906229312884009541e-01
9.828978327618526079e-01
9.809803765446176715e-01
9.769699016857296137e-01
9.793906349980212589e-01
9.666159400460785367e-01
9.730715158694324129e-01
9.755724546443236278e-01
9.859532482105143325e-01
9.927447968681258894e-01
9.714658566356468850e-01
9.858741356994508154e-01
9.975222657657862868e-01
9.776300515575623296e-01
9.757135066116879862e-01
9.719133469596050734e-01
9.564872395651979886e-01
9.725767322202902854e-01
9.799165843762301931e-01
9.923762432748748363e-01
9.867139100116567585e-01
9.415158031198690436e-01
9.842967891731502217e-01
9.730651074969808301e-01
9.811770104614756516e-01
9.821648738330917006e-01
9.801657474764695621e-01
9.747365995442393016e-01
9.760855157951082717e-01
9.820648010664084770e-01
9.859155771363797838e-01
9.821587824533659639e-01
9.884317085633665956e-01
9.870749821747929476e-01
9.858931108946891175e-01
9.783358246404898484e-01
9.835241669943044496e-01
9.774571141411853015e-01
9.683614709510187657e-01
9.667646098092518292e-01
9.980830621048807361e-01
9.741398703355191868e-01
9.816707412200399441e-01
9.789200117451340999e-01
9.566552659084768262e-01
9.517332871788487525e-01
9.910411030540852151e-01
9.533887481110445705e-01
9.875740142137703348e-01
9.913067589550081937e-01
9.846675388672346818e-01
9.934656739142072590e-01
9.857488091167748712e-01
9.970315370712025116e-01
9.927978404521241584e-01
9.726815437001365972e-01
9.966825524394835600e-01
9.736443464759819699e-01
9.938552155970117319e-01
9.658852841495538799e-01
1.000289100050257618e+00
9.786877004643086408e-01
9.863707895407434201e-01
9.837775935923946946e-01
9.987951067728022547e-01
9.861824141035724356e-01
9.776803820142684343e-01
9.823597219364457178e-01
9.990374804773268780e-01
9.652945764442233401e-01
9.500972595777835705e-01
9.683895672755822304e-01
9.762866882285167192e-01
9.720112896372892219e-01
9.795864372271900766e-01
9.821380841625685365e-01
9.686459011708702382e-01
1.001309722180179218e+00
9.704924546341546776e-01
9.912668764943389776e-01
9.905991427263355353e-01
9.862958324154476042e-01
9.797707819645894434e-01
9.570922467988781657e-01
9.827148660939452052e-01
9.812077606449544076e-01
9.334648766337592107e-01
9.866898462395570224e-01
9.741566100629414082e-01
9.871992218352176884e-01
9.791844056529160900e-01
9.940705726898946271e-01
9.770348222111797654e-01
9.794163871882095584e-01
9.897602245381271757e-01
9.793568330603228400e-01
9.643358857039696641e-01
9.741413433069782135e-01
9.798000611701676021e-01
1.002308294919226572e+00
9.762009909520295015e-01
9.802087361416953470e-01
9.891721310692337399e-01
9.821754050206608078e-01
9.808026711820581056e-01
9.841134787201916145e-01
9.917624779129162738e-01
9.747673554303214472e-01
9.719232013475304077e-01
9.886788687255249064e-01
9.850393924456130046e-01
9.843283774860744906e-01
9.776723970483447435e-01
9.643902115607296821e-01
9.432850529310446985e-01
9.568339177507281246e-01
9.948256729326054870e-01
9.651279345867896930e-01
9.937210182241635881e-01
9.592635282552189890e-01
9.785458271005492703e-01
9.864243065204195693e-01
9.714904131950617971e-01
9.706287026721548417e-01
9.677696720344334258e-01
9.688123914544480852e-01
9.915613494819518481e-01
9.806079346469991354e-01
9.605404042452850844e-01
9.874899859800432278e-01
9.935579611640912301e-01
9.609078697633425259e-01
9.900453332146392782e-01
9.828385231085525753e-01
9.774132014816009351e-01
9.740766141969670056e-01
9.858290765762549590e-01
9.538733064574743681e-01
9.771576262746498598e-01
9.797554964236936392e-01
9.741940874636949577e-01
9.809737539378918791e-01
9.810751148884544470e-01
9.927093921367405871e-01
9.888702184894266889e-01
9.867578914682954005e-01
9.902096495282994848e-01
9.887635162853518622e-01
9.442453055062526301e-01
9.709241078153898474e-01
9.747355027049529053e-01
9.797719560325551802e-01
9.825164413398084218e-01
9.877092251077831397e-01
9.786815542309903471e-01
9.706422861334413899e-01
9.813079673849668394e-01
9.785521894962821987e-01
9.928747397755490756e-01
9.519275174300809716e-01
9.863920701405083369e-01
9.656657426332618810e-01
9.857081566779202220e-01
1.000905567690057341e+00
9.978348192163499775e-01
9.339950163316744769e-01
9.686602211711715649e-01
9.892759868140676982e-01
9.772722048870318146e-01
9.841923315450051835e-01
9.888163941395070600e-01
9.767920023099984084e-01
9.843462908112521337e-01
9.849944285500223939e-01
9.828422272118679803e-01
9.803127078132545247e-01
9.866294634501846517e-01
9.888625475859860181e-01
9.844398686494082451e-01
9.754190964833232558e-01
9.903820055520188292e-01
9.791051107539677778e-01
9.980393522483335111e-01
9.812397212410145508e-01
9.819488384876832177e-01
9.788664208816821866e-01
9.893028154958716236e-01
9.909353410516212879e-01
9.872073061725981091e-01
9.711957362715718522e-01
9.747779116314415626e-01
1.004317097093387900e+00
9.912472758914054882e-01
9.713672238926017721e-01
9.748324761893673029e-01
1.002669322932042473e+00
9.893844472925473754e-01
9.792231321011740652e-01
9.648754273658529668e-01
9.648460115124694036e-01
9.682544760002552708e-01
9.796828188284619765e-01
9.873023941949146121e-01
9.605445682653499517e-01
9.952268975792433192e-01
9.842308509851240839e-01
9.774351677767442181e-01
9.893741699358860053e-01
9.618261080084258285e-01
9.830598682757651918e-01
9.826995836122371930e-01
9.525372516203857165e-01
9.918484038597712438e-01
9.905687886905767403e-01
9.898818118714971526e-01
9.920032359159930424e-01
9.902729331831729986e-01
9.749515256022212029e-01
9.964472373557111684e-01
9.779204847236349085e-01
9.656821363759056087e-01
9.920899614490731322e-01
9.809709193668332272e-01
9.865004819022631377e-01
9.608791852129558997e-01
9.878513447027864602e-01
9.652099914105634060e-01
9.683498992480042977e-01
9.937837375103133475e-01
9.810236760514371435e-01
9.829268201233727353e-01
9.692192979995541968e-01
9.841021649049754849e-01
9.694565713662294248e-01
9.656573845135213441e-01
9.846844484673117348e-01
9.856557014145189699e-01
9.713656364469543947e-01
9.569781797731768958e-01
9.944858520887089881e-01
9.828145005153349212e-01
9.702891395814695619e-01
9.958462689494813613e-01
9.892428039887466440e-01
9.914724082656086734e-01
9.812352636010817086e-01
9.866583318632248245e-01
9.732884652059541342e-01
9.912917513848823470e-01
9.825579876244124877e-01
9.839871484729897366e-01
9.836179382980889674e-01
9.682485715100809243e-01
9.502238658973978236e-01
1.006089503721973699e+00
9.672174344971454785e-01
9.944498776395429562e-01
9.674906383432222423e-01
9.884867423343318693e-01
9.677403282573679988e-01
9.784360300809774591e-01
9.636430743990923586e-01
9.734240741599823332e-01
9.826148658691474802e-01
9.829582076456921946e-01
9.825481924851150461e-01
9.932147202475168912e-01
9.718570763286458192e-01
9.954146430619422725e-01
9.793617343223083305e-01
9.555195128980510377e-01
9.621132808525190150e-01
9.703350556821308537e-01
9.858270018843368065e-01
9.837366477578172175e-01
9.797554909205913320e-01
9.757022303626248227e-01
9.856233894290996611e-01
9.770503768653873156e-01
9.835502260709957367e-01
9.858513811564720841e-01
9.811920928385430285e-01
9.994367916630699789e-01
9.767509288856044414e-01
9.814794589662417801e-01
9.889600183522481158e-01
9.627601075753837723e-01
9.677493168384009303e-01
9.946370481975798095e-01
9.460202823043307729e-01
9.827471242730237977e-01
9.698221484598816833e-01
9.823341196663077923e-01
9.693760100302221128e-01
9.832211584479071398e-01
9.882367999454330088e-01
9.830558166773996076e-01
9.547355325583156693e-01
9.832712190452730372e-01
9.499267029886102609e-01
9.801343631067546136e-01
9.877545368775523249e-01
9.835942754002512389e-01
9.869023706257527007e-01
9.739190566637205837e-01
9.721427846274069973e-01
9.671660613623290770e-01
9.949482832121022691e-01
9.938122132020599242e-01
9.696031641408738855e-01
9.880710779231935970e-01
9.814563718117421676e-01
9.804222309349878151e-01
1.015855797014986628e+00
9.812123366850846740e-01
9.862608451047649716e-01
9.818298838103270976e-01
9.472835113583660815e-01
9.799344327142307520e-01
9.854050057982328692e-01
9.784228566334760568e-01
9.867621913497379715e-01
9.661122181732776371e-01
9.853982446220180824e-01
9.730208073777248945e-01
9.830644389906134650e-01
9.706955767797671442e-01
1.002183555761722911e+00
9.756804598799533323e-01
9.862509964894742298e-01
9.429788510332898221e-01
9.232737602090075324e-01
9.815728361998885543e-01
9.549353551231763992e-01
9.809037476246518228e-01
9.637234402003284073e-01
9.809387378482585795e-01
9.643895775639390600e-01
9.917942744661654153e-01
9.811796147899408682e-01
9.775248088030280558e-01
9.830889253845901399e-01
9.886266432309390728e-01
9.797560744680360312e-01
9.846937123125115709e-01
9.627199320825670092e-01
9.801086996545191887e-01
9.472378187938421679e-01
9.766758957661457741e-01
9.742894099853783851e-01
9.544165903567697340e-01
9.820703716207511702e-01
9.925561245664822341e-01
9.835160117547234737e-01
9.514588254196779671e-01
9.617942736075701937e-01
9.735641604826805739e-01
9.892824329714429155e-01
9.870769426193396479e-01
9.889785839687169622e-01
9.846210932849785991e-01
9.863118380281001851e-01
9.776900444212289765e-01
9.938726413967597928e-01
9.511751105833878839e-01
9.591852507103084680e-01
9.654975167713162332e-01
9.891506077616858406e-01
9.864140286706507554e-01
9.639132853785764565e-01
9.882534423634964371e-01
9.975757661868051018e-01
9.794427023962360979e-01
9.698114775469955928e-01
9.863618815913007820e-01
9.873747733335515031e-01
9.916052529876878685e-01
9.727219403705356093e-01
9.758153252617159934e-01
9.806619251561731199e-01
9.791793989969551637e-01
9.795894239032982842e-01
9.720241633866613107e-01
9.914376025379718627e-01
9.810963160447259135e-01
9.746151193821203096e-01
9.824789454423615842e-01
9.619162566363028688e-01
9.822430609877512708e-01
9.831688525425128500e-01
9.492320962633752357e-01
9.868699836662440106e-01
9.799252195192940107e-01
9.799164612891100301e-01
9.738484843178040196e-01
9.586529342894595240e-01
9.544949268553356569e-01
9.706597330537730661e-01
9.891233705985437163e-01
9.866427455021246073e-01
9.844072067476256072e-01
9.612307576221692518e-01
9.889645589364767231e-01
1.001903487973806461e+00
9.784218449344967983e-01
9.480933339048904784e-01
9.739161096706033804e-01
9.795039102761453620e-01
9.710695729258277398e-01
1.001674147439781670e+00
9.847023852281947542e-01
9.782285665827127330e-01
9.846092743739078834e-01
9.836132251946332339e-01
9.775413949221659626e-01
9.856786317888425186e-01
9.563499326667010969e-01
9.845138249506005801e-01
9.870959248566139044e-01
9.875477885955706858e-01
9.688418998215572175e-01
9.698718199314569910e-01
9.283153683259978139e-01
9.628850987131226669e-01
9.875845985628797230e-01
9.836597662857173852e-01
9.782418718769743116e-01
9.757692230987693449e-01
9.883964546026671183e-01
9.669366751838665008e-01
9.829386323680728843e-01
9.909753289181062463e-01
9.814435048137056805e-01
9.600663418569063134e-01
9.936260859445605886e-01
9.853755672745756478e-01
9.990694297632096710e-01
9.557621442413724022e-01
9.826682427764437122e-01
9.940604951142377743e-01
9.786296056170264990e-01
9.720609056811940762e-01
9.892423926700504300e-01
9.854034830183306948e-01
9.820539886506030047e-01
9.959874212042179042e-01
9.960919738515007227e-01
9.829666871490950752e-01
9.892820163816919976e-01
9.801766618960262578e-01
1.014062680808352601e+00
9.868340774022520412e-01
9.927028426280869455e-01
9.597140011938314341e-01
9.789468564036171161e-01
9.813152862007223920e-01
9.676857584387595912e-01
9.770187261113898458e-01
9.876334410281685239e-01
9.830790617071324400e-01
9.684418397452140281e-01
9.748392850205424010e-01
9.841064298192628845e-01
9.541588218750534089e-01
9.612437992477300686e-01
9.902674390944745664e-01
9.842711551531362346e-01
9.729360382444666167e-01
9.949559376798940979e-01
9.880520677695313614e-01
9.934113644106681296e-01
9.936011068354372311e-01
9.614144561217138341e-01
9.940789857465648360e-01
9.903113719122970116e-01
9.862936561312581896e-01
9.812264320726319378e-01
9.844249479710630579e-01
9.825684198557229632e-01
9.692868177982418842e-01
9.938917203921254773e-01
9.689587862967085075e-01
9.698044348499397227e-01
9.888334220806995756e-01
9.902546781547545418e-01
9.970240712133785488e-01
9.888536629777253673e-01
9.590666863501885464e-01
9.899306651273503954e-01
9.838346774936914674e-01
9.909092212551687817e-01
1.003578090394213751e+00
9.518612031042797961e-01
9.873928616882022835e-01
9.873727794270465985e-01
9.801070921588524998e-01
9.852083445060580980e-01
9.841609777458993902e-01
9.630500407895659087e-01
9.716974120268550008e-01
9.817692032118625622e-01
9.785488496666452374e-01
9.856022534609810704e-01
9.858398401266931232e-01
9.934543696236182164e-01
9.986460313762626217e-01
9.760458732879989663e-01
9.967929248884177529e-01
9.775779179829865440e-01
9.789823947601844489e-01
9.848822139849674473e-01
9.955813413218032037e-01
9.850255322374259492e-01
9.898748506641964484e-01
9.560363278486355698e-01
9.621680694019439928e-01
9.923073852273281981e-01
9.746722232800478780e-01
9.866748398445922552e-01
9.623516250155856877e-01
9.871237645256397686e-01
9.779394823578754226e-01
9.866891294244040100e-01
9.897740088244387779e-01
9.742020688783157301e-01
9.875793048884694558e-01
9.859276510444412445e-01
9.636164600995761331e-01
9.896353973934357562e-01
9.895895892053737652e-01
9.966220358386017608e-01
9.796919102467070983e-01
9.556755943566096478e-01
9.893401136951448516e-01
9.721134873628797246e-01
9.577325700031698030e-01
9.745593401061485306e-01
9.679935275732981514e-01
9.880396563983542269e-01
9.837514001055277513e-01
9.816990822068821787e-01
9.761525944050822856e-01
9.816921566894585283e-01
9.783830366021311065e-01
9.836867316508171033e-01
9.861056173878095521e-01
9.721026524552436321e-01
9.895624544798419242e-01
9.820901415280246516e-01
9.717358757607233999e-01
9.924883738648057063e-01
9.920765313710216970e-01
9.649600917668599287e-01
9.650525991233109835e-01
9.544687015412645081e-01
9.745034309002467143e-01
9.768801259096059342e-01
9.812448350103822881e-01
9.983326140335868626e-01
9.801505732235571422e-01
9.882200591491487884e-01
9.638115302556753416e-01
9.766341247753193011e-01
9.736463801827655029e-01
9.788480477665907342e-01
9.560947842470781666e-01
9.773146666056929943e-01
9.804041215336959381e-01
9.858656812248010048e-01
9.829809064753873837e-01
9.859597277565341766e-01
9.821287812387509142e-01
9.836999068713232486e-01
9.786164527895577780e-01
9.899183847368234757e-01
9.826019454577932244e-01
9.936878684092110836e-01
9.784092829459846152e-01
9.804567141739026770e-01
9.767176212305797023e-01
9.741649729341920194e-01
9.508780738641637864e-01
9.851567279922591736e-01
9.745425652890864487e-01
9.482905176349550880e-01
9.682552565728802518e-01
9.931479275335076684e-01
9.842991455141462120e-01
9.629041096682696699e-01
9.926476611977514963e-01
9.752335958437988728e-01
9.760251002073971893e-01
9.732685052886429489e-01
9.734421855411448110e-01
9.865330022392557741e-01
9.899557063888776431e-01
9.928070353680298332e-01
9.857591839170811721e-01
9.835014960989790778e-01
9.495730367166974606e-01
9.885179100601917401e-01
9.806555004013797205e-01
9.804105781533581920e-01
9.816167150819746778e-01
9.776347031466290360e-01
9.666104115498541649e-01
9.726841704446554937e-01
9.890279640129606697e-01
9.784468314286521862e-01
9.444119661330622195e-01
9.888945957558283872e-01
9.844626076106383072e-01
9.572551365740575857e-01
9.842706717678751938e-01
9.850215540595885777e-01
9.647979151172783041e-01
9.841743709268108153e-01
9.863811862243981876e-01
9.842601836852052921e-01
9.962209981011278526e-01
9.780691421966253296e-01
9.780915213765500882e-01
9.824901153179711466e-01
9.868360528099503481e-01
9.708646842168828783e-01
9.921674716776027747e-01
9.742234104005523809e-01
9.782896412338190073e-01
9.769285537668800368e-01
9.557968595175792004e-01
9.841418775014636466e-01
9.875324666494332826e-01
9.865904975629337104e-01
9.539971399561516519e-01
9.756608729709770333e-01
9.787561047945431136e-01
9.682973293139333082e-01
9.578844350841378974e-01
9.853492600587758776e-01
9.773061865553028804e-01
1.014031630430893616e+00
9.745401744936103006e-01
9.861202568683976599e-01
9.926440288202591500e-01
9.865829135245919312e-01
9.624247993600133499e-01
9.858872532265126054e-01
9.940864726481372093e-01
9.900554475821108369e-01
9.764646763321584988e-01
9.995677940013701912e-01
9.945266882209945480e-01
9.898507094315073251e-01
9.515938291233787538e-01
9.808675817690531984e-01
9.600249366929756167e-01
9.703810632172811257e-01
9.691576869312404918e-01
9.789821208102392758e-01
9.884928850833337721e-01
9.923716158951216837e-01
9.701633594318971321e-01
9.746023082378078017e-01
9.897106813968604699e-01
9.885251861906610982e-01
9.772964944712506652e-01
1.001025155170623959e+00
9.498776673524883529e-01
9.691385552958680094e-01
9.768371566787734661e-01
9.908767675107149620e-01
9.886480550248260002e-01
1.007338400048205740e+00
9.809178651870159582e-01
9.589533980028408511e-01
9.753348347458292711e-01
9.705758195921702081e-01
9.837351101912921170e-01
9.953229831268648464e-01
9.839566395871279791e-01
9.883656433397860486e-01
9.858550987263497989e-01
9.879900236602855434e-01
9.567157247941446840e-01
9.845254637661714492e-01
9.917549099139851831e-01
9.531030175357567691e-01
9.656821442637633091e-01
9.802610091895233024e-01
9.815683526015580584e-01
9.917694999332746786e-01
9.952004613425812218e-01
9.890781635374995551e-01
1.005044568843000086e+00
9.869176313458761785e-01
9.861215199269599552e-01
9.825892658916002276e-01
9.788675253563724477e-01
9.720540071345179500e-01
9.897962796135462149e-01
9.859324032078518041e-01
9.852553281097968796e-01
9.796325413977371444e-01
9.760340434754737338e-01
9.878282769619033399e-01
9.866909935749312854e-01
9.947062049466652844e-01
9.728611925408449101e-01
9.594456269372749757e-01
9.743088871807874529e-01
9.573569315395703549e-01
9.559825169736729800e-01
9.860734707792179199e-01
9.508461439064629372e-01
9.745145672996460284e-01
9.629875220700423455e-01
9.842550766263344908e-01
9.634960710771045544e-01
9.938981964643734957e-01
9.719475831346860994e-01
9.832078606424214939e-01
9.800687436808778186e-01
9.813244205859322777e-01
9.740042043958283546e-01
9.865999985535682804e-01
9.839711918954789915e-01
9.935466015159640785e-01
9.919810466755943912e-01
9.603879414026162964e-01
9.622312505869524690e-01
9.805240103336457791e-01
9.937157956041499096e-01
9.633902526243407483e-01
9.886081472116783342e-01
9.892472981350755035e-01
9.648908141474711320e-01
9.750222070533068885e-01
9.656757104311497475e-01
9.998921117380522583e-01
9.783753232866531091e-01
9.950485403621972536e-01
9.900430275807786673e-01
9.559598965106889112e-01
9.824715849463951933e-01
9.940130021578902353e-01
9.840678450202722249e-01
9.784525131184119706e-01
9.937972316344882984e-01
9.751981212629325935e-01
9.637008526159716038e-01
9.913188154868166624e-01
9.839087587564747661e-01
9.726953277072465376e-01
9.743548601896147021e-01
9.690577913057710768e-01
9.952198046905006423e-01
9.865866093647115420e-01
9.784335948962772367e-01
9.669430139936555646e-01
9.715346547311125569e-01
9.621146158261399961e-01
9.986974787213676041e-01
9.837923483641980438e-01
9.824076227253495386e-01
9.839886004628238814e-01
9.705443751216797921e-01
9.736206630243118276e-01
9.885541817503961104e-01
9.812295832200336188e-01
9.927485538273420618e-01
9.604911667613122983e-01
9.780753657963157099e-01
9.903784172990715007e-01
9.869836888397719443e-01
9.794636412462882635e-01
9.913473648940638316e-01
9.823339747751037576e-01
9.748202238168726108e-01
9.610071665520076856e-01
9.772351804208510018e-01
9.704792746379468094e-01
9.824399821556693002e-01
9.658578989979835772e-01
9.757899027043661633e-01
9.749684246796399556e-01
9.857647784421176285e-01
9.888976949457763954e-01
9.801652601648078722e-01
9.632372572377549957e-01
9.541426824916061644e-01
9.694813965416348989e-01
9.630034655205103045e-01
9.725331150291366411e-01
9.564996601508596319e-01
9.789183962464365063e-01
9.952671530660350818e-01
9.823682324772684549e-01
9.831243291256844818e-01
9.869986906681958994e-01
9.758999573777267234e-01
9.896258264758743817e-01
9.651364964673249114e-01
9.925182529269629406e-01
9.825697217811607542e-01
9.751868737460446246e-01
9.738363127309981326e-01
9.869492528289047772e-01
9.608424652792983967e-01
9.913556597363506473e-01
9.899874486058398704e-01
9.917097667665385474e-01
9.741381680640804896e-01
9.936388824890557414e-01
9.852025690761847532e-01
9.918244925344503748e-01
9.754891012700536157e-01
9.653198485063056999e-01
9.758294293802545205e-01
9.755517833531716088e-01
9.812997302021858603e-01
9.640125097648494235e-01
9.815096373974477872e-01
9.823263666371682135e-01
9.725472019823609982e-01
9.799322152731775315e-01
9.825210030922313376e-01
9.575066521764116212e-01
9.723364624775919784e-01
9.841197949644459042e-01
9.589162670826881785e-01
9.636236960847130995e-01
9.834893629095340373e-01
1.003833799593699894e+00
9.921286851365989090e-01
9.607979209099434259e-01
9.697509658627112561e-01
9.708393026399789738e-01
1.000927094831463471e+00
9.849960381201389170e-01
9.921770965216638594e-01
9.855901420839701110e-01
9.905478261464375489e-01
9.743495925033923699e-01
9.677413540464753217e-01
9.973052454980176895e-01
9.843756016949631871e-01
9.888762272900171180e-01
9.574391056637998609e-01
9.873168058409191872e-01
9.864027525014601450e-01
9.837788805010271309e-01
9.925710585983200662e-01
9.836347514200109998e-01
9.746739686653035362e-01
9.919264227132271738e-01
9.905792775179955711e-01
9.704433613042074969e-01
9.672072890227282338e-01
9.822505210091927452e-01
9.867682375122300842e-01
9.705480981178630229e-01
9.809578874304439866e-01
9.837587942610200864e-01
1.003128937599787829e+00
9.843570361455414863e-01
9.776082692087270098e-01
9.948568939424092816e-01
9.741458765685592214e-01
9.888338652849442134e-01
9.751992716588318011e-01
9.602722930695537507e-01
9.878870591290512815e-01
9.712939099012436461e-01
9.707854344647902645e-01
9.468543800348925288e-01
9.840903248448378271e-01
9.888858104923816672e-01
9.950346813291015557e-01
9.897903927716839023e-01
9.637939154807872999e-01
9.727427858252493120e-01
9.831054151423044285e-01
9.890763168047104203e-01
9.908819477789579944e-01
9.382885285242132944e-01
9.863174691403169270e-01
9.460288504069908067e-01
9.926689351416682072e-01
9.728728070206107414e-01
9.831483868512340685e-01
9.806377412690869821e-01
9.983460292677648340e-01
1.000628516984933158e+00
9.873441369691323688e-01
9.633975641257450651e-01
9.774138876150415545e-01
9.828646131830194310e-01
9.804364085629466707e-01
9.787337420137007804e-01
9.563555075878058531e-01
9.687688078345184639e-01
9.539762883906431901e-01
9.668520213649953732e-01
1.007880597605092188e+00
9.847034911898409071e-01
9.631972517527647160e-01
9.852490522530373829e-01
9.836378429577081750e-01
9.719846505717090190e-01
9.615534081420105128e-01
9.838519628849206056e-01
9.631482557607147221e-01
9.699915337664645199e-01
9.887214157575578977e-01
9.855676226659508821e-01
9.872887390399760488e-01
9.785433903580054160e-01
9.630553382813171748e-01
9.801090041119298046e-01
9.834555561377312793e-01
9.671983829711879865e-01
9.947162764983579208e-01
9.492300104339372879e-01
9.794111201957789170e-01
9.853811083006152050e-01
9.862801254951811813e-01
9.488505961811725120e-01
9.733431917859417526e-01
9.673541552319894210e-01
9.777315563908930418e-01
9.694563891018520563e-01
9.875424639780912006e-01
9.863812992648929301e-01
9.838488379390301075e-01
9.977593474011476893e-01
9.905859208905073432e-01
9.740691556760122660e-01
9.860633162002044871e-01
9.823966800499439600e-01
9.883697579280635859e-01
9.815421049420995914e-01
9.791419714682236819e-01
9.873626403868746015e-01
9.845347991921025166e-01
9.851714139636368328e-01
9.535334937844023306e-01
9.871744785263886213e-01
9.899746820762661548e-01
9.874425190590437884e-01
9.711330891567920842e-01
9.697937271749191845e-01
9.861041751819376033e-01
9.721533245537150592e-01
9.892413681225864508e-01
9.900966443822420970e-01
9.760128150727969132e-01
9.966775422756067870e-01
9.921779287478155185e-01
9.810566812593797259e-01
9.655367072230384151e-01
9.846311416373821901e-01
9.720818356506204516e-01
9.604152404265546839e-01
9.749377692054626010e-01
9.982441539188724455e-01
9.900442272445650893e-01
9.534420349736402178e-01
9.758073239641886776e-01
9.638165997698655563e-01
9.774294570604508126e-01
9.822743725853499974e-01
9.795426447383939195e-01
9.713355782998069898e-01
9.739761073867116981e-01
9.790248986962460931e-01
9.402906299587655559e-01
9.897675030671883034e-01
9.772506834970797751e-01
9.807786342633795229e-01
9.492133833003493226e-01
9.693038545994250299e-01
9.672592259563924655e-01
9.962926394503077709e-01
9.890798223255772292e-01
9.706711610351893560e-01
9.845807286433260197e-01
9.829008285141642709e-01
9.846292851679234737e-01
9.814800056219644686e-01
9.505858928685247955e-01
9.713876574489376248e-01
9.728707563516839629e-01
9.918759505226985018e-01
9.565323528228266703e-01
9.750662635863650562e-01
9.824202708794786965e-01
9.710549693405149396e-01
9.936326217953944662e-01
9.799659528513876561e-01
9.882911955417210681e-01
9.835847434146886004e-01
9.886581237334157723e-01
9.782345679396048377e-01
9.774106985914740031e-01
9.982697387022514413e-01
9.379393136906220008e-01
9.837739545203409985e-01
9.799855587185418715e-01
9.824707557323236751e-01
9.775938251560228887e-01
1.002857571471800879e+00
9.438550053878967949e-01
9.719526342560923515e-01
9.762454198500093439e-01
9.882174305950779392e-01
9.986469419936597758e-01
9.812315189220763845e-01
9.594609166384611143e-01
9.790947418227885501e-01
9.745309459311238820e-01
9.893725790027565470e-01
9.941486154854241031e-01
9.807720301070178559e-01
9.859079177757217316e-01
9.758828823847157663e-01
9.800257328968321469e-01
1.001408566431569724e+00
9.910855047870787971e-01
9.902785469665071894e-01
9.582817295253998058e-01
9.939981143914717876e-01
9.903146656039040208e-01
9.484910457600094214e-01
9.842472264242764224e-01
9.776254823959065199e-01
9.770971540736286265e-01
9.339674711182375244e-01
9.770876757790336598e-01
9.761008420149722697e-01
9.891195781518150598e-01
9.951843028582053607e-01
9.620649093301034682e-01
9.817352803585241983e-01
9.853524080138774677e-01
9.807190630966197142e-01
9.868095242592671568e-01
9.917081990338955100e-01
1.000284458129810705e+00
9.699591038158418277e-01
9.852309450940803792e-01
9.828709616870096033e-01
9.995934099406205142e-01
9.656289734476153352e-01
9.827534263662195402e-01
9.856307203477264745e-01
9.661287539640797117e-01
9.760641601340219742e-01
9.975970489756743609e-01
9.744018713574841284e-01
9.612729308464218470e-01
9.775484695425665782e-01
9.765195918188210866e-01
9.929112702067164342e-01
9.866071719542643947e-01
9.855819080467186355e-01
9.785515894072397414e-01
9.651421881753522447e-01
1.000698629909751114e+00
9.663175582116405593e-01
9.810432395281015738e-01
9.864413662981844633e-01
9.974754133486392060e-01
9.725737820835165248e-01
9.969506157535900082e-01
9.699356296468073513e-01
9.805516704795785854e-01
9.819292644497509270e-01
9.643332137619829991e-01
9.799478153609764153e-01
9.511326381317629641e-01
9.918964286901260641e-01
9.728360771850163013e-01
1.002664243392738186e+00
9.813757461679118999e-01
9.649667321191769398e-01
9.909035193381043882e-01
1.002535915881374695e+00
9.563474082465809323e-01
9.701886718333869730e-01
9.825324108956597913e-01
9.850913116718971185e-01
9.872674225341803167e-01
9.827988500512826464e-01
9.739274325492526252e-01
9.732386673005970490e-01
9.904233542963970516e-01
9.907842986321956369e-01
9.802743394073611949e-01
9.472598869452800718e-01
9.793465099503982918e-01
9.811200468958954923e-01
9.797005714514311903e-01
9.590013716052590009e-01
9.858543639443998474e-01
9.904725403028443731e-01
1.000456321561664419e+00
9.489103029724965666e-01
9.562859647835622035e-01
9.929731258929180848e-01
9.590856980658115649e-01
9.744936438580750204e-01
9.918469945373794561e-01
9.860288997103742181e-01
9.497887626439310838e-01
9.724884245388614179e-01
9.453666766693382684e-01
9.829567115578512482e-01
9.711493537874145154e-01
9.947236497343574513e-01
9.668783323001480801e-01
9.973276333433170882e-01
9.773787086566281257e-01
9.866461892549774904e-01
9.806927069414844711e-01
9.775100397210527703e-01
9.876529448945584599e-01
9.743860542883943099e-01
9.808559261994669320e-01
9.646829360562056976e-01
9.869086553319647015e-01
9.285872868447591078e-01
9.729091220786437733e-01
9.511948875385551894e-01
9.886711276156029404e-01
9.957527687102053493e-01
9.676500528008054047e-01
9.829413334332696150e-01
9.706535612037737737e-01
9.828840086171738433e-01
9.799260574525775480e-01
9.693208639100125978e-01
9.766303963611536743e-01
9.725766851544220826e-01
9.867778866540380944e-01
9.832051894661543168e-01
9.943834844667910344e-01
9.826473768241418272e-01
9.790120925652087136e-01
9.892349058838760811e-01
9.774711451721994626e-01
9.766954838160638586e-01
9.791098756943782400e-01
9.744005473070790346e-01
9.851261275452989352e-01
9.830033196714044186e-01
9.641991527624227398e-01
9.822848924784566282e-01
9.795687833058301930e-01
9.900113392434904958e-01
9.807235308052382194e-01
9.732050595746652988e-01
9.506120828154711599e-01
9.732860823575705256e-01
9.725514996953217306e-01
9.697277583749648322e-01
9.525461768492230474e-01
9.885928271452375515e-01
9.799987488858040718e-01
9.897568324412997498e-01
9.761632692250638010e-01
1.001617823841360000e+00
9.847078426802445827e-01
9.657878412168726667e-01
9.871322809237769169e-01
9.768393240182527970e-01
9.902790901663958145e-01
9.890361301037146058e-01
9.891945824801768872e-01
9.693123320458196801e-01
9.721264801164472003e-01
9.641019650045352662e-01
1.000475950216679122e+00
9.934605825445708138e-01
9.819548649762175341e-01
9.755081135536207704e-01
9.867888727910475444e-01
9.810423176172877735e-01
9.915822964170855069e-01
9.911536650490705425e-01
9.723976424243989669e-01
9.897345398793796489e-01
9.956035745837604756e-01
9.896130654310584251e-01
9.831056142599163827e-01
9.807921488447024494e-01
9.947233151828497322e-01
9.805406300414786225e-01
9.932212763253889243e-01
9.687949612951487488e-01
9.742251698960275874e-01
9.698713014632966978e-01
9.748388774228942122e-01
9.678229983197859099e-01
9.879482256830496301e-01
9.872764650761592931e-01
9.738275028225342744e-01
9.770295675582048034e-01
9.779943885193388420e-01
9.511699842225441737e-01
9.950558774379157922e-01
9.894303249961455826e-01
9.820640653309651302e-01
9.743725714985865816e-01
9.699772981324473742e-01
9.750398427113371458e-01
9.742738852122525550e-01
9.861116020440167107e-01
9.332872467203456868e-01
9.643859011863217257e-01
9.907881607925731471e-01
9.336149791817703880e-01
9.786984831093151760e-01
9.974644015048208523e-01
9.783656520615729990e-01
9.800812531404856642e-01
9.749517385623915899e-01
9.559605299348997720e-01
9.852882527900284071e-01
9.983861597039862534e-01
9.753679376572943482e-01
9.794036207867514721e-01
9.813557893452976577e-01
9.845775062860934179e-01
9.748286302979195517e-01
9.934159268398711218e-01
9.827001525562906181e-01
9.892480074408592783e-01
9.939072140522638987e-01
9.882258073093891371e-01
9.675281163437593479e-01
9.673200375995569811e-01
9.935515695063751318e-01
9.830903328259669172e-01
9.864060532615078758e-01
9.912138723310147670e-01
1.006777060826572923e+00
9.784857307861355435e-01
9.865493958589097723e-01
9.894812944443492908e-01
9.788746096084072201e-01
9.810924957074153019e-01
9.801226845982565772e-01
9.830782189202458277e-01
9.885498214101186010e-01
9.944962232961491733e-01
9.842636978056923391e-01
9.494276621121473525e-01
9.913570392644498463e-01
9.851615450465395218e-01
9.574404648085114156e-01
9.712903147785862945e-01
9.614391122236972675e-01
9.474550209945041823e-01
9.810583048021852548e-01
9.879272192320994739e-01
9.959645384280596536e-01
9.711222879852249301e-01
9.813869891705108151e-01
9.947738594839228288e-01
9.863118214869197597e-01
9.785847109568550639e-01
9.706982812498455848e-01
9.383113463313172975e-01
9.845786186077203350e-01
9.401469802754890415e-01
9.832171711359090072e-01
9.884333687422054426e-01
9.930397726418993543e-01
9.945346934374895698e-01
9.775804488075910959e-01
9.624057031564522413e-01
9.651684388349511812e-01
9.483344371896004210e-01
9.234902542221460342e-01
9.828323095184759994e-01
9.674993656431499778e-01
9.879763910148635642e-01
9.557443111157339910e-01
9.691541353824849603e-01
9.947111784596912587e-01
9.941250851570982983e-01
9.647131229853351808e-01
9.775062022660943040e-01
9.862567073114898442e-01
9.896910194169600272e-01
9.729789989966048935e-01
9.823153678787474030e-01
9.752132685250002320e-01
9.725797663351823941e-01
9.472024042534390453e-01
9.666848327949544295e-01
9.844609420096144259e-01
9.952120575241415468e-01
9.783916537938839308e-01
9.848639608196754214e-01
9.783766888750585755e-01
9.916253648974596713e-01
9.776795264453183032e-01
9.689788275697005515e-01
9.806463366214654975e-01
9.826645592305144339e-01
9.893369761657538897e-01
9.796483625041310095e-01
9.918073700897467315e-01
9.345603385006483466e-01
9.920163103269691307e-01
9.753418786619165726e-01
9.695747025226607585e-01
9.853822044502739130e-01
9.698147606507767637e-01
9.585069910927842551e-01
9.853353093642142069e-01
9.586188086559477295e-01
9.857050809780681933e-01
9.818166102568912645e-01
9.359905348940796843e-01
9.832774907118372321e-01
9.768554573424190757e-01
9.406339483085315312e-01
9.901348153109443828e-01
9.802509307288801432e-01
9.940254897507838638e-01
9.687402049498334833e-01
9.670407202743258601e-01
9.797383819173640651e-01
9.927126035257908265e-01
9.891819675518850330e-01
9.773053078341773503e-01
9.939929849900792647e-01
9.795924872136376749e-01
9.834741373710171874e-01
9.881699880223254739e-01
9.638261313060577651e-01
9.869048710764589671e-01
9.954742711319553017e-01
9.881714466771682748e-01
9.666879789086683106e-01
9.286449106847792789e-01
9.563363679413852125e-01
9.765709062524682293e-01
9.801480679863819878e-01
9.637782246203978609e-01
9.807168200586628970e-01
9.756340999181338791e-01
9.915770250328358459e-01
9.818824694221038873e-01
9.844332129553112765e-01
9.661328977123201378e-01
9.891945781118426373e-01
9.750271417312997846e-01
9.664693103560717535e-01
9.449178882945191704e-01
1.001392824817521010e+00
9.961870530272678437e-01
9.643791589412399334e-01
9.493659278927830680e-01
9.852266087440207931e-01
9.893824647058238053e-01
9.581058213096749210e-01
9.910934506042041736e-01
9.791819156366765586e-01
9.831943392117464819e-01
9.913744528351698948e-01
9.932785880914117849e-01
9.739390550412052594e-01
9.844391339070018843e-01
9.857382145253538175e-01
9.645314247938607810e-01
9.827690839484671814e-01
9.971640728388382335e-01
9.857487900847174966e-01
9.591080273021863611e-01
9.833612184575674098e-01
1.008260390620543623e+00
9.824327453885951522e-01
9.621574112428267211e-01
9.746398987348143805e-01
9.852920131041726926e-01
9.868032687571192119e-01
9.786058906493323439e-01
9.795217652762810978e-01
9.817802980993980411e-01
9.778517587829798074e-01
9.801868502438322306e-01
9.744500899737711386e-01
9.820899941899460250e-01
9.494902834510506873e-01
9.834631634599070305e-01
9.905769149522257733e-01
9.642258426964064322e-01
9.937388277687909666e-01
9.909507208467301931e-01
9.787809646736804758e-01
9.950991630640627639e-01
9.799048000146606263e-01
9.601417570623388409e-01
1.008022449143395116e+00
9.408905040736387226e-01
9.313680791923146796e-01
9.761499463571985391e-01
9.788935188711918034e-01
9.595587739399406013e-01
9.814737182690134176e-01
9.731659240272360067e-01
9.773948812789722274e-01
9.640634417180071747e-01
9.626029833319200701e-01
9.784352958185513760e-01
9.810398849985805247e-01
9.853986055099560604e-01
9.840007965670239942e-01
9.593793687226859213e-01
9.889385766174164649e-01
9.826712849878613820e-01
9.842775279385427289e-01
9.921750651744605243e-01
9.763777318249710069e-01
9.860899387272556993e-01
9.829718338518691478e-01
9.665973043059783443e-01
9.638674673083432731e-01
9.971514143546068576e-01
9.754964485143798880e-01
9.755873536084929132e-01
9.905702791193118362e-01
9.729330273325137446e-01
9.843501756909385225e-01
9.780320099260999545e-01
9.947741529832008212e-01
9.760697921506925612e-01
9.888209608845658360e-01
9.779711414649896462e-01
9.836668843118359096e-01
9.877384269903647374e-01
9.679830285254789057e-01
9.596712627432449905e-01
9.941559983128578359e-01
9.466286548111815247e-01
9.716411847129208246e-01
9.782073494153389337e-01
9.703283842241479107e-01
9.941323611876158317e-01
9.733443274248381183e-01
9.932341892048565102e-01
9.635005558999033548e-01
9.971357685760546818e-01
9.601165222243617237e-01
9.567962351198985305e-01
9.872439185150805319e-01
9.817161906875701005e-01
9.626758755551613200e-01
9.904802721692704814e-01
9.962318708268754763e-01
9.678610380745267250e-01
9.874470298073100283e-01
9.656759246056203505e-01
9.919597683244738562e-01
9.641709635122422961e-01
9.775946847177979793e-01
9.877852659564351212e-01
9.922183689532687589e-01
9.819174216306816305e-01
9.832079204555025376e-01
9.824667018300952126e-01
9.777992226310744384e-01
9.857408998779396692e-01
9.803197181831391216e-01
9.661025587200138265e-01
9.886655990001474992e-01
9.869702786304327402e-01
9.748959033191453294e-01
9.727224481381497867e-01
9.796544777485034494e-01
9.826359238188517864e-01
9.835033181461680929e-01
9.468027677840107348e-01
9.290886992817332102e-01
9.800330419264491333e-01
9.777220456116118008e-01
9.939285948253391290e-01
9.900660212080066858e-01
9.708476029793158268e-01
9.701697149821960631e-01
9.825821878720778502e-01
1.018529209998600527e+00
9.807905676026076325e-01
9.817878799883180685e-01
9.880122746637016728e-01
9.774651586603314568e-01
9.731278426975739082e-01
9.840567587218292944e-01
9.703374011773119312e-01
9.656154359344654159e-01
9.842994510144886799e-01
9.818766535154603847e-01
9.950299708678308486e-01
9.747861154570012232e-01
9.787031465554990595e-01
9.926592066475761200e-01
9.938540577371374196e-01
9.753635773141553500e-01
9.618926245995418345e-01
9.809994531359271797e-01
9.728453970345419810e-01
9.915874179826945634e-01
9.774860481072614737e-01
9.548206673256964816e-01
1.001129947431439460e+00
9.767555504678869793e-01
9.929704220751198740e-01
9.686337055358398285e-01
9.795073404839088616e-01
9.880694383788874990e-01
9.878711667888591119e-01
9.887382074681798638e-01
9.913778157058638074e-01
9.799499417911800014e-01
9.845999303604086039e-01
9.865535310172509620e-01
9.727197140939942699e-01
9.911238650579847764e-01
9.779981477223972375e-01
9.936616728851419555e-01
9.959011970440486694e-01
9.785024947315983379e-01
9.782760568773872789e-01
9.817099461586462628e-01
9.842961369473994804e-01
9.612712845595058342e-01
9.850467581065159850e-01
9.985449610623847727e-01
9.834965106326242212e-01
9.677093824508974373e-01
9.567558111610863225e-01
9.528251496841270152e-01
9.945168016321046522e-01
9.682140459163025570e-01
9.773242563944372074e-01
9.831788113832955478e-01
9.658053960301652419e-01
9.722176813509146864e-01
9.856077261289934999e-01
9.724820456941767333e-01
9.854843388740738286e-01
9.739457878579891315e-01
9.718245947421090269e-01
9.802259189455145849e-01
9.846900981645881901e-01
9.891734484370514613e-01
9.869987500533374813e-01
9.714827814048223598e-01
9.745331586149889036e-01
9.424758668064107114e-01
9.959166899254909833e-01
9.836417661983569705e-01
9.755295328603605931e-01
9.466672639028798075e-01
9.673694749723931174e-01
9.858801672056256571e-01
9.838426072056607463e-01
9.502123137023608113e-01
9.669436176412113948e-01
9.737529308216107404e-01
9.777077466908108416e-01
9.846079317637933537e-01
9.698185702030283073e-01
9.807775484023182333e-01
9.863660548470044587e-01
9.780251376375256323e-01
9.909426052944232399e-01
9.182906751681462199e-01
9.779884157888203422e-01
9.749349836721659113e-01
9.937928399518712874e-01
9.745672470377733099e-01
9.761624925192787794e-01
9.676772647976278341e-01
9.792045674636169483e-01
9.716176921826551460e-01
9.264563625714332673e-01
9.730192052840412886e-01
9.477841318402868698e-01
9.804781417485941564e-01
9.614922860827987972e-01
9.927481714216357389e-01
9.392547499225424312e-01
9.851612307759883835e-01
9.731217458382495078e-01
9.816148730142129075e-01
9.884720571645654319e-01
9.883799663553517467e-01
9.822950707856488162e-01
9.772338018894735079e-01
9.865931363953830413e-01
9.948965497970377880e-01
9.851562245076960211e-01
9.893358691861499077e-01
9.808885253795435188e-01
9.700203903935668004e-01
9.845700268815533729e-01
9.889370849375140882e-01
9.525684958464930574e-01
9.800154220820572748e-01
9.911962608796237584e-01
9.685448529420521702e-01
9.799980627512876463e-01
9.796855768081197402e-01
9.518070820281500088e-01
9.530738843813293393e-01
9.866432099761356378e-01
9.665270087092721063e-01
9.834226469144917715e-01
9.719782539847203751e-01
9.673987675762037997e-01
9.829345152955039078e-01
9.868385181789595118e-01
9.888552023913305122e-01
9.843327029100084058e-01
9.760683539670169662e-01
9.795701869658367533e-01
9.769666624543056344e-01
9.918990466490917868e-01
9.773894600024224388e-01
9.579601040833950476e-01
9.681171303752108548e-01
9.835848631176556944e-01
9.865668779010273726e-01
9.741561056273327912e-01
9.701355269910707513e-01
9.790403823551617757e-01
9.914684374945395007e-01
9.912393941917871931e-01
9.746700073517471363e-01
9.813804407255822815e-01
9.761601242209280160e-01
9.572351784022870014e-01
9.888765711198910235e-01
9.757679555735787602e-01
9.741700357528239040e-01
9.801438304724779949e-01
9.695046162300535730e-01
9.650231003224737369e-01
9.826662037498338220e-01
9.747131744296154698e-01
9.736261043541520888e-01
9.717392248670496668e-01
9.770624414593855889e-01
9.976949656627867036e-01
9.789348542497281480e-01
9.852753438957061460e-01
9.701665876511555986e-01
9.861845829224958893e-01
9.680724025165164948e-01
9.787179767387722551e-01
9.893407518267537393e-01
9.907968632991973612e-01
9.656996982685314146e-01
9.883560685479984009e-01
9.911443618667981070e-01
9.778660225624965507e-01
9.799851349875422502e-01
9.864329327377989731e-01
9.855064811331123442e-01
1.001990980806013454e+00
9.627591092841288889e-01
9.757378148476610891e-01
9.890016738986803224e-01
9.983427351740159494e-01
9.624843870486007313e-01
9.871293009641558536e-01
9.812468695526656015e-01
9.763513245808365104e-01
9.967074313468256008e-01
9.780463767900278160e-01
9.984162408939089017e-01
9.844058375131239380e-01
9.854002231051356420e-01
9.739766298539008771e-01
9.653807950344278632e-01
9.715372018727865822e-01
9.713236695108942165e-01
9.735317451833688240e-01
9.847946143610162295e-01
9.818576364267697087e-01
9.682276495920335568e-01
9.842601807347498566e-01
9.684856943971750232e-01
9.819164402086972832e-01
9.853681248780979951e-01
9.890836165719906203e-01
9.896510654420385134e-01
9.772170023418325080e-01
9.842226814461402240e-01
9.642340127399968708e-01
9.944696964618365831e-01
9.597002330202630827e-01
9.702988526847312611e-01
9.876905009149622439e-01
9.972731963945370426e-01
9.866776792105043103e-01
9.779676066132799717e-01
9.715044112205072357e-01
9.732208098546999420e-01
9.665313343234352983e-01
9.572291726731098072e-01
9.855420466515156797e-01
9.708500796257693022e-01
9.415636629098849131e-01
9.778465417625815670e-01
9.855597721099962349e-01
9.800648564229876847e-01
1.003095121188118055e+00
9.758662829653148574e-01
9.220981059467290297e-01
9.762947793565759369e-01
9.738582958661085032e-01
9.920304968191716588e-01
9.831461190350248014e-01
9.932851973858546346e-01
9.765374665340785798e-01
9.778122674793238156e-01
9.816317566855022880e-01
9.879045240646209258e-01
9.746418547084222395e-01
9.834004930581732307e-01
9.769090680375382973e-01
9.547764229049108264e-01
9.721686716725054245e-01
9.596323879155328473e-01
9.672797707401608047e-01
9.785700513165992431e-01
9.811742762291181252e-01
9.809905883285400252e-01
9.820240094133892983e-01
9.832823158406294173e-01
9.853395021635386053e-01
9.899130668498098418e-01
9.592646002711490150e-01
9.723620287080857461e-01
9.890817022020585991e-01
9.735431432942880381e-01
9.535593237712387538e-01
9.879658600970632198e-01
9.734162302442360692e-01
9.579436007614298143e-01
9.868812776536372011e-01
9.817661674527029536e-01
9.864997134689271752e-01
9.784435777641705689e-01
9.725894394346755734e-01
9.824686026049933574e-01
9.737983417461515412e-01
9.884719224819331629e-01
1.001698241385575283e+00
9.768696421689578857e-01
9.829621254824152388e-01
9.828527411204390773e-01
9.805893533383861493e-01
9.755485255263496303e-01
9.895601316388169533e-01
9.884731667776456288e-01
9.716961051191963517e-01
9.904452419321341239e-01
9.901732220982475408e-01
9.823098671434760121e-01
9.957162280212595862e-01
9.634664039222089471e-01
9.674563688216929469e-01
9.831322679959320077e-01
9.677012951771586380e-01
9.786878598916798344e-01
9.780758763804160427e-01
9.842547347630627996e-01
9.887815947790382642e-01
9.903389692368624875e-01
9.785087622688903863e-01
9.940610203763317054e-01
9.801900640568225187e-01
9.762468607198016013e-01
9.886881393605931878e-01
9.976495070460396075e-01
9.817010866659166002e-01
9.787391074863434071e-01
9.947250191146056464e-01
9.741742691806904997e-01
9.839868474675473875e-01
9.899647291299289442e-01
9.912480189800766395e-01
9.848592783067243728e-01
9.962570915028233776e-01
9.662421580888257422e-01
9.640429403254625607e-01
9.811669291115470148e-01
9.645681687124909587e-01
9.795006671394458353e-01
1.002810226868673382e+00
9.821304324825458343e-01
9.707725125416156731e-01
9.598907721824408990e-01
9.884113758383892279e-01
9.881064228101015257e-01
9.845546598778183167e-01
9.795008406860796768e-01
9.914036334589885202e-01
9.811871267262937124e-01
1.008879548645169599e+00
9.702437092390254758e-01
9.912162737995169337e-01
9.788748582271067367e-01
9.640386789380038790e-01
9.894580328829973848e-01
9.770420188664508121e-01
9.678390647400999525e-01
9.855349664458861181e-01
9.683673755178932030e-01
9.640826292975140932e-01
1.005207223190924370e+00
9.638763072147588096e-01
9.910831160170727738e-01
9.739725164151724623e-01
9.764339758297468919e-01
9.819885303966460199e-01
9.802921503303154704e-01
9.852994818257105880e-01
9.601160685333320899e-01
9.689853144630563575e-01
9.902265977701799615e-01
9.899647179586170687e-01
9.881831934363762837e-01
9.844376753311002703e-01
9.855686855415322078e-01
9.768931386369563707e-01
9.783899549589063493e-01
9.662139382285003242e-01
9.480587963485452851e-01
9.519749915364766890e-01
9.824811914597200158e-01
9.644843381309922137e-01
9.820159979535155736e-01
9.903869872615126413e-01
9.826788638541866794e-01
9.816597604039241087e-01
9.612445387107549921e-01
9.385825689175754105e-01
9.849188396760502062e-01
9.904298689620911755e-01
9.902720900769605983e-01
9.704376904180018748e-01
9.670422854091139664e-01
9.861135629211543741e-01
9.701696063407220239e-01
9.877588375857754288e-01
9.844145163874903348e-01
9.817473808292027648e-01
9.743763346061946606e-01
9.609337727442304189e-01
9.754330895896990983e-01
9.876351313679313515e-01
9.646810703941025578e-01
9.834776155660059915e-01
9.903888809135463767e-01
9.930209205627259506e-01
9.896733905387188335e-01
9.853576199849748418e-01
9.834794537799805836e-01
9.556258426893281532e-01
9.701505242882789704e-01
9.383588244910788800e-01
9.643261556278265312e-01
9.798799319271811470e-01
9.938408358854403657e-01
9.758135589919938457e-01
9.653887401549807734e-01
9.685863369024449998e-01
9.829805129492678040e-01
9.783389561125916956e-01
9.877779441243373926e-01
9.740287822696330755e-01
9.666909616942522820e-01
9.998225751422792351e-01
9.921787203982719294e-01
9.736717238664062135e-01
9.907119693070793875e-01
9.771666805370532449e-01
9.787815344863124434e-01
9.762547739363111043e-01
9.782912396360007312e-01
9.947064730975638813e-01
9.899384486374418479e-01
9.879200074780638552e-01
9.796767085422953825e-01
9.829676325288283500e-01
9.733104523392230867e-01
9.854792883767452549e-01
1.008303550119467484e+00
9.747387325763197108e-01
9.902311414238560427e-01
9.821680679390593083e-01
9.810506943283818782e-01
9.424477041110195241e-01
1.000779936782297597e+00
9.591426419241706469e-01
9.872983385848527194e-01
9.900645988390690544e-01
9.446459636122752634e-01
9.790497856153271838e-01
9.872695503621526925e-01
9.905771543010096769e-01
9.868429127443263393e-01
9.580190073882179913e-01
9.925190488376557374e-01
9.875061141880682181e-01
9.614142936277344509e-01
9.819301331942688060e-01
9.761507461343769121e-01
9.392668474523352407e-01
9.668457381737282086e-01
9.915731455140220918e-01
9.487412085137203466e-01
9.898583342264452023e-01
9.703989854395553838e-01
9.926323517915552896e-01
9.810839527965433682e-01
9.821186717649510456e-01
9.739822758235814337e-01
9.774505874634221714e-01
9.728207262467942762e-01
9.672568209350539403e-01
9.844008847155293340e-01
9.666227070521338227e-01
9.951376041517866478e-01
9.575606465281863988e-01
9.492375335921598989e-01
9.759968242886208900e-01
9.776218245241241611e-01
9.982271023550940425e-01
9.513004936449803717e-01
9.715795642724163184e-01
9.768596967566306466e-01
9.819354928065805455e-01
9.856577845933384152e-01
9.969980267833516985e-01
9.896344542943762423e-01
9.892673050143924174e-01
9.912411491677909359e-01
9.854576116892597160e-01
9.822525581399883521e-01
9.850061033250193665e-01
9.616157684155762775e-01
9.832665242786879922e-01
9.745397018113682863e-01
9.933648581837175584e-01
9.895289842496677313e-01
9.841248552356203216e-01
9.730023609622233671e-01
9.922148029905718536e-01
9.807936239589704064e-01
9.594503521149859715e-01
9.880181667447867078e-01
9.827956043722057000e-01
9.892915395519049637e-01
9.786474377161328286e-01
9.577856841088701056e-01
9.799730890421484153e-01
9.795317136622953003e-01
9.876419084014952388e-01
9.748922484292007473e-01
9.669792280319564615e-01
9.920206584545985251e-01
9.814139922710122255e-01
9.747463223469179372e-01
9.740531457176826446e-01
9.915065537575317167e-01
9.936006445402670861e-01
9.873358390251952832e-01
9.793527184000280217e-01
9.620363560623148569e-01
9.659446626994683260e-01
9.819324068298469488e-01
9.826769217230306719e-01
9.873621326379939944e-01
9.613542008025356411e-01
9.813236008660721765e-01
9.582395693580866292e-01
9.845970478035788176e-01
9.897831198457203161e-01
9.834592197841086625e-01
9.541147679613741772e-01
9.920685901356687264e-01
9.519980223657734664e-01
9.735694626882906988e-01
9.783846533334428219e-01
9.796422747455835189e-01
9.856945892587256619e-01
9.839880544927013251e-01
9.847445662598248717e-01
9.834474267817879811e-01
9.935416183487807418e-01
9.849180913898081258e-01
9.897279655856402458e-01
9.950915183503523664e-01
1.000017080167144412e+00
9.891753571457754246e-01
9.812880518840607635e-01
9.670974397552589696e-01
9.655147406640151031e-01
9.733288218205834452e-01
9.475578029842556260e-01
9.858420109627755723e-01
9.702903568140736068e-01
9.897334885751903899e-01
9.801850814067257778e-01
9.749017596527139728e-01
9.721749597206843507e-01
9.866026823310715121e-01
9.921678561247454509e-01
9.937742280159682640e-01
9.786572440515097782e-01
9.859059308027107171e-01
9.895228074536044360e-01
9.764787471214021464e-01
9.647200213832094473e-01
9.769157179293753712e-01
9.860001426632823973e-01
9.943594060010046976e-01
9.894334916456659634e-01
9.726616097960900653e-01
9.728829868824633298e-01
9.775970641824981433e-01
9.840316760877462210e-01
9.689884385497384844e-01
9.570266239723184132e-01
9.911335364812735582e-01
9.847960873840970741e-01
9.838047338636524142e-01
9.801384977508430518e-01
9.691606238081992286e-01
9.328989059794073890e-01
9.966417979678425798e-01
9.895254989512273225e-01
9.693016698879912685e-01
9.833759725842837751e-01
9.773442206250727571e-01
9.989760691614281152e-01
9.942613169204054246e-01
9.655157810834099630e-01
9.711440944219054128e-01
9.392960987514471505e-01
9.744988878131407573e-01
9.688748645868372478e-01
9.903392456210506900e-01
9.587714393381860933e-01
9.750361945644447914e-01
9.661840628460310887e-01
9.830942023167374977e-01
9.898216792255418728e-01
9.864285331455535655e-01
9.878755820161569945e-01
9.493544097652727443e-01
9.703331416878053783e-01
9.897126789990557949e-01
9.834713047586721713e-01
9.809303263433071240e-01
9.929957708381395021e-01
9.703917738585634556e-01
9.704212772004562337e-01
9.856862464043850691e-01
9.899368240054049473e-01
9.650279748799222013e-01
9.794224778811557730e-01
1.001422877693609159e+00
9.812078660574178324e-01
9.620866121376021596e-01
9.722226830933159425e-01
9.780276201967778027e-01
9.863940756219927719e-01
9.764280848988944328e-01
9.799505560864558706e-01
9.781840107843042809e-01
9.811885531572043240e-01
9.853257559630332896e-01
9.886202256010050426e-01
9.790437795230186868e-01
9.590942840820453341e-01
9.838680289641890120e-01
9.914420505685245244e-01
9.837289408881669805e-01
1.001304475398649529e+00
9.819500460585529611e-01
9.778242033218340623e-01
9.884402909672089788e-01
9.850409188028060870e-01
9.746076566468001579e-01
9.767386973747496093e-01
9.623183013314584588e-01
9.861372968330239797e-01
9.820749588152362097e-01
9.637923600776650002e-01
9.735718920565050727e-01
9.503776093606736142e-01
1.011878957907353271e+00
9.787764880735513318e-01
9.848948894245228569e-01
9.607480115611715110e-01
9.740405290661392490e-01
9.798219209817219388e-01
9.811525850334769094e-01
9.918874662617790383e-01
9.865467000020446964e-01
9.925230211452867879e-01
9.886281754865693383e-01
9.863062567777800549e-01
9.896562012371094008e-01
9.769765132325087809e-01
9.663709060155736275e-01
9.617117946336495304e-01
9.958363951876345599e-01
9.529287928776374317e-01
9.828116694581872093e-01
9.726105033834778757e-01
9.557417562284401535e-01
9.592196662073835256e-01
9.699998824007964870e-01
9.767260896298698425e-01
9.561123946901923798e-01
9.793204051447792491e-01
9.759286127905789643e-01
9.781672395465363934e-01
9.627225629082493130e-01
1.004008807286259186e+00
9.593968927771819866e-01
9.850268845998003675e-01
9.848698951598141571e-01
9.787251411834614334e-01
9.866804432970412986e-01
9.727447154996893275e-01
9.895310323527980456e-01
9.843433914163043363e-01
9.797889396118382166e-01
9.993007275191609917e-01
9.853902663424376485e-01
9.852836876202746286e-01
9.772875989840715816e-01
9.809937515423701182e-01
9.611066114619969403e-01
9.495416821137215857e-01
9.885106050203983363e-01
9.872093909107888532e-01
9.815427149809384799e-01
9.856508383702342613e-01
9.742256381699712087e-01
9.844473963598366906e-01
9.676887495189132604e-01
9.681811722509463536e-01
9.917656691247452860e-01
9.886969673403029901e-01
9.878600650644223657e-01
9.535668525971138232e-01
9.925293796940417579e-01
9.719260602305590524e-01
9.491849395871111428e-01
9.754706197216991281e-01
9.803222309119218325e-01
1.000620574583725109e+00
9.846417182095905662e-01
9.479956989618223417e-01
9.493473352623310602e-01
9.890424500345132985e-01
9.897390718138381338e-01
9.845712173694262104e-01
1.001273709619524332e+00
9.831649817150193149e-01
1.000303530022266463e+00
9.768839846804681093e-01
9.794944618548169224e-01
9.672112168077396932e-01
9.804126647298873065e-01
9.604648616520810034e-01
9.870176840219978542e-01
9.760934354909879263e-01
9.701077658682145666e-01
9.766426829425516321e-01
9.906038008696486097e-01
9.691229478877101400e-01
9.763585994374711641e-01
9.642031763760001706e-01
9.828050747149239541e-01
9.807859089060156910e-01
9.922979815501304923e-01
9.810149178115019630e-01
9.685491976385075530e-01
9.897958110139339905e-01
9.700398269595957856e-01
9.709725334868509750e-01
9.575744522343090370e-01
9.923973308057507658e-01
9.870939046739383160e-01
9.825011050183182215e-01
9.855055401424083206e-01
9.691447834074818912e-01
9.791134293163253899e-01
9.836707510088466000e-01
9.607905952531013982e-01
9.778380859524816726e-01
9.736751098177074404e-01
9.563270663360614599e-01
9.929675647050362208e-01
9.823978526062753236e-01
9.685886641562400090e-01
9.849438589427241819e-01
9.520277857233995222e-01
9.849872331548286120e-01
9.797040509857745105e-01
9.800090743259971537e-01
9.861755943630956533e-01
9.871653471357818566e-01
9.597975060681859238e-01
9.865198115157186587e-01
1.001831670899462789e+00
1.005635694475660147e+00
9.728256455794102031e-01
9.980746922515660868e-01
9.823760578811137067e-01
9.904636938471771401e-01
9.687983129656458914e-01
9.673460092563862522e-01
9.879617678241716661e-01
9.778625155329079277e-01
9.827256356573388363e-01
9.865952066567863499e-01
9.789716598714853779e-01
9.966186496225993841e-01
9.859521501511037123e-01
9.846726485785003424e-01
9.820962642860550096e-01
9.850386344558335061e-01
1.000100969623755720e+00
9.755112116197971472e-01
9.762490204038822839e-01
9.921200935103874352e-01
9.647258886187661808e-01
9.833584653341890247e-01
9.883979067195810542e-01
9.903405861120018194e-01
9.834029098423018311e-01
9.999846173760942314e-01
9.831786601187780805e-01
9.597950686836524969e-01
9.701871732210958221e-01
9.768717102403920993e-01
9.796152837733376195e-01
9.727950906770715944e-01
9.769452288953422991e-01
9.862602176596209080e-01
9.954807433963757113e-01
9.877872767153983435e-01
9.707857151663027429e-01
9.802153012746099847e-01
9.727727643965886628e-01
9.925992034954305154e-01
9.655995512094643907e-01
9.734802992737655591e-01
9.915327777119187225e-01
9.752972648756770280e-01
9.737242955291816049e-01
9.816548651177774421e-01
9.622954857652209482e-01
9.797641473378665422e-01
9.882378777170972572e-01
9.716502223399215987e-01
9.916511332169833937e-01
9.714433364308471264e-01
9.712052019363177635e-01
9.678402109386678998e-01
9.547395901674612384e-01
9.833580426791289630e-01
1.007829190619812687e+00
9.990257368399941829e-01
9.966873237293639720e-01
9.879109960399740098e-01
9.558008778173368025e-01
9.571231342144540521e-01
9.526409827816314513e-01
9.792441670965484901e-01
9.930852071770991385e-01
9.684997014894559664e-01
9.746572628157502693e-01
9.881440247070842897e-01
9.888137513634567277e-01
9.557798549090344986e-01
9.877464471694233916e-01
9.944435071610536747e-01
9.520282127654592363e-01
9.849288213854088259e-01
9.615393326082374292e-01
9.878272376347377870e-01
9.937971079588061585e-01
9.737647908815569853e-01
9.482297994801828223e-01
9.807113142525659688e-01
9.841554237069911615e-01
9.859966658156684716e-01
9.544930461925124066e-01
9.846580103784692284e-01
9.773195105642273894e-01
9.905559525657644526e-01
9.849741959600841756e-01
9.799693435866483338e-01
9.849484840839607402e-01
9.729503103765614336e-01
9.953185114279143875e-01
9.772393857530968786e-01
9.715142818733042418e-01
9.886627961637821649e-01
9.787439137011766377e-01
9.944057820861827990e-01
9.748785324144456643e-01
9.726498725951077118e-01
9.647525717318805594e-01
9.955014222636614507e-01
9.731700223826497131e-01
9.734211773308655280e-01
9.848751979359341435e-01
9.879060887901198740e-01
9.630513894096932592e-01
9.621645735042291259e-01
9.840137238366554184e-01
9.802673653100346662e-01
9.915582320870671706e-01
9.854399410097798295e-01
9.861623736799304263e-01
9.883139324371847945e-01
9.757821899373406715e-01
9.904051130932949309e-01
9.656335951502104109e-01
9.895811311406115252e-01
9.783261757230305999e-01
9.784284345099042435e-01
9.799954488719995194e-01
9.797452606254507534e-01
9.735610291724640097e-01
9.861373622454356891e-01
9.824194315603674843e-01
9.608285978904229641e-01
9.896398276820128626e-01
9.930782588115524279e-01
9.544521959393861277e-01
9.810872626913567096e-01
9.734734506307556323e-01
9.655537088629649878e-01
9.822070514533205454e-01
9.956306139278778833e-01
9.541600744559379788e-01
9.896663706488348922e-01
9.696918991624362549e-01
9.783090624422631221e-01
9.798131894153828680e-01
9.834148144416463566e-01
9.891880395910146451e-01
9.827179135126125065e-01
9.708928465806405672e-01
9.929012673302792802e-01
9.755039279619238668e-01
9.730430808626986394e-01
9.949064721249292198e-01
9.718272220819336171e-01
9.757385176598482035e-01
9.659818803975948054e-01
9.899245802094691626e-01
9.714388497441946990e-01
1.001492562814437770e+00
9.717113347044048499e-01
9.876774390865413755e-01
9.877721008341754372e-01
9.871103271097829701e-01
9.785133100943228524e-01
9.671687915602085184e-01
9.919470906422273027e-01
9.848972782355989164e-01
9.896138230608496622e-01
9.732495368690385895e-01
9.635798551342534823e-01
9.660308991695772951e-01
9.899493830406830286e-01
9.659286856581038583e-01
9.734166080464923265e-01
9.841501222601226617e-01
9.947806479989773631e-01
9.829662718348396444e-01
9.597528014464323798e-01
9.498803469717055359e-01
9.745315580999825977e-01
9.865553134282925019e-01
9.876743625804254023e-01
9.817435363744552168e-01
9.755867376650489975e-01
9.895666792170257908e-01
9.606440551147759077e-01
9.864872955539605304e-01
9.691371702211284411e-01
9.841651173232826011e-01
9.818174047843765129e-01
9.878319839018785409e-01
1.000696294748498749e+00
9.615772642034916551e-01
9.424154892053535626e-01
9.778378771302521644e-01
9.834650443712418255e-01
9.992509219724946545e-01
9.738723733865554122e-01
9.863162008549555271e-01
9.811884011978037057e-01
1.002104388705847171e+00
9.628920883073839310e-01
9.631316240360728864e-01
9.889252145726902254e-01
9.637376958772625457e-01
9.946372072777933671e-01
9.971818596222254971e-01
9.771676603259699112e-01
9.816959075936476653e-01
9.791480324362517029e-01
9.758252940046678869e-01
9.817531229945597460e-01
9.919309918225299727e-01
9.818862975391087211e-01
9.950288559880777761e-01
9.814063505444573510e-01
9.745582589951650165e-01
9.589773018279175165e-01
9.851940401657728330e-01
9.662351361604263333e-01
9.740525191000432015e-01
9.959729889681655512e-01
9.901322126529255030e-01
9.470194882253076818e-01
9.823816872475489292e-01
9.637462118034072489e-01
9.691693656793649581e-01
9.387522988734632312e-01
9.671918679898060534e-01
9.927860772495082919e-01
9.778537090527796849e-01
9.862932348106029368e-01
9.757266145482752506e-01
9.684942818774643358e-01
9.827125791081781081e-01
9.530085644916849175e-01
9.635829468495412664e-01
9.745316085723130239e-01
9.842814781233437671e-01
9.533820144010405340e-01
9.702712869604969148e-01
9.688287112137848878e-01
9.722720421617193631e-01
9.889648410417453128e-01
9.775444864231999098e-01
9.894606892410743315e-01
9.819307956070324472e-01
9.780268205368333190e-01
9.700161773151201317e-01
9.755384798765184273e-01
9.705324447531161747e-01
9.920508230912097325e-01
9.609173188697293089e-01
9.824628887473466632e-01
9.896387224543260475e-01
9.531048505242109004e-01
9.952159735072328983e-01
9.894388738724777532e-01
9.815813024472019865e-01
9.841781876202969626e-01
9.725267137094033565e-01
9.398961746216888402e-01
9.716559454283490993e-01
9.678297003628094641e-01
9.987309856310420120e-01
9.619282137562075174e-01
9.821312167293307915e-01
9.959778406373942516e-01
9.739250436587658655e-01
9.854045624901908162e-01
9.956405659577747258e-01
9.920165534729428192e-01
9.773062598266621936e-01
9.839555573543102840e-01
9.843291160382737770e-01
9.789180783930097052e-01
9.950514055548765890e-01
9.617331694808108900e-01
9.860649673139657567e-01
9.897743779863074076e-01
9.545951622720640906e-01
9.889231317554191270e-01
9.842825889560623542e-01
9.426287453729570442e-01
9.870278224052433380e-01
9.817458031772723359e-01
9.960863938679949126e-01
9.758690940535438285e-01
9.866096694083983376e-01
9.698171986667855071e-01
9.944317002086652257e-01
9.769334478767668362e-01
9.834975527068148260e-01
9.745528256760195296e-01
9.869921759459843180e-01
9.711859671280711481e-01
9.904420062425177695e-01
9.780348263237270690e-01
1.001842212047602931e+00
9.841508510567450463e-01
9.850359664609663612e-01
9.817561656230505696e-01
9.861596840111511719e-01
9.727344990899080557e-01
9.789908391900399298e-01
9.900385842876571196e-01
9.698550334099053094e-01
9.726548309185727437e-01
1.004038139716647793e+00
9.815338451623156768e-01
9.901341946927350035e-01
9.916184165691419583e-01
9.801901229127929494e-01
9.825803007336064709e-01
9.718592986037404291e-01
9.670909724122662698e-01
9.786661957497244657e-01
9.818991066593834027e-01
9.825773530646038090e-01
9.854475801208415486e-01
9.717930908352397923e-01
9.855019458724780801e-01
9.748685404735618620e-01
9.966488402838591387e-01
9.722848986863685816e-01
9.597920837385387482e-01
9.762921985876595876e-01
9.859468108950596443e-01
9.684691273494453467e-01
9.801378682916650487e-01
9.655534878792442210e-01
9.844275851885733175e-01
9.870007338198137914e-01
9.831090036977596647e-01
9.615893425800396965e-01
9.874594309805583281e-01
9.843390611510524080e-01
9.943231053024581545e-01
9.802295456434281240e-01
9.721341762568045386e-01
9.929585613845911540e-01
9.923424687496630314e-01
9.818595370529914490e-01
9.717326697184127671e-01
9.628222964193030586e-01
9.705145966641692823e-01
9.847342146623468961e-01
9.764526355417721959e-01
9.874870304482028516e-01
9.779032404688086100e-01
9.760148680669629151e-01
9.683078803559931336e-01
9.862148701940862683e-01
9.715868927641148067e-01
9.695291971655399799e-01
9.985683880745559460e-01
9.848813526374463612e-01
9.945770834784103398e-01
9.773301656018154038e-01
9.832273127909771926e-01
9.746578899144238139e-01
9.759153389670344181e-01
9.816027881786160147e-01
9.618394255358947431e-01
9.836373428085545267e-01
9.676902635616364545e-01
9.732477437126787478e-01
9.804945985127823116e-01
9.946915910119489279e-01
9.725102350618813896e-01
9.590058612807226268e-01
9.686435116618929975e-01
9.690229126942393467e-01
9.886869187090919775e-01
9.714086371393031438e-01
9.819076132534031442e-01
9.679345340816579712e-01
9.677521207512080892e-01
9.899194644037316859e-01
9.627080863270079947e-01
9.830574136370440197e-01
9.612074254667243300e-01
9.596934321555753433e-01
9.658377403704409003e-01
9.881825037727048899e-01
9.767779780870555761e-01
9.628422532169130799e-01
9.520364800090572732e-01
9.871270646234331370e-01
9.699597156640344942e-01
9.896548606729165254e-01
9.873131362028949587e-01
9.838944849841226858e-01
9.736075581255947409e-01
9.975299526519628701e-01
9.922919321511891599e-01
9.763039474850427890e-01
9.775423591921829081e-01
9.498720040587756985e-01
9.810164835096087943e-01
9.672285865220967560e-01
9.855754258982134530e-01
9.659171041112952771e-01
9.777797580749151285e-01
9.866191465973525032e-01
9.939575465959944456e-01
9.987376381060957264e-01
9.596076094901359044e-01
9.646110162807519650e-01
9.865466803540917651e-01
9.787982730093034434e-01
9.718364315938957665e-01
9.842242844425119763e-01
9.804036082433641441e-01
9.809678862429385138e-01
9.859032931683515688e-01
9.852976373157382728e-01
9.629546008114592270e-01
9.769856101025299333e-01
9.941588878156012443e-01
9.741415978922165486e-01
9.690002218584509164e-01
9.510992862083289534e-01
9.883340487865963642e-01
9.680763906471352431e-01
9.654810065178814904e-01
9.868520487049817769e-01
9.891906063825217643e-01
9.928176389579782546e-01
9.861397915974937645e-01
9.815220353933095110e-01
9.779873725716271560e-01
9.705791520989445198e-01
9.756425937633732559e-01
1.000744538148205631e+00
9.784552359248240849e-01
9.908352530681868719e-01
9.767628937879045958e-01
9.844045278275836974e-01
9.776336469188801059e-01
9.646960022186431560e-01
9.869431832167713248e-01
9.866216458301844128e-01
9.641110870204634420e-01
9.760054043284798198e-01
9.748869597896875350e-01
9.788755214915817460e-01
9.745360492964687538e-01
9.751257206002263977e-01
9.866973450740943452e-01
9.772231840600300590e-01
9.709810174701893892e-01
9.868587114644892244e-01
9.642998329401089030e-01
9.887321144470165857e-01
9.523524178895466097e-01
9.762181030794390146e-01
9.823096219876441548e-01
9.821088657788791254e-01
9.705318412327174071e-01
9.641675833686720321e-01
1.002472809247771268e+00
9.927138847988508097e-01
9.919750055912728293e-01
9.679266472536259824e-01
9.845022731609632816e-01
9.783355421528859841e-01
9.784873416638544263e-01
9.796854958668577140e-01
9.753453825062151639e-01
9.843554199281000505e-01
9.739070238577514083e-01
9.826678601759022413e-01
9.724233035045725115e-01
9.759870942864516952e-01
9.754670220239083367e-01
9.517014294217355230e-01
1.008149548598717971e+00
9.921764551901045559e-01
9.925663540807132534e-01
9.773875846731396866e-01
9.901248746833591907e-01
9.668685495799437257e-01
9.740957896385913362e-01
9.802688317802262796e-01
9.790513583737605607e-01
9.935825520233321217e-01
9.371512299281525848e-01
9.650408678412444319e-01
9.916855598953825401e-01
9.822425189425878500e-01
9.888165358901205293e-01
9.841148690041169322e-01
9.801345660673786986e-01
9.757282193146293858e-01
9.866969075138816159e-01
9.681966132283101878e-01
9.748643378881269861e-01
9.733403542487853999e-01
9.806284275304142373e-01
9.712889928452075328e-01
9.898612067138663484e-01
9.713107100320386156e-01
1.016604857564737729e+00
9.840626398207699133e-01
9.805367714075537977e-01
9.857604241424927638e-01
9.729509032870933272e-01
9.630609848965641095e-01
9.901167301597050274e-01
9.872316788045231162e-01
9.612918556221501376e-01
9.771250072376573836e-01
9.938217433135086987e-01
9.758321331092820738e-01
9.732147658926356693e-01
9.741091754773508748e-01
9.929604945357276558e-01
1.006579862587201779e+00
9.761312616246486940e-01
9.888034828208625004e-01
9.787641598632399464e-01
9.658537613093809426e-01
9.679085611104643050e-01
9.553432486619175545e-01
9.560636506955234593e-01
9.784281260786118484e-01
9.724748935007065942e-01
9.918889486491897500e-01
1.003680381253281073e+00
9.783382591116532856e-01
9.780545865495705593e-01
9.850963506039804862e-01
9.902857704118059878e-01
9.608771387171047840e-01
9.753076953393785553e-01
9.686193048833782182e-01
9.693167007986892569e-01
9.703283658373587084e-01
9.783176357719352012e-01
9.674244411350662043e-01
9.797299026041553782e-01
9.847575038653116897e-01
9.861774091113174601e-01
9.900091464934882568e-01
9.676675220783280684e-01
1.005028604242862222e+00
9.619517199716062228e-01
1.005095890785783874e+00
9.889696490721007205e-01
9.840211314247868657e-01
9.906432165507439436e-01
9.742653631562455674e-01
9.579748834501337074e-01
9.589260736464167989e-01
9.905188563845376271e-01
9.839478456523207406e-01
9.842132243098649091e-01
9.733096325871359866e-01
9.721097582080121535e-01
9.897463315117632776e-01
9.800606263284620256e-01
9.832153456044203654e-01
9.823506197620194280e-01
9.618795335548406822e-01
9.920348202109392499e-01
9.619858216035295229e-01
9.844432518285280986e-01
9.884100146243853802e-01
9.661729830274895514e-01
9.660861694456543969e-01
9.747044841234797641e-01
9.955734925197348151e-01
9.727707076094560534e-01
9.835047374815478749e-01
9.804635899073882443e-01
9.768162131403363979e-01
9.918434577128633078e-01
9.794861748456058503e-01
9.403960684805328096e-01
9.766198545966676692e-01
9.807861519024118069e-01
9.574344955166655957e-01
9.448239131231750410e-01
9.871547156781046439e-01
9.879389094255477399e-01
9.926081883473348855e-01
9.730521594988620349e-01
9.883477962163287334e-01
9.891549505518169028e-01
9.937983145081956682e-01
9.922698904894458050e-01
9.371495657406300195e-01
9.852619842025318597e-01
9.809261159527865592e-01
9.803187014565920565e-01
9.860888380625236760e-01
9.769756091868417869e-01
9.976007592843437743e-01
9.796173038472056893e-01
9.913721264484185447e-01
9.764354872499997340e-01
9.707400197896390859e-01
9.395814913390879708e-01
9.937627818323486739e-01
9.956207956539954163e-01
9.645807811785528374e-01
9.925907042514494627e-01
9.740487260467828312e-01
9.695117349975059806e-01
9.848473309367967721e-01
9.793203997874100342e-01
9.809577651066256898e-01
9.899888221249500964e-01
9.788967139181488086e-01
9.502287292395171781e-01
9.849431053854511564e-01
9.766634075534328385e-01
9.691300988931332849e-01
9.795550697023238662e-01
9.724824577478572429e-01
9.862711360523458426e-01
9.808691934788462685e-01
9.546742711745670462e-01
9.874270156956753697e-01
9.457319944564213099e-01
9.851578181407494306e-01
9.582095361511255849e-01
9.629915181729876705e-01
9.743971838619421844e-01
9.734139799878652743e-01
9.806123254790782839e-01
9.861787435754727493e-01
9.720347092804334510e-01
9.764409941626235323e-01
9.864484796847122761e-01
9.894875018806700284e-01
9.689874569084051537e-01
9.862725509598331275e-01
9.948401910474670151e-01
9.663695430395491393e-01
9.835718283530350270e-01
9.872091141740516607e-01
9.867760206969223846e-01
9.783732415001011873e-01
9.688259845228791578e-01
1.001071021267962324e+00
9.938807637788344973e-01
9.896443483648291739e-01
9.838251093535040903e-01
9.643137494991114167e-01
9.421034664093508315e-01
9.832123969968765698e-01
9.860825672951188947e-01
9.876170426808320579e-01
9.780127943469688612e-01
9.789605803453244048e-01
9.782272696690609282e-01
9.908126523383256057e-01
9.477157255946357939e-01
9.846686931113491914e-01
9.865936490954372307e-01
9.840132555704964590e-01
9.896027436538217259e-01
9.810039209940556448e-01
9.879190151328999248e-01
1.000617159785954557e+00
9.877350992931822615e-01
9.771742744933665792e-01
9.842546730215949724e-01
9.882775916372135150e-01
9.842442249636541574e-01
9.700975740550692450e-01
9.731427028953690828e-01
9.866559865440609478e-01
9.733975970712133163e-01
9.741289004599187340e-01
9.763508646844024641e-01
9.872637788660840741e-01
9.713340168894485371e-01
9.798195161846579015e-01
9.825671476930853965e-01
9.839106672294910538e-01
9.833554306473657469e-01
9.879482306235809475e-01
9.705697024286057406e-01
9.778814634686255891e-01
9.824971760896471507e-01
9.434293953088090934e-01
9.907589970634949061e-01
9.739628379971995153e-01
9.906605165744241104e-01
9.864762204840147319e-01
9.821432295915974997e-01
9.700449691064183533e-01
9.816953206014584765e-01
9.833187699796372971e-01
9.808988959601259161e-01
9.732166308073700867e-01
9.753024954310126615e-01
9.874833926886007474e-01
9.857831668910818079e-01
9.842653900933227007e-01
9.465525392408574712e-01
9.903768863333092254e-01
9.849052499812033235e-01
9.792015934288812451e-01
9.875930967710939701e-01
9.800323131894443929e-01
9.681586316893381339e-01
9.931199259173808525e-01
9.719442713340191720e-01
9.812616311156959759e-01
9.849535477412949547e-01
9.863858416090207637e-01
9.838997977269742234e-01
9.969955499304754554e-01
9.743652281719770158e-01
9.706774307095398235e-01
9.903743685130939056e-01
9.800122875867112171e-01
9.643478791767735592e-01
9.928117330629459003e-01
9.772387487012580420e-01
9.716821485355698895e-01
9.666261129145862219e-01
9.984438614175392690e-01
9.877633410090917998e-01
9.677903945486069359e-01
9.748427409467759208e-01
9.774118223016824425e-01
9.914992583810154914e-01
9.678236830166399018e-01
9.971366935337487858e-01
9.495940307618296883e-01
9.651541894836312974e-01
9.816993430059239856e-01
9.844077226840438621e-01
9.670770624642422986e-01
9.822078389308167568e-01
9.877399862963452959e-01
9.845038453392556121e-01
9.687387710610039226e-01
9.796614184896557109e-01
9.861971506548006250e-01
9.889477943057293219e-01
9.756623558875187063e-01
9.859342573084488581e-01
9.610305833852423874e-01
9.877593241019214654e-01
9.948919646132172723e-01
9.906731046843617605e-01
9.824857246815987821e-01
9.831651737385075362e-01
9.826128244194567429e-01
9.671493108106431480e-01
9.888686577414882439e-01
9.981536338976418898e-01
9.485551668920201296e-01
9.926702445499421268e-01
9.748765100395035965e-01
1.003285019920270749e+00
9.605375607693981133e-01
9.909576951995207050e-01
9.802917933495575165e-01
9.638439931686121342e-01
9.867850021470374600e-01
9.838637872408668716e-01
9.924397027350146949e-01
9.642104353204695721e-01
9.844059438955996555e-01
9.781963529133231861e-01
9.725361446784708264e-01
9.862958588163548423e-01
9.708613525315300530e-01
9.763527439860744117e-01
9.797653484334551965e-01
9.880232465499926287e-01
9.928312953098492599e-01
9.593602347250560491e-01
9.623365939578766293e-01
9.597662673036262415e-01
9.645940663015201144e-01
9.838601434558440495e-01
9.851363112285016488e-01
9.855970226561758807e-01
9.732067459245010710e-01
9.765379489348575692e-01
9.811751196841381750e-01
9.871394599538430015e-01
9.472133642156177480e-01
9.807683066834760321e-01
9.470577198123334428e-01
9.858167806762966334e-01
9.647665144432290285e-01
9.775852497592985024e-01
9.759229732293068782e-01
9.733048306707531294e-01
9.894158972113489270e-01
9.650159379511585866e-01
9.736627852923351867e-01
9.628412148615923538e-01
9.682398934993705630e-01
9.860334921946960485e-01
9.734132150823538998e-01
9.739105908596332739e-01
9.384387419794489871e-01
9.775809909887297477e-01
9.851201851768763840e-01
9.835625186435082989e-01
9.898840482452028189e-01
9.843548715530161530e-01
9.839935428968871189e-01
9.898539188817789825e-01
9.934172083853601842e-01
9.476885009412422400e-01
9.590622298686362068e-01
9.857193760500694291e-01
9.611719059858034875e-01
9.772116845591495293e-01
9.857311973314255571e-01
9.641173083732291760e-01
9.756342358800133008e-01
9.792574712777994961e-01
9.818894716247341670e-01
9.707485311660932759e-01
9.791923900124418489e-01
9.908135371998566532e-01
9.853095209201201410e-01
9.682794358677920821e-01
9.784532564742783878e-01
9.889165855989261456e-01
9.672995992325966741e-01
9.886284002625906897e-01
9.856771440778581139e-01
9.628520548358197040e-01
9.798446403346550149e-01
9.882189464416534230e-01
9.893222429022177078e-01
9.569259047856689682e-01
9.935810328909040479e-01
9.800502571904330384e-01
9.815969915766395992e-01
9.721929965218389924e-01
9.353888454337732083e-01
9.818764981329588526e-01
9.793016741568084660e-01
9.714564915466854522e-01
9.850065537355646716e-01
9.905526586722804838e-01
9.826590045072618462e-01
9.936510507670244241e-01
9.861140957176087740e-01
9.914109020162061858e-01
9.630649445100757378e-01
9.643899853788330256e-01
9.903499927566721261e-01
9.605351147396316014e-01
9.878606717554109240e-01
9.839912974613413965e-01
9.877345458111149723e-01
9.661479329534383709e-01
9.955774931078594792e-01
9.716790603611891175e-01
9.790960645189931144e-01
9.796925230252336858e-01
9.570036910452012213e-01
9.776386601224834605e-01
9.757065205095816207e-01
9.589236582305453727e-01
9.658759641672942653e-01
9.775467829698439859e-01
9.831049190346381472e-01
9.897755379164182576e-01
9.830573178460124684e-01
9.566483299256091088e-01
9.388072942627934125e-01
9.741394762126431850e-01
9.838482805604332748e-01
9.874994810902751885e-01
9.877980744096110932e-01
9.712820281174030512e-01
9.841204062607793457e-01
9.903126507548399848e-01
9.770085023892247644e-01
9.763803084728618353e-01
9.766092437455624609e-01
9.820776272410420837e-01
9.817008092250510964e-01
9.897342181908657111e-01
9.806955218315023259e-01
9.762471880857014339e-01
9.877143449014978982e-01
9.773396253179496007e-01
9.696601368922264097e-01
9.715495646991374468e-01
9.877806944146576562e-01
9.837907656202040663e-01
9.763304410859046101e-01
9.791556112081060137e-01
9.945701192862830275e-01
9.888424510779024734e-01
9.783923143252883925e-01
9.851502050972757996e-01
9.984247776290369192e-01
9.875568773736900230e-01
9.922071448650432446e-01
9.872105852644705859e-01
9.698100637879082386e-01
9.787139856782400837e-01
9.620207275542560499e-01
9.775380742938686307e-01
9.908316472769658212e-01
9.816386135370587240e-01
9.882151282474446186e-01
9.738678847607542544e-01
9.727845950467982616e-01
9.832129469582671089e-01
9.656163149376181254e-01
9.778584678528070562e-01
9.840888116673374153e-01
9.686553345675285032e-01
9.692148038502866880e-01
9.781859367968875896e-01
9.788828862527114705e-01
9.604400452998967941e-01
9.669709478682018133e-01
9.916924294204997326e-01
9.852940972994371771e-01
9.590550263498078820e-01
9.869159888294987137e-01
9.851770043929717335e-01
9.763842134401988782e-01
9.791995209352758467e-01
9.875446613364231574e-01
9.833563609245699055e-01
9.930480153663741039e-01
9.869307057984599840e-01
9.827538088525415994e-01
9.899557999097267080e-01
9.971200860599878091e-01
9.652879734292655334e-01
9.866069718811926181e-01
9.862864278984213584e-01
9.806669356175279351e-01
9.815189035378066862e-01
9.867127573427166842e-01
9.790022265489290998e-01
9.882124369518415774e-01
9.738768679584517418e-01
9.671768497370121231e-01
9.704697916006694847e-01
9.906059734223404689e-01
9.908810155553580135e-01
9.825254334438546788e-01
9.580191254398383593e-01
9.769454467088106719e-01
9.967866937148204265e-01
9.948423082706311371e-01
9.831209403095233501e-01
9.870188877512858783e-01
9.771233549375856198e-01
9.688506873192079816e-01
9.855204190915400897e-01
9.919648809202928907e-01
9.598217256326746494e-01
9.853149576787297859e-01
9.836998497042418466e-01
9.849394200230315866e-01
9.889565718692066021e-01
9.840494782964819276e-01
9.917879456832695562e-01
9.828332380490537590e-01
9.859057750512963958e-01
9.870861259086110007e-01
9.655604640537432948e-01
9.868531147242121104e-01
9.631487065058235153e-01
9.875830138078576237e-01
9.670377523447702961e-01
9.571912829803282952e-01
1.000758040761927870e+00
9.804624620131435764e-01
9.693176508081855491e-01
9.605395848454116869e-01
9.804135103722068090e-01
9.944411408084228299e-01
9.612147131775117259e-01
9.778171678798286415e-01
9.802509761755017204e-01
9.774116059278412649e-01
9.605799828732595191e-01
9.767076163777329567e-01
9.801407786392470900e-01
9.806843665827960077e-01
9.850019818680723072e-01
9.523353746913968410e-01
9.851198266677673177e-01
9.766970897539354324e-01
9.980975855681134545e-01
9.753262888337558278e-01
9.801389799087054655e-01
9.722846610430159187e-01
1.000383033406009092e+00
9.867589237185192541e-01
9.818441211314040684e-01
9.738175262552684064e-01
9.889007158731570879e-01
9.889092819492897313e-01
9.658416804526552824e-01
9.904651340813560578e-01
9.581469672515456892e-01
9.807045763235588964e-01
1.006991942448951738e+00
9.907812053545366204e-01
9.680845027273168313e-01
9.971363158487124290e-01
9.914744268755724121e-01
9.847447347877246182e-01
9.782637596507631761e-01
9.943740459624836880e-01
9.740168417989039096e-01
9.701307848663499600e-01
9.773428475860957976e-01
9.536907291589484803e-01
9.995542145674497503e-01
9.720648820661379474e-01
9.646717231256729530e-01
9.783710483340649633e-01
9.780558202351867791e-01
9.782957032269858910e-01
9.613457730864782835e-01
9.892253883487464039e-01
9.811771985314271527e-01
9.577623077774670701e-01
9.825555731594177722e-01
9.672624337338144862e-01
9.626192411897219747e-01
9.777797712006025543e-01
9.730289867839216900e-01
9.994001898122794048e-01
9.844151170783390636e-01
9.560243304199014247e-01
9.833208154679206059e-01
9.463243147888771301e-01
9.817606040680998403e-01
9.913868618185002202e-01
9.763878713637493822e-01
9.896824189783720582e-01
9.875840288078130413e-01
9.697768326470495026e-01
9.749265198096335183e-01
9.918860286446641306e-01
9.807240775436670832e-01
9.914416355995531172e-01
9.677360935043313184e-01
9.794654598707984716e-01
9.935884150133077464e-01
9.682798956056050121e-01
9.594340354406687421e-01
9.883160354247360058e-01
9.293867805412575622e-01
9.815045138478654119e-01
9.913969682647221227e-01
9.485020620571239514e-01
9.555213559697697256e-01
9.938365459339016939e-01
9.678233603293594500e-01
9.785717130143460896e-01
9.980441287299667286e-01
9.782737147541500367e-01
9.825087872076990747e-01
9.896934055292703203e-01
9.733613976537383028e-01
9.756321805824870186e-01
9.818338536041942843e-01
9.774799576510516674e-01
9.614970093274269880e-01
9.416861651429049296e-01
9.780010221681486593e-01
9.610771000384427110e-01
9.990462042504355544e-01
9.914465985542890714e-01
9.834300631250774138e-01
9.773603963300582231e-01
9.824493397855870169e-01
9.819753623302643897e-01
9.624494681242694583e-01
9.873388157010114519e-01
9.869681187225460839e-01
9.586613943979916952e-01
9.730908017140432742e-01
9.886876895731583348e-01
9.732882592322206206e-01
9.843173499691926231e-01
9.822963889818391303e-01
9.578052116261231985e-01
9.659775126588543426e-01
1.005998974190824180e+00
9.860940848740026299e-01
9.763243377255763633e-01
9.617737821683720600e-01
9.765648963827108231e-01
9.758469178357819240e-01
9.825749969402460815e-01
9.770982580053488853e-01
9.986220241300818312e-01
9.867508961820768976e-01
9.593190684104425658e-01
9.719471651241656796e-01
9.750176139271303777e-01
9.882452470605025407e-01
9.563745300362561652e-01
9.798306973385005891e-01
9.681220217938388828e-01
9.730222349979227303e-01
9.822552880801721509e-01
9.933405936893768828e-01
9.377396346363823243e-01
9.506103033676787106e-01
9.943318274427259684e-01
9.871489093320200414e-01
9.783699410145706432e-01
9.906085560978752369e-01
9.790061302129589027e-01
9.734376250224777705e-01
9.788449279754000143e-01
9.657219496053459640e-01
9.878526842267895125e-01
9.836770750961808529e-01
9.556467264912212878e-01
9.832133743351919586e-01
9.810022704230016988e-01
9.668697246437774062e-01
9.757265033674286103e-01
9.947365095720213102e-01
9.937424076742199519e-01
9.656591903976100566e-01
9.782179567151001454e-01
9.711284581951143968e-01
9.640895979594438225e-01
9.550436417316331417e-01
9.830084653046021748e-01
9.696347957634422476e-01
9.669684428404757837e-01
9.754907155365124538e-01
9.894854000345078004e-01
9.836209833681185399e-01
9.832130845790802987e-01
9.690601775376612714e-01
9.619827449156969079e-01
9.682677655624948310e-01
9.809792705079205533e-01
9.535505557388571640e-01
9.889083326902383675e-01
9.612737756185211202e-01
9.690605669533070010e-01
9.965700979696466844e-01
9.784110077861876142e-01
9.471423214704762783e-01
9.698307032919981641e-01
9.761846216329199688e-01
9.495432302007768000e-01
9.936390143829515464e-01
9.593211794448497365e-01
9.891099378788253960e-01
9.973815668277092872e-01
9.746812458295469606e-01
9.898581167396978131e-01
9.941331841334597463e-01
9.647638352520403471e-01
9.624955339409531074e-01
9.887933581001492334e-01
9.866736824237332115e-01
9.795083457560355145e-01
9.757666480528432995e-01
9.772964213582826520e-01
9.686733702237593224e-01
9.836553796769972324e-01
9.839809747357297631e-01
9.904015525823256505e-01
9.830227059156073643e-01
9.868250452281535079e-01
9.634894784840987159e-01
9.924701937777978822e-01
9.874631799709425728e-01
9.793685200354669274e-01
9.778673100044542599e-01
9.889105461315518264e-01
9.502166277431619568e-01
9.899073711989003765e-01
9.933691713162245973e-01
9.718077410983271269e-01
9.915529836664910279e-01
9.862901411355892156e-01
9.818980274195991953e-01
9.665670659685231536e-01
9.674163631621410797e-01
9.873214535103091993e-01
9.781057792602961820e-01
9.451915780250673693e-01
9.577908232724885451e-01
9.717071274763833255e-01
9.646471663873444902e-01
9.787861000484201490e-01
9.503511485549449578e-01
9.943316028639900273e-01
9.907724353110527460e-01
9.473844383149545578e-01
9.571181151928631614e-01
9.859812741962815652e-01
9.765607081357198238e-01
9.764670685676518636e-01
9.845729723068596950e-01
9.737788266200255727e-01
9.694883048296990546e-01
9.623814372986663201e-01
9.680224305474112168e-01
9.703413405380945100e-01
9.796902895170385150e-01
9.991832572406157409e-01
9.719641210552479871e-01
9.707234942030542602e-01
9.807268204732331185e-01
9.845834125159034222e-01
9.867862284665196437e-01
9.682327443893916641e-01
9.984100053447845236e-01
9.840763644198594617e-01
9.929101210264461574e-01
9.743015743453991018e-01
9.775078052506919191e-01
9.865064822008141610e-01
9.865266535111579804e-01
9.871029298727169721e-01
9.686790065703679842e-01
1.007740320212071383e+00
9.916529788097423470e-01
9.901047914883942536e-01
9.940628765495580499e-01
9.781984681481590282e-01
9.697866563303848553e-01
9.868468870845173990e-01
9.937779914177068408e-01
9.708978665106455797e-01
9.750765822906275471e-01
9.857648094668760574e-01
9.776794330226186158e-01
9.862264793810203711e-01
9.724689364116726464e-01
9.928822714248685122e-01
9.944425300219092989e-01
9.852351126660569003e-01
9.561372543607955521e-01
9.760176845051317107e-01
9.479473878488531291e-01
9.789832109979136332e-01
9.849518706849461624e-01
9.912478044326740179e-01
9.835509164897503487e-01
9.893578833924203675e-01
9.722586824774487324e-01
9.506922751214399447e-01
9.645923118769459403e-01
9.828327054584373723e-01
9.520073841700041894e-01
9.881705023987340519e-01
9.740449283301916283e-01
9.723300661634446396e-01
9.743920239292959140e-01
9.670987287235101038e-01
1.000913246137030255e+00
9.973171005122055677e-01
9.849551575836171802e-01
9.539247268189988693e-01
9.522289456275849773e-01
9.590702559387379589e-01
9.648671100185297611e-01
9.655672354385442802e-01
9.717292456748871654e-01
9.747735868245273050e-01
9.841363500134161502e-01
9.757027779986766625e-01
9.821315692088308236e-01
9.955075670565567414e-01
9.762819623394710655e-01
9.523552751959860618e-01
9.629180636444691910e-01
9.608788987376443158e-01
9.910889930869979381e-01
9.513623786808841354e-01
9.752797962549112354e-01
9.747555616875404061e-01
9.815887343370451878e-01
9.820142123545502200e-01
9.802843196234629630e-01
9.797004064945464830e-01
9.674049158844539864e-01
9.683052812514550967e-01
9.839465928765018798e-01
9.655945566178837369e-01
9.654224467969287904e-01
9.469567752355374513e-01
9.820781464102001923e-01
9.960958525146239584e-01
9.842439001088102435e-01
9.804155781781432877e-01
9.847427350461309681e-01
9.994152409208586496e-01
9.884085536177535936e-01
9.489361043560853304e-01
9.762910712981285322e-01
9.856505575642503514e-01
9.942826814297298643e-01
9.872170784111096165e-01
9.708555689409140710e-01
9.917146591537113753e-01
9.941603361168387387e-01
9.836164876237500909e-01
9.896426257570055673e-01
9.855922361784389407e-01
9.732357312711912289e-01
9.909916393723540162e-01
9.826869224815673043e-01
9.762867691124507141e-01
9.827671572213292350e-01
9.949676540045029327e-01
9.664106035332999944e-01
9.699629758440362348e-01
9.892575896794538748e-01
9.863948172935085301e-01
9.869816676317082482e-01
9.941934452455565285e-01
9.742274721819621508e-01
9.760904718319255435e-01
9.526078841506753214e-01
9.849803343676590828e-01
9.964976085596035649e-01
9.826508987299342746e-01
9.862551816823497131e-01
9.969219691465132094e-01
9.461743631334628146e-01
9.808047064490605926e-01
9.672805933677912638e-01
9.819482167676200079e-01
9.783160393242221753e-01
9.492723197111307964e-01
9.674194987311606209e-01
9.333383338402955198e-01
9.964274286915295598e-01
9.965733502552596157e-01
9.677682228131203601e-01
9.913645097590305655e-01
9.964484002727281853e-01
9.936696452976263583e-01
9.725587225394014546e-01
9.848115804684376418e-01
9.714424791004082627e-01
9.810010938355666621e-01
9.771325684668605849e-01
9.636246757678700314e-01
9.852197837586159634e-01
9.887217767871561147e-01
9.734236776217665144e-01
9.686883853025736180e-01
9.416527230791442715e-01
9.923115573176928272e-01
9.851610305716020921e-01
9.795408268651883965e-01
9.727944794042766574e-01
9.656870528228419515e-01
9.908214289322545554e-01
9.935759940149977432e-01
9.816793097915713640e-01
9.779539222245690056e-01
9.511522232587849013e-01
9.571383892808991156e-01
9.825864939672805942e-01
9.965697581210004596e-01
9.670308991773474139e-01
9.852535328917111368e-01
9.634408659768149974e-01
9.842459877462085283e-01
9.700838622477983009e-01
9.819772346036785837e-01
9.912596562640031417e-01
9.742332397847509595e-01
9.722779101667932133e-01
9.922682556580124658e-01
9.605175438965894985e-01
9.861968399727895074e-01
9.842973540242800912e-01
9.784431885632868253e-01
9.885724604118246717e-01
9.665964359661708416e-01
9.829484565170977239e-01
9.764988461063560665e-01
9.870940903963021373e-01
9.774244178899902380e-01
9.781906284263597318e-01
9.888937053251140030e-01
9.924423983367866020e-01
9.711257127657364485e-01
9.874549944490582654e-01
9.951438547403047563e-01
9.743730250983902996e-01
9.841663667388564907e-01
9.846373780006315579e-01
9.658800310522021038e-01
9.591948335117453928e-01
9.752976128168430181e-01
9.839854135494302545e-01
9.935719500072460741e-01
1.000102394679165618e+00
9.898511553223676707e-01
9.611317582759867362e-01
9.721298133995839308e-01
9.717924947581407791e-01
9.754774549036765441e-01
9.866433153253252319e-01
9.777374196363203263e-01
9.586859703390130383e-01
9.826106453028321530e-01
9.871273379793621405e-01
9.816037299172163388e-01
9.761244032849766272e-01
9.809982206430346574e-01
9.979770454959749904e-01
9.729303224041662146e-01
9.921701826204795127e-01
9.794673251342427278e-01
9.882758237364038800e-01
9.814613510215182135e-01
9.809656406196113343e-01
9.886241573932765814e-01
9.746960848694017354e-01
9.942942367401558235e-01
9.781703817181383043e-01
9.720699580115996774e-01
9.671086950534908411e-01
9.927124882070158529e-01
9.953380818000415742e-01
9.719646717568982686e-01
9.678832275603241886e-01
9.774145753622475175e-01
9.894107114541039749e-01
9.977767333614008249e-01
9.774729906384496125e-01
9.838830803773149780e-01
9.474213014876882166e-01
9.765722098641769211e-01
9.848481512367035506e-01
9.883991686559795431e-01
9.825779420902716055e-01
9.865914763586868252e-01
9.642551195284316812e-01
9.944459268448105904e-01
9.869286586318475329e-01
9.792486913557679751e-01
9.845905859409997962e-01
9.480464470914263808e-01
9.757226297734894471e-01
9.859263139174175850e-01
9.746195723865005434e-01
9.790395173830144238e-01
9.879873670250248763e-01
1.000650234218351198e+00
9.750968940650937000e-01
9.579735445649635306e-01
9.722904799221832040e-01
9.855511136461256871e-01
9.724812542739611487e-01
9.899956202032739183e-01
9.597797842785377176e-01
9.786628696332952959e-01
9.731476558573863844e-01
9.893646557940999342e-01
9.745314033612594296e-01
9.659947445053782555e-01
9.952708961860959880e-01
9.703488146597197828e-01
9.958401952962131487e-01
9.723700275097363344e-01
9.907029132191957910e-01
9.796473072370506241e-01
9.780844590997685994e-01
9.918606285996851568e-01
9.766404329881630542e-01
9.779046515694462816e-01
9.845965313714015732e-01
9.829947375740931692e-01
9.886968341789860171e-01
9.821605495662514285e-01
9.792569749180916050e-01
9.912251932053826042e-01
9.903989272432058844e-01
9.914541337359468187e-01
9.853150970251202123e-01
9.735410952233383153e-01
9.326591321909574184e-01
9.851376434283296568e-01
9.713526375817533864e-01
9.914670669854683815e-01
9.804732001159146559e-01
9.891761955609923440e-01
9.856467431024323878e-01
9.989230496214979160e-01
9.762988448489791082e-01
9.807693499636950252e-01
9.928578808798663724e-01
9.803289917641644369e-01
9.883525600615056250e-01
9.806198539095877242e-01
9.748727660816398632e-01
9.773996447715868063e-01
9.664967682884004763e-01
9.421138069332311016e-01
9.949303874773040013e-01
9.850560693324642569e-01
9.537571661596107031e-01
9.788222363905559886e-01
9.638799882666924113e-01
9.852888981758960441e-01
9.993112375325083896e-01
9.802158945780935495e-01
9.883755120307452513e-01
9.893016565834099607e-01
9.669078304632388043e-01
9.822135177641113657e-01
9.877429793649515899e-01
1.002926567693489979e+00
9.808717243884960135e-01
9.817950863045108445e-01
9.615487024080817680e-01
9.743203016023019858e-01
9.666647490839578305e-01
9.251763625137628955e-01
9.838190447221684121e-01
9.859735134722834582e-01
9.653855685961547639e-01
9.788943305905851711e-01
9.699906237745355986e-01
9.833819395912893890e-01
9.856657309727188121e-01
9.882445175759777545e-01
9.899047996309104924e-01
9.804990588647640726e-01
9.722888660402542182e-01
9.863054450883258495e-01
9.827493992343507845e-01
9.810229347007963785e-01
9.911492065017892816e-01
9.816552622251926152e-01
9.913870400785496084e-01
9.901251930830856640e-01
9.785927384493212644e-01
9.698653435857250704e-01
9.735660172117439615e-01
9.809736779967641596e-01
9.723344727020926115e-01
9.812096072881678621e-01
9.882757124563922302e-01
9.832743708318500975e-01
9.493449576600889728e-01
9.776007213149948694e-01
9.856174728987828759e-01
9.821407097650336482e-01
9.531084581810101986e-01
9.389164700149948972e-01
9.625224594467448602e-01
9.357432669267874426e-01
9.560916433758797073e-01
9.870270264759126722e-01
9.668740766179954038e-01
9.575921765333106350e-01
9.631026455287922117e-01
9.611622131276337244e-01
9.842769432724942646e-01
1.001360297662852838e+00
9.672953766266708664e-01
9.906543082238227216e-01
9.841640832273488293e-01
9.628354644899008719e-01
9.334031207570370192e-01
9.601240057842245212e-01
1.000411937420789599e+00
9.946459738279999074e-01
9.898407582794480630e-01
9.972253303756519749e-01
9.749998340426268006e-01
9.875773371255676114e-01
9.584557822826763607e-01
9.722220246329577042e-01
9.646699477001294820e-01
9.834063674349795559e-01
9.852291137474050720e-01
9.942048117643127458e-01
9.786638183913111133e-01
9.635890857690002642e-01
9.863339120227009316e-01
9.687030856030647286e-01
9.706893171762015493e-01
9.718521113533666878e-01
9.885767647615245624e-01
9.809977040899455769e-01
9.839435752582716965e-01
9.520278947233733469e-01
9.918734412242065090e-01
9.782241115001231169e-01
9.882675592866770886e-01
9.834308510888607469e-01
9.758828939478237929e-01
9.712917305026009807e-01
9.925944366656289652e-01
9.916980593371900188e-01
9.376770836922057040e-01
9.740099627701434004e-01
9.849463252961356829e-01
9.354264904081922571e-01
9.731431798829865976e-01
9.781695167307992156e-01
9.921045306835539757e-01
9.799172312749431235e-01
9.946300238201980504e-01
1.003157422375427821e+00
9.857396388403947274e-01
9.803993636578530735e-01
9.765249075363530151e-01
9.841274831815522983e-01
9.980800674808254502e-01
9.751927787520698887e-01
9.851770672773967341e-01
9.841108963317849456e-01
9.860456217571742510e-01
9.757430605930847989e-01
9.809082696600834872e-01
9.888109957921743520e-01
9.891127839924905851e-01
9.757033298573540847e-01
9.816533324529784776e-01
9.730452837791283560e-01
9.974899382078131760e-01
9.689731822644861436e-01
9.607887846949357824e-01
9.755822600699204372e-01
9.864716710554864987e-01
9.748878419502426951e-01
9.865092253603949812e-01
1.008281029094203918e+00
9.792632850029083791e-01
9.785962008278512592e-01
9.745672997581364960e-01
9.795361141997059873e-01
9.888961155018460847e-01
9.894178746027937343e-01
9.733147049760301206e-01
9.903765664668525703e-01
9.771757527720842385e-01
9.728761714360303348e-01
9.472347652365139536e-01
1.001184697046496597e+00
9.747437333676707283e-01
9.747366854231590549e-01
9.820197731425788223e-01
9.646767793749999598e-01
9.926824175965518471e-01
9.884722000241072948e-01
9.804643084574173884e-01
9.871805853474558967e-01
1.003027527432155619e+00
9.935394160283865794e-01
9.756087477288009069e-01
9.890846708314323665e-01
9.876777411456624245e-01
9.814561423167021958e-01
9.909812863301884489e-01
9.734064406491494958e-01
9.822552034805648313e-01
9.734023524973894892e-01
9.789554832685946062e-01
9.717390087075378213e-01
9.772518195580325306e-01
9.832929523296658481e-01
9.844675512268697970e-01
9.646374555360245351e-01
9.699535607081154476e-01
9.846149140816425893e-01
9.793456177190092982e-01
9.871095017284217121e-01
1.004594812006330606e+00
9.882937663096196257e-01
9.831215968770901092e-01
9.870818880072228518e-01
9.828557075092166917e-01
9.836115914876127908e-01
9.951867176865413223e-01
9.914868306724394786e-01
9.941990794555038979e-01
9.862282197364410363e-01
9.680841033286938790e-01
9.799081102206884664e-01
9.751896292718993386e-01
9.852656488789766076e-01
9.832187545343497037e-01
9.871978004024628550e-01
9.403860576761657875e-01
9.746291275739892290e-01
9.909686014298297874e-01
9.885167182047376322e-01
9.915117332551033336e-01
1.002918096716808760e+00
9.751466923745797377e-01
1.004921291768427150e+00
9.953023183270628405e-01
9.865151345492920720e-01
9.885292210657006251e-01
9.620815502679379572e-01
9.704008132048427271e-01
9.842493785876568202e-01
9.572403585393191028e-01
9.619540501468385463e-01
9.853363443967446678e-01
9.755105791842842988e-01
9.877107071719682940e-01
9.829985244708443481e-01
9.675465907661803255e-01
9.935670444847445326e-01
9.741011104947151500e-01
9.823007148158674484e-01
9.556805636609551069e-01
9.829060289399725869e-01
9.619083648506245865e-01
9.832896404065261109e-01
9.814866301106623947e-01
9.658088477684960704e-01
9.901080113941892469e-01
9.810385030559282127e-01
9.782205506724551691e-01
9.707238523337283764e-01
9.941271134058868864e-01
9.689145006425592399e-01
9.751588327404353551e-01
9.878806335750356382e-01
9.733184260134910559e-01
9.911329608319928708e-01
9.875277407077728276e-01
9.884010642175102834e-01
9.879133810536178117e-01
9.722896157714013832e-01
9.798065391652489575e-01
9.586847105427421800e-01
9.919138457599344649e-01
9.712616571743548644e-01
9.835604562919727512e-01
9.715083104782675782e-01
9.773588108397089913e-01
9.963187726670034161e-01
9.868633123092656056e-01
9.970795366931718418e-01
9.900848905249657328e-01
9.474931978739864480e-01
9.851812468603615702e-01
9.862744408006000052e-01
9.847650396402373163e-01
9.917580765584154134e-01
9.790814483613139441e-01
9.809656488113016604e-01
9.630865065228758626e-01
9.848655971120376940e-01
9.848757663311122901e-01
9.772979641310811649e-01
9.863344579896785591e-01
9.766912217624427184e-01
9.806975858268900392e-01
9.870282270270771541e-01
9.757588221092966529e-01
9.813992385671989060e-01
9.955567840239778477e-01
9.611283806159427456e-01
9.814548262154974001e-01
9.733883948229733463e-01
9.673649777300759034e-01
9.918083762666991543e-01
9.865472972838744692e-01
9.991038374724947602e-01
9.791326921772817160e-01
9.689254009294383518e-01
9.919493671902538390e-01
9.766137635840957953e-01
9.821054544460281477e-01
9.848049733606080158e-01
9.929832958120953235e-01
9.688030860063867600e-01
9.825081392921068968e-01
9.880803841698311274e-01
9.911541673139919739e-01
9.560070221679678459e-01
9.813124655881231284e-01
9.707082159763840146e-01
9.762975435456544560e-01
9.882021904583861982e-01
9.898813675388352662e-01
9.611875057588210591e-01
9.737806712827199451e-01
9.913954145904804172e-01
9.696753561693867152e-01
9.873432606668652856e-01
9.839952413280860233e-01
9.800005378136181777e-01
9.647643499202719353e-01
9.744613000814134063e-01
9.722567184679171692e-01
9.847064966185864465e-01
9.923454576058933219e-01
1.008522881857916609e+00
9.672455815349721986e-01
9.809405031191520408e-01
9.799725541274236784e-01
9.891243231362129018e-01
9.728248295098224085e-01
9.939807376394946825e-01
9.834984945886958707e-01
9.818368167905761057e-01
9.639127709412995682e-01
9.661898443873419007e-01
9.751872364058602471e-01
9.778112666870023562e-01
9.374082891811216234e-01
9.838886369923203201e-01
9.605212010003713052e-01
9.835431821418245679e-01
9.854842976320025150e-01
9.811791177195351432e-01
9.766177726575132612e-01
9.635101183419620963e-01
9.648757396534292097e-01
1.006146941167217257e+00
9.894771936479394014e-01
9.871013392863895453e-01
9.512353482123832027e-01
9.485633062497016432e-01
9.899355101165621118e-01
9.752645301299305292e-01
9.723844472916166604e-01
9.736308268124845844e-01
9.968879573841420427e-01
9.758427988717548462e-01
9.889220920420072058e-01
9.909510084959891607e-01
9.904127212374714828e-01
9.680538213567808636e-01
9.789942415483614546e-01
9.666355680434501885e-01
9.684716548782180690e-01
9.852022263587973949e-01
9.761700406341506930e-01
1.002762137259342046e+00
9.938884610453410096e-01
9.525726144609767410e-01
9.828285177488381708e-01
9.888056357447667644e-01
9.849420602720367901e-01
9.599497566580366126e-01
9.452412707533868197e-01
9.840018125523372072e-01
9.445892961372664987e-01
9.745192309969904487e-01
9.825801132131564142e-01
9.811403507083468201e-01
9.647383860815977874e-01
9.823003064756523628e-01
9.701193140596118258e-01
9.739097336155023710e-01
9.916377067732879969e-01
9.769293707014796713e-01
9.809031036537823045e-01
9.926096024652928396e-01
9.867971540212164827e-01
1.003025368611861534e+00
9.633001806386511934e-01
9.562952671966492568e-01
9.959529848239694338e-01
9.789799513962641475e-01
9.854574071123881618e-01
9.615507408608929829e-01
9.769422164560908062e-01
9.864911483531355607e-01
9.784334069179801974e-01
9.915731063834837267e-01
9.900829868250732302e-01
9.777083394788431692e-01
9.892076023814079244e-01
9.830831991067261466e-01
9.718864180516132434e-01
9.949787285125604175e-01
9.824808438114663867e-01
9.717748928738367820e-01
9.789369991777158164e-01
9.755324034711707615e-01
9.896056943843061227e-01
9.867095048055827267e-01
9.700845286370339826e-01
9.669161544577284939e-01
9.836023293345484975e-01
9.872036567282125308e-01
9.860103070182062446e-01
9.820938566274314274e-01
9.942739074218390760e-01
9.899274806216058487e-01
9.884148656992601811e-01
9.682483438298435940e-01
9.845632595466679016e-01
9.806456758529028539e-01
9.807077223856082160e-01
9.486478303730723205e-01
9.727285143428985315e-01
9.688748402256641690e-01
9.913698251059370747e-01
9.832604787087255716e-01
9.781984148331822615e-01
9.606913015064822980e-01
9.801076595074397213e-01
9.612874924381223929e-01
9.966058888021359641e-01
9.889338529852932380e-01
1.015758746029274073e+00
9.984789042590437314e-01
9.774102473227419541e-01
9.856757965819975542e-01
9.760826058670641903e-01
9.966979931793137348e-01
9.904332042366591482e-01
9.592739823217001360e-01
9.669079142596608278e-01
9.795273133074056116e-01
9.713305354217647292e-01
9.824003922088632157e-01
9.615134177021552597e-01
9.648479237813666343e-01
9.847829461785556626e-01
9.586651548803075684e-01
9.784133515516707513e-01
9.958093106351972867e-01
1.004846808942368552e+00
9.743314655289252446e-01
9.880630801804674013e-01
9.896244291557224626e-01
9.834456766330531563e-01
9.686798689723331579e-01
9.807540099488619711e-01
9.787637310277380598e-01
9.786125065650919108e-01
9.664062951759594400e-01
9.968034866334378741e-01
9.908049250994295232e-01
9.809623237411723151e-01
9.760591687952112627e-01
9.815604312898394967e-01
9.455576356719110898e-01
9.722794572731910945e-01
9.901555741066766503e-01
9.815954056268937356e-01
9.935446323913876832e-01
9.822018004076532582e-01
9.820462348204067604e-01
9.829004431474394066e-01
9.855758540108918719e-01
9.998052586331656055e-01
9.865428957292592393e-01
9.838212773394409139e-01
9.866667691644774862e-01
9.439642875919732612e-01
9.602865640379943946e-01
9.883093942622332984e-01
9.695757628213294010e-01
9.729302852875885144e-01
9.835090378849545845e-01
9.624426027469016320e-01
9.840956056116888506e-01
9.826680880888667424e-01
9.851665147716445192e-01
9.714060810699914894e-01
9.914518067165106752e-01
9.573157346219109964e-01
9.656336635258662149e-01
9.698529407450873219e-01
9.865772109753716546e-01
9.787131931293974185e-01
9.729761027427469289e-01
9.807723747593914965e-01
9.863026735781680321e-01
9.839823804225905635e-01
9.838465282401989143e-01
9.633607622062106968e-01
9.886914614513844235e-01
9.743799737240579351e-01
9.775827346079341007e-01
9.716630591520341031e-01
9.795485848456463307e-01
9.761234538826597529e-01
9.618153708398156088e-01
9.963917761577566479e-01
9.851213050988685271e-01
9.688035729641011340e-01
9.969446267705639464e-01
9.636641492333766212e-01
9.779630783025274887e-01
9.720265799049170319e-01
9.761537884956501543e-01
9.907754951152111245e-01
9.907130203167308080e-01
9.718830331045091864e-01
9.904245473895301188e-01
9.774266926757325669e-01
9.510183552458606471e-01
9.694930704742306116e-01
1.013384892768686374e+00
9.606560434548493399e-01
9.555792358828498756e-01
9.900980570633542976e-01
9.623820309508980264e-01
9.909888015843604236e-01
9.871976833336479906e-01
9.859190801059155573e-01
9.873391915858681367e-01
9.662568703546039472e-01
9.570825488310246154e-01
9.758910313831851147e-01
9.624357864933482665e-01
9.510989300427260540e-01
9.738326900270227737e-01
9.811187590052518059e-01
9.366691755009796116e-01
9.861817760566149449e-01
9.764399328070976214e-01
9.778713519167735457e-01
9.769337908078833399e-01
9.534636710694617268e-01
9.928405331110607968e-01
9.541160550210876501e-01
9.749295056263831416e-01
9.618686282497803663e-01
9.746266695520249268e-01
9.634383874549405924e-01
9.879932157325381770e-01
9.868148721894036690e-01
9.767250708423540484e-01
9.717766658849640304e-01
9.854929835395493942e-01
9.648286466941565775e-01
9.786663532464323634e-01
9.917798829297630459e-01
9.649023009585838695e-01
9.726370526045421405e-01
9.622363610394064626e-01
9.806844298483675670e-01
9.889964627936809194e-01
9.741071637193480237e-01
9.912061609487666791e-01
9.916167038548302504e-01
9.895139023244164944e-01
9.664856061172826251e-01
9.681473910062583510e-01
9.566860453851107060e-01
9.799956406628202998e-01
9.819761140464560167e-01
9.915012927586497327e-01
9.628391139441319080e-01
9.784125340060922937e-01
9.500837961128629772e-01
9.615351764815235347e-01
1.001112570696032655e+00
9.865010012431479902e-01
9.800056152083935768e-01
9.933461545493296185e-01
9.877212245066576690e-01
9.720122744189649833e-01
9.750297291712919368e-01
9.971065738698015046e-01
9.946205237587486536e-01
9.711826700706804871e-01
9.896082075786614141e-01
9.527503092226606851e-01
9.779112747448248655e-01
9.692490564146967191e-01
9.811219226019747275e-01
9.712472127100255648e-01
9.831770552666786456e-01
9.776221266287374867e-01
9.846367701771944203e-01
9.692646476117863230e-01
9.773337694228889649e-01
9.797321671373263596e-01
9.957209120582370954e-01
9.919519988520736353e-01
9.858144123730951947e-01
9.920563734659253452e-01
9.703067949720870500e-01
9.992574050083715687e-01
9.724373961015595480e-01
9.760185938627444768e-01
9.803713366992009570e-01
9.657392574446864719e-01
1.003040679094947540e+00
9.932699606695498673e-01
9.911413053957014441e-01
9.840092693951659752e-01
9.895470702210336089e-01
9.916529015221712262e-01
9.821618249085503072e-01
9.657082631061371103e-01
9.755489262662099259e-01
9.895015683529226891e-01
9.720095276296339959e-01
9.488427339137383010e-01
9.908835009300288599e-01
9.885523505702805691e-01
9.892976210610769927e-01
9.834846638558750742e-01
9.484256882389610066e-01
9.800373955221906019e-01
9.682037953462819813e-01
9.883834876036449169e-01
9.711080132596131564e-01
9.932186962869031799e-01
9.716983176738779315e-01
9.807632131784252971e-01
9.785248105452616363e-01
9.640822204894039515e-01
9.718342197463264442e-01
9.905897023202148155e-01
9.818575996782961113e-01
9.756691307140338276e-01
9.611861545335289581e-01
9.898452387525995544e-01
9.940304013558003415e-01
9.733060659500535339e-01
9.763665335622442321e-01
9.557985308932057666e-01
9.638724071333076848e-01
9.779814942580284942e-01
9.821033330334265621e-01
9.905818180354578617e-01
9.769277058405479996e-01
1.007227699589511971e+00
9.555669003164395381e-01
9.899437961551038612e-01
1.004764936618577575e+00
9.603741646155899980e-01
9.882324343351909235e-01
9.925741143138374634e-01
9.786143529035955524e-01
9.757283997159950095e-01
9.634397941384111874e-01
9.882608503391165922e-01
9.701945821894137900e-01
9.756461310618074201e-01
9.695555071487341747e-01
9.765285681014846952e-01
9.894882786565030175e-01
9.871135231238791219e-01
1.006749945705071037e+00
9.674464175594505999e-01
9.716330840695817095e-01
9.784073930543611963e-01
9.840619125869163319e-01
9.780037208478695732e-01
9.891112486241787627e-01
1.000340136457112727e+00
9.626614318423702965e-01
9.570045705285716853e-01
9.761729438110451351e-01
9.799900578852610566e-01
9.610870405625090429e-01
9.715093890610910776e-01
9.675303970786881536e-01
9.896730277024342604e-01
9.788416755208523279e-01
9.810096796511854622e-01
9.911690080677367787e-01
9.704767659060317131e-01
9.519561104614809866e-01
9.689202987416108970e-01
9.686086362238898184e-01
9.793801680988167835e-01
9.808040293229245421e-01
9.862504145184611826e-01
9.770581863222425056e-01
9.755780854589971574e-01
9.911467703782945726e-01
9.779243942879585205e-01
9.615876893923156477e-01
9.820969585294341275e-01
9.798908739355910447e-01
9.645876658568928175e-01
9.829592109082992968e-01
9.727055099278207884e-01
9.941062998799546913e-01
9.799808346975279472e-01
9.425445003824259871e-01
9.770271308074874872e-01
1.004397781469023032e+00
9.952335741770530486e-01
9.725467785934099885e-01
9.772524283746121254e-01
9.599427727187769266e-01
9.817928909902705614e-01
9.868825667065515006e-01
9.753504625661725269e-01
9.934983325942877697e-01
9.863771768745636104e-01
9.879163210836002795e-01
9.709422747486323724e-01
9.625522400331854023e-01
9.849472124124976080e-01
9.911138364963301139e-01
9.889971845636541525e-01
9.927702344901891962e-01
9.875238852857665117e-01
9.802678644069648950e-01
9.800085287145410273e-01
9.787101607976914641e-01
9.879089415714298328e-01
9.626243080836990318e-01
9.853512376917661353e-01
9.709409706347215119e-01
9.830200450446371363e-01
9.601929487471003721e-01
9.784960242358904381e-01
9.924574978633641242e-01
9.885336606006611682e-01
9.794442512140464352e-01
9.868805600331401751e-01
9.640387632494004100e-01
9.901775331887819886e-01
9.895965831360108433e-01
9.924098227349734680e-01
9.910686528560536113e-01
9.794672732681226623e-01
9.440343131780181141e-01
9.904970045261077827e-01
9.819674191651311945e-01
9.739802657995170199e-01
9.610988069230959052e-01
9.893584317970931519e-01
9.781674992405542390e-01
9.904024684593972783e-01
9.622644647764845294e-01
9.711451248694945582e-01
9.924094015564755011e-01
9.410291057694406547e-01
9.827726376179155565e-01
9.620587433805587452e-01
9.552165076013089395e-01
9.666063467939989273e-01
9.811576268471203788e-01
9.807717097031301012e-01
9.873960974750655151e-01
9.808092676238131524e-01
9.919167909679899031e-01
9.800608222681443937e-01
9.885962320826806593e-01
9.867331169541705416e-01
9.718043130809200791e-01
9.629818542783525892e-01
9.724961507167764196e-01
9.720014092145244922e-01
9.880913779629820759e-01
1.010184305109289804e+00
9.824175585142079781e-01
9.979753842489909044e-01
9.689478048973246826e-01
9.785799203817109326e-01
9.610981319207094753e-01
9.934470140470701427e-01
9.712990561920532562e-01
9.914912930531855073e-01
1.001620137659903875e+00
9.830823702954787358e-01
9.802864528725002691e-01
9.705104942464266582e-01
9.840948634743980072e-01
9.877318316863503700e-01
9.808412442936446096e-01
9.550958180411034393e-01
9.750692887326328773e-01
9.701573389188442587e-01
9.862020228698891167e-01
1.001365451238959814e+00
9.861219041194921875e-01
9.804016232732966074e-01
9.958665487129132465e-01
9.977361175725584230e-01
9.870604952662476173e-01
9.834550389732300557e-01
9.810885258310324541e-01
9.918422410930195499e-01
9.648472483412312561e-01
9.865331399509073007e-01
9.637170410799806852e-01
9.694340910253107513e-01
9.719970699246820445e-01
9.808132276488266132e-01
9.876183653217283087e-01
9.869481105383227648e-01
9.815209795719087582e-01
9.908991173295182975e-01
9.685561965176561205e-01
9.916606220155270712e-01
9.829474618759164173e-01
9.804419025061145154e-01
9.798691864038201471e-01
9.744396545107159024e-01
9.923398918544004133e-01
9.674280611334445945e-01
9.531091354247753777e-01
9.856210673689782542e-01
9.785741875330531414e-01
9.994797630288205781e-01
9.674875358822170313e-01
1.005666880660372131e+00
9.735441782732032756e-01
9.854482537350373050e-01
9.830193898805748010e-01
9.791263590689043284e-01
9.506961624013308132e-01
9.729421102087010276e-01
9.842501937260147438e-01
9.594745500147140449e-01
9.736393471103386155e-01
9.602245565256313231e-01
9.801511588209013137e-01
9.857274465973943078e-01
9.697104347177878392e-01
9.667395617184081358e-01
9.995248308100257439e-01
9.902753203680884075e-01
9.755337691629005770e-01
9.617816415240908468e-01
9.849867461278094538e-01
9.767767580471972133e-01
9.557449736186138800e-01
9.931941891831178593e-01
9.301181389030476199e-01
9.910335048247848055e-01
9.849881142803098566e-01
9.849468221837739401e-01
9.839122818641943269e-01
9.892230905022508791e-01
9.942127629279876588e-01
1.000184403929478050e+00
9.813980371572651462e-01
9.703174227447564082e-01
9.799738926910697145e-01
9.691702339855018389e-01
9.900355136443610427e-01
9.861608426402844740e-01
9.904312503252269417e-01
9.823312805408518367e-01
9.658631693677314223e-01
9.806723826598600091e-01
1.001048622469022042e+00
9.504326433977526856e-01
9.840340296203556880e-01
9.884756830949595896e-01
9.774424059797005571e-01
9.920634031626891502e-01
9.598992849214205147e-01
9.753854629390706910e-01
9.623080721630931089e-01
9.820542533332724533e-01
9.790532930192992200e-01
9.848576752750993757e-01
9.829255245709838107e-01
9.836463141408675614e-01
9.437545886299918418e-01
9.626293341904864631e-01
9.749676566917693243e-01
9.728945393470976866e-01
9.685107748427792540e-01
9.845494903508626994e-01
1.001171761214362466e+00
9.855574958590069823e-01
9.885213013688028960e-01
9.419771698214769451e-01
9.880928715012308183e-01
9.787117085633467717e-01
9.786836011625072995e-01
9.656296836252638016e-01
9.864438147112846167e-01
9.368634365989318979e-01
9.713813169960729965e-01
9.896190933812731849e-01
9.687840654970044652e-01
9.836041401140251939e-01
9.883554531023635015e-01
9.775456505721833445e-01
9.701980100656945050e-01
9.759219586133580648e-01
9.873130791560282837e-01
9.638342709552081278e-01
9.953529213813578913e-01
9.915747413545796807e-01
9.681729129763790853e-01
9.559423517232454870e-01
9.889272782348154101e-01
9.806777847231734624e-01
9.726837317592121890e-01
9.713690896556448351e-01
9.765826613776364962e-01
9.888077652818829666e-01
9.481452487596030432e-01
9.851832018348558595e-01
9.868569128498523302e-01
9.798359617230075758e-01
9.924485656256584187e-01
9.824466187008534801e-01
9.771717074557110250e-01
9.743537479648063382e-01
9.868360465408141380e-01
1.004823205788104801e+00
9.711548118485110459e-01
9.886875083879558268e-01
9.882001606739119204e-01
9.706293474405363053e-01
9.673155837256612877e-01
9.829208978485229897e-01
9.772090929069547904e-01
9.633453164327760998e-01
9.785753945918476138e-01
9.655123358958757063e-01
9.832358957272716582e-01
9.809901202039121859e-01
9.501606880508608466e-01
9.867282725638369945e-01
9.733573580560201943e-01
9.806832831930517580e-01
9.888752730154203308e-01
9.932691844343696230e-01
9.627449837368297070e-01
9.856829500161828905e-01
9.692131882993160197e-01
9.668007007074718162e-01
9.913781698630024231e-01
9.394823788319338620e-01
9.868572544980745986e-01
9.768488102942668450e-01
9.698017721819127690e-01
9.778418945481062163e-01
9.847856060205681938e-01
9.473663705068137153e-01
9.988426608430041043e-01
9.900480130446560612e-01
9.863378154309434542e-01
9.744144151098951268e-01
9.411522244074354004e-01
9.647561654911216422e-01
9.619448394078449205e-01
9.767835263279758262e-01
9.684970416727891607e-01
9.842133778675589140e-01
9.723226248442897734e-01
9.934980230296116543e-01
9.846478948237156192e-01
9.987707727861036000e-01
9.894490169778233923e-01
9.819208228630589286e-01
9.794690426112014903e-01
9.938849920585705044e-01
9.706034831554274378e-01
9.740951945234810339e-01
9.827102671225124153e-01
9.877508664408894967e-01
9.931686560982537770e-01
9.877068203716868888e-01
9.847627756074862626e-01
9.845084775501892205e-01
9.850574526183685231e-01
9.889466438620254651e-01
9.556225366873789540e-01
9.648144161303344735e-01
9.455254394735042034e-01
9.836071633612564202e-01
9.647635490022985483e-01
9.831812611044759009e-01
9.804170438853063718e-01
9.732873686086001008e-01
9.839469685769069995e-01
9.928836644103230524e-01
9.632927050063286867e-01
9.887999602894161910e-01
9.825350990363002079e-01
9.503380042490658930e-01
9.777923031388606745e-01
9.711069218324765995e-01
9.795128899020280056e-01
9.451482208785016992e-01
9.752037117017177126e-01
1.000830458970385584e+00
9.956374582125252504e-01
9.889777875540520791e-01
9.760009800085790443e-01
9.619635062527649438e-01
9.762128585388983870e-01
9.834110817124989135e-01
9.487409122467865830e-01
9.705105411764470835e-01
9.851538321471784432e-01
9.766283645409672420e-01
9.914789360479676628e-01
9.682851933239590148e-01
9.964609549864695826e-01
9.838271013866616288e-01
9.839692589719660765e-01
9.836142992629443027e-01
9.853452737480030699e-01
9.894361968949705322e-01
9.672873370612783406e-01
9.877010840186468688e-01
9.810002436116355140e-01
9.925297536964070577e-01
9.780505135645191084e-01
9.842869400641081068e-01
9.776236098702805188e-01
9.755125856948456686e-01
9.932492444881224625e-01
9.959906535685498774e-01
9.896461959636206895e-01
9.947600072496339818e-01
9.955796535024855620e-01
9.951863749702530848e-01
9.801260374639961803e-01
9.772269817467641451e-01
9.883234818885671125e-01
9.949369437645124714e-01
9.839764649681569386e-01
9.745731921690115040e-01
9.684142723081795578e-01
9.953510129885786428e-01
9.635517748599868870e-01
9.734490810806911698e-01
9.884173242297156214e-01
9.584394868987418104e-01
9.648834258854454005e-01
9.786374624453674231e-01
9.598337853427022504e-01
9.887430640534375925e-01
9.837257928827177755e-01
9.855000622048161185e-01
9.703669064949916878e-01
9.806794805691287920e-01
9.573395398569444215e-01
9.684311127721972889e-01
9.752260382341835232e-01
9.818894332400830427e-01
9.924640221867213619e-01
9.847138472829725098e-01
9.657588691573444351e-01
9.623401513964952025e-01
9.827762391483734206e-01
9.926312471245126723e-01
9.971287422985215532e-01
9.740392621712813392e-01
9.536258744948633570e-01
9.963420453634613816e-01
9.828326056471438088e-01
9.775451622766632154e-01
9.890951868503691236e-01
9.638722201962162117e-01
9.741706814952950655e-01
9.747088526237520645e-01
9.905484018136698765e-01
9.752725517062944549e-01
9.897708802346794066e-01
9.840822037153620361e-01
9.860204574248019327e-01
9.883294469654223535e-01
9.431812841740948583e-01
9.822925108578615117e-01
9.842207471259581952e-01
9.931803607790957722e-01
9.767207551714559566e-01
9.526708308772283695e-01
9.661891577166349387e-01
9.835333751464941932e-01
9.730318468560072986e-01
9.619226231957307416e-01
9.873949206571538406e-01
9.822384288500216609e-01
9.824595801004697426e-01
9.810176036249417253e-01
9.852039381131292295e-01
9.651404350390041520e-01
9.886827074967510232e-01
9.735099745781260472e-01
9.850529860428819395e-01
9.847631941802273969e-01
9.800970503383459320e-01
9.720125002665721548e-01
9.975060865808381694e-01
9.917686612541601887e-01
9.860417098043464668e-01
9.809979887630636552e-01
9.813494590266657047e-01
9.801561423179819821e-01
9.699720718954412124e-01
9.624589327128890703e-01
9.953379220576763498e-01
9.822080610763579411e-01
9.787633497544108163e-01
9.837500686771858405e-01
9.792253556055230401e-01
9.634702642832148056e-01
9.991875692166688472e-01
9.747998915227326089e-01
9.955895603964008966e-01
9.876309655173182156e-01
9.918088116512400187e-01
9.835636984620278467e-01
9.763673240946595389e-01
9.836669862469344938e-01
9.919208781071532366e-01
9.743089340167093715e-01
9.946253200362977775e-01
9.767913421529501594e-01
9.715080878521622498e-01
9.770228218841964241e-01
9.702296087932883450e-01
9.892908356544316550e-01
9.832589900197665767e-01
9.774582270067017076e-01
9.862240008062200802e-01
9.242210987493004737e-01
9.607551634310546040e-01
9.835644115815604938e-01
9.860965095265119551e-01
9.803268835555654093e-01
9.873435738068259138e-01
9.387848233553929278e-01
9.949975167412674626e-01
9.883498557323717737e-01
9.812442984693297010e-01
9.631627076446848124e-01
9.680457339856147758e-01
9.806468392111560295e-01
9.832049064346950473e-01
9.891479142535452018e-01
9.756965481992773137e-01
9.698851926157400216e-01
9.872124103586549237e-01
9.580232151652742223e-01
9.652474892572642240e-01
9.870920280236259448e-01
9.602938797167200891e-01
9.954392752846253911e-01
9.868782388991920174e-01
9.705266321515921835e-01
9.796862003318037582e-01
9.852215202959856422e-01
9.793439800826579944e-01
9.819005734208334779e-01
9.469457197506843116e-01
9.868028973099010059e-01
9.850984968972363864e-01
9.846079332406896256e-01
9.766498758776003264e-01
9.912075437299342484e-01
9.943942320760573716e-01
1.001688984554811146e+00
9.826791812328611320e-01
9.948371488904702575e-01
9.829496792217347068e-01
9.890180557164718333e-01
9.937513522239480590e-01
9.813954322284322851e-01
9.763185459685460588e-01
9.898961239661553391e-01
9.915565100504237783e-01
9.719653716678788857e-01
9.871736333260134888e-01
9.696672560430400489e-01
9.883590216816383611e-01
9.562017000683422641e-01
9.495276021458834981e-01
9.752523900519647349e-01
1.003199028736921683e+00
9.896718631666432398e-01
9.815331175377377537e-01
9.814843281181695467e-01
9.948064036795071230e-01
9.815591916030069752e-01
9.648706957237573878e-01
9.919228528435292125e-01
9.771526049118028912e-01
9.847322257652123545e-01
9.878388812767520122e-01
9.843303520929570505e-01
9.930727026277873515e-01
9.903171179983935035e-01
9.995817935077542238e-01
9.868495417941467451e-01
9.917966273851932524e-01
9.697884203181892371e-01
9.893588593473521264e-01
9.793178296205218292e-01
9.769143320409660047e-01
9.646212964055933536e-01
9.803794766304398944e-01
9.867200944166724108e-01
9.812392983064376351e-01
9.653071273094965266e-01
9.740114956897721887e-01
9.720106443047494826e-01
9.866237208160645311e-01
9.372964163120870440e-01
9.864112045717580157e-01
9.783847651465275019e-01
9.842129790932910849e-01
9.761295957239879417e-01
9.666092168470443724e-01
9.906714769456849146e-01
9.658657858847190525e-01
9.728237903305517742e-01
9.756990936172257323e-01
9.726199755711244510e-01
9.859427665478356362e-01
9.836071668643974197e-01
9.923502539524123867e-01
9.714278111949110617e-01
9.889350349438172927e-01
9.618757579851416883e-01
9.792391651895561155e-01
9.758167406809382660e-01
9.581454882604260037e-01
9.742176011094932919e-01
9.750166422329368254e-01
9.724843615962005527e-01
9.687826318955301552e-01
9.867764631771087647e-01
9.640403573668682169e-01
9.940701590070158966e-01
9.927568082715407805e-01
9.812250131336177628e-01
9.882376760611716326e-01
9.838521892361189458e-01
9.544620951213721449e-01
9.831836655692940408e-01
9.840566470557606804e-01
9.636889987312079464e-01
9.791823526725116356e-01
9.888292856025977517e-01
1.003892405323164372e+00
9.951272267185226061e-01
9.762418611146492786e-01
1.003691619414022851e+00
9.887949874849768506e-01
9.806307450481471788e-01
9.673388155695854529e-01
9.938359993465107900e-01
9.652510017189408487e-01
9.834474786848138583e-01
9.758653074874901190e-01
9.931762910533137312e-01
9.776782443446973003e-01
9.791770352334719929e-01
9.923181467549428980e-01
9.926422821391004403e-01
9.951035615456726990e-01
9.783544301390931786e-01
9.919845401353873937e-01
9.731975064057121205e-01
9.897661558518089375e-01
9.804165785082922246e-01
9.651456768630812810e-01
9.930610616716201156e-01
9.786521179113897295e-01
9.868975299053133199e-01
9.727975376991424561e-01
9.848266644931532587e-01
9.780608649119751918e-01
9.845607845098438560e-01
9.822221153419751216e-01
9.856148082652358422e-01
9.817631734536522714e-01
9.730018500231870648e-01
9.876249176915966599e-01
9.749244234730093384e-01
9.819428392495395119e-01
9.882064758199706755e-01
9.806190747014199571e-01
9.794382258827644128e-01
9.863840432868631325e-01
9.743262887994423860e-01
9.735329158329908417e-01
9.804263224992438852e-01
9.914805500652078551e-01
9.727764028429710663e-01
9.732666428467019459e-01
9.940014479947925086e-01
9.830141552543305572e-01
9.811881319530142420e-01
9.654485754318938850e-01
9.811694094013138079e-01
9.799568892820508248e-01
9.744923218532827169e-01
9.608828073174325857e-01
9.674578598064823565e-01
9.780517169081465179e-01
9.871503738728274469e-01
9.788372109298562052e-01
9.956288373891164500e-01
9.614783061728968683e-01
9.436992446313740013e-01
9.807497403167623196e-01
9.851737658304465795e-01
9.843491094269229968e-01
9.842963341925833332e-01
9.747871735648558911e-01
9.822797621432531878e-01
9.870328676533823842e-01
9.734053022401698563e-01
9.837622067661306868e-01
9.670262894814288801e-01
9.768210442247374781e-01
9.716923460571843529e-01
9.855003050371231588e-01
9.741368290173294531e-01
9.397145086126310609e-01
9.799775300548885237e-01
9.916457823637747637e-01
9.866204740813340202e-01
9.917328660948401264e-01
1.011828482808595275e+00
9.850508569177779394e-01
9.860780207827896104e-01
9.866473280095691134e-01
9.884559310802927268e-01
9.886087180949225672e-01
9.811313053105268356e-01
9.736717526519053090e-01
9.841543999835372647e-01
9.878159398321815221e-01
9.788442523280561636e-01
9.850191225298425834e-01
9.912004196055670402e-01
9.631976495622452950e-01
9.793914081961186957e-01
9.782553921755627879e-01
9.890469853404386669e-01
9.807102023307100458e-01
9.779589082093537167e-01
9.864935377822598994e-01
9.909534380523361552e-01
9.635182206166872376e-01
9.732891648957288089e-01
9.956858921810937124e-01
9.761625454535342028e-01
9.722112543052264799e-01
9.815307844644787227e-01
9.809777755382796949e-01
9.947796872799467005e-01
9.856444666887014261e-01
9.914043967673399349e-01
9.662199547335377225e-01
9.924082693860467597e-01
9.930403010580793888e-01
9.532528640886374083e-01
9.830067907911119729e-01
9.799268590227178111e-01
9.928104261445963585e-01
9.819944319076091555e-01
9.826058714406870065e-01
9.875873995263583227e-01
9.913987819914978905e-01
9.797385800474107675e-01
9.617334607604668406e-01
9.844822553011440824e-01
9.603757999406687951e-01
9.813208364705096054e-01
9.755813031371280974e-01
9.766050034644766509e-01
9.951395896737204039e-01
9.668254269234348719e-01
9.841594408387286386e-01
9.856373024483294776e-01
9.857656675225664467e-01
9.778966770380422835e-01
9.807904519278639599e-01
9.929124415150109018e-01
9.881077755096404625e-01
9.942674628719673224e-01
9.868487297500653233e-01
9.781241783747949281e-01
9.813023713500209633e-01
9.639700547832972255e-01
9.873006829875482504e-01
9.523635138153679902e-01
9.684828912335400330e-01
9.696621675009956531e-01
9.791511940732434693e-01
9.821916767865602749e-01
9.836515488898287529e-01
9.574462321150508659e-01
9.745595698137590190e-01
9.784823000888160927e-01
9.748273270507008537e-01
9.929283271494099283e-01
1.000091975868714345e+00
9.902921034130068856e-01
9.660017800250233488e-01
9.849850074350960938e-01
9.634747671719955386e-01
9.963840738334357461e-01
9.752997487264458698e-01
9.852201870325234534e-01
9.829430272173047545e-01
9.327648565069089903e-01
9.923823434789821318e-01
9.858759098318906622e-01
9.814893245330148508e-01
9.884982081883874061e-01
9.900339208444811634e-01
9.911321482915874670e-01
9.920864117797417725e-01
9.863489312525514086e-01
9.744391496563807875e-01
9.920085263140228093e-01
9.924283311392826379e-01
9.826203316546362476e-01
9.815748677297868596e-01
9.974529501183162505e-01
9.639156335065707237e-01
9.797171694600593783e-01
9.729457663707141712e-01
9.650820142053255779e-01
9.605269254034078941e-01
9.829016337702217720e-01
9.814292192821749694e-01
9.720585050504786384e-01
9.778558072689963465e-01
9.862934458130824256e-01
9.815384963296044374e-01
9.838496317412139813e-01
9.707663079337194301e-01
1.000536808775088327e+00
9.777774192210287874e-01
9.981841405766723740e-01
9.852132650900570221e-01
9.635596757741001772e-01
9.575679323665943210e-01
9.783828387920389114e-01
9.697530425679735666e-01
9.906454711501412325e-01
9.706826952436785616e-01
9.684978831718571435e-01
9.699981526317296154e-01
9.972104029813378956e-01
9.844583872881152997e-01
9.820203352339277325e-01
9.594061816420424993e-01
9.641090532792350176e-01
9.505723382135745636e-01
9.667875782323500644e-01
9.834248994969199131e-01
9.862784601203590240e-01
9.558623122791332083e-01
9.854692651628729205e-01
9.895106568761321553e-01
9.731956790832750892e-01
9.646951334776309173e-01
9.617256662592590377e-01
9.733242639591829226e-01
9.351889153292426426e-01
9.721594575663957682e-01
9.745176423774006835e-01
9.438404153633722649e-01
9.778192294228390535e-01
9.755574304772867134e-01
9.833671486989473687e-01
9.760753113234753586e-01
9.864427398198833963e-01
9.579070289155426909e-01
9.993436606841430425e-01
9.892779821995929534e-01
9.843769577461267684e-01
9.943779831249788259e-01
9.780740264026226427e-01
9.654135274246559151e-01
9.601377260717317563e-01
9.689067008872548348e-01
9.936566993869714315e-01
1.000557032964591864e+00
9.720695959781739948e-01
9.863917830479279614e-01
9.815472518495754750e-01
1.010597122242318013e+00
9.918953394675763535e-01
9.885587656854898375e-01
9.838531610002043681e-01
9.767379785036015560e-01
9.729713850099293015e-01
9.815485288128029673e-01
9.607156450958895810e-01
9.853489374406219081e-01
9.932350237310338947e-01
9.728810674435754979e-01
9.856955621472524021e-01
9.659646002119064434e-01
9.565708129202463716e-01
9.785510417043105091e-01
9.780061189237617691e-01
1.002546697058642078e+00
9.778280004561811234e-01
9.765621299156719282e-01
9.830604676749403747e-01
9.943833952667577858e-01
9.948664328227435627e-01
9.998298231402712455e-01
9.777770071488447456e-01
9.625809401895253359e-01
9.920342323203645840e-01
9.978404354014133171e-01
9.837469234774957050e-01
9.758227913034234202e-01
9.965278802889977472e-01
9.637001181793924953e-01
9.625473040805277991e-01
9.908695534072176070e-01
9.575973566482748334e-01
9.483492156353034996e-01
9.752083784657474830e-01
9.976437369673336608e-01
9.497214952590569137e-01
9.809930374791865360e-01
9.813366967429713039e-01
9.718402845832631032e-01
9.901527346843792543e-01
1.002365733765510969e+00
9.542627976213049479e-01
9.817064933142366501e-01
9.916844319160246224e-01
9.877368486016380178e-01
9.846130240808542711e-01
9.816617240881656548e-01
9.683272271655621877e-01
9.889221303221409354e-01
9.789453721481935489e-01
9.746119027788138212e-01
1.002690348331944259e+00
9.986946364890707528e-01
9.788207974610819706e-01
9.491800182567410316e-01
9.879454273433453393e-01
9.782560444526949839e-01
9.706343424099229678e-01
9.738524091258224935e-01
9.917690918041738302e-01
9.875952296820144083e-01
9.866933189750495270e-01
9.919785018721131165e-01
9.688564619488899687e-01
9.461995047161541050e-01
9.534947406073500664e-01
9.430321459209055623e-01
9.994276698566767481e-01
9.848133264393778008e-01
9.777474715345856326e-01
1.001625215286359172e+00
9.905854814064252167e-01
9.815619306996894444e-01
1.001510168810777479e+00
9.631185125283416859e-01
9.689251079090404062e-01
9.881143091003634638e-01
9.572801578994665217e-01
9.869958257713663530e-01
9.603681722724040082e-01
9.741477671293813367e-01
9.702166618095858786e-01
9.770644806835647733e-01
9.456180678450156751e-01
9.849796187926487256e-01
9.848614319069525225e-01
9.862707835079917995e-01
9.898199885910076157e-01
9.698304751500892440e-01
9.804474888994149095e-01
9.763607466551261771e-01
9.823247624476924011e-01
9.925988886121167587e-01
9.680474152534834786e-01
9.764596622303540752e-01
9.857694519314527115e-01
9.816435764386364227e-01
9.814786310902254840e-01
9.918778203987340669e-01
9.910529020102016862e-01
9.872867671501923681e-01
9.606016357865981847e-01
9.926821653639645859e-01
9.780163486323462108e-01
9.917292601370718552e-01
9.787062011198434108e-01
9.881544673195719053e-01
9.874163091422138994e-01
9.892437358209164033e-01
9.681093570309798890e-01
9.938965818393211693e-01
9.722133620312621849e-01
9.884595233655028013e-01
9.949827773509941631e-01
9.670520340739123810e-01
9.553126673375276212e-01
9.645597946569645087e-01
9.881973442695074494e-01
9.708414019640425607e-01
9.833596805838918931e-01
9.777872361067495577e-01
9.732378502413088217e-01
9.633419574143838870e-01
9.847929772458042796e-01
9.943225049756178047e-01
9.684002504098031539e-01
9.460976489734650441e-01
9.658040523739876981e-01
9.845387547137514073e-01
9.911782196024531144e-01
9.828030011802784127e-01
9.903143253999647788e-01
9.792680570706430165e-01
9.682100255101320219e-01
9.763472851680874420e-01
9.684790421076424627e-01
9.620179656057422646e-01
9.914862896605453058e-01
9.868245035314502367e-01
9.839944577857261399e-01
9.813293016319741824e-01
9.576795327667511071e-01
9.828747400554777025e-01
9.509151851091810492e-01
9.673572919645663237e-01
9.636504081015686562e-01
9.703165531305736335e-01
9.938678160725226141e-01
9.783621356556010396e-01
9.742384609628252923e-01
9.814650382178445875e-01
9.803654328095202652e-01
9.668125730052821165e-01
9.689527496232942516e-01
9.862490846560844071e-01
9.822210722582404019e-01
9.976001127458397066e-01
9.833785085556696615e-01
9.929643393325254808e-01
9.754382611512099066e-01
9.695729520002644986e-01
9.679684917672055633e-01
9.728610146764857802e-01
9.609100491234913166e-01
9.889626166350046210e-01
9.795125370204083026e-01
9.716684031404975164e-01
9.584578515824084821e-01
9.869959534539691770e-01
9.818586911769988657e-01
9.758349593144479694e-01
9.714274566098490826e-01
9.857637968633640169e-01
9.744379224207160295e-01
9.501224619819131911e-01
9.850496278154664553e-01
9.928663831886911373e-01
9.900858940887015125e-01
9.888631721051863721e-01
1.000369300687240504e+00
9.673646090936706132e-01
9.730647935548224492e-01
9.857536136722259146e-01
9.704896261507182098e-01
9.859744172404714124e-01
9.881629901506566727e-01
9.907581185028795367e-01
9.664216714545641462e-01
9.415427001527304496e-01
9.491280962286247069e-01
9.760364179267846385e-01
9.799404752087043091e-01
9.654280479818673211e-01
9.875624799107604046e-01
9.571521025012487138e-01
9.843797079208135292e-01
9.763264443430486050e-01
9.812686958427057071e-01
9.793037464719164253e-01
9.902210220196779877e-01
9.708325948564877628e-01
9.948424500268194803e-01
9.953296672048530525e-01
9.488048946057197064e-01
9.664289846742668555e-01
9.729261038957031094e-01
9.897561652722459691e-01
9.906908639974607578e-01
9.692506550867223680e-01
9.816487710125193500e-01
9.616387270927646558e-01
9.885924872941995734e-01
9.372619957302695815e-01
9.918339369614691536e-01
9.927988695212630610e-01
9.656388418153892816e-01
9.862770450560788271e-01
9.998408988198124181e-01
9.749128028941933533e-01
9.908485568632405815e-01
9.901393715824673425e-01
9.839666926905933364e-01
9.843692317389625135e-01
9.844508461422536438e-01
9.875624696789983004e-01
9.776114989992934490e-01
9.727901061664455673e-01
9.816538921867913325e-01
9.788058076685804965e-01
9.821630757636173881e-01
9.865548279394251718e-01
9.949981958663315362e-01
9.844215689570077199e-01
9.849004149495289573e-01
9.764006240134180947e-01
9.826426988033927223e-01
9.778376575832601336e-01
9.821814675080777768e-01
9.935964948697951771e-01
9.765319461654655697e-01
9.813473849374436675e-01
9.853993335480860649e-01
9.901085169376609985e-01
9.932726909970887030e-01
1.000770092304672954e+00
9.955642988238602165e-01
9.569012570774755311e-01
9.866394448692057395e-01
9.734410549030393378e-01
9.665070777091906429e-01
9.778476194304378533e-01
9.707420179648695857e-01
9.823699207957532487e-01
9.751645395258260463e-01
9.915154736923302847e-01
9.908825087984100000e-01
9.831367529221866075e-01
9.973516449407946460e-01
9.728455467919894240e-01
9.909839332455321337e-01
9.722415072752231824e-01
9.928111231061912401e-01
9.939741122083919356e-01
9.903819065133786514e-01
9.926163322589626192e-01
9.856213006198267790e-01
9.851321642086113828e-01
9.735979755741890340e-01
9.479264900920498782e-01
9.618758708105270561e-01
9.819301188450232365e-01
9.841814325966058430e-01
9.847795549682282212e-01
9.762570508226531274e-01
9.830170277882076535e-01
9.639151224280098074e-01
9.981319471141512079e-01
9.874957540172421000e-01
9.606705632383837346e-01
9.659218986440096799e-01
1.000683644610995682e+00
9.670613701483176117e-01
9.761986530444368704e-01
9.886285791224865838e-01
9.970807973230614296e-01
9.567632343585855681e-01
9.903156073313428287e-01
9.910249313617554012e-01
9.763798327812983624e-01
9.819418085639425309e-01
9.837786997186551696e-01
9.690242012413947670e-01
9.828212141406619251e-01
9.980671047208818925e-01
9.779678145146085688e-01
9.793745573394249115e-01
9.819781519729777752e-01
9.755889334822500647e-01
9.815441571432393930e-01
9.680717273004081358e-01
9.846024841655613979e-01
9.526780527512909158e-01
9.822756464184625447e-01
9.698823786799696256e-01
9.782576757410385015e-01
9.857955626463039689e-01
9.645674309787369838e-01
9.923433319686628673e-01
9.828073475791909708e-01
9.743259948260010184e-01
9.876408203506530370e-01
9.836163742132816301e-01
9.886809042653023072e-01
9.831588288445020085e-01
9.521888065454794381e-01
9.904000017531080502e-01
9.711349889750757747e-01
9.877867210518953556e-01
9.775901308443324389e-01
9.870316012651995097e-01
9.438580556313606040e-01
9.498670829212156885e-01
9.787424036231341384e-01
9.894985057537780682e-01
9.998453970061769169e-01
9.672194867017254172e-01
9.508221099564063694e-01
9.492563734237106088e-01
9.824148492040463143e-01
9.792072887720155716e-01
1.000938739426302071e+00
9.785243775502326935e-01
9.826063957056171416e-01
9.914909779402101275e-01
9.756467571412412720e-01
9.799618595366705875e-01
9.785762385487154491e-01
9.742100022491304578e-01
9.773173795299505695e-01
9.776850226828568413e-01
9.721682989666013963e-01
9.913335766688112782e-01
9.742566694853320719e-01
9.902812650691458218e-01
9.578108873478922147e-01
9.848737355215101408e-01
9.711566844799279785e-01
9.739714146123463756e-01
9.667751399194084438e-01
9.828588092161463230e-01
9.761001669734850061e-01
9.640444264576668587e-01
9.521659653517539068e-01
9.926377792357526930e-01
9.579377041774661539e-01
9.792538393268430674e-01
9.780210686162431610e-01
9.866656551477990256e-01
9.721077824645797394e-01
9.787257273326815943e-01
9.650295863501892057e-01
9.871284875100364564e-01
9.757557550786850609e-01
9.845527921426826534e-01
9.756334407379706475e-01
9.743423642726777301e-01
9.789640956319657361e-01
9.853094580143025860e-01
9.785048249451170355e-01
9.860477424749004571e-01
1.000813774254685207e+00
9.366381755491814953e-01
9.777486283401328748e-01
9.447720548415945441e-01
9.835103919917105308e-01
9.915065284514434918e-01
9.776018917714018874e-01
1.001386631089050683e+00
9.939167394553234391e-01
9.712583217258209389e-01
9.653726949910224064e-01
9.536430333317185148e-01
9.517636483441235251e-01
9.859609797869793857e-01
9.596101938995866831e-01
9.731260204003665537e-01
1.001191574181169219e+00
9.860076439212651644e-01
9.788939406563588186e-01
9.774335043397213152e-01
9.782499694284171321e-01
9.701708779739480759e-01
9.888316082290109499e-01
9.515489960363905375e-01
9.885270280107878449e-01
1.006340802608185481e+00
9.374077364387799483e-01
9.966506022410326349e-01
9.594261256333654897e-01
9.751904227529928360e-01
1.000819918816337362e+00
9.819624131873874173e-01
9.762831828244571408e-01
9.897377959159762151e-01
9.647800879472536728e-01
9.800117933276120130e-01
9.856389002502993213e-01
9.726758983013035209e-01
9.758134687435108257e-01
9.850024140055567701e-01
9.790445034533915569e-01
9.724150268369259331e-01
9.861616634835965733e-01
9.902310756602482611e-01
9.845259609938555867e-01
9.647546581891818240e-01
9.648088997927360966e-01
9.863349301225043941e-01
1.004032912203292938e+00
9.811358207343510163e-01
9.835475687978209036e-01
9.774369734094944251e-01
9.710711599848412812e-01
9.891212673724980586e-01
9.750680237870370526e-01
9.650583009346541674e-01
9.864971699475144629e-01
9.805351282677342573e-01
9.681585145207708409e-01
9.912151357515822658e-01
9.928549478341567314e-01
9.679352744936300379e-01
9.824714217547289019e-01
9.842330796293776718e-01
9.786198782201428470e-01
9.889527845898832270e-01
9.850519151519046002e-01
9.785301180989417480e-01
9.923200956454200083e-01
9.756835160046316568e-01
9.919275016627578934e-01
9.741883129834977284e-01
9.807213741252702732e-01
9.754702679435626189e-01
9.744853859043355326e-01
9.323353250235068002e-01
9.723396013393215132e-01
9.640423021342429122e-01
9.859921293294551248e-01
9.954353939723452616e-01
9.844398113893810809e-01
9.832031770425687656e-01
9.960732390691229288e-01
9.395387311782977813e-01
9.814497654934359883e-01
9.863901879008487583e-01
9.456056754381998442e-01
9.760340870641270872e-01
9.685225460926309982e-01
9.810163361378768654e-01
9.623056652604479178e-01
9.721767190109290580e-01
9.736638508603711051e-01
9.852607726559717838e-01
9.757221257784991497e-01
9.856238703641397869e-01
9.392697251763386657e-01
9.774292194494581532e-01
9.383070762965465272e-01
9.893632617832843756e-01
9.798284811664741412e-01
9.816357471953425229e-01
9.842250303483470741e-01
9.799837028881235312e-01
9.584999748685294474e-01
9.800501186860766101e-01
9.820262740304069871e-01
9.841437285382516054e-01
9.736590844019832325e-01
9.713818698335183743e-01
9.725663155915073022e-01
9.520939996534165672e-01
9.823748781181148582e-01
9.687427159791738296e-01
9.877861389896804845e-01
9.774585749586546246e-01
9.783169427029716481e-01
9.779559839667333332e-01
9.893857209365093386e-01
9.832406144915566415e-01
9.420453140331174202e-01
9.715948311645624669e-01
9.844711847992937415e-01
9.785505641413586586e-01
9.713269562915844979e-01
9.884865687752283359e-01
9.895720780742253142e-01
9.830204447085473252e-01
9.823834160703857066e-01
9.589029660515462350e-01
9.766067421574464724e-01
9.750410697871900734e-01
9.839762945732948296e-01
9.727099500075861993e-01
9.855867561382246622e-01
9.758212458418983326e-01
9.686172011968873230e-01
9.874046975170863716e-01
9.865565944962336742e-01
1.003562661286964364e+00
9.802968562413723053e-01
9.703778438793412287e-01
9.942646273225070885e-01
9.871987738645157107e-01
9.633095369920459117e-01
9.727405986349801914e-01
9.827366521343479100e-01
9.925239355285067067e-01
9.798673870209843040e-01
9.656612292948488774e-01
9.781400846420639228e-01
9.963772119068544653e-01
9.852621005853238190e-01
9.599852106314434863e-01
9.849141499320478443e-01
9.898530431580944144e-01
9.907850317348354530e-01
9.641464751627978336e-01
9.906650669377818907e-01
9.897735873365205439e-01
9.615640371040415912e-01
9.645009583047142732e-01
9.722326735284340105e-01
9.758943227542904442e-01
9.778836418240002271e-01
9.697920519350663460e-01
9.962274858702793168e-01
9.528830352911938917e-01
9.914348790928855237e-01
9.813913266519495027e-01
9.820213479331317830e-01
9.864959249197462476e-01
9.665583047089347790e-01
9.745790687781611394e-01
9.715130050265695649e-01
9.801871505778482208e-01
9.838832513693338555e-01
9.960218487031036183e-01
9.761959456230986376e-01
9.829954947657371100e-01
9.712695066950267631e-01
9.863644989833628696e-01
9.809611780368593381e-01
9.911857563204595767e-01
9.616771890694398861e-01
9.735546175725092732e-01
9.771467024259227196e-01
9.654989105914422165e-01
9.890318509509455902e-01
9.636335630428447541e-01
9.877504959613234714e-01
9.568061719347346061e-01
9.879508037372811691e-01
9.780894641972296411e-01
9.921673150596408419e-01
9.825268293909598105e-01
1.005193694137439531e+00
9.736624605538805044e-01
9.802092080771247495e-01
9.813987025820594123e-01
9.542550262604631017e-01
9.783891085232087059e-01
9.704961271545190504e-01
9.683872340386461275e-01
9.828188593344835411e-01
9.528589387577930392e-01
9.903150626907456511e-01
9.722286303772663674e-01
9.577479063129756831e-01
9.934035088665441604e-01
9.825899403543690847e-01
9.811753941498989606e-01
9.827969514202872237e-01
9.840869813208541483e-01
9.902534346515329267e-01
9.912612368037870825e-01
9.532096892848656022e-01
9.710443170010485403e-01
9.842734640638185484e-01
9.535981148275710639e-01
9.591321251738538223e-01
9.711204427974683417e-01
9.653043264738220275e-01
9.877291979070924599e-01
9.558296754050207289e-01
9.917525169008351016e-01
9.876671893732448249e-01
9.848145523510976052e-01
9.799573884991463757e-01
9.813600479176760594e-01
9.851521196347047260e-01
9.880351892592137419e-01
9.898302081071731484e-01
9.947072584525100680e-01
9.857710662516425693e-01
9.890030470054902434e-01
9.580283765842888544e-01
9.772855664908515205e-01
9.771367746043839730e-01
9.906292126937673581e-01
9.901291964581342420e-01
9.848429082596136253e-01
9.828475610772431370e-01
9.760854857613771030e-01
9.683725801277568435e-01
9.853420699009214356e-01
9.291574364680522669e-01
9.813423289410795336e-01
9.636114367887638199e-01
9.716292948709053245e-01
9.854229376619236813e-01
9.901786962279208737e-01
9.935547477479973466e-01
9.477271829312489126e-01
9.856680547970197992e-01
9.840389243361872262e-01
9.569603513127682426e-01
9.704058123416300363e-01
9.626420092236425141e-01
9.842334999665101058e-01
9.870283642806291224e-01
9.712595818585967322e-01
9.694877009988699390e-01
9.605258472294014860e-01
9.904220235013424523e-01
1.001413613587256890e+00
9.824755144306938082e-01
9.721864917610653078e-01
9.610482733206792139e-01
9.536269947318729567e-01
9.885504844082751985e-01
9.836467479270840641e-01
9.714920295136899586e-01
9.797955251909814534e-01
9.813093094065603594e-01
9.846345236406001122e-01
9.957882488644126395e-01
9.726394043219869223e-01
9.792961110897872024e-01
9.778755373779953741e-01
9.802080523806353529e-01
9.762327464111630881e-01
9.593115776424246954e-01
9.872877681496450286e-01
9.806302908982185151e-01
9.894282478096952937e-01
9.820785897985703228e-01
9.928755842168208723e-01
9.909068767055644322e-01
9.639487471877840052e-01
9.816000333320078486e-01
9.893251466622994261e-01
9.795751871563550539e-01
9.708313376351026536e-01
1.000772532115654201e+00
9.681013908284216152e-01
9.841932322440754000e-01
9.775035208049440705e-01
9.559855005672874828e-01
9.874875096262727414e-01
9.758925768130004563e-01
9.901225255563412819e-01
9.827128702912805158e-01
9.835496414176000401e-01
9.644752509889302772e-01
9.777877333829620987e-01
9.762552622192012253e-01
9.899644431332987882e-01
9.816971459782196652e-01
9.874843138342999094e-01
9.523755986896115244e-01
9.678426159593143119e-01
9.863493351038364887e-01
9.717649574231144172e-01
9.575421374263823893e-01
9.862729321960761464e-01
9.835036574113105168e-01
9.986973393749472017e-01
9.929110049031807383e-01
9.240822772633853210e-01
9.937754131877476471e-01
9.827251218659630583e-01
9.890026395993198882e-01
9.514589177541288301e-01
9.697498623906881665e-01
9.888878480917066005e-01
9.819869254045815454e-01
9.751039550540998579e-01
9.861260598690503310e-01
9.946924010267271798e-01
9.732592593587118257e-01
9.943150045250197522e-01
9.635743853380698276e-01
9.777284906396699338e-01
9.868291424538659928e-01
9.830580564176230052e-01
9.881357297983254240e-01
9.936098180392166634e-01
9.719790783143029689e-01
9.628114409512646965e-01
9.814810128283476542e-01
9.809754823295849802e-01
9.945798275977492109e-01
9.896329763685024483e-01
1.000426754721261302e+00
9.904261958760127715e-01
9.691511801771223178e-01
9.796711636771968656e-01
9.747925279305817980e-01
9.945688443462107342e-01
1.005955979685597246e+00
9.869323195970257645e-01
9.912453567675515442e-01
9.834958765981401951e-01
9.832475723230031939e-01
9.675942429846938753e-01
9.801160558420987101e-01
9.910709211439979738e-01
9.824462807148701682e-01
9.760160785273374051e-01
9.881555535639359178e-01
9.859569576644351407e-01
9.905538327545967414e-01
9.679908518333669720e-01
9.956314287211185388e-01
9.900754435281142740e-01
9.914348613666660315e-01
9.784217841960121120e-01
9.864377888097931590e-01
9.877592109076022142e-01
9.872159801399023049e-01
9.511577577841789921e-01
9.711027637349061159e-01
9.408447585815719050e-01
9.824201900989419922e-01
9.984298267707499841e-01
1.000121700612948583e+00
1.011859311916820214e+00
9.888843601221859458e-01
9.808389468278078116e-01
9.655166095543925575e-01
9.748926416164225284e-01
9.628642196997798663e-01
9.715893972526973288e-01
9.839297006197158524e-01
9.936653627036990954e-01
9.830075353159201113e-01
9.774393886021388589e-01
9.887073491342787124e-01
9.880064182285440699e-01
9.882438454676117923e-01
9.896156885049326446e-01
9.768484382159389190e-01
9.987863403812796692e-01
9.805491166702765549e-01
9.796066101863512010e-01
9.809001518968224476e-01
9.805532991704547507e-01
9.753161519814903535e-01
9.634405641971809375e-01
9.835740793221483536e-01
9.743961100655115226e-01
9.410680836805273008e-01
9.843719698972559495e-01
9.713476731820473997e-01
9.541349188892580546e-01
9.764155980489069853e-01
9.537838720415870997e-01
9.900998563956442400e-01
9.666027871965330309e-01
9.803418527254038617e-01
9.874115674150948374e-01
9.835424514046068323e-01
9.837655991026202917e-01
9.580141638282076988e-01
9.777272023563553516e-01
9.786352755482913279e-01
9.830751537299199372e-01
9.973524054427549412e-01
9.423938795543813640e-01
9.879045723480012198e-01
9.937872226611706994e-01
9.474276564359948027e-01
9.785519016011327009e-01
9.569034112568139960e-01
9.875768699103184556e-01
9.837864677755423504e-01
9.885340719700265177e-01
9.926743703267418839e-01
9.727276582945872940e-01
9.809741709123237507e-01
9.824689112995330653e-01
9.912798535732524341e-01
9.746535169578502966e-01
9.869751241028720257e-01
9.713469792553666160e-01
9.713320027483366426e-01
9.743321050574952347e-01
9.941887967404519078e-01
9.656840960945026753e-01
9.858437537312003673e-01
9.839357013483668313e-01
9.802825690583820695e-01
9.640856583973635985e-01
9.717290168450394283e-01
9.899984097812781769e-01
9.869573322772591251e-01
9.708750704915337648e-01
9.749252313176194340e-01
9.873841806208419891e-01
9.899236257644202785e-01
9.697549799529954218e-01
9.884550932119885447e-01
9.836087153203876277e-01
9.834176324881609421e-01
9.731272900688534566e-01
9.679937226906208947e-01
9.797748756523845248e-01
9.820065241381912280e-01
9.828174496655240899e-01
9.876891525751796408e-01
9.772230780446344856e-01
9.851672349950744145e-01
9.882155230387187350e-01
9.778525592917777232e-01
9.816648282191992037e-01
9.517293195525491356e-01
9.807518317652635931e-01
9.536032283933471021e-01
9.763256825106473302e-01
9.819525412422960287e-01
9.796135355907549247e-01
9.751640754110880716e-01
9.676760290794220731e-01
9.741766344778726161e-01
9.983163019857221876e-01
9.954577559498518635e-01
9.874742290476525852e-01
9.793624204607886963e-01
9.693617497452966525e-01
9.732442523581548155e-01
9.449856810369097193e-01
9.740464492647454842e-01
9.836155121666694257e-01
9.818063078056571413e-01
9.763356589763321214e-01
9.759038605932931487e-01
9.822418382251921765e-01
9.884082161001985778e-01
9.865554754956690209e-01
9.574415166488523532e-01
9.676216069498271288e-01
9.870308669106744315e-01
9.812775561753885878e-01
9.752688289514993558e-01
9.528203632798640799e-01
9.571236193486235555e-01
9.988824139529086654e-01
9.843482832761132340e-01
9.879722587375363574e-01
9.353465147166800664e-01
1.005504404816688124e+00
9.750833220161564396e-01
9.884219483533999151e-01
9.883778253745185705e-01
9.873543915369882296e-01
9.876299189339589057e-01
9.509581275714907855e-01
9.772133609867209580e-01
9.888694921880786248e-01
9.877286349417008227e-01
9.569643759345389800e-01
9.816454853372266198e-01
9.710782409177003416e-01
9.988336024451254236e-01
9.718745709973730662e-01
9.774573492497783400e-01
9.843359036047408805e-01
9.522066141255552951e-01
9.769752530261401890e-01
9.820104349933848065e-01
9.815433116298089011e-01
9.876839516610496084e-01
9.712420051923281727e-01
9.942957452234377769e-01
9.933234878796677325e-01
9.757029743331493421e-01
9.609564742797332970e-01
9.919395472451639773e-01
9.895331981931725363e-01
9.994185893926925690e-01
9.762110800674445032e-01
9.942412572929056891e-01
9.738912201268725699e-01
9.867937089660719918e-01
9.820680956419839402e-01
9.784862784759260634e-01
9.833317267855424815e-01
9.564801548207524373e-01
9.735322008232784041e-01
9.808818327284520855e-01
9.729087809858587566e-01
9.760016254478866005e-01
9.801748819595532680e-01
9.895331750855782538e-01
9.667660926629658702e-01
9.918648048108537063e-01
9.868088210898053880e-01
9.270589356352858523e-01
9.798351864976869718e-01
9.754755206125909073e-01
9.788986858756096865e-01
9.862400665455203219e-01
9.681863842800934039e-01
9.541469757680616226e-01
9.872322058681770596e-01
9.797712602380246327e-01
9.817876804363416809e-01
9.768523124143639880e-01
9.876888234880664141e-01
9.681912823864102791e-01
9.685547418777381568e-01
9.492663843728459394e-01
9.927997791124433258e-01
9.761725775935411464e-01
9.826673960867529090e-01
9.699666835227900297e-01
9.791608456836577989e-01
9.781701750156297503e-01
9.819878090650259184e-01
9.931434869934758769e-01
9.882265050580971710e-01
9.895726892746242731e-01
9.866270103971374050e-01
9.942202958712383909e-01
9.632393145353388419e-01
9.950910021124553806e-01
9.926525463614834788e-01
9.943451525421852510e-01
9.652268115553002126e-01
9.794147888256248269e-01
9.823845898469225624e-01
9.838917643916931244e-01
9.788868348962920241e-01
9.880450395569919664e-01
9.873355685837740259e-01
9.940513622694268081e-01
9.813947383673256031e-01
9.674163822006082158e-01
9.854299626887604857e-01
9.885875614836276970e-01
9.841042945918209162e-01
9.624556697145998374e-01
9.631092538297053585e-01
9.862071731593663459e-01
9.837280100493028812e-01
9.888304995166149469e-01
9.920319747551862299e-01
9.824909496820833921e-01
9.768705288211672055e-01
9.792579210667765599e-01
9.724463425918195014e-01
9.802007089399713546e-01
9.736252933648983365e-01
9.726657803539946467e-01
9.635730515742226832e-01
9.681959562440729528e-01
9.761470962394634965e-01
9.866985489706098233e-01
9.795537733671859648e-01
9.878483781190513513e-01
9.382681458835858690e-01
9.894239185894809774e-01
9.858386973666413144e-01
9.840184970783959484e-01
9.942189489616453102e-01
1.009621920461251099e+00
9.818337295097411266e-01
9.575393013103030704e-01
9.764277370147740331e-01
9.811932181656012331e-01
9.313691039690067397e-01
9.667693457139004964e-01
9.870295370034878335e-01
9.703134196575236015e-01
9.778058119465961040e-01
9.742224078916162933e-01
9.973609711270113865e-01
9.798231094022152865e-01
9.598012402686997291e-01
9.972637579730967428e-01
9.938024928695023963e-01
9.852696942688610182e-01
9.841806356866512617e-01
9.726359840390045308e-01
9.842257792370173730e-01
9.684129404944419317e-01
9.643350338243672493e-01
9.836829184610752508e-01
9.815331669414127935e-01
9.971253420266348311e-01
9.987145803018168122e-01
9.738001369272821783e-01
9.853090060968816566e-01
9.839639071595650544e-01
9.910650136659179266e-01
9.896020787934465268e-01
9.902223954266213823e-01
9.949842189967604833e-01
9.673118626498297123e-01
9.835449644099450994e-01
9.863742495284999467e-01
9.807964589145476975e-01
9.893922924473976810e-01
9.725547251350180611e-01
9.818072543146452169e-01
9.819219103324021702e-01
1.004251251261815359e+00
9.975166719620356393e-01
9.847370352192154064e-01
9.787922573074498978e-01
9.943902459111245706e-01
9.798539458027657467e-01
9.417772632453352832e-01
9.881998938469136462e-01
9.956475606962175151e-01
9.666870565861293008e-01
9.764751684406374199e-01
9.876788932648951080e-01
9.799069560631328279e-01
9.854085321917017692e-01
9.528545490541320273e-01
9.711445597306975763e-01
9.851168820544872196e-01
9.538798787966871195e-01
9.870769426892512799e-01
9.611750603506715729e-01
9.831494235156875705e-01
9.896576694985397271e-01
9.903713388305824816e-01
9.838668305650373203e-01
9.654958629142165183e-01
9.956392432535097203e-01
9.789419528710329166e-01
9.670512541927742678e-01
9.806908784112488009e-01
9.910662785539292585e-01
9.835474397868476659e-01
9.891891577813839431e-01
9.658311088715306747e-01
9.909521843312165679e-01
9.610790623707574643e-01
9.651500803598329625e-01
9.943250417901160487e-01
9.944091224749744828e-01
9.614965337216184738e-01
9.808661421011348747e-01
9.479382069106109254e-01
9.537161640355419356e-01
9.820577181079090945e-01
9.831659797689931146e-01
9.746757712893223680e-01
9.609366709650558613e-01
9.715348496712101767e-01
9.950172198401949775e-01
9.782364005851265087e-01
9.885290729584094160e-01
9.686994343993649004e-01
9.867015279832780372e-01
9.882124720408207441e-01
9.781396535378142909e-01
9.388746764487692076e-01
9.870190989787470670e-01
9.807615725332998746e-01
9.801086937562125678e-01
9.640133387028069212e-01
9.889714974157870486e-01
9.513443150834468565e-01
9.695963870057838774e-01
9.628438033080671810e-01
9.656715850798192058e-01
9.941588601441777584e-01
9.741834320790923041e-01
9.828027022800305268e-01
9.848600680744302727e-01
9.751221563046705842e-01
9.881945277210713030e-01
9.762147298697048114e-01
9.943824656170106024e-01
9.749203975593871974e-01
9.753259675326708678e-01
9.352636859569042338e-01
9.890568268538820762e-01
9.932358288534287594e-01
9.814028642665889590e-01
9.821289584764403280e-01
9.373087679826732632e-01
9.599421449950756857e-01
9.680595708030476088e-01
9.674145289687269278e-01
9.730072344652781480e-01
9.779468739186831794e-01
9.842224097678965444e-01
9.804632083758677563e-01
9.958848745898174482e-01
9.872953473873808949e-01
9.198711022756134170e-01
9.784694718163177152e-01
9.737732619198156137e-01
9.735557945166402050e-01
9.730971296098080980e-01
9.830507213885747442e-01
9.759023285133932024e-01
9.910865871899302570e-01
9.928249962155040187e-01
9.729301592961715484e-01
9.862572516941888745e-01
9.706588727508457248e-01
9.810246759478022938e-01
9.667253557143911102e-01
9.873166301334018735e-01
9.740370500727145719e-01
9.809575468927503872e-01
9.719979088008073864e-01
9.797596272668439576e-01
9.756175322796635241e-01
9.898917322637834637e-01
9.797974230305825927e-01
9.657523743065274946e-01
9.718468223338626588e-01
9.738098014208550479e-01
9.455131679865949046e-01
9.892914871153980494e-01
9.714068788576465385e-01
9.859244840535122956e-01
9.644929170105752680e-01
9.942618322488908644e-01
9.910933918726809733e-01
9.782857538767067984e-01
9.775004329925909285e-01
9.881424225944280826e-01
9.740323019192650422e-01
9.878776394431963981e-01
9.586722765377748701e-01
9.841790419563982706e-01
9.707741676267690467e-01
9.891273976769510146e-01
9.558270402822396372e-01
9.847247619413208586e-01
9.825262725863402880e-01
9.838540312065432447e-01
9.759646888447484070e-01
9.821381338841244091e-01
9.825734969567390120e-01
9.629737535768169154e-01
9.882555914854007639e-01
9.708581104196996048e-01
9.797074684475112205e-01
9.848740105243366516e-01
9.935009025836244456e-01
9.646418057635584020e-01
9.913928262941759106e-01
9.541988029543110317e-01
9.937141017427469913e-01
9.894685130517083538e-01
9.766605207027730939e-01
9.836540758987153410e-01
9.781601121100739205e-01
9.893243371760791494e-01
9.945195081696590611e-01
9.555173341048245339e-01
9.804222792138641562e-01
9.836815033565826649e-01
9.631120390190092140e-01
9.917392626224329488e-01
9.931337739093706318e-01
9.547741971549114082e-01
9.840053938124695421e-01
9.716960055008566632e-01
9.826918448803928507e-01
9.776665628019008958e-01
9.887460094070863459e-01
9.847452914030232485e-01
9.599192478275274665e-01
9.840246274306440055e-01
9.836187405339111844e-01
9.885632680550414664e-01
9.908329359022377547e-01
9.809941228568607174e-01
9.835899955999054534e-01
1.002462796842971793e+00
9.621507687352345295e-01
9.825768769422150717e-01
9.469639535662890406e-01
9.720558159167377310e-01
9.841138459000692285e-01
9.882397342255120343e-01
9.777520623746749351e-01
9.795920122304604405e-01
9.941056748951475619e-01
9.899081677722462169e-01
9.846780351124850839e-01
9.825817516139833119e-01
9.952555799864123420e-01
9.840352084219863293e-01
9.892221787866867233e-01
9.896632025264361365e-01
9.928455082454469283e-01
9.848831082578678453e-01
9.346510212535874551e-01
9.859513428559395498e-01
9.816040183716773226e-01
9.710406444048798047e-01
9.797937648991595916e-01
9.796321599607099584e-01
9.923747212587674671e-01
9.824038238197371209e-01
9.787378364365502126e-01
9.875098532682728969e-01
9.530701778818992942e-01
9.447450332966490505e-01
9.663098013548253595e-01
9.912902918493547988e-01
9.705380971059841544e-01
9.944209531567110849e-01
9.723526198449474744e-01
9.852517348455036572e-01
9.743850826923873276e-01
9.868548353391008998e-01
9.612818029528142905e-01
9.679281054527644201e-01
9.907660063159222652e-01
9.811783585744254799e-01
9.858919016837821570e-01
9.814999638343253618e-01
9.872576262595984531e-01
9.830112561709487551e-01
9.951356704868361547e-01
9.465707933750449055e-01
9.910770459130634480e-01
9.612913445741866347e-01
9.964862362570444665e-01
9.836374906912737082e-01
9.731404087635822098e-01
9.806767030979365307e-01
9.912544468674512332e-01
9.748334507788997128e-01
9.856302595915235054e-01
1.006616954643622774e+00
9.879528205558361087e-01
9.871665157916957867e-01
9.829497627355944234e-01
9.883587652787597655e-01
9.690462728172670737e-01
9.834331542694091377e-01
9.706948817494139847e-01
9.902459771504643626e-01
9.927873152204893525e-01
9.893728094043103827e-01
1.003316512617573597e+00
9.867158745608718418e-01
9.922019236008067233e-01
9.631785722589927268e-01
9.778574769413327372e-01
9.772066767726242942e-01
9.952018025389340883e-01
9.780895219508241034e-01
9.570353405613539755e-01
9.838534129708002007e-01
9.703911549494107502e-01
1.012506413378246872e+00
9.891234975185720923e-01
9.658515556055149442e-01
9.834393075460766687e-01
9.919690919212089675e-01
9.883719673744163492e-01
9.775298382078514425e-01
9.690645424882461390e-01
9.906408673330261427e-01
9.590573950153836735e-01
9.805656216670001202e-01
9.864221597067269753e-01
9.869194524707066707e-01
9.933625284958681467e-01
9.984222654349051984e-01
9.909206899505694777e-01
9.835558353522571018e-01
9.480705799052706606e-01
9.866425890789927156e-01
9.873329181198748916e-01
9.825800675440797827e-01
9.588741272637131274e-01
9.313543470816185721e-01
9.580271732571661314e-01
9.787256959673912293e-01
9.817905336082318746e-01
9.907963403833225380e-01
9.792645289811688913e-01
9.867216073504884166e-01
9.825938258544681947e-01
9.811823217010898768e-01
9.707442487647309770e-01
9.620801287875300201e-01
9.896140100197915457e-01
9.866570258106958091e-01
9.876610631581680400e-01
9.760087215470306665e-01
9.862375128427665061e-01
9.777390105544134791e-01
9.841950516037086816e-01
9.768892386859350241e-01
9.610952526522669181e-01
9.751128353461727682e-01
9.733100038965339929e-01
9.608301324367187757e-01
9.828955536106921409e-01
9.656481145669770783e-01
9.643360689907700678e-01
9.732182525812950180e-01
9.926404982501697560e-01
9.868158740059818079e-01
9.826445970046824296e-01
9.963037312349903862e-01
9.741392634321114352e-01
9.865126016760666916e-01
9.761670121021052138e-01
9.871779631545389844e-01
9.908787421359405156e-01
9.761319182094116975e-01
9.731949017484106124e-01
9.941982544856117210e-01
9.807901035330092165e-01
9.916190173141775643e-01
9.853994824382783513e-01
9.767017289947552694e-01
9.931795307628852321e-01
9.640292117792601534e-01
9.869344380391815719e-01
9.682671306739536465e-01
9.616201803071138254e-01
9.769036327852768098e-01
9.783998146585074496e-01
9.763978592062485529e-01
9.830708273839319222e-01
9.781723494927044849e-01
9.875929541035287640e-01
9.692069168972925475e-01
9.806793978974777115e-01
9.801337186578878979e-01
9.803959815199926320e-01
9.821376612521197647e-01
9.726648824558274953e-01
9.600118236461314680e-01
9.338311528941339867e-01
9.739308934407129303e-01
9.787031224511280048e-01
9.891043601259494888e-01
9.821666379653577472e-01
9.920099749073911788e-01
9.816100677723486045e-01
9.792139147070959559e-01
9.873560039478095351e-01
9.894134798503195771e-01
9.834952336595355060e-01
9.823068710042535123e-01
9.511447331906845992e-01
9.768098364682914481e-01
9.872804231467788849e-01
9.887733941085324885e-01
9.908095818986794034e-01
9.307115870583778650e-01
9.374196097136257011e-01
9.709830081271294544e-01
9.896787666735382683e-01
9.859162342986487193e-01
9.740890415029633820e-01
9.841955080387438937e-01
9.816276683707479966e-01
9.812373228494118971e-01
9.728655721757742958e-01
9.905725657471047274e-01
9.954199586598988514e-01
9.932796013039399963e-01
9.917314220696369365e-01
9.860826187913251939e-01
9.926866845362807279e-01
9.795425948016811546e-01
9.856942143472384732e-01
9.793597719370945587e-01
9.818764137751360144e-01
9.858811793947472868e-01
9.870805948301211163e-01
9.876921030210084052e-01
9.839417973415238716e-01
9.550373006677465026e-01
9.901350061508450429e-01
9.820298888134869619e-01
9.899815567897873869e-01
9.592094984220745912e-01
9.763290818664944748e-01
9.844432057433398775e-01
9.903911580948910887e-01
9.958354907105242404e-01
9.908328468973565117e-01
9.873204467690559483e-01
9.775989005802758758e-01
9.721550990297163075e-01
9.244906840808378989e-01
9.858734698715244660e-01
9.259609516609745850e-01
9.826870597355470416e-01
9.860516938571871615e-01
9.665162628017603952e-01
9.712302922915546644e-01
9.756740278797410015e-01
9.795817189716126139e-01
9.930868846513822845e-01
9.866936142856858050e-01
9.798987043751299364e-01
9.871631297413929751e-01
9.371896894777512754e-01
9.685974978559720450e-01
9.714352640983804354e-01
9.808028547259359797e-01
9.489355341295796498e-01
9.807906367051590912e-01
9.593469162949144202e-01
9.870666161726228127e-01
9.252300407260123372e-01
9.770450596176931679e-01
9.880414631032393702e-01
9.742386472744530845e-01
9.693704287998354818e-01
9.932626915347216867e-01
9.810115397674873394e-01
9.756686507252056995e-01
9.335575872788235419e-01
9.689819454227746043e-01
9.807062584840386954e-01
9.515255946474517890e-01
9.943622428885398046e-01
9.760967591470063320e-01
9.749369568372988626e-01
9.862393824412800658e-01
9.436992342621645102e-01
9.815772163937045436e-01
9.637065460068332534e-01
9.831017288735846016e-01
9.780444094367215513e-01
9.554411195696935755e-01
9.968885059614803756e-01
9.757410378597480838e-01
9.736938518397203479e-01
9.795691324268179789e-01
9.911551666776537983e-01
9.873114933095953338e-01
9.564550968174732049e-01
9.676370723993522605e-01
9.542963148019840691e-01
9.952436967371213195e-01
9.944632418578021049e-01
9.877559793989809656e-01
9.925944742360206519e-01
9.826138607206368336e-01
9.748669601231432225e-01
9.870589913384778535e-01
9.605414782482674108e-01
9.775293963867237590e-01
9.747931582699507214e-01
9.700847310462056283e-01
9.767588918970163681e-01
9.862622977714616823e-01
9.813406173235434959e-01
9.760380918833804209e-01
9.808396574587732175e-01
9.812642475752291205e-01
9.916519740020597329e-01
9.740552489566819405e-01
9.749314593108235893e-01
1.000932902812982306e+00
9.861973685508522713e-01
9.839332431512828325e-01
9.728926698962271358e-01
9.878100473521339575e-01
1.000676768916038739e+00
9.798229374967795113e-01
9.679995106346058753e-01
9.478936896898072506e-01
9.826939661654672253e-01
9.819922276088178803e-01
9.762154791926358488e-01
9.984148365237125455e-01
9.721115212367864578e-01
9.824010120146705605e-01
9.933325706171806102e-01
9.897766506784283491e-01
9.881162363978378549e-01
9.768023907346022883e-01
9.771026110132322584e-01
9.757580213472395458e-01
9.756096167307900524e-01
9.723964993976041971e-01
9.723590333927643048e-01
9.880563062236410454e-01
9.733969725551501195e-01
9.682135511389944327e-01
9.844301422512623523e-01
9.800789531182609871e-01
9.828234613293057587e-01
9.781876244550012922e-01
9.481459596401512480e-01
9.956379014370727587e-01
9.531638630862117045e-01
9.891908248761448474e-01
9.890911930946830743e-01
9.731098813166236816e-01
9.651279911003264322e-01
9.938736513041304121e-01
9.810440848791930346e-01
9.417660212803470321e-01
9.894604362587295920e-01
9.837097595995252242e-01
9.795534005709738423e-01
9.817277949524649827e-01
9.766009738631284964e-01
9.565820295383847816e-01
9.818474466261837286e-01
9.596226054597692956e-01
9.621396487969607891e-01
1.010802441521130524e+00
9.797998806073124900e-01
9.747736798336378294e-01
9.908997231439327091e-01
9.912717708112549486e-01
9.859467924561663432e-01
9.789645316262961527e-01
9.954711917779898167e-01
9.792563187150880033e-01
9.798989008178081717e-01
9.934087535159720206e-01
9.896244655949720803e-01
9.877126155754466508e-01
9.790611650514307041e-01
9.834061199965531408e-01
9.843815297303240008e-01
9.679531786196524656e-01
9.482329685618130499e-01
9.607809306369894387e-01
9.818102135956818799e-01
9.832916753776282937e-01
9.642133484222945583e-01
9.947356008704542063e-01
9.836405445010050208e-01
9.872716468303111004e-01
9.913786093075082073e-01
9.766253610076667258e-01
9.902021752944020205e-01
9.966236473265898121e-01
9.930237415947466006e-01
9.926440278244093030e-01
9.836967670638527839e-01
9.816993023868141321e-01
9.707366371364841706e-01
9.903336466920458214e-01
9.556422440344423119e-01
9.888116361461193327e-01
9.930890567671877278e-01
9.848498311981334075e-01
9.822654819745801902e-01
9.822806222727599179e-01
9.744553626491415654e-01
9.853691794132719561e-01
9.830230417227168171e-01
9.941218030209252321e-01
9.875860862891683301e-01
9.801971020615513064e-01
9.819860225539286391e-01
9.769834033630568904e-01
9.474917257911122936e-01
9.828212795775571609e-01
9.921291326365960783e-01
9.919010922440817390e-01
9.964490534759675722e-01
9.644812543383627368e-01
9.871542951144993694e-01
1.001486794438025241e+00
9.921258448540918318e-01
9.838912296495232468e-01
9.788674333727085397e-01
9.766465883594157571e-01
9.775680595104918602e-01
9.655726367536836552e-01
9.749012205058050773e-01
9.762421011229390766e-01
9.748543613415130427e-01
9.688752237750662966e-01
9.780679375805768627e-01
9.840802262180252669e-01
9.723934836412827520e-01
1.005769791954253201e+00
9.898840755203504038e-01
9.873630860804067932e-01
9.901624399116676356e-01
9.740916486103154970e-01
9.353704623680050290e-01
9.688404208212565427e-01
9.882639123239088663e-01
9.713399674570732945e-01
9.906776311621642295e-01
9.872360108609699036e-01
9.802169135018241608e-01
9.883962231453008451e-01
9.949145478816230348e-01
9.628591559196040262e-01
9.741085229421226899e-01
9.754835206996993469e-01
9.738598388847532483e-01
9.617653216627264356e-01
9.685304694992572516e-01
9.908955162576075226e-01
9.671585251910040926e-01
9.622835051595755029e-01
9.866934280410645242e-01
9.610344588370417496e-01
9.778696208189965322e-01
9.874083696243473041e-01
9.658602310983128714e-01
9.609857857079703303e-01
9.376284052149644888e-01
9.856784226337352850e-01
9.818853225734243129e-01
9.718787308217311516e-01
9.806287396222778119e-01
9.634817047127728351e-01
9.694422421780057864e-01
9.890061475188663964e-01
9.908908547451620308e-01
9.798162543327292306e-01
9.888658450674542300e-01
9.775450274519378313e-01
1.003237748388963180e+00
9.773648285899924071e-01
9.636822379608001032e-01
9.953752786011430542e-01
9.416258894392459666e-01
9.706510708138573751e-01
9.816017766226061703e-01
9.873514666110863036e-01
9.841227079856039728e-01
9.866019457213394128e-01
9.886973565967462907e-01
9.673048272632738254e-01
9.701151907482701287e-01
9.843309037203983314e-01
9.748382796778657378e-01
9.804119905117175682e-01
9.923904766771551866e-01
9.897431055386824994e-01
9.585904077157850756e-01
9.765304691287857164e-01
9.911184788368386789e-01
9.804714477017411056e-01
9.912598884571903746e-01
9.744629875346269010e-01
9.741968364711771633e-01
9.607533090517393903e-01
9.688679802158680632e-01
9.695401256344732266e-01
9.720731719086730394e-01
9.915505187467036352e-01
9.946144233587849159e-01
9.732244072289720771e-01
9.814983890564730196e-01
9.767753919612374158e-01
9.894895085538362167e-01
9.875598061137058625e-01
9.647880028065264346e-01
9.584607269496450144e-01
9.796430846088527433e-01
9.634595413463918900e-01
9.613614249762033603e-01
1.001181829078413132e+00
9.888718938286656934e-01
9.710478196588774313e-01
9.898938024182182271e-01
9.688895421285150800e-01
9.868074336376388977e-01
1.005534921207892340e+00
9.830707990486906578e-01
9.914246597970658437e-01
9.902400106287470027e-01
9.836220189765837452e-01
9.946959176739968989e-01
9.827047990901214281e-01
9.959402777082346780e-01
9.632686181940867121e-01
9.739375092529614086e-01
9.835191199787851613e-01
9.662309353902885922e-01
9.790746152813073477e-01
9.675141676728622464e-01
9.908833358112935086e-01
9.646491873853860755e-01
9.857233319069426125e-01
9.798145163322223850e-01
9.763500377932456953e-01
9.886710777624797553e-01
9.815522161242876686e-01
9.603994432358978761e-01
9.725889615089987617e-01
9.868654669118432921e-01
9.821926072775108985e-01
9.680797928816019526e-01
9.711464671089328204e-01
9.870243347451940208e-01
9.589042404761738414e-01
9.809073022989103219e-01
9.875934819690476152e-01
9.515033422216250258e-01
9.709100621447873669e-01
9.930653516340995912e-01
1.001638588161652965e+00
9.897935657722330971e-01
9.881804464892983697e-01
9.845442185730258755e-01
9.619493591614497463e-01
9.901087757811342094e-01
9.724984108321674814e-01
9.834236687331456839e-01
9.834421685278409431e-01
9.944679882667178950e-01
9.802043022605021472e-01
9.739800414355513913e-01
9.730931865063625619e-01
9.798091658962769790e-01
9.841964030651478845e-01
9.840410561732959582e-01
9.946905881245288183e-01
9.805060771880725889e-01
9.720601566759181633e-01
9.617702576371413015e-01
9.977117863734311642e-01
9.745902669236505833e-01
9.837238047784219175e-01
9.943171096309346702e-01
9.901830720980102640e-01
9.596826266850118081e-01
9.853744306768670302e-01
9.978254576416849542e-01
9.957769800620055456e-01
9.852022418064056986e-01
9.707813607722846072e-01
9.702983599521559643e-01
9.890569098210003629e-01
9.422574103421947900e-01
9.832637434019805278e-01
9.860286244466422989e-01
9.798081030155442184e-01
9.690723451590618209e-01
9.619335377563597023e-01
9.773748200974564648e-01
9.610225873348515746e-01
9.837229624535487327e-01
9.817248625489632952e-01
9.911463719286283114e-01
9.873086568513719241e-01
9.797368771848438129e-01
9.589638512746380128e-01
9.664429995947410035e-01
9.738616263263862871e-01
9.948741448753397609e-01
9.919745580328519496e-01
9.776412375157724766e-01
9.777072432875392183e-01
9.797496716955064189e-01
9.766399838545013479e-01
9.931070425535137858e-01
9.648497517971551529e-01
9.865459017057108815e-01
9.676738383912721897e-01
9.774640692430343059e-01
9.896058039940218709e-01
9.816116553995298810e-01
9.757324626000670742e-01
9.937540172040870701e-01
9.840803250286083159e-01
9.842634034422206302e-01
9.715550368633204537e-01
9.888869247753172553e-01
9.696636430967047193e-01
9.799477448036999494e-01
9.737969524646316044e-01
9.877027418643896661e-01
9.838114661264508731e-01
9.853306151921836786e-01
9.687965149134573073e-01
9.779244665733310971e-01
9.610308914727492269e-01
9.754915629629924423e-01
9.770783230276944842e-01
9.859423598131394906e-01
9.525832844696685564e-01
9.685255481090745411e-01
9.746243749217184948e-01
1.001079378405106191e+00
9.902725780778596221e-01
9.801413269335018663e-01
1.002649715144954934e+00
9.760743064902204225e-01
9.766519192914154823e-01
9.878777118492819698e-01
9.946229521246277017e-01
9.783623623273127734e-01
9.809121482995089014e-01
9.664058794209982040e-01
9.952148533260621877e-01
9.893626746780730397e-01
9.774619858290722885e-01
9.924742084521883667e-01
9.778421896345851350e-01
9.877966486564397908e-01
9.803058439501478594e-01
9.899117036325397745e-01
9.927584234002783115e-01
9.906237736409577721e-01
9.873130241517341643e-01
9.819259191144225074e-01
9.620289571328540790e-01
9.312807484027374461e-01
9.897055733393865795e-01
9.883728454372663341e-01
9.783276454085433338e-01
9.803272440890419270e-01
9.790370581814626938e-01
9.669007099437476604e-01
9.756455973310702579e-01
9.608182346702887067e-01
9.960452360933567117e-01
9.871254763717077774e-01
9.780421890937623930e-01
9.705048323382264863e-01
9.885550826949046632e-01
9.915669102857092021e-01
9.570700884618500437e-01
9.607004821844554732e-01
9.940532717805632412e-01
9.978897952217591349e-01
9.584172863458295666e-01
9.846422341888245722e-01
9.843643762332970892e-01
9.728061027065005861e-01
9.427715179741096296e-01
9.906386396268612726e-01
9.868950759888677204e-01
9.808971352048336811e-01
9.853244422190056140e-01
9.786081137754166770e-01
9.803044115196997144e-01
9.942247962907100334e-01
9.836745576472559760e-01
1.008041977663266309e+00
9.771207301608150209e-01
9.819365149984624619e-01
9.842632978882540629e-01
9.793076576590111770e-01
9.892396390878717138e-01
9.979605166214382539e-01
9.829889708440788798e-01
9.554186596201936776e-01
9.806196631777730488e-01
9.638462087252093191e-01
9.870666052762901987e-01
9.692911782667902321e-01
9.760334737050095910e-01
9.856069718072717478e-01
9.798468817627135063e-01
9.670196496051838286e-01
9.734593781325646678e-01
9.903004920966471669e-01
9.957192909802287106e-01
9.786188853494078854e-01
9.702180003358725768e-01
9.691702242924696842e-01
9.756187813684814580e-01
9.770167921200235694e-01
1.014237656854915848e+00
9.601800678023986180e-01
9.698360741523279760e-01
9.908730417560481785e-01
9.986807489402342863e-01
9.909498429931730135e-01
9.909503479242518509e-01
9.752647213949191540e-01
9.789446709935823998e-01
9.725062430302239269e-01
9.855309600510491208e-01
9.604317807899699355e-01
9.781143840947963408e-01
9.856975629967108521e-01
9.904293668667641937e-01
9.725083648419325932e-01
9.841481493434751648e-01
9.803287133732742076e-01
9.755573047223290439e-01
9.916620829135298631e-01
9.651618732636763065e-01
9.785995685245444387e-01
9.741808855660608613e-01
9.729384190618367567e-01
9.619909046616698101e-01
9.811484688220472039e-01
9.859499554422261891e-01
9.887997660183778237e-01
9.757776678162571882e-01
9.943943248259705658e-01
9.752094869124640075e-01
9.934522430070579224e-01
9.529372662474002720e-01
9.759755736584353469e-01
9.755099406321244837e-01
9.871319149385463509e-01
9.564023402990873279e-01
9.762700334416348769e-01
9.827518370667228664e-01
9.716694684050367625e-01
9.899805914906210091e-01
9.743909917348079208e-01
9.590196504589862947e-01
9.643023744178368384e-01
9.518788426310867967e-01
9.796085228897674080e-01
9.880040618680426823e-01
9.628792023287021662e-01
1.002243649875435905e+00
9.647464192591106436e-01
9.808182609504833005e-01
9.705604945825684338e-01
9.791352295513394699e-01
9.902419342310858630e-01
9.737257490454624964e-01
9.835480999460523011e-01
9.738753183932664648e-01
9.595429104064431280e-01
9.836545087686766609e-01
9.573195156460519994e-01
9.740685978331311556e-01
9.854761208750271173e-01
9.869175287369856830e-01
9.662433611799937649e-01
9.870601988951566153e-01
9.739402528165289619e-01
9.693702768855356755e-01
9.941743277725256789e-01
9.868764348316362289e-01
9.822539990975678315e-01
9.802887177945156516e-01
9.892444644593069158e-01
9.844396101451047265e-01
9.743622231436774861e-01
9.961214474475990066e-01
9.810534857255717167e-01
9.799116343589786560e-01
9.928533765169803571e-01
9.657765804070373994e-01
9.889317251154872146e-01
9.726887908820535111e-01
9.699840555015599719e-01
9.934435886447052777e-01
9.781072168628210939e-01
9.361741610221470111e-01
9.848882859408725210e-01
9.764663534807553891e-01
9.878350608529525845e-01
9.904309972819840269e-01
9.661575365479628807e-01
9.799158339461521150e-01
9.652566527141713815e-01
9.794904335387953909e-01
9.864807434788818163e-01
9.935218930768831003e-01
9.739591625605160674e-01
9.839434551010897145e-01
9.898136005514557301e-01
9.723708778752399029e-01
9.785122693229828528e-01
9.896804122564490935e-01
9.813645276979361398e-01
9.856190207451662744e-01
9.856604153376155031e-01
9.854910713234110720e-01
9.690185255838819067e-01
9.892205646730762858e-01
9.912592897180222407e-01
9.748989465023691903e-01
9.857984090387070797e-01
9.635500719297416250e-01
9.443771036288040044e-01
9.782512937346614645e-01
9.956582698323411806e-01
9.914031107810140631e-01
9.868786769367923206e-01
9.685355505876568349e-01
9.726967945273191640e-01
9.873813506538513529e-01
9.681018229471092251e-01
9.762263074217379932e-01
9.867912857860499098e-01
9.653048551487426465e-01
9.822542126627122894e-01
9.643278037267170033e-01
9.855683848541219039e-01
9.847339107281651849e-01
9.867096492747821079e-01
9.759527034200310425e-01
9.886847633563440318e-01
9.784740506997576803e-01
1.001562058863401772e+00
9.859358783294609463e-01
9.795844401985694949e-01
9.865249455684931279e-01
9.451739213236096671e-01
9.848630808941253312e-01
9.701372019887891662e-01
9.886040749252537063e-01
9.752264060575519533e-01
9.888364265425646504e-01
9.738089992715583953e-01
9.741699938840020501e-01
9.754055292207806094e-01
9.809689129428995624e-01
9.857600691399804882e-01
9.636358610965420901e-01
9.612841166734807929e-01
9.743676993164889222e-01
9.727820708453454035e-01
9.904990691525568103e-01
9.872435483345830542e-01
9.838861997595257369e-01
9.606649911914901807e-01
1.000670642461412241e+00
9.846191065032894318e-01
9.874322732998086494e-01
9.831830522297633213e-01
9.664418840585966564e-01
9.969419390122709057e-01
9.617308761958488494e-01
9.821301471994636767e-01
9.753972214570572064e-01
9.721501558079547189e-01
9.945501897503992161e-01
9.630447730157580821e-01
9.850658758295719464e-01
9.860872931895655613e-01
9.831435901161699187e-01
9.537260165577428062e-01
9.841549321526918970e-01
9.860077535376845503e-01
9.912737988190319927e-01
9.793972338346504936e-01
9.872273231859466369e-01
9.474574436000899880e-01
9.631320422411538962e-01
9.835261252803415566e-01
9.940866191994799372e-01
9.875200851776104738e-01
9.857129004265732242e-01
9.866201479797096496e-01
9.730141724449477003e-01
9.858027133572969669e-01
9.660556874934917992e-01
9.545885839457063371e-01
9.931070143305934517e-01
9.832172464307606941e-01
9.823173357773398173e-01
9.911452353322538489e-01
9.675945051792606000e-01
9.722883148041603363e-01
9.861428142632641114e-01
9.913965057777943679e-01
9.822996977848058586e-01
9.880456344944885672e-01
9.748660651053746573e-01
9.767931434880187114e-01
9.753034887386080598e-01
9.665843081279985594e-01
9.739711191423637837e-01
9.488628343604078585e-01
9.914558902727260703e-01
9.905308303652210489e-01
9.860442903027617501e-01
9.923820820905167039e-01
9.780015101772805419e-01
9.902750794015323654e-01
9.817038096417629589e-01
9.897457826796366431e-01
9.795416985973575130e-01
9.827480481363992659e-01
9.922333249883357187e-01
9.802419578062936401e-01
9.977097722718236694e-01
9.890336728226492014e-01
9.894912410370351186e-01
9.653885411771347957e-01
9.633760511046204345e-01
9.366811131256574940e-01
9.988239417039413981e-01
9.736039461492954628e-01
9.930099921644993666e-01
9.899590672924828416e-01
9.773015432844168737e-01
9.826797024468761910e-01
9.881324756095538620e-01
9.914155742564646490e-01
9.823991139447865173e-01
9.887401044193339095e-01
9.768648022653547702e-01
9.800490442339916397e-01
9.801568606560645547e-01
9.800444378811585810e-01
9.897639464749519167e-01
9.797891023352122142e-01
9.967120635062193257e-01
9.809425043498604113e-01
9.667985893716565249e-01
9.936365412293142185e-01
9.875907268953342255e-01
9.503453470319089824e-01
9.691086922222141853e-01
9.735558567611857228e-01
9.748743092677421007e-01
9.841269012641287173e-01
9.625396836958501900e-01
9.679549974754498853e-01
9.716419367014087483e-01
9.832111355950704512e-01
9.737038885083978412e-01
1.014321976812333048e+00
9.661988054698039674e-01
9.810196973948863697e-01
9.871157656763883681e-01
9.608812714170997804e-01
9.411952593162381531e-01
9.909574347635642377e-01
9.784186407632774474e-01
9.902848291189091379e-01
9.824974536365068678e-01
9.684448045234881342e-01
9.770396063621514804e-01
9.919197191244814027e-01
9.854312666380211638e-01
9.874479150356264556e-01
9.835370257694066032e-01
9.710864897935863604e-01
9.624021110012334068e-01
9.852535268310547156e-01
9.657421551481811806e-01
9.888996713747878475e-01
9.909878573929231660e-01
9.834023829722972065e-01
9.764698530220019546e-01
9.623953240965469336e-01
9.763840040176240409e-01
9.767576474251142837e-01
9.834821553517127946e-01
9.921694257720069521e-01
9.397964169191379558e-01
9.679372283768311602e-01
9.775612671230747841e-01
9.747387428212185290e-01
9.882210254084718981e-01
9.777336218487078234e-01
9.816239442195286991e-01
9.829564429402887216e-01
9.697231648968166473e-01
9.879535847863332165e-01
9.603901021460433673e-01
9.881134374879416704e-01
9.821218302384266963e-01
9.927569945229438586e-01
9.929469615324886256e-01
9.931886644212070125e-01
9.811350712437523214e-01
9.818020582944706476e-01
9.900327033602893678e-01
1.003380539827751772e+00
9.813423098057203475e-01
9.700353371351942977e-01
9.845253126201214400e-01
9.756501494304904432e-01
9.634200102159088397e-01
9.793756471439121203e-01
9.682093808018383818e-01
9.843044564500939009e-01
9.868357160752871948e-01
9.910549061057667419e-01
9.882324033932600171e-01
9.701556615942297235e-01
9.761526468303657333e-01
9.665283657110569360e-01
9.893935254322574480e-01
9.784391585080498555e-01
9.948896251436580851e-01
9.955946187437088035e-01
9.976218892123175364e-01
9.817706509344545918e-01
9.820893179960457076e-01
9.869810966204173308e-01
9.633666899245149073e-01
9.798368264819452556e-01
9.601045085467668772e-01
9.755962025807595195e-01
9.840589950490800097e-01
9.817834237484884818e-01
9.607922084303648358e-01
9.766470402358827796e-01
9.573947354879003280e-01
9.860989253402031585e-01
9.709933361260076889e-01
9.942387903024699769e-01
9.796588516146516046e-01
9.862957381265788914e-01
9.895600394100022568e-01
9.823269255614383022e-01
9.730228307115045272e-01
9.633274324071899875e-01
9.740880530672515469e-01
9.927445691647447390e-01
9.850056157131374945e-01
9.901632901636104878e-01
1.005602234062006994e+00
9.744926020341854178e-01
9.794484659882172206e-01
9.996980876421855955e-01
9.883008949207962024e-01
9.876454506776654041e-01
9.733080475970088408e-01
9.764413679712372618e-01
9.646514710190527975e-01
9.680293389784978553e-01
9.834322309374778914e-01
9.882769409713196840e-01
9.890481418785549428e-01
9.711031669674581313e-01
9.630124062798466333e-01
9.714151969670066222e-01
9.805954094366328144e-01
9.625316649035283723e-01
9.929280650772730477e-01
9.795312323942619859e-01
9.666109014783061948e-01
9.751231537337385902e-01
9.813220776346257557e-01
9.667446167014949188e-01
9.777295893708448649e-01
9.930757528634667208e-01
9.275528974677020866e-01
9.829559146152553328e-01
9.856614669156132935e-01
9.808274423504282913e-01
9.896186629656862355e-01
9.687757642596575014e-01
9.736322126370510199e-01
9.888659354031528181e-01
9.940790903052034722e-01
9.877483329442540150e-01
9.745125165797310363e-01
9.875983396625839239e-01
9.876883269948690813e-01
9.639390277577795096e-01
9.875942383403907288e-01
9.837354259822954639e-01
9.815952734963070414e-01
9.932104742306551159e-01
9.709113107008153776e-01
9.778386614641981778e-01
9.834552975696739807e-01
9.572079728837876722e-01
9.696562030495943230e-01
9.801353488872410757e-01
9.897078055975858657e-01
9.856161166632367854e-01
9.516067648871738838e-01
9.859863181611284721e-01
9.544703682750698137e-01
9.634082217470221199e-01
9.790503756310974248e-01
9.842611761638577761e-01
9.882420208776949710e-01
9.886902820479858134e-01
9.987942470139068440e-01
9.662402365995652609e-01
9.915905575199319699e-01
9.938798637319340434e-01
9.886988561085413574e-01
9.671948753086732076e-01
9.844731040551771839e-01
9.660519784845096325e-01
9.979268804479634047e-01
9.878264541792854958e-01
9.661956878834769835e-01
9.912482009596863541e-01
9.840999385136737221e-01
9.811850615255900410e-01
9.889692017597256912e-01
9.952234209110240037e-01
9.691633094302967155e-01
9.831144966446309086e-01
9.756179637204211996e-01
9.862604790279868583e-01
9.529474003967410844e-01
9.843753021537496872e-01
9.909964221534702800e-01
9.920748530727457881e-01
9.772076403797357314e-01
9.900668039831421741e-01
9.812642410026912732e-01
9.791054443536255647e-01
9.712808504808709831e-01
9.828626952324855948e-01
9.794846864785307083e-01
9.719109677182260487e-01
9.626348475615155165e-01
9.936770114293497214e-01
9.832680580963663042e-01
9.801641397624339946e-01
9.728102499200224074e-01
9.782880851409787581e-01
9.650132959112084352e-01
9.905325624273280116e-01
9.674432313444685239e-01
9.758376496412823897e-01
9.653838078190933869e-01
9.807191701257156335e-01
9.732426570568382118e-01
9.382265903528820283e-01
9.876732066098095064e-01
9.762247461763351453e-01
9.869829607586476650e-01
9.797402180529196647e-01
9.957808979604537702e-01
9.963240459672654259e-01
9.881518033059903949e-01
9.876492244647595564e-01
9.858234170360080650e-01
9.708435152229603071e-01
9.740566915422926852e-01
9.837708392797613888e-01
9.731036736602731718e-01
9.640136023529354281e-01
9.865720874666050744e-01
9.820537990424633712e-01
9.735429626561759031e-01
9.797726422747582431e-01
9.964552661465165828e-01
9.804412699862534719e-01
9.791040444147800503e-01
1.005536058939290101e+00
9.869344563518617219e-01
9.928500459736554484e-01
9.903646364842664251e-01
9.823118370258040466e-01
9.823108974050265285e-01
9.639494319931094513e-01
9.508638153932638115e-01
9.868404396501010423e-01
9.888247054122616397e-01
9.763712793041705584e-01
9.893174299831959395e-01
9.839407844305965156e-01
9.846521802941154977e-01
9.739727344407248522e-01
9.847029005492579090e-01
9.712242184419778157e-01
9.797035921986458895e-01
9.749624521602801019e-01
9.767346181640462754e-01
9.931542940274451503e-01
9.864171709652418407e-01
9.520578388933332858e-01
9.874019823005000251e-01
9.834511262042183732e-01
9.788131282344200157e-01
9.592314793820280183e-01
9.829741193655346931e-01
9.678011528407172159e-01
9.686029096281223438e-01
9.751429409485531385e-01
9.807873971799988544e-01
9.776483709740828587e-01
9.853090554535538503e-01
9.653807453379285031e-01
9.741029374684142539e-01
9.941010689025229219e-01
9.445737490885622867e-01
9.683070432808785766e-01
9.960269113536159846e-01
9.928450700215915026e-01
9.565756810024763634e-01
9.532156113145577869e-01
9.289932367272208946e-01
1.013372980234940712e+00
9.632012087043465565e-01
9.931933573875563193e-01
9.911657225421145467e-01
9.928246471970807452e-01
9.866466499729850126e-01
9.760698370799448798e-01
9.774486871561820500e-01
9.662540036149461775e-01
9.769104955329710460e-01
9.878332520602555178e-01
9.848616368133117360e-01
9.896160152903283880e-01
9.813614898334270809e-01
9.716738335725552123e-01
9.830685964338878868e-01
9.948312291240899441e-01
9.826357485947052606e-01
9.714539958693261257e-01
9.969718144172030616e-01
9.868580386977640062e-01
9.860109400879496500e-01
9.958695804056461043e-01
9.804208847126103521e-01
9.912774905113757029e-01
9.884363403142554239e-01
9.793386300399412603e-01
9.917380010905662013e-01
9.971951651243525783e-01
9.675819426290361847e-01
9.451065988215201497e-01
9.821427499663144545e-01
9.912748879566187776e-01
9.737064834585216211e-01
9.871984937061234477e-01
9.822063765054467321e-01
9.903744199759318967e-01
9.947596886435590147e-01
9.893694548622335994e-01
9.749932059575768806e-01
9.841874162875754450e-01
9.729241869640282703e-01
9.414358107537591502e-01
9.847170041129297280e-01
9.900289267120869763e-01
9.804408557136568003e-01
9.893059818829226248e-01
9.793191396214986355e-01
9.867993111983500709e-01
9.920467835698503212e-01
9.789472280276165783e-01
9.912832676876062177e-01
9.758486017763026155e-01
9.696569549949959343e-01
9.691244098509584903e-01
9.517334716045630083e-01
9.743841123898954182e-01
9.756790878529895128e-01
9.807187230160938629e-01
9.764607937473493982e-01
9.811687632095292821e-01
9.677037921793267827e-01
9.729342128196826200e-01
9.844734282784939339e-01
9.958594131692349860e-01
9.518535523839750656e-01
9.630965820007444389e-01
9.854854953778582338e-01
9.781974147194646418e-01
9.788318168979447398e-01
9.869460667692374622e-01
9.934157105142598088e-01
9.799653872949598554e-01
9.614896755359767511e-01
9.850560109707507950e-01
9.409581482353917004e-01
9.846497266463452025e-01
9.913646695296186584e-01
9.770796333660568544e-01
9.850203925573918218e-01
9.844584122863062614e-01
1.002062096553235415e+00
9.971759934548839466e-01
9.684286448580233797e-01
9.843559709646132472e-01
9.809820143338983112e-01
9.734467716478845123e-01
9.816966229753046891e-01
9.744804050974650300e-01
9.718897013847406230e-01
9.840073095674433112e-01
9.580676359166684364e-01
9.665231791815387385e-01
9.644832526539538486e-01
9.691600056875158131e-01
9.635493127263942137e-01
9.402434178890247685e-01
9.854678304567269231e-01
9.774492015410278789e-01
9.797823396387723704e-01
9.712650826508941737e-01
9.916971040954984939e-01
9.884154046525897019e-01
9.863537103754694835e-01
9.699964902365049157e-01
9.917330769256145206e-01
9.737245432959760194e-01
9.933382152494357742e-01
9.521867643730406172e-01
9.881748430278775031e-01
9.630295673952697921e-01
9.859530852296174430e-01
9.696582377645150963e-01
9.791246291443769234e-01
9.736098389153321486e-01
9.803705100238158110e-01
9.874747350127305312e-01
9.866467939321480474e-01
9.537046314619563869e-01
9.637445149007328737e-01
9.795142590704924990e-01
9.933610212902035386e-01
9.760264776864541192e-01
9.930451381407323641e-01
9.745359957710093557e-01
9.730930221257264590e-01
9.621520799591803952e-01
9.802946470596531903e-01
9.971333208802201087e-01
9.490559890664456155e-01
9.921843507640426552e-01
9.720201161375241483e-01
9.597291313574567440e-01
9.900955892624555554e-01
9.839855832538950686e-01
9.950935352002838741e-01
9.735594302354583229e-01
9.770556477558861586e-01
9.791767477086658067e-01
9.919580957891659390e-01
9.806443365965242798e-01
9.890184039731240162e-01
9.812388652295304103e-01
9.801058333171736026e-01
9.892172890340465985e-01
9.782798994642681878e-01
9.719011080233069810e-01
9.540907721201891123e-01
9.679399662896012169e-01
9.858414835306900104e-01
9.828646477380110769e-01
9.908455306943266816e-01
9.736541819678190546e-01
9.643054061557531087e-01
9.778822045955509745e-01
9.856693481481501040e-01
9.524594646958683963e-01
9.956328311312540036e-01
9.760772092738432271e-01
9.885029986211278930e-01
9.841325969076543112e-01
9.517014697152516023e-01
9.767663321010388033e-01
9.860284603560096617e-01
9.695791837791850609e-01
9.923427001255237245e-01
9.803699945250430314e-01
9.825909741243318285e-01
9.870839720903777925e-01
9.853155278802651074e-01
9.932609088251687091e-01
9.849010433739597836e-01
9.681020376118116832e-01
9.890663388072856721e-01
9.630579043963927166e-01
9.851343814848522173e-01
9.928971583424058833e-01
9.746775303433646842e-01
9.729905403271348341e-01
9.593931045200057017e-01
9.891245488409232678e-01
9.852400385495112545e-01
9.664540347042481772e-01
9.831379798415917914e-01
9.775935744255623838e-01
9.978058685446337117e-01
9.613973596073233097e-01
9.467478233048406411e-01
9.825138267590552976e-01
9.642014887380415677e-01
9.758714293281539609e-01
9.455980811890651871e-01
9.670783492781360735e-01
9.768974083619550441e-01
9.902690959024356143e-01
9.935896637010346311e-01
9.940681935689970050e-01
9.957400646741245698e-01
9.644181894089097762e-01
9.872754368077032439e-01
9.431785952328205491e-01
9.880055384375355798e-01
9.859092614352116257e-01
9.816432593418148445e-01
9.846060463749654046e-01
9.870896454688642407e-01
9.886198890927838656e-01
9.959267912817685309e-01
9.713437549423109552e-01
9.737069853595712310e-01
9.876465561694112161e-01
9.782226964594112895e-01
9.918455196886429848e-01
9.761927935098320130e-01
9.750781588517901666e-01
9.873744746109858195e-01
9.457520218953539004e-01
9.778444951897405923e-01
9.711393022203814729e-01
9.816469797935519770e-01
9.682359548222673196e-01
9.853013980823409623e-01
9.843649690466631519e-01
9.547635719809079990e-01
9.689052581869133096e-01
9.621393651881199327e-01
9.873242953277948653e-01
9.742493200296773459e-01
9.970410965281844007e-01
9.805962745715429696e-01
9.838839855003810309e-01
9.821164479065224162e-01
9.914575904934379569e-01
9.787185971407986740e-01
9.777471080289447114e-01
9.886670718870269603e-01
9.730412329717246234e-01
9.823343034082143710e-01
9.843931614158046850e-01
9.818565293171769293e-01
9.802669059208798386e-01
9.805928741702895080e-01
9.939280916911040764e-01
9.762600784456382241e-01
9.602280070429615177e-01
9.756462583248337594e-01
9.630356019011565571e-01
9.831925305125019943e-01
9.996104963742988847e-01
9.895448383166779438e-01
9.635770720456370286e-01
9.891467231245051339e-01
9.613026983894634725e-01
9.810516408268853406e-01
9.628729305555768780e-01
9.847202748830136132e-01
9.816346320552754579e-01
9.899588407400823353e-01
9.663518635006230761e-01
9.780697543329739396e-01
9.787373772675925787e-01
9.458026543858317758e-01
9.708609075795753274e-01
9.922364533394240071e-01
9.707395882096155892e-01
9.840138571038102855e-01
9.807510529030135649e-01
9.902682173152537182e-01
9.696313727332658283e-01
9.905722046015323912e-01
9.842355866011766041e-01
9.870604023901971003e-01
9.844798817137093705e-01
9.960461132737963297e-01
9.777455796965446311e-01
9.996427923949700034e-01
9.482518142004735529e-01
9.900858046904158494e-01
9.846814262355880754e-01
9.559149760326989265e-01
9.841499878311333882e-01
9.837367606704107148e-01
9.999363554295110923e-01
9.721286065875384130e-01
9.882027267862294462e-01
9.860068681296900728e-01
9.734831816351741107e-01
9.856489370960520580e-01
9.816832951051484013e-01
9.777910281340506105e-01
9.872022440252031794e-01
9.820889466184906658e-01
9.647758270074975329e-01
9.619832913243110406e-01
9.768327230719336951e-01
9.763579012383717393e-01
9.881382643111270569e-01
9.772661455525254448e-01
9.746559101448895035e-01
9.707127070128778179e-01
1.003580043214290507e+00
9.633139071028747891e-01
9.804155079675458406e-01
9.771508038442399124e-01
9.804834321613116188e-01
9.872537440718611723e-01
9.554671244490907656e-01
9.914385920738015834e-01
9.620179532733733607e-01
9.923417411997604853e-01
9.656128875926253130e-01
1.001416776331867098e+00
9.888233930999167365e-01
9.866765459381811043e-01
9.931317933282931554e-01
9.852577688653192389e-01
9.928853999798108454e-01
9.674095167702416731e-01
9.939018318399753804e-01
9.910583576672143957e-01
9.731721756014494185e-01
9.888948765732743507e-01
9.895117127848265248e-01
9.946455237911778768e-01
9.964791188572207359e-01
9.641072693292829232e-01
9.810017002493423011e-01
9.691850103898451696e-01
9.688225538988926022e-01
9.808846434297382455e-01
9.870713038802387818e-01
9.865710044959499214e-01
9.876655695388006917e-01
9.778514611459291350e-01
9.952802820347781410e-01
9.658603022377095781e-01
9.894060279959238091e-01
9.719397028776974867e-01
9.846223710137220753e-01
9.895281088606732167e-01
9.871803140797362763e-01
9.753775028603145492e-01
9.384165501562348188e-01
9.759361942285185165e-01
9.659377379944570352e-01
9.982664635303845069e-01
9.795096484913961010e-01
9.772187783305207320e-01
9.712980458207945977e-01
9.681842259449525701e-01
9.696870698368666996e-01
9.791981120274928507e-01
9.944253056191504347e-01
9.852190459344678519e-01
9.643837266391511731e-01
9.697551425490242849e-01
9.924015337416828286e-01
9.907728492317959823e-01
9.800214224591794476e-01
9.716827480295177066e-01
9.833329351626263204e-01
9.841765185078434897e-01
9.692473005373816175e-01
9.599996752212499596e-01
9.809818108566911166e-01
9.912536062012509142e-01
9.584467268512271154e-01
9.900789816742292526e-01
9.939273934298981095e-01
9.738144332468769981e-01
9.900244660974081290e-01
9.262143977679689888e-01
9.869676598197864026e-01
9.820501629855600267e-01
9.877575453100154723e-01
9.754502037952220705e-01
9.901233531685424971e-01
9.697510450866497766e-01
9.919743909637200874e-01
9.838732514855873523e-01
9.804188199847826413e-01
9.757356309113979220e-01
9.850169681278991840e-01
9.651853625533016734e-01
9.553981868118039955e-01
9.744164900521237183e-01
9.826029120277490758e-01
9.891545106982748692e-01
1.001941310501178739e+00
9.785561976030269227e-01
9.901041473996896602e-01
9.567740312216276299e-01
9.781261736865737300e-01
9.929441275987362925e-01
9.900505101688159559e-01
9.810895840656219669e-01
9.722849018868553461e-01
9.699471692629670905e-01
9.915244382865848749e-01
9.808512795237456228e-01
9.800438594088359823e-01
9.752922914663285647e-01
9.771507458578533312e-01
9.926935885504305501e-01
9.859376429912678486e-01
9.794768053383693385e-01
9.619158343441506220e-01
9.857760989530381934e-01
9.859471776285470002e-01
9.902278755301154867e-01
9.759208134102924648e-01
9.753764524218000442e-01
9.759586022915270886e-01
9.774555494145554801e-01
9.881693280926234779e-01
9.824152231681134717e-01
9.874473295992665101e-01
9.635053037796799114e-01
9.947928945575921222e-01
9.807124468189538646e-01
9.804406704887481672e-01
9.830705272948342399e-01
9.904948650454779013e-01
9.801269987889623669e-01
9.878214449249880236e-01
9.856534019400209345e-01
9.786601748843585247e-01
9.655489597044651928e-01
9.653619101824675308e-01
9.781251690965245826e-01
9.827650837890280489e-01
9.940897264465688998e-01
9.632683934643658796e-01
9.581895537155351583e-01
9.852976466950094103e-01
9.577386919325524550e-01
9.728146622422052525e-01
9.855677066135845044e-01
9.605411737331329691e-01
9.730071078563820031e-01
9.706893487754414407e-01
9.926421697172940206e-01
9.814789944202769734e-01
9.524055410529181920e-01
9.872248299945746153e-01
9.687551899777852027e-01
9.682960263158298941e-01
9.474766720918141871e-01
9.634336460710487549e-01
9.863430114864779608e-01
9.935705094014674055e-01
9.795561582952648783e-01
9.512265210174090102e-01
9.916774221799918854e-01
9.980379425600328647e-01
9.746712855680319532e-01
9.819548502949420055e-01
9.813737017297610166e-01
9.955979888695254409e-01
9.804497068071292842e-01
9.863209277200901681e-01
9.804465482213325922e-01
9.816200961312986362e-01
9.749970225700065329e-01
9.922317298448837253e-01
9.887102268319329923e-01
9.863999009651487349e-01
9.848827013109290318e-01
9.831245741864779175e-01
9.799779031249837846e-01
9.738018728245193545e-01
9.762077661043430110e-01
9.610382027204813493e-01
9.870514053800543142e-01
9.880915851126652605e-01
9.829747269885591443e-01
9.715544424958105774e-01
9.693379146131820834e-01
9.587126152024216807e-01
9.906634622965194703e-01
9.728976891376807101e-01
9.806055216161672083e-01
9.847835781160582114e-01
9.729457544604398489e-01
9.923264009277443787e-01
9.659662283074854638e-01
9.573457256305278884e-01
9.812690106938674051e-01
9.935995068407889041e-01
9.860789853179560138e-01
9.875658742011752533e-01
9.729969454787552596e-01
9.826350479591132725e-01
9.747310296620703696e-01
9.264774253307880292e-01
9.886562126446735155e-01
9.822222955420270019e-01
9.861862931651121933e-01
9.523677947317215065e-01
9.698055003347563208e-01
9.942552999262720403e-01
9.805727513305558807e-01
9.559868666077002697e-01
9.898262969295205105e-01
9.623714425871190414e-01
1.002197044651941482e+00
9.749203324991593256e-01
9.905676975647876858e-01
9.897988872596905630e-01
9.840918548975052804e-01
9.853731106042615817e-01
9.899377865873693061e-01
9.863529568278821547e-01
9.839434802374976696e-01
9.972930608616555892e-01
9.773038703889350698e-01
9.913475288977809941e-01
9.771888681912979102e-01
9.924763657415155427e-01
9.969136744715841880e-01
9.932390047972057268e-01
9.595395654364453630e-01
9.887999018472481971e-01
9.521016024990209825e-01
9.502862164511640675e-01
9.749070397264851806e-01
9.919366940949643219e-01
9.792883307268530624e-01
9.907136691137740092e-01
9.649917152027767120e-01
9.544344071280248532e-01
9.808129224964742265e-01
9.790874921967963607e-01
9.762355843009727918e-01
9.863481727925693665e-01
9.665005983643318865e-01
9.799368147520590711e-01
9.904348530231589232e-01
9.947168853184880088e-01
9.601518388520218217e-01
9.939025004125360274e-01
9.816713002958903367e-01
9.733672721645165726e-01
9.700812067817006223e-01
9.904323128297483070e-01
9.526594235966376889e-01
9.858630957830517572e-01
9.655865897714622781e-01
9.800076771212398175e-01
9.756164936798428222e-01
9.884092228733070140e-01
9.914975701039506761e-01
9.512163013732400918e-01
9.882917709019495289e-01
9.617073138477404415e-01
9.859054904090259752e-01
9.865406149973456884e-01
9.990852444066740112e-01
9.703605540060703527e-01
9.462673796838103613e-01
9.903065668759103435e-01
9.733322338751392300e-01
9.688911902891540473e-01
9.655671734184673172e-01
9.800823312917033014e-01
9.774366109784090595e-01
9.632567473304693983e-01
9.828999404444521693e-01
9.604165409895797367e-01
9.898720959833188227e-01
9.982701544833872953e-01
9.848613118602157490e-01
9.849966685309590186e-01
9.838062747039276745e-01
9.617593277833039744e-01
9.534768026324869084e-01
9.824486451121975383e-01
9.830753101767645274e-01
9.774816075020911210e-01
9.816379022426471312e-01
9.620272329562347124e-01
9.940701189860012832e-01
9.909844512026270147e-01
9.566943535076372074e-01
9.630572389280206425e-01
9.785612748993465226e-01
9.897078349960192201e-01
9.573231683128777814e-01
9.781326506953545996e-01
9.732166206264324382e-01
9.820046496063112862e-01
9.793941137869955904e-01
9.856851836247115806e-01
9.883616029439055151e-01
9.931659026903810750e-01
9.305521468936754914e-01
9.781059058122987260e-01
9.830985093007073017e-01
9.673978361037344209e-01
9.859903258335922516e-01
9.828752595994848518e-01
9.930793575177534471e-01
9.827805779604484870e-01
1.001373153656251791e+00
9.637607926606874820e-01
9.843594759200821054e-01
9.577201484025872347e-01
1.000352858272824275e+00
9.571493844823886210e-01
9.586329928397486766e-01
9.528046298612076193e-01
9.685957627056411834e-01
9.903165780436375965e-01
9.526417340913619913e-01
9.801695285289235837e-01
9.578826239798895470e-01
1.001229640826164058e+00
9.679276246430935648e-01
9.888973819216151373e-01
9.791574458259759695e-01
9.882682181328895643e-01
9.833741936390572036e-01
9.836125572998043465e-01
9.908342321379483009e-01
9.778167731480686964e-01
9.965225612817621981e-01
9.879290597772317772e-01
9.842622614375817758e-01
9.825868400114647905e-01
9.932385332665472077e-01
9.714877671447393892e-01
9.817707925236383026e-01
9.354355695303524509e-01
9.804481380950770264e-01
9.848597429553029858e-01
9.947117370985129048e-01
9.791381990122234313e-01
9.441633892560776786e-01
9.538766389504225174e-01
9.478638260427105777e-01
9.705730676616018959e-01
9.695846370370574396e-01
9.714913374983573657e-01
9.863909411520670467e-01
9.763096254614377356e-01
9.758264472975319848e-01
9.741455923193064192e-01
9.960052031629179625e-01
9.924199046588997319e-01
9.866714440250839990e-01
9.398439098526165658e-01
9.697126446757798890e-01
1.013279317592285844e+00
9.839778854014872289e-01
9.764937282254293471e-01
9.637940782099192472e-01
9.803186663556252567e-01
9.819941938199904241e-01
9.881500105615785845e-01
9.884624122267536839e-01
9.904750571685103644e-01
9.930957111623559541e-01
9.943856157256381056e-01
9.854548931843458703e-01
9.608548062057259420e-01
9.697839822740196292e-01
9.745609378715138771e-01
9.880066879694804349e-01
9.792410677141117903e-01
9.859086971685153689e-01
9.825609012266279807e-01
9.825562430827108340e-01
9.759288877679673790e-01
9.980298042243785916e-01
9.768388569254148335e-01
9.845195674503726124e-01
9.861827311863098355e-01
9.885030593053119041e-01
9.810618420310778243e-01
9.673366445537303626e-01
9.810210545616628863e-01
9.622484207220087793e-01
9.515596513252768673e-01
9.655207350903823871e-01
9.830824007661839170e-01
9.885053964085813716e-01
9.744614357450309683e-01
9.976018715091304889e-01
9.497847161865125010e-01
9.804072663136536026e-01
9.620507697666643709e-01
9.692207188525482353e-01
9.697650829552166840e-01
9.738656104394221025e-01
9.814513328762051181e-01
9.759012171897644139e-01
9.611009495926322588e-01
9.857175645882489956e-01
9.793527583577482654e-01
9.866377313058281029e-01
9.970354783459233206e-01
9.860366092263612714e-01
9.883909096903281677e-01
9.827333293520487123e-01
9.852827080757667888e-01
9.580945104984870397e-01
9.675371044096323647e-01
9.714586693918109139e-01
9.791282594059004252e-01
9.459914500490853584e-01
9.758243468891368844e-01
9.813721952685410255e-01
9.831154424160420957e-01
9.897297577591807061e-01
9.925391955528922727e-01
9.837149915501515185e-01
9.679430316808118606e-01
9.871636452010479346e-01
9.767548560988347228e-01
9.817714200237173117e-01
9.806632099059290342e-01
9.725111825474794802e-01
9.520794358354687237e-01
9.993101557929027212e-01
9.513973940403046559e-01
9.913645655225833409e-01
9.887880638245085674e-01
9.809820081322304652e-01
9.682379745885949518e-01
9.657180762393490214e-01
9.770689809194135211e-01
9.746542671435991512e-01
9.882194633052218125e-01
9.987401317234868570e-01
9.846579821548716582e-01
9.672256216573713594e-01
9.777036076203782233e-01
9.662122924123147660e-01
9.852438253444026905e-01
9.830615011476639964e-01
9.679856970601765642e-01
9.444469372726095324e-01
9.748466421754568012e-01
9.544753065125751723e-01
9.827403357084959490e-01
9.850634320480935457e-01
9.801399871951221865e-01
9.821121996532615750e-01
9.505466694520796622e-01
9.871897365042565653e-01
9.858212575688962698e-01
9.711457968605721192e-01
9.598033092247717502e-01
9.770305400066989776e-01
9.743941372395851230e-01
9.945506089457085697e-01
9.314020668606669551e-01
9.729004693851270869e-01
9.810478102475432838e-01
9.916867448038308996e-01
9.798182967455317804e-01
9.686292505816673781e-01
9.945411747864567609e-01
9.762046622912295968e-01
9.832656806264862270e-01
9.915079428261790451e-01
9.933369079248191014e-01
9.628163204345802084e-01
9.780530457254730248e-01
9.647503220440846183e-01
9.467197121236232693e-01
9.763414155729114308e-01
9.912703888819929254e-01
9.863569691164391084e-01
9.804688940022269206e-01
9.365617460400361693e-01
9.856609028658156468e-01
9.674143110909034782e-01
9.695314114669452144e-01
9.654971963790827116e-01
9.899387821656288056e-01
9.998786499169433073e-01
9.562639969121328187e-01
9.770478398427490108e-01
9.863916995039204716e-01
9.722393863150508020e-01
9.832450478224900037e-01
9.845404900375113177e-01
9.655949974801836255e-01
9.816224216739880548e-01
9.909353519550054834e-01
9.957781235314679957e-01
9.759055110775507469e-01
9.645450440900998901e-01
9.704831166382559271e-01
9.832044621404752993e-01
9.887688632917661646e-01
9.592073121550975801e-01
9.694379293320306568e-01
9.909290316995635894e-01
9.724280971437192500e-01
9.783690495158290368e-01
9.744559437467352758e-01
9.585129803094938339e-01
9.928824425227866790e-01
9.897210838714439740e-01
9.720261589095096078e-01
9.745662635988562306e-01
9.739619260388394650e-01
9.767855599898775942e-01
9.874272572328861575e-01
9.893050491127651780e-01
9.922738572755865905e-01
9.847584712869366097e-01
9.696048025463805953e-01
9.867004865968328486e-01
9.955898175448998355e-01
9.872698271455468966e-01
9.719850324559949906e-01
9.829120571074442259e-01
9.866217416034309684e-01
9.795543089927462033e-01
9.894917971100890552e-01
9.852765348962261305e-01
9.644949964487392613e-01
9.888938552049066910e-01
9.492624649066671028e-01
9.792790197281967535e-01
9.432000255101568031e-01
9.691116097634923099e-01
9.754471109255420380e-01
9.755162454607249067e-01
9.725845603308217457e-01
9.835570755393124864e-01
9.909659327295475828e-01
9.692115356731383358e-01
9.810393034221028818e-01
9.563335911714103688e-01
9.624379607740712883e-01
9.884953454467282352e-01
9.989294690511190122e-01
9.872443910120836108e-01
9.842428170324817316e-01
9.866340163142535147e-01
9.743594579730224803e-01
9.808430147003736055e-01
9.882790195752511053e-01
9.735042662203462482e-01
9.706483579124602912e-01
9.956181631081263417e-01
9.759153601945498302e-01
9.910032389881044956e-01
9.819130796474457856e-01
9.831139954774342771e-01
9.739745326142729143e-01
9.878919524346079228e-01
9.659929380701758328e-01
9.933267423966728460e-01
9.748753284175440958e-01
9.697669989121733281e-01
9.693669894542029652e-01
9.879682856639555588e-01
9.540375202183023484e-01
9.788578187788896656e-01
9.625388333741782265e-01
9.662647437165537978e-01
9.839964099199542957e-01
9.772687257332538513e-01
9.831588014950142229e-01
9.074732229796366179e-01
9.823130977562758437e-01
9.574308649491117817e-01
9.919410997000438490e-01
9.874716558573953806e-01
9.676084028540888893e-01
9.741760210603892522e-01
9.912979008083713239e-01
9.812992641841787878e-01
9.794090028559049310e-01
9.779884669693406085e-01
9.709264238640186173e-01
9.809486077343628763e-01
9.860658246274403016e-01
1.001340117331243507e+00
9.860364845318346783e-01
9.606706749141246116e-01
9.909176438506250850e-01
9.903070251714484185e-01
9.666944991356060113e-01
9.965332608240994317e-01
9.774123771690297335e-01
9.557781994998805208e-01
9.946570523479675296e-01
9.739830650132624834e-01
9.713460747543014584e-01
1.001131293741211126e+00
9.899866072077568857e-01
9.778366771814953617e-01
9.895430962779900863e-01
9.662566566824064562e-01
9.667654015802641387e-01
9.920999654915657606e-01
9.611370409428070527e-01
9.932381194925337109e-01
9.826344616661658593e-01
9.814399075563132735e-01
9.731287654611548987e-01
9.716079607196417278e-01
9.850607763666081595e-01
9.814245749042062039e-01
9.730247474791259288e-01
9.577378822309385864e-01
9.838174169332112307e-01
9.879749045845483968e-01
9.634801524575724585e-01
9.802004668592855241e-01
9.850094051137541218e-01
9.843429086013190110e-01
9.843078189961028679e-01
9.842347669236055641e-01
9.873473305328601679e-01
9.691877489484483910e-01
9.890667989405091953e-01
9.778091790979827058e-01
9.833952854062406601e-01
9.904841462339307734e-01
9.787144139077950111e-01
9.688090085108139737e-01
9.877212917091717781e-01
9.486210185588871413e-01
9.366056194672661706e-01
9.502451120710845300e-01
9.755065949232382128e-01
9.909354567320228790e-01
9.894407748742107822e-01
9.557555017905161598e-01
9.792564069877253141e-01
9.822712638788089201e-01
9.859970407312901308e-01
9.540859649056696590e-01
9.932168427408019085e-01
9.783040344978837233e-01
9.861370801372740802e-01
9.961083889650858003e-01
9.801628861687056160e-01
9.521021139850605053e-01
9.846003266874322479e-01
9.817910579145222583e-01
9.678171187394984942e-01
9.810992686452366662e-01
9.855282103463133270e-01
9.921768773736182601e-01
9.786817726576934051e-01
9.643439814443385272e-01
9.730266388918651366e-01
9.868144104092936297e-01
9.844433416704518880e-01
9.436215142917911969e-01
9.834786775803555647e-01
9.923967507827793355e-01
9.575165021756837369e-01
9.942406445512931290e-01
9.669852966548471151e-01
9.923843686246933693e-01
9.751621684998805772e-01
9.737259363241939081e-01
9.527765096542430978e-01
9.881871728291128365e-01
9.818449490567179305e-01
9.744219803467790708e-01
9.894271129167643286e-01
9.707124073129044239e-01
9.847609003392542304e-01
9.568611760973526614e-01
9.900938290516152485e-01
9.785297986641297019e-01
9.814329451366697876e-01
9.821814342341577131e-01
9.603581204053234233e-01
9.816100522680174523e-01
9.600366677558361816e-01
9.901112217791880887e-01
9.978983976930184685e-01
9.763180871677228367e-01
9.540201343305506620e-01
9.500931358135517035e-01
9.403783358602015863e-01
9.921090622434731721e-01
9.732318641716863894e-01
9.707005808628285104e-01
9.664023971763608944e-01
9.761214888124339906e-01
9.886436302432269896e-01
9.788022606456829866e-01
9.824873299201898336e-01
9.643547916603805170e-01
9.729992642287932370e-01
9.878460441286814886e-01
9.854600691327685125e-01
9.838509424138573989e-01
9.802338966935451037e-01
9.740999205116245285e-01
9.868587143929188343e-01
9.937103858052204197e-01
9.725099646277982623e-01
9.789310972427207602e-01
9.681438595242464196e-01
9.870169741585289591e-01
9.947946991683633833e-01
9.678134791942365478e-01
9.782041407210717576e-01
9.789393866873963290e-01
9.884435314855805066e-01
9.728304618355985145e-01
9.814722039296581713e-01
9.803677481809871530e-01
9.979597700467390808e-01
9.969398734029333298e-01
9.848124261822523984e-01
9.871959927669247126e-01
9.752123481301382402e-01
9.822323876038999702e-01
9.822311236372568422e-01
9.849706519353745859e-01
9.864062034840158644e-01
9.906034085628704355e-01
9.741692564277300015e-01
9.757063245451899069e-01
9.741062390410092364e-01
9.831563042183042445e-01
9.891648382784228311e-01
9.486622981153127743e-01
9.713188417768914285e-01
9.792116693380765735e-01
9.777704633459655126e-01
9.642835747236848665e-01
9.790939173962914799e-01
9.830107214808180283e-01
9.915080217364619086e-01
9.808606266453628875e-01
9.789819882064300094e-01
9.749798197499137675e-01
9.770053826571108990e-01
9.695013164309653764e-01
9.672952633764574371e-01
9.819207495923487627e-01
9.843412258608918997e-01
9.753892217971250611e-01
9.485693619429721446e-01
9.815282371209939072e-01
9.954038702730138022e-01
9.811675926835868866e-01
9.741245208539736078e-01
9.925068758840488448e-01
9.759021280534238008e-01
9.878551253071866656e-01
9.620285289695702513e-01
9.654198585232761642e-01
9.886378321284647885e-01
9.787497988740229138e-01
9.797227570488554749e-01
9.928710783891055991e-01
9.766382740599621748e-01
9.756798117897240719e-01
9.738047626110183375e-01
9.619563998808360328e-01
9.789944876445854094e-01
9.848553713252632402e-01
9.724578297666536253e-01
9.730420656624200193e-01
9.916063981191531873e-01
9.815552831074143558e-01
9.850161060979901739e-01
9.783383458426622159e-01
9.839446818353733137e-01
9.763473418120603986e-01
9.852871818301226492e-01
9.889460874847839644e-01
9.890522226746661927e-01
9.903640701694395032e-01
9.506400762393388826e-01
9.831726304420962403e-01
9.597753301891687183e-01
9.716654833054734208e-01
9.672093288511767195e-01
9.845243960528452520e-01
9.934020404970204110e-01
9.923111849029205844e-01
9.681244682725845818e-01
9.827471580035689325e-01
9.882371332116804963e-01
9.714851277045549738e-01
9.730189403876545740e-01
9.861415663870931603e-01
9.810207234902434958e-01
9.714082992391146476e-01
9.789591707920107799e-01
9.548751907514587689e-01
9.730828207017172549e-01
9.244507163130609717e-01
9.710842341415343304e-01
9.996286478782229201e-01
9.816470637652232600e-01
9.835723186815632513e-01
9.922368622776654989e-01
9.698481658215065693e-01
9.894564180371522299e-01
9.897547275690377067e-01
9.653730064514611797e-01
9.846574260390447142e-01
9.718715690837760324e-01
9.852643035938558613e-01
9.982579213577620347e-01
9.874990900846601916e-01
9.707999100040949347e-01
9.856222820413940156e-01
9.807715456481754801e-01
9.906276919877896603e-01
9.735413259250964568e-01
9.796922811812657228e-01
9.985956561545483723e-01
9.446009432479410828e-01
9.647016300444911652e-01
9.945550312082447331e-01
9.906798453874395838e-01
9.683852439571073445e-01
9.923878360149068767e-01
9.752983509215574776e-01
1.001929602960299315e+00
9.820154973950379063e-01
9.859530061717816096e-01
9.569527787794321894e-01
9.744401414941186168e-01
9.963595279245763825e-01
9.836491479225704104e-01
9.822491465779008557e-01
9.820694517859615003e-01
9.840095157251494973e-01
9.742775828601949462e-01
9.874157908596223887e-01
9.914234940070550950e-01
9.791456386285286584e-01
9.958568480325021843e-01
9.726538817563487038e-01
9.768776546620689949e-01
9.649174025385732767e-01
9.637638559536326754e-01
9.449692140366884319e-01
9.768840543900567663e-01
9.846595524617625106e-01
9.712625449796855603e-01
9.937055797129397128e-01
9.844382790081384060e-01
9.889231951602834858e-01
9.853841749276236461e-01
9.725096519579241594e-01
9.840761179788295454e-01
9.848716821730061355e-01
9.683484782228177767e-01
9.869085349762786175e-01
9.831580061096948375e-01
9.801865230295017106e-01
9.811060684285837219e-01
9.916765859080608481e-01
9.858967871032874308e-01
9.568346645109846449e-01
9.601793230133710555e-01
9.711282095728814845e-01
9.839453645994170605e-01
9.790712646567127919e-01
9.840563627449461226e-01
9.795085864629626826e-01
9.845841206136497492e-01
9.693603303191290488e-01
9.937674560127394141e-01
9.817751282161589765e-01
9.783679472228015150e-01
1.003405986572465602e+00
9.868788974678174286e-01
9.961249830240263003e-01
9.805604036658377431e-01
9.651803903071896062e-01
9.931372062306192960e-01
9.602403824401896104e-01
9.777398498843447028e-01
9.798892460064515531e-01
9.522244878884129626e-01
9.921893910976491426e-01
9.874419171398970407e-01
9.915446154745659602e-01
9.909382580297469989e-01
9.895686266847528723e-01
9.811184870836167082e-01
9.692475856363642617e-01
9.819412997325352999e-01
9.759902813594796278e-01
9.775771994482963523e-01
9.746674920481235294e-01
9.638845863050178320e-01
9.698990267600219317e-01
9.747018450085443986e-01
9.617658655496867937e-01
9.918883514769112342e-01
9.691107747842574449e-01
9.509328878171821042e-01
9.844163915493044925e-01
9.700906649339675614e-01
9.892144021495814510e-01
9.936254173353449293e-01
9.592968963041447195e-01
1.002009663250772231e+00
9.973389038166311504e-01
9.762325711991758359e-01
9.872705966349044626e-01
9.818607754445325408e-01
9.592735196546636756e-01
9.667565660685791817e-01
9.788119265463249841e-01
9.886081040049530255e-01
9.734753649631510131e-01
9.915405963880015161e-01
9.848865933190256161e-01
9.957079997779623159e-01
9.645594913398846115e-01
9.412583876413643802e-01
9.877480568608291156e-01
9.742392558793319113e-01
9.847346234677299970e-01
9.539692330047858659e-01
9.824363176235879624e-01
9.777951696807136717e-01
9.852997973925871067e-01
9.508874822929063164e-01
9.853608837208120974e-01
9.876605601949730584e-01
9.921778340995612844e-01
9.940129164710597154e-01
9.792411312732117734e-01
9.968304717899950651e-01
9.619593473635034142e-01
9.935212542027598293e-01
9.859621448537480015e-01
9.875208694316177649e-01
9.826527269102792728e-01
9.712954736205734463e-01
9.597510177039602075e-01
9.783484898748036063e-01
9.902378588044331575e-01
9.911566028260739847e-01
9.919443201142252864e-01
9.809872179231953204e-01
9.509078197204656746e-01
1.001653870167258820e+00
9.701267220460244589e-01
9.625027619231691922e-01
9.807353035271941799e-01
9.896041701146828240e-01
9.955344635056645464e-01
9.701942644123524584e-01
9.818700590018071273e-01
9.815753925671913960e-01
9.900132744073747437e-01
9.441400572391298596e-01
9.825421602396077203e-01
9.741536604297998947e-01
9.561558210294049953e-01
9.810360329224474540e-01
9.866730458361526734e-01
9.913754902041370665e-01
9.573289617430931209e-01
9.881835344855073311e-01
9.706368484107006367e-01
9.904815931349809643e-01
9.824483563056055635e-01
9.713404870172257510e-01
9.514690319875941382e-01
9.767059059626458373e-01
9.832995621449442947e-01
9.586273288400456449e-01
9.707814605018026954e-01
9.760181561469891687e-01
9.567889609541392337e-01
9.631549043560906354e-01
9.529205353674163881e-01
9.773178725600902839e-01
9.879642487761781666e-01
9.962527829706103732e-01
9.800066563478352366e-01
9.744451024663294270e-01
9.784733161986677308e-01
9.898566638613529589e-01
9.529428169626034117e-01
9.922138383728532629e-01
9.523816417086337083e-01
9.844318783801769834e-01
9.846694476271745655e-01
9.907033893635696087e-01
9.809057367857618726e-01
9.579214711954439077e-01
9.870079724721243508e-01
9.894477821975814491e-01
9.882101169117216699e-01
9.844311830372399763e-01
9.718263864370269012e-01
9.701237625176746260e-01
9.846660456998955757e-01
9.759712306434742413e-01
9.790430643036893699e-01
9.782760642599236389e-01
9.895180311024963649e-01
9.875674618149345996e-01
9.909643316542213753e-01
9.866871172664345435e-01
9.909263320288417276e-01
9.758721516247907957e-01
9.857911110684300926e-01
9.849840571221366581e-01
9.727496583603655322e-01
9.796810980570187510e-01
9.585005570671590869e-01
9.844952973363474413e-01
9.808640184979765531e-01
9.794211761022918461e-01
9.592920982791042217e-01
9.987250969063736772e-01
9.950452229358930367e-01
9.773980462802371871e-01
9.898232899574622712e-01
9.754478538983218927e-01
9.937485724305092916e-01
9.739825829605324170e-01
9.545855813435435433e-01
9.806523102975576167e-01
9.857552870456651739e-01
9.881617655485546159e-01
9.898026515262813296e-01
9.873225555242187701e-01
9.864138759888764207e-01
9.829948974768039083e-01
9.904992385919958453e-01
9.783159400122966032e-01
9.902463729330170938e-01
9.843633892816840980e-01
9.736858596741126970e-01
9.884146539833610356e-01
9.895301514008931765e-01
9.895996038438077402e-01
1.000363242114392204e+00
9.762873857869959204e-01
9.732563476754285681e-01
9.631088760240045232e-01
9.835457801257952992e-01
9.794408169887834914e-01
9.701917945974177782e-01
9.761725432825372195e-01
9.731630037469808370e-01
9.900505906067303963e-01
9.909169985959667137e-01
9.356514290376531928e-01
9.868828217694420868e-01
9.602156630140323834e-01
9.946385995222881693e-01
9.336649930830170918e-01
9.868117295970697533e-01
9.520317861450509067e-01
9.749548699927774731e-01
9.845127690711721336e-01
9.787887047443492028e-01
9.787612736718402928e-01
9.617028967325839117e-01
9.785630694931366502e-01
9.778411173670958911e-01
9.750493470670494878e-01
9.969945974796494692e-01
9.933642887789305709e-01
9.849193009540883059e-01
9.761759859178332777e-01
9.774194106931511916e-01
9.698904088010347202e-01
9.559424318215352656e-01
9.780033317798662029e-01
9.880640364114929852e-01
9.937058584181238663e-01
9.987511624291401935e-01
9.820199509723707143e-01
9.841960383459252837e-01
9.879984317363487145e-01
9.739608366464858058e-01
1.000170963436504357e+00
9.775212342004229171e-01
9.865850286548643044e-01
9.602055355159312411e-01
9.830364560205087088e-01
9.931568616960390061e-01
9.841900149245770280e-01
9.798035902230737282e-01
9.512486287758007419e-01
9.889205157739674457e-01
9.816781721035102715e-01
9.796690325851453718e-01
9.864867191658530654e-01
9.558790496874127740e-01
9.787237304389307946e-01
9.866030968312468064e-01
9.893601382285791557e-01
9.589272195769874552e-01
9.569297632557641764e-01
9.940332781321757905e-01
9.673461389904635110e-01
9.885385164069556696e-01
9.914063510795091405e-01
1.005407184912749052e+00
9.573591447513555286e-01
9.837530101860378906e-01
9.673945065350402217e-01
9.955151846966964202e-01
9.567270245958018338e-01
9.869975048707454457e-01
9.884693547778118372e-01
9.765644370134815011e-01
9.823095354294518744e-01
9.960814043630228376e-01
9.849100280728053658e-01
9.728225926356491859e-01
9.900754384940458896e-01
9.902526462039862309e-01
9.799077136052058989e-01
9.823026722275616240e-01
9.924249847730209906e-01
9.868058989557844107e-01
9.700507780721284723e-01
9.688570040446040643e-01
9.710590279552336890e-01
9.871906910743546426e-01
9.898824835790652754e-01
9.891807628322796253e-01
9.809438533910829205e-01
9.881746442316565737e-01
9.477388660663389475e-01
9.903109822648282767e-01
9.713932076311883046e-01
9.823835352224910000e-01
9.842583258079754538e-01
9.765726055840960873e-01
9.816954106771103028e-01
9.641583058100037240e-01
9.792389587910279580e-01
9.780737324144981315e-01
9.832805064896673608e-01
9.772457847659189456e-01
9.521352065770144479e-01
9.884170022533923516e-01
9.678162818712183757e-01
9.731925973475669123e-01
9.963988808084855986e-01
9.737550306514857201e-01
9.751515853672260148e-01
9.785871352346582341e-01
9.861459740617491976e-01
9.839414258752775533e-01
9.529974702212982152e-01
9.829331427527192577e-01
9.916337162254781346e-01
9.857398627000177882e-01
9.748116220522320408e-01
9.856053740660245532e-01
9.839845514226707168e-01
9.614276245508646124e-01
9.826379899843006305e-01
9.778906692585144222e-01
9.347184908926681191e-01
9.982142752446450107e-01
9.651641895884846001e-01
9.804424234818331918e-01
9.748274164955413879e-01
9.911715345665487176e-01
9.658375039148421326e-01
9.817402748402008772e-01
9.699840346284320791e-01
9.920877201791309385e-01
9.964010253854208576e-01
9.749313667767789404e-01
9.749716450939222012e-01
9.737078003157015882e-01
9.458835004941676949e-01
9.803991979976507398e-01
9.892974565931408337e-01
9.901762436101569920e-01
9.876533180250897104e-01
9.910025275231575392e-01
9.677634633371265949e-01
1.001433133634812123e+00
9.731797350720016171e-01
9.688620762611701576e-01
9.933041664982548147e-01
9.772018033885220278e-01
9.697804937320990692e-01
9.795624508427424049e-01
9.915606311797026118e-01
9.746028255232586091e-01
9.699364498348386210e-01
9.831394290489718912e-01
9.725007286728147848e-01
9.423716973247500128e-01
9.811395010164984942e-01
9.497558262860973377e-01
9.746365893747128695e-01
9.753620936966318489e-01
9.862706770134636036e-01
9.836250411212654754e-01
9.762127511968843319e-01
9.838256062835150084e-01
9.904561430861684723e-01
9.605630307006092217e-01
9.867388232112163093e-01
9.582555037919343599e-01
9.718930115516966062e-01
1.008223543285839963e+00
9.983664595332354397e-01
9.815727404050998972e-01
9.520797821168852648e-01
9.785730716163006937e-01
9.732040919146495161e-01
9.803809094364810406e-01
9.954443134205758215e-01
9.925714218084109586e-01
9.874443344415068102e-01
9.721085421592677855e-01
9.521113339014302124e-01
9.960646184271808590e-01
9.660212240916355997e-01
9.812693469138958902e-01
9.886750736674819739e-01
9.889360392739675598e-01
9.646756466354029502e-01
9.701429650748422118e-01
9.820713886790412017e-01
9.800020507620763599e-01
9.686510742405651797e-01
1.011500993861647935e+00
9.724792694713053631e-01
9.907278470223215283e-01
9.742382846690789133e-01
9.854591590040032711e-01
9.810625563710089203e-01
9.830577071532344835e-01
9.665733275365063770e-01
9.922556447999177909e-01
9.530940106199577988e-01
9.817659017783059161e-01
9.919228956555548038e-01
9.807309228558470648e-01
9.691593453175145756e-01
9.799341884449587203e-01
9.922637809780817664e-01
1.003392531840747059e+00
9.800006680683701621e-01
9.781659829804848494e-01
9.691160279656122478e-01
9.862824446996591998e-01
9.724795099419311084e-01
9.592488359946920173e-01
9.740461007966761953e-01
9.687437228634983022e-01
9.787795960779428484e-01
9.769427385089821669e-01
9.940540329118010554e-01
9.829624896375467324e-01
9.865031607094231214e-01
9.791637657223268842e-01
9.802967742122037365e-01
9.783734830457614384e-01
9.762762317680832025e-01
9.906369798618762657e-01
9.814723259580859782e-01
1.001196904598914195e+00
9.808919224388398250e-01
9.814918530748070191e-01
9.791795355580956706e-01
9.733208217493994896e-01
9.880344036411903286e-01
9.911552365393276887e-01
9.966506488257419472e-01
9.871208147117801479e-01
9.816551443767005392e-01
9.920653212140340127e-01
9.986420138282067205e-01
9.836753539992534323e-01
9.719320053096252021e-01
9.853256169542715659e-01
9.828960334362695228e-01
9.891622106804617287e-01
9.709562717798031484e-01
9.768451409216016845e-01
9.886836221375892020e-01
9.964947463370563696e-01
9.837568599083733600e-01
9.862904628873641055e-01
9.835697127401203943e-01
9.943675340329872769e-01
9.762857540367596565e-01
9.765628966253224741e-01
9.858229781486539389e-01
9.851895420248647506e-01
9.600662365376786411e-01
9.941617003442200229e-01
9.877776946194758434e-01
9.795866002233842851e-01
9.800191945320803066e-01
9.951380519740071762e-01
9.632728545396248565e-01
9.700051868360366480e-01
9.426084138027774895e-01
9.642272895118377818e-01
9.536434996650118290e-01
9.713240124372024553e-01
9.856963738483158766e-01
9.924377067603763480e-01
9.876211278957365280e-01
9.864930586732651996e-01
9.745628912991092241e-01
9.854722699221876159e-01
9.627935781024216100e-01
9.717182288677245205e-01
9.855088791142023741e-01
9.951798435556753475e-01
9.770331448301287081e-01
9.570530215052983625e-01
9.858926568718875405e-01
9.713116731362539946e-01
9.462300975664087455e-01
9.673639362341028836e-01
9.889201080146796663e-01
9.754422998927805288e-01
9.898985367043618977e-01
9.875430008951640026e-01
9.669830679424148423e-01
9.790200495774786793e-01
9.805436616698792740e-01
9.830981407560641649e-01
9.952837169971349152e-01
9.791335478787059898e-01
9.943529666003547707e-01
9.977206749015125054e-01
9.694022211019649449e-01
9.515241798504874282e-01
9.790589041627014710e-01
9.790822378753908373e-01
9.812175322585942050e-01
9.719480717742444709e-01
9.791859245717351445e-01
1.001958882515326055e+00
9.681760814553304062e-01
9.806693036506531902e-01
9.806922846875899547e-01
9.897727637745051821e-01
9.945963652797168431e-01
9.854955911020156778e-01
9.641264702824789978e-01
9.890172350561781123e-01
9.799976226571380788e-01
9.685970085952652076e-01
9.851879513042584025e-01
9.923364700095752555e-01
9.964578881999032189e-01
9.750611220295101189e-01
9.683181083779764942e-01
9.760552336660325290e-01
9.897333603357988396e-01
9.754715740676799252e-01
9.714707620781871666e-01
9.768894142903185029e-01
9.554861524528487360e-01
9.818418132661050901e-01
9.857330220157303202e-01
9.747831170687408786e-01
9.895954152913135626e-01
9.844101688223544366e-01
9.482434042184635370e-01
9.842880461952768778e-01
9.838027077562200295e-01
9.775895004720004389e-01
9.692598674091508215e-01
9.644751190316500633e-01
9.731898213404805986e-01
9.915712968279938311e-01
9.902422916095239280e-01
1.002064538748099753e+00
9.810291388934746504e-01
9.774433351937572567e-01
9.837883636279245447e-01
9.938647885331025611e-01
9.979265661073196680e-01
9.937757431378889672e-01
9.542187132546913197e-01
9.914603159537165311e-01
9.653914979738285052e-01
9.645051098291925751e-01
9.863504716106059611e-01
9.860674256438736185e-01
9.919189813239008835e-01
9.867843877271537112e-01
9.666631454646085198e-01
9.754999252297003043e-01
9.833970328651825410e-01
9.516447667450712578e-01
9.789486784289552768e-01
9.870030973639628558e-01
9.907595768144766835e-01
9.748098580905087962e-01
9.792769909095980774e-01
9.855713597519026870e-01
9.813088590205758521e-01
9.669214874302692886e-01
9.509330855315296649e-01
9.699856256100362062e-01
9.828882599614310323e-01
9.911626762651377653e-01
9.631462576086911032e-01
9.792452752821414474e-01
9.804740145410030250e-01
9.819873347447024559e-01
9.585436210668094592e-01
9.887391438614723249e-01
9.724681514387442105e-01
9.743157851899136856e-01
9.864847866215878947e-01
9.799015362910636906e-01
9.885027994957529263e-01
9.856077806386549511e-01
9.836951342344715243e-01
9.920379421333322956e-01
9.865581251236220650e-01
9.782569707528293579e-01
9.773752194262654847e-01
9.710863891814398574e-01
9.769575918909936263e-01
9.541535307231828744e-01
9.828781329374931541e-01
9.799204433699982841e-01
9.896031004766336903e-01
9.865936644634674124e-01
9.848881706593345386e-01
9.914253777057352446e-01
9.934765539249723609e-01
9.728891143789677454e-01
9.759901866934780346e-01
9.792162069246741485e-01
9.771091612974143192e-01
9.723612002677360922e-01
9.674901876924715260e-01
9.804536243574559773e-01
9.786882061159891677e-01
9.771120683644832772e-01
9.937638033320290720e-01
9.570727613425714653e-01
9.747849276633167026e-01
9.754869807149481042e-01
9.615541431508737302e-01
9.869976063084138218e-01
9.824312478562883255e-01
9.978996628975363992e-01
9.620747035342746001e-01
9.662435311643765568e-01
9.755261839506724764e-01
9.795251965968282404e-01
9.605750248735646091e-01
9.739968397391273180e-01
9.785417166955896473e-01
9.861845984043987601e-01
9.920923767652952696e-01
9.821244704960726546e-01
9.906372133410042968e-01
9.748547543391771208e-01
9.779193714619563993e-01
9.914368590326099184e-01
9.862440402246015481e-01
9.848890391216411633e-01
9.882364699960231036e-01
1.000159675192025199e+00
9.410716760347755949e-01
9.859497488753625749e-01
9.787334899218040896e-01
9.908517398844253199e-01
9.321995138692747984e-01
9.874013432931977308e-01
9.734024258978596356e-01
9.882686010088077566e-01
9.744620794142793141e-01
9.851612307409324254e-01
9.785564550351558699e-01
9.607055905887142977e-01
9.899902560044273603e-01
9.868422481116991829e-01
9.904196646297270812e-01
9.512326292903441338e-01
9.789979100043619820e-01
9.769841943178211308e-01
9.905441359351273567e-01
9.723230635776447528e-01
9.944399754206399988e-01
9.876631827717392564e-01
9.563111322911684864e-01
9.869672079805281717e-01
9.827706752738328833e-01
9.932580396286133650e-01
9.843535485157738352e-01
9.845489640279521115e-01
9.807454242276577583e-01
9.761961782825862022e-01
9.937974221352920967e-01
9.943375364259749993e-01
9.801398764246025408e-01
9.760136664270721019e-01
9.811423756656620920e-01
9.806189002116985076e-01
9.975806783605073447e-01
9.908715598680656322e-01
9.853884460331437944e-01
9.998709377749798177e-01
9.725814715745867423e-01
9.772626270131418158e-01
9.649668662930124263e-01
9.854447213656852833e-01
9.550861804801282773e-01
9.700915102129489265e-01
9.945614076709790030e-01
9.869494400811236190e-01
9.914575878748836946e-01
9.848320276679185525e-01
9.634990898288945393e-01
9.857718343361304703e-01
9.936267530952618277e-01
9.833423122970297303e-01
9.871631296006317946e-01
9.783385053004626242e-01
9.744389069870986742e-01
9.777487060906716598e-01
9.756963260206510391e-01
9.748096232065126543e-01
9.380184438014423920e-01
9.607826365639026145e-01
9.820527446751776690e-01
9.802616014577311132e-01
9.835505821256151915e-01
9.847220747240709171e-01
9.818099194986247280e-01
1.001159762196910163e+00
9.767810914766823505e-01
9.639782831775922656e-01
9.984831459977485668e-01
9.938023693875938092e-01
9.749544246264332248e-01
9.719297254661346530e-01
9.592635173431119933e-01
9.612221828437855775e-01
9.668492874131875414e-01
9.976894548376186167e-01
9.835962018861788003e-01
9.598009475473563423e-01
9.759754783033838255e-01
9.905359402869374774e-01
9.784540984678126163e-01
9.869499795825960042e-01
9.738313148140809172e-01
9.787723802894348069e-01
1.005807151749744888e+00
9.795280533365861020e-01
1.003749529416142039e+00
9.781171296837275486e-01
9.813334024677889955e-01
9.566562048475591995e-01
9.499229943430300693e-01
9.862615769131038990e-01
9.778477136922441026e-01
9.851547932758383253e-01
9.860492245776487641e-01
9.863793666827135320e-01
9.825686413334986380e-01
9.931471630913630833e-01
9.417318038213858822e-01
9.727475811241866888e-01
9.802451374315457322e-01
9.879574083973365894e-01
9.796667254750383025e-01
9.966567846983803713e-01
9.865271709890445218e-01
9.870040516892648608e-01
9.801234301678979355e-01
9.872164802872444023e-01
9.887488831179505056e-01
9.751529212156228033e-01
9.931076586150918706e-01
9.959090241661352483e-01
9.964206025882174078e-01
9.787164514266842863e-01
9.897667177657597515e-01
9.722753352618700440e-01
9.754983736309529307e-01
9.868188346195881921e-01
9.770047981283445093e-01
9.920708156336665029e-01
9.657171009286413810e-01
9.805442052385984208e-01
9.895622256384333237e-01
9.762677586644061822e-01
9.720733022182654892e-01
9.860362028434218606e-01
9.839312276862706153e-01
9.877781325132120038e-01
9.770050281708598794e-01
9.670032648586905921e-01
9.642745224315543151e-01
9.701273558669585295e-01
9.929333140167059257e-01
9.767278498697430367e-01
9.783493231734764484e-01
9.869013695289059473e-01
9.825180877756188869e-01
9.823592245999692718e-01
9.867438046495335957e-01
9.734466175956534295e-01
9.900839248509032409e-01
9.881544820807315332e-01
9.752734077790785605e-01
9.457409894547111895e-01
9.956240365644675183e-01
9.699146288874116451e-01
9.877844003890325908e-01
9.856399821409609352e-01
9.869055444130451216e-01
9.897738307443214589e-01
9.748177944686934326e-01
9.806132487544364507e-01
9.509777481159114032e-01
9.789434910862397921e-01
9.846850941298521676e-01
9.895137181076584243e-01
9.742392419795681269e-01
9.645783989034762973e-01
9.750079030729590368e-01
9.950559038919848387e-01
9.699670902575505682e-01
9.853172670972109026e-01
9.885645568672268846e-01
9.886601179702624309e-01
9.637058316530967561e-01
9.888583575951161997e-01
9.651259055246322882e-01
9.789483558950954345e-01
9.983581161300312257e-01
1.000257065812271362e+00
9.861324830267236274e-01
9.860917927710302067e-01
9.916114794423167567e-01
9.675902444783787137e-01
9.765605539901520693e-01
9.937706283636095206e-01
9.915106832839621909e-01
9.482511795470726090e-01
9.624346264107721538e-01
9.907259897906015578e-01
9.842944503367561104e-01
9.789538399118008494e-01
9.796105244665618272e-01
9.591605988295277552e-01
9.886954173352366926e-01
9.752301552788693595e-01
9.637131887497492055e-01
9.871689313139444533e-01
9.903175206363176164e-01
9.872434006788206595e-01
9.930964435687255065e-01
9.906772068128628650e-01
9.875500505316232580e-01
9.732336970991001257e-01
9.845664588069255041e-01
9.666838581801140418e-01
9.889774462589673298e-01
1.010087117393471567e+00
9.738758613959347388e-01
9.641316043383993950e-01
9.843418702949120469e-01
9.852704819057254149e-01
9.678565079652587944e-01
9.759253960412643814e-01
9.658428920563780773e-01
9.829574290896193611e-01
9.903989895794685916e-01
9.724309372011049613e-01
9.621072617392203430e-01
9.887801856800846334e-01
9.970522068085981848e-01
9.835233793711124495e-01
9.800383632215367014e-01
9.771723870454371852e-01
9.878172429712370750e-01
9.815603831241999089e-01
9.899286984490204278e-01
9.826030769165289280e-01
9.893959627268922308e-01
9.852846341963702459e-01
9.829325543319921143e-01
9.892058832537208302e-01
9.842659147824935895e-01
9.890275507020021006e-01
1.003071655647031823e+00
9.842722227066317275e-01
9.853492401690125968e-01
9.765510656724638583e-01
9.896858447628221755e-01
9.861419321596073262e-01
9.785285369815042156e-01
9.797421048309086222e-01
9.850233562898710327e-01
9.910236721264268356e-01
9.694417679671171184e-01
9.704680029918141271e-01
9.658810574108749325e-01
9.986697033829660120e-01
9.790463135587588184e-01
9.748066270338227035e-01
9.801488851806551272e-01
9.750748617110007732e-01
9.855951777698774841e-01
9.646254089440857715e-01
9.874527766728080636e-01
9.358612848823211205e-01
9.701403315891077295e-01
9.891628789564340662e-01
9.982928330214750900e-01
9.877146769907981794e-01
9.860530020128044359e-01
9.993469241209222975e-01
9.723923370692589829e-01
9.829985368855118644e-01
9.782055082232198329e-01
9.855411833738654259e-01
9.731045279411653093e-01
9.898306279612878456e-01
9.890520660768492567e-01
9.711600459380915762e-01
9.809743464139113467e-01
9.959446332800914181e-01
9.832700835625053370e-01
9.752392708270600785e-01
9.626470442215236956e-01
9.810713228966423394e-01
9.721491319827954003e-01
9.755042826433031333e-01
9.862741467619958735e-01
9.626859899657370656e-01
9.661976881553471230e-01
9.589039081930442743e-01
9.861408281994046288e-01
9.794877544569993155e-01
9.960323875921810455e-01
9.765736921630030487e-01
9.885540321989472190e-01
9.413599528829691421e-01
9.700283152138551301e-01
9.947632408551901895e-01
9.831234034003462074e-01
9.436180218262728570e-01
9.675479874615806608e-01
9.852487009861529144e-01
9.289455210393925411e-01
9.739529481703235181e-01
9.809991312446447731e-01
9.785373086819116883e-01
9.582806203847917814e-01
9.875454980171441965e-01
9.749094652642533720e-01
9.657450473519707534e-01
9.768288115604624178e-01
9.833121001981571796e-01
9.746108075079512600e-01
9.899524269414922140e-01
9.747729715187557487e-01
9.821327489134396016e-01
9.799524812029977161e-01
9.822483537090589412e-01
9.747946672551390801e-01
9.908167962512064442e-01
9.836989458813489851e-01
9.810747628433735823e-01
9.891378754790303152e-01
9.352213260328405831e-01
9.804023196912285965e-01
9.918350628689570625e-01
9.694991792314384682e-01
1.003503012797649419e+00
9.937324227050255976e-01
9.841059363771273993e-01
9.745997249095146309e-01
9.846681178061106321e-01
9.835509951279883811e-01
1.002760814352403385e+00
9.641520269108101449e-01
9.754637918247242023e-01
9.610552016143724119e-01
9.733159916955483881e-01
9.967347559040263816e-01
9.781511374605713627e-01
9.623502031640123189e-01
9.960540737304406367e-01
9.858417170092977910e-01
9.649083909233129308e-01
9.781875955041904325e-01
9.575687946204619605e-01
9.882404221582937742e-01
9.705459622526031449e-01
9.931169352285177387e-01
9.644628384732750748e-01
9.928027588410359705e-01
9.866294476077482889e-01
9.886021652164302953e-01
9.464068836788818162e-01
9.889429782141614389e-01
9.699118137174841392e-01
9.878213081110405192e-01
9.706526293757872237e-01
9.699821328748539084e-01
9.789204120339068949e-01
9.935047839035415773e-01
9.705385654917006999e-01
9.731181245307161110e-01
9.898138156018794209e-01
9.933706814818108466e-01
9.547965093711373585e-01
9.706564626327381928e-01
9.746537589746647745e-01
9.835981243236961991e-01
9.551354849477208253e-01
9.841397464331684830e-01
9.740850193967949266e-01
9.862663818255233972e-01
9.585227289910057680e-01
9.815548105439007021e-01
9.707526821566883068e-01
9.800368703589250607e-01
9.801020768561677921e-01
9.753471427438227259e-01
9.653810417490376050e-01
9.662417447262452441e-01
9.814697107210897942e-01
9.770637024659110104e-01
9.805658142319730874e-01
9.775618135662506036e-01
9.675061190939495681e-01
9.864601138844535377e-01
9.911707887565621711e-01
9.803630400777715304e-01
9.615952929406188510e-01
9.815133829849943536e-01
9.816595447808560415e-01
9.743565924238521969e-01
9.971193455535065642e-01
9.970931610264146538e-01
9.912889640778786982e-01
9.894567202871775713e-01
9.806923079659641829e-01
9.902657767175232495e-01
9.926100859504930485e-01
9.813807561890254272e-01
9.773869365375383866e-01
9.924667328807371680e-01
9.863736232840846219e-01
9.670513315989914815e-01
9.681326976722384181e-01
9.966124166696076481e-01
9.886591832653910394e-01
9.875156436891376899e-01
9.829864577520678326e-01
9.797961672737551808e-01
9.819787189533034644e-01
9.980489778872516649e-01
9.715936883721479900e-01
9.654296905464476719e-01
1.008397743406034497e+00
9.826331894372084541e-01
9.877888693017082833e-01
9.781679295681895425e-01
9.927945885680665716e-01
9.913386169785191049e-01
9.930436883778586132e-01
9.427237785329753983e-01
9.650024261366387801e-01
9.672627133076799888e-01
9.808133824323190808e-01
9.885238798195484788e-01
9.720018472864174752e-01
9.792797077058114086e-01
9.884489307283098602e-01
9.875093070113624139e-01
9.905260901221497605e-01
9.752755455394406248e-01
9.845185884691584066e-01
9.855344663996433718e-01
9.875436422254096902e-01
9.920612097711738464e-01
9.889501189637744938e-01
9.810342729128587180e-01
9.881849141636531719e-01
9.525552910908275939e-01
9.866341237441746959e-01
9.727023373289748198e-01
9.862157062314280687e-01
9.889739742351004725e-01
9.595834869654839006e-01
9.785817189692601614e-01
9.766283092433033497e-01
9.887953040181577391e-01
9.798165027870177068e-01
9.808961643341689296e-01
9.890062017666756411e-01
9.888610381686148143e-01
9.660581629940039328e-01
9.629573108878992649e-01
9.690880228447795730e-01
9.786992785931332151e-01
9.750717401608256507e-01
9.772054342402687332e-01
9.788357738006187025e-01
9.796169948317418052e-01
9.870398363598131830e-01
9.687049164415882929e-01
9.794134980726213469e-01
9.515253374138733511e-01
9.603342784134667465e-01
9.710252222639259578e-01
9.804050523722527277e-01
9.758507559910007956e-01
1.006551651454928864e+00
9.953811015532368911e-01
9.495843026834086542e-01
9.688432906963770908e-01
9.856177179145518830e-01
9.772480283718782967e-01
9.704065921676826578e-01
9.893468509106988495e-01
9.940414553953238475e-01
9.864545225410582541e-01
9.786881866299136368e-01
9.753818003238058365e-01
9.744171115258395410e-01
9.697314120969833251e-01
9.881681470833831860e-01
9.848114194206559757e-01
9.908661036257198074e-01
9.988055162782245588e-01
9.961489839214073827e-01
9.827252042311692692e-01
9.812941678922108002e-01
9.725429480221212675e-01
9.630593479635254361e-01
1.008793335904365707e+00
9.790596907733754017e-01
9.846324767269623024e-01
9.814796093046987968e-01
9.975663100824979646e-01
1.000907628762528256e+00
9.870185194065562717e-01
9.926526865120892662e-01
9.853512220323135118e-01
9.533047381213283211e-01
9.875564212159259059e-01
9.759002737883304412e-01
9.690606355524542526e-01
9.635874270003066400e-01
9.603025661652110356e-01
9.784831345471504127e-01
9.790695194543125313e-01
9.729072773156045573e-01
9.754538267209316160e-01
9.837026996088747977e-01
9.926366036920863944e-01
9.516825291648095542e-01
9.455943764399493690e-01
9.871491418907493154e-01
9.236099023855658396e-01
9.811367670978099476e-01
9.591252786512639572e-01
9.639743007568701838e-01
9.827886464630997132e-01
9.487598093479305827e-01
9.481982356457758776e-01
9.914762334858752135e-01
9.926190898309964483e-01
9.615834713845453630e-01
9.878973462595516120e-01
9.680228431771132902e-01
9.651374588241842245e-01
1.007672640195000024e+00
9.810057602867445770e-01
9.844557015919574994e-01
9.919732776126964913e-01
9.348217908880664950e-01
9.399703846667423202e-01
9.597975434062171463e-01
9.819165778580155601e-01
9.662483257602056952e-01
9.799594971743402771e-01
9.725668476129993856e-01
9.712094358889500345e-01
9.864836066951147009e-01
9.696396888562905936e-01
9.914864823482957279e-01
9.841080855803101546e-01
9.752908135929859723e-01
9.722126001830637687e-01
9.659974288040702461e-01
9.893277364727155465e-01
9.422130477167521834e-01
9.733452203789425550e-01
9.903943246744256745e-01
9.953608626927586966e-01
9.880925415837554793e-01
9.834710134248860758e-01
9.763662713638233681e-01
1.000948682335798035e+00
9.797310502218006256e-01
9.757966524335421887e-01
9.837610391776885344e-01
9.945791671599342187e-01
9.849518588248334927e-01
9.593401329773956210e-01
9.752004920497064910e-01
9.623230026618138089e-01
9.885357073057178257e-01
9.623345901451689777e-01
9.763042816967623105e-01
9.776014158274134447e-01
9.954850039958914598e-01
9.938263545834723489e-01
9.380842805403782902e-01
9.888096616507717762e-01
9.745423055029570625e-01
9.866286517761148067e-01
9.913968202860428125e-01
9.634408919158117257e-01
9.792941298411217410e-01
9.858674574957586589e-01
9.753307035155922566e-01
9.803469255068748556e-01
9.908294905214712900e-01
9.895555116655767591e-01
9.717874438154467942e-01
9.899957111562786016e-01
9.759564705109740057e-01
9.801013468027703901e-01
9.706940739754441605e-01
9.739406495229379068e-01
9.705482305698052148e-01
9.896607128805094966e-01
9.941000374727384514e-01
9.830554577909512703e-01
9.816783349088188393e-01
9.813590578591948610e-01
9.761375147636897065e-01
9.858673781179632112e-01
9.774647007666935616e-01
9.897289018092160218e-01
9.688307396884370259e-01
9.569845518231687720e-01
9.660609242200888236e-01
9.888289780362036208e-01
9.709413653882809081e-01
9.661521373908611432e-01
9.758884240002159149e-01
9.946803206992601565e-01
9.883903504281135177e-01
9.902291817710975330e-01
9.570083822446754374e-01
9.816825741799926064e-01
9.694059698892456556e-01
9.893536845415356051e-01
9.725106519370488867e-01
9.793467294570534776e-01
9.687796974231587255e-01
9.744849810877955765e-01
9.821116657564101793e-01
9.892500688474925585e-01
9.586556424314740532e-01
9.949612457943000088e-01
9.880256176974552274e-01
9.882527115959650610e-01
9.876438393688607986e-01
9.828326012157284630e-01
9.754208719181028941e-01
9.548829426159191058e-01
9.774670145387330811e-01
9.856014677362484599e-01
9.768201434918465376e-01
9.857610579124250760e-01
9.730143023313784223e-01
9.627225566132420198e-01
9.904295335593673588e-01
9.805808310734006605e-01
9.884508959537917638e-01
9.815737819693035604e-01
9.946070797636948901e-01
9.897949335253366510e-01
9.805109152145782270e-01
9.974446499579328052e-01
9.970650727200558450e-01
1.012151792972934672e+00
9.855309042509361461e-01
9.879631868312624965e-01
1.001435397650462411e+00
9.848157424492144374e-01
9.866660104546514098e-01
9.772189076131733154e-01
9.909447245474105603e-01
9.756795335006721581e-01
9.800761388703919108e-01
9.710445714941638995e-01
9.622144490276156592e-01
9.741059476611170220e-01
9.887302668443860298e-01
9.783214239415840563e-01
9.557945864070205300e-01
9.730915540716763568e-01
9.913294667159713303e-01
9.774790707662692757e-01
9.799644692836952942e-01
9.879758742213414768e-01
9.819654825265606846e-01
9.843187979419147915e-01
9.933469824862428688e-01
9.759273080337961259e-01
9.745480704095028646e-01
9.919861112767486278e-01
9.827474994042687539e-01
9.607516440168214489e-01
9.917786527154033305e-01
9.505944096799117116e-01
9.796745474660373265e-01
9.790293868146772160e-01
9.914486789441503412e-01
9.582296980833928668e-01
9.900677508886227551e-01
9.595342079569955107e-01
9.636936760001587610e-01
9.790957616339333036e-01
9.799269673965753658e-01
9.851422501686788458e-01
9.913715068619839421e-01
9.823438838053899502e-01
9.917776610148788530e-01
9.758419674830004498e-01
9.673338719915248740e-01
9.900651181058246486e-01
9.773325438161830636e-01
9.741501452505759717e-01
9.789257258588164312e-01
9.849383214190414737e-01
9.931834250629155703e-01
9.852723743286695424e-01
9.872119749463691418e-01
9.771895776613318541e-01
9.970333183855702996e-01
9.831461068118010349e-01
9.878947596030068778e-01
9.820864108624862698e-01
9.904061320323388484e-01
9.820152497901722954e-01
9.630354019763451845e-01
9.877893647296470681e-01
9.845738719565707564e-01
9.776652245576961109e-01
9.848395965158527332e-01
9.799375429568873974e-01
9.889921362698492757e-01
9.367054227694365798e-01
9.769711736197214114e-01
9.842489665501861218e-01
9.806691652289153405e-01
9.625127713213049718e-01
9.775911219368116356e-01
9.898858681693466499e-01
9.672929298371186757e-01
9.790159139617096162e-01
1.002002083457438353e+00
9.863430715784222702e-01
9.667450012226216360e-01
9.751485093976880458e-01
9.724539004863286262e-01
9.907312167462788421e-01
9.909299343992596931e-01
9.840828195298630954e-01
9.890472076059584339e-01
9.887483422203452443e-01
9.745954592312680020e-01
9.772246597227882692e-01
9.895177896712854526e-01
9.873972807406261598e-01
9.947998206728946302e-01
9.778769853238015175e-01
9.715648565225697419e-01
9.733308337187573933e-01
1.001285707164024874e+00
9.446165460461977137e-01
9.860683602332249720e-01
9.623195906595182203e-01
9.904476160476817226e-01
9.825317563353180850e-01
9.912009586040906317e-01
9.646353786293792032e-01
9.612685511399187144e-01
9.746721802622880793e-01
9.915775375920983237e-01
9.693205644958950984e-01
9.869406045855210197e-01
9.949588652982483961e-01
9.919135574329766003e-01
9.848390665956306966e-01
9.926897240772155628e-01
9.812673583661338794e-01
9.812022873755036345e-01
9.632648338883338379e-01
9.858732278964800200e-01
9.829091156842526544e-01
9.888999593273167799e-01
9.752803735548809527e-01
9.890893166074025133e-01
9.851590322459560234e-01
9.828080760505522040e-01
9.983744328268815416e-01
9.711645965087347676e-01
9.341573107201682769e-01
9.880212133191889068e-01
9.927816138812869395e-01
1.000932606515611667e+00
9.788051491562280715e-01
9.466123309202174596e-01
9.351928365022369460e-01
9.657314243282274502e-01
9.839984000621856408e-01
9.814921284953849190e-01
9.794116974995585867e-01
9.557917971202873897e-01
9.869240849903663237e-01
9.815188339861691258e-01
9.626128539423157715e-01
9.921881198129071100e-01
9.772475790134315110e-01
9.656695878678457357e-01
9.892298429803914050e-01
9.800116566788115158e-01
9.836311798178223320e-01
9.871862944819801422e-01
9.685666193973505589e-01
9.828868221586025689e-01
9.835775131808546234e-01
9.783395111920553111e-01
9.934522881495325697e-01
9.566050728578721074e-01
9.812746468354134333e-01
9.886908792439956795e-01
9.466261834791802610e-01
9.956101267251130649e-01
9.840005314268441827e-01
9.817826538187872654e-01
9.884792946118808876e-01
9.866795750918099239e-01
9.621540699198741775e-01
9.596356726311116025e-01
9.517249151633514481e-01
9.889505742916947506e-01
9.970886439614651264e-01
9.768324377508832423e-01
1.002122932970791691e+00
9.902571317250178362e-01
9.802793064913264409e-01
9.861190133295307803e-01
9.664560254387092320e-01
9.700973602578185639e-01
9.883715918538281686e-01
9.817141462026418575e-01
9.765404742259794491e-01
9.484997887725711285e-01
9.889900924531194182e-01
9.598502340214256634e-01
9.401334025146422801e-01
9.970235812952088494e-01
9.902933874599375574e-01
9.693600827328130443e-01
9.752322385578388042e-01
9.903572567631900858e-01
9.757900108684185447e-01
9.910277126727548014e-01
9.728683024913232780e-01
9.673349019830229656e-01
9.734278090472576750e-01
9.862517214849246816e-01
9.882022755239368017e-01
9.642607171841027780e-01
9.850076027303572568e-01
9.674732627103596050e-01
9.813429685730296059e-01
9.653165325821356779e-01
9.845691208857019205e-01
9.670337722548927317e-01
9.536474289619533140e-01
9.987385769724941298e-01
9.740586192832210166e-01
9.943287188748450856e-01
9.771878859983297305e-01
9.968818255876946699e-01
9.806162692291366945e-01
9.800310773732984204e-01
9.727009272390046979e-01
9.424370703088926771e-01
9.551867096866168971e-01
9.745409954004803366e-01
9.783298795184340868e-01
9.847143779297315991e-01
9.961885213851476850e-01
9.923694710128394547e-01
9.870377636971778834e-01
9.916746347065783507e-01
9.574567237890669880e-01
9.923561670539818858e-01
9.693166505091412866e-01
9.927416740912472504e-01
9.731956110122179648e-01
9.757893072162814319e-01
9.896975664378298010e-01
9.800147190436325761e-01
9.664753607025786675e-01
9.344071705048442311e-01
9.935112848620401005e-01
9.834133871633795598e-01
9.786199844416710869e-01
9.709594639458527521e-01
9.658613307110847090e-01
9.810397267110544384e-01
9.604354754956064832e-01
9.943828443673780049e-01
9.773958903492260264e-01
9.822221685920393686e-01
9.834794668732790290e-01
9.949605279242926814e-01
9.710824442640352272e-01
9.868223806473345183e-01
1.007215634229716716e+00
9.684061068044598208e-01
9.867677694654402032e-01
9.893917523663207092e-01
1.002822140322528366e+00
9.840667286787269097e-01
9.743816201345837369e-01
9.914685349815411941e-01
9.748230104842254828e-01
9.627226694740365076e-01
9.560791976272234871e-01
9.898761436662749658e-01
9.832437145607860751e-01
9.878347748568796494e-01
9.781681833868823839e-01
9.913798361395651515e-01
9.867616382834426547e-01
9.782897618594672551e-01
9.901423577159021994e-01
9.858093084448078525e-01
9.898388741571761962e-01
9.817993202192659696e-01
9.925601174855979147e-01
9.939194936003604708e-01
9.826341977067438727e-01
9.840601924713660020e-01
9.723309713562766632e-01
9.757510838202152481e-01
9.827508791456651682e-01
9.939236705141503148e-01
9.982438486432309022e-01
1.002944999633176071e+00
9.668578363563985478e-01
9.700791777568052998e-01
9.938935497156200505e-01
9.577011917424090859e-01
1.002679177896215634e+00
9.833956411362844152e-01
9.691899855333263591e-01
9.716879730373039203e-01
9.910628755708258408e-01
9.907265467059935826e-01
9.768361348123361099e-01
9.939147768857964360e-01
9.884506400135451010e-01
9.965324889021615062e-01
9.870279985554468727e-01
9.517083246111061046e-01
9.843705617473692548e-01
9.909929159073421756e-01
9.817911879034195710e-01
1.008538075188001759e+00
9.823804006486747120e-01
9.935422121796569916e-01
9.815141090794478052e-01
9.887019675963408805e-01
9.787217327087652796e-01
9.691607004561689775e-01
9.829219903788219970e-01
9.897106024984260175e-01
9.651624292744783729e-01
9.826010262247500959e-01
9.812919108257314171e-01
9.661899193777840900e-01
9.715017625479583918e-01
9.676552822226388573e-01
9.706350541509104479e-01
9.883527891837502466e-01
9.861932999124486399e-01
9.897671440712029201e-01
9.768275886891564230e-01
9.824965962021806609e-01
9.783084676697456628e-01
9.865255424903127679e-01
9.909724785311253559e-01
9.806548123349649870e-01
9.724395357389034045e-01
9.908145206833899321e-01
9.772897210259604561e-01
9.716520155562864414e-01
9.882310094581108206e-01
9.858353872868935719e-01
9.902610013905769337e-01
9.934220358189852496e-01
9.759581212282806284e-01
9.631185548542490205e-01
9.867344671928737210e-01
9.721538377378405871e-01
9.860326633972025245e-01
9.676611354880041427e-01
9.814093513313805195e-01
9.839192556176229454e-01
9.949161327108201336e-01
9.626167859238078384e-01
9.844850161789913123e-01
9.888640616877075740e-01
9.772376493315482193e-01
9.885539600040816888e-01
9.675807169335984836e-01
9.744471867698006884e-01
9.664662627040511156e-01
9.669153420981368985e-01
9.812425229994385933e-01
9.719876142363113036e-01
9.839457021151177818e-01
9.704103865460496081e-01
1.008358082134168443e+00
1.001702461996375471e+00
9.746828861424459145e-01
9.735877633440976897e-01
9.823712050420994046e-01
9.727625467922355051e-01
9.825709871731767020e-01
9.765171674473247521e-01
9.783516553904768598e-01
9.813146933253650284e-01
9.878330564833197602e-01
9.932914564239698763e-01
9.729179234727457493e-01
9.939213770395536329e-01
9.943048865689463334e-01
9.782801562169629594e-01
9.713589810359418708e-01
9.522361105161841754e-01
9.520206422556537484e-01
9.682035779055648828e-01
9.877272255945045432e-01
9.951520726234639458e-01
9.893966121888911891e-01
9.869988227454893348e-01
9.934677226209556178e-01
9.843723183181963821e-01
9.548592817831593749e-01
9.740307927963418599e-01
9.868007824350495394e-01
9.901994106412608243e-01
9.923597217174300322e-01
9.810482128328888995e-01
9.678954412667774010e-01
9.763707096489747661e-01
9.673065587054378023e-01
9.740430493509941723e-01
9.639641591769833040e-01
9.633058731330863544e-01
9.886414946877839505e-01
9.785430330715830793e-01
9.850902579800553394e-01
1.005742242726277880e+00
9.723107357373927950e-01
9.854456700135832969e-01
9.717954393443108962e-01
9.820719973262739266e-01
9.446624699173379325e-01
9.851688809462765262e-01
9.872575289796708953e-01
9.777982131386648845e-01
9.786646078527242443e-01
9.689225243466114135e-01
9.681950153466308828e-01
9.842278534716141225e-01
9.934800967497225965e-01
9.730150002656037245e-01
9.394510948922994986e-01
1.000244781577151354e+00
9.924288848465916413e-01
9.764977667454345367e-01
9.766572425380465328e-01
9.827503970748171502e-01
9.687831667175647032e-01
9.696292787134953572e-01
9.951135743526904331e-01
9.754398527951650966e-01
9.765295502716689890e-01
9.996899817243148911e-01
9.538971084523129029e-01
9.791179139877346227e-01
9.793417500269121501e-01
9.844980586314527882e-01
9.735242123658959246e-01
9.918402500735680194e-01
9.747035687517197067e-01
9.796170694997156092e-01
9.641580315485438479e-01
9.962555215855862789e-01
9.865216536707247519e-01
9.841141835257273263e-01
9.805555548487400186e-01
9.776593446275939625e-01
9.816604117784728523e-01
9.756046058846455926e-01
9.611974382915250414e-01
9.848840622113833598e-01
9.763506543936486537e-01
9.887090488919508813e-01
9.719416126018872726e-01
9.710343402009528058e-01
9.569715397572480242e-01
9.975771258127987817e-01
9.869712687065496093e-01
9.857929609804181315e-01
9.877648969770488341e-01
9.780008733075493677e-01
9.906552184988115517e-01
9.505813078921654391e-01
9.894116698357798834e-01
9.807430450708877201e-01
9.892975783995875405e-01
9.946218226356551284e-01
9.605433647717438461e-01
9.906766331494161193e-01
9.750634123997274916e-01
9.749280842394563162e-01
9.750238949536611521e-01
9.857007631936560710e-01
9.725856533664318793e-01
9.712381927631890122e-01
9.872950771796276115e-01
9.749752752577024451e-01
9.932307881199290422e-01
9.846020161840014495e-01
9.886078742528798813e-01
9.847392283785414424e-01
9.836899477339972053e-01
9.425458174896852448e-01
9.846249259922155161e-01
9.925598276326585978e-01
9.830776103511307262e-01
9.863227917931577382e-01
9.685438601775734346e-01
9.732800875950101682e-01
9.672780420147851776e-01
9.935868459318260015e-01
9.907938485378220417e-01
9.899240432024797309e-01
1.000164955387153665e+00
9.836006299229872463e-01
9.704547320924329368e-01
9.740673654635152445e-01
9.869619398742777161e-01
9.712891099387941374e-01
9.716947968105336120e-01
9.729548378279562204e-01
9.737451097102356457e-01
9.824731918363487360e-01
9.637457743024692158e-01
9.765192212916875558e-01
9.618101706507898863e-01
9.825797586830242736e-01
9.930609701176915660e-01
9.857992285214550732e-01
9.867092274886094527e-01
9.912826486780653701e-01
9.830259947166977152e-01
9.824237729351985582e-01
9.775130875917682483e-01
9.870562109854055244e-01
9.804405474365882611e-01
9.875030530573569720e-01
9.870077327039876725e-01
9.946045394430814701e-01
9.727549475934033074e-01
9.792312967293507198e-01
9.706729544935797094e-01
9.719996278939494472e-01
9.836414027109063873e-01
1.002301110504866033e+00
9.921416979908984635e-01
9.552214011831740015e-01
9.879312696361013391e-01
9.838622821723125300e-01
9.737320737191197395e-01
9.724136420116754609e-01
9.891248979107717387e-01
9.884932421019342330e-01
9.558334891744837414e-01
9.788640858178340176e-01
9.902454536603683133e-01
9.514107821285960886e-01
9.802204603147580686e-01
9.804402413679803585e-01
9.724919910337445073e-01
9.900081708430698013e-01
9.770699747716237171e-01
9.891054092871698344e-01
9.933291066301865868e-01
9.667388406520682764e-01
9.803870263381810890e-01
9.729430908704650438e-01
9.385990509544195337e-01
9.914483270754037569e-01
9.629343369945064790e-01
9.465280946820868735e-01
9.752075352902520589e-01
9.808865615567299301e-01
9.966035003440877338e-01
9.772345104537633054e-01
9.828600215778451332e-01
9.896711777876587846e-01
9.729255713242095371e-01
9.791903614422535762e-01
9.789624456943566422e-01
9.708946490787477845e-01
9.699296266627548402e-01
9.815190378887691525e-01
9.718317636419651073e-01
9.888861759635674265e-01
9.702966441402021136e-01
9.873586397565697892e-01
1.001969477491241989e+00
9.861403711478580192e-01
9.939354799821864539e-01
9.747458553388822500e-01
9.848715616961865038e-01
9.873042526612977321e-01
9.672563108609530946e-01
9.666180192471863775e-01
9.916747172914835984e-01
9.865012316134522674e-01
9.554931798057476611e-01
9.810860631230446938e-01
9.879561737899605900e-01
9.782089407052828589e-01
9.813019427923954652e-01
9.700777453292942498e-01
9.863429619493382372e-01
9.793849523447208938e-01
9.783439358183335655e-01
9.552194235750839368e-01
9.847481426342190591e-01
9.938808670761644093e-01
9.842212783743039539e-01
9.776717686248318495e-01
9.924723545275300207e-01
9.946214019092259884e-01
9.813599334321315704e-01
9.563670426952389780e-01
9.822429429293875192e-01
9.690024187984757065e-01
9.869049787283199482e-01
9.903880475785868942e-01
9.872018394726594925e-01
9.857721725707250249e-01
9.817720824338838082e-01
9.616154347174467043e-01
9.748469896982433491e-01
9.943562977356112942e-01
9.820676316555531082e-01
9.592618792799489924e-01
9.607379853776834011e-01
9.821346151999313934e-01
9.435515142232111518e-01
9.945003501235498700e-01
9.198576335708222862e-01
9.872540907487887818e-01
9.724686004954247176e-01
9.866962841905476678e-01
9.918504311754398062e-01
9.499429742651791519e-01
9.941578726841054925e-01
9.849838229247490640e-01
9.537487224521346008e-01
9.910918369141371587e-01
9.848748411809357117e-01
9.895881647368948153e-01
9.911352142206957261e-01
9.939615227971361211e-01
9.597648333855766101e-01
9.933144712930722653e-01
9.778560973692529412e-01
9.818083932166424832e-01
9.780962941465739524e-01
9.885304052071800518e-01
9.859684393358298937e-01
9.788164889279208358e-01
9.864176408211845493e-01
9.676341425050188905e-01
9.779427409916358060e-01
9.452446115732193732e-01
9.730609745908826991e-01
9.807797234671831177e-01
9.605842437356043595e-01
9.651287370881099781e-01
9.615697062050324595e-01
9.944509921931286023e-01
9.833852054938909681e-01
9.769220142209981139e-01
9.751851282520737074e-01
9.934371933757266682e-01
9.858030131956043718e-01
9.914533699506421494e-01
9.958136117002782672e-01
9.848489808528406719e-01
9.546850589209967541e-01
9.849982699327297642e-01
9.778415431894800225e-01
9.841067881960864350e-01
9.744331988154415480e-01
9.501156757374975559e-01
9.853349045013745089e-01
9.825030933183215298e-01
9.819275491192293037e-01
9.895875010263642801e-01
9.656746286295293524e-01
9.683624377439679076e-01
9.836206338345118150e-01
9.896256822288703736e-01
9.860519446988417203e-01
9.577148923406094694e-01
9.963233056645802721e-01
9.862986354022464930e-01
9.878125265386643594e-01
9.928728173303680293e-01
9.829884125616338286e-01
9.951660526397796414e-01
9.914464299747717257e-01
9.818291616054988236e-01
9.805622277285723776e-01
9.798350233531912812e-01
9.810936072247599116e-01
9.834239601223639937e-01
9.610954906519179053e-01
1.001187869827536048e+00
9.835109662038642453e-01
9.889121287432063312e-01
9.901010886044960824e-01
9.630517780381741000e-01
9.831460061388660465e-01
9.715778420299702178e-01
9.905068865746040618e-01
9.918027719545315923e-01
9.842018715615656888e-01
9.942238527389939406e-01
9.736940396566654554e-01
9.625051858215406542e-01
9.774488954800034657e-01
9.667998258320611438e-01
9.969664986396722384e-01
9.772330829868396407e-01
9.804969246240576863e-01
9.687117942435486961e-01
9.824336207541096710e-01
9.925321548786341097e-01
9.901132018776489518e-01
9.785577196061778782e-01
9.561100680445300259e-01
9.945394941588310278e-01
9.609326402118667509e-01
9.844647482585475728e-01
9.758020608282034214e-01
9.923609310337050404e-01
9.690711702062723143e-01
9.705547452520231211e-01
9.918116973599735431e-01
9.739888110040739733e-01
9.906468359317440742e-01
9.787500847013119731e-01
9.769265552259206453e-01
9.845630155893670965e-01
9.509755630358149858e-01
9.988648999074151158e-01
9.834776700235479119e-01
9.941827259657312066e-01
9.533517822709406397e-01
9.754117503499949438e-01
9.769161088952412753e-01
9.801836579513409919e-01
9.731127690852675594e-01
9.829600694672506744e-01
9.847041292118016154e-01
9.792182026102959069e-01
9.856877294646219090e-01
9.615628878039147454e-01
9.931827683255057826e-01
9.845700059816006044e-01
9.653574409901072295e-01
9.487782008189883376e-01
9.436193477498567850e-01
9.425910082533399681e-01
9.710531985781996056e-01
9.813334774043446229e-01
9.793880942371842035e-01
9.932415159977499020e-01
9.785774861675082814e-01
9.693748462185849402e-01
9.619578717542870416e-01
9.880071332863087363e-01
9.860916581769308964e-01
9.871469205299540084e-01
9.785114415018638656e-01
9.648597772567624187e-01
9.808215715985560967e-01
9.945316525440435207e-01
9.974932594523447937e-01
9.688822192209634032e-01
9.692293294212824817e-01
9.788720502572511029e-01
9.751563307610137121e-01
9.662940574897257440e-01
9.894791904695768858e-01
9.734659508466100286e-01
9.845584023688664921e-01
9.784991342476475618e-01
1.004087842211027537e+00
9.630347210603872332e-01
9.923045316292467000e-01
9.964877326118894985e-01
9.885357017778544364e-01
1.000346311847045699e+00
9.684536067792395286e-01
9.866394841697325724e-01
9.802033722889640366e-01
9.893814513054861592e-01
9.451197668792316042e-01
9.770840317756570581e-01
9.736592157482207854e-01
9.426616418221427374e-01
9.661931885793685337e-01
9.858159721122260466e-01
9.902969673802378692e-01
9.957713701896679925e-01
9.691935791587881210e-01
9.783594551429898312e-01
9.644705345691044762e-01
9.759600384307142162e-01
9.809471532506689462e-01
9.777235683324203563e-01
9.920678308965613645e-01
9.917170589148899262e-01
9.639690370448003032e-01
9.775787509752776883e-01
9.920871454860236138e-01
9.674713348885908282e-01
1.001324361716140476e+00
9.943617055230826729e-01
9.814288422639125820e-01
9.448574328753847063e-01
9.860018650546694685e-01
9.957093570520186843e-01
9.846594412337770219e-01
9.905931784763164494e-01
9.856509552761476556e-01
9.922037058149846267e-01
9.600794702170929451e-01
9.899020691478430667e-01
9.876608689844025291e-01
9.833865329488709062e-01
9.896955572168312232e-01
9.606701847710784614e-01
9.816654007507125135e-01
9.691620798748197263e-01
9.866573036518060391e-01
9.858640424344105035e-01
9.818125384616457341e-01
9.782558130653066231e-01
9.936448726964173250e-01
9.805567514772282056e-01
9.649067287204667887e-01
9.706612542764592177e-01
9.501845597295686119e-01
9.722435585970138350e-01
9.790818594368545513e-01
9.557997357853977860e-01
9.901075749545112936e-01
9.865582738991414136e-01
9.685556397674092155e-01
9.859485766755263780e-01
9.703549272470931575e-01
9.827734652121988823e-01
9.853396685969877389e-01
9.328916182795392587e-01
9.965840084190727977e-01
9.880827386968419335e-01
9.846681387943707620e-01
9.875665491287960451e-01
9.906068128449416754e-01
9.738779355382303216e-01
9.680059739656837747e-01
9.772569602722802617e-01
9.698849408928154059e-01
9.828182211985841965e-01
9.824854965006398766e-01
9.923210121659938876e-01
9.965522073689527804e-01
9.550213436114847187e-01
9.855349312562964315e-01
9.814849922352633094e-01
9.843342906240989398e-01
9.693301193921786130e-01
9.670974032390866615e-01
9.822569632756550373e-01
9.750950459008629334e-01
9.852788006928354658e-01
9.843214489768271624e-01
9.861848725184199083e-01
9.942798186122174808e-01
9.735341860459252317e-01
9.932215412040441560e-01
9.840865403860945548e-01
9.486351398711759808e-01
9.702922271181805280e-01
9.561494492004602996e-01
9.507008952969556725e-01
9.909332308142603241e-01
9.859255794567030051e-01
9.770013831482343702e-01
9.866349096548650000e-01
9.630247139160447167e-01
9.851200683165571848e-01
9.685004669197290195e-01
9.754689343493246900e-01
9.615451941107833189e-01
9.804654814544415675e-01
9.910464063339622376e-01
9.830954209922584397e-01
9.832925283553342055e-01
9.218137013083189668e-01
9.889097346201346506e-01
9.854713335896313486e-01
9.856673723567560552e-01
9.726501416797678212e-01
9.785205405609810336e-01
9.431971015914860645e-01
9.807088109057794378e-01
9.975753755617180474e-01
9.974538977008695628e-01
9.690957138231736101e-01
9.653539111585871524e-01
9.903294305861043423e-01
9.897364770401524403e-01
9.912387669660294165e-01
9.910260057415417601e-01
9.589200112166685885e-01
9.770494339744918433e-01
9.724539792764862467e-01
9.859283796313744741e-01
9.879803232490923515e-01
9.861346881338119985e-01
9.838152455206914393e-01
9.814610279164690532e-01
9.760506623360231115e-01
9.837415563000571073e-01
9.810234604527645619e-01
9.790105635462718059e-01
9.814855661280511567e-01
9.794141039192764131e-01
9.852790352509216421e-01
9.707486793492015043e-01
9.869436619299285507e-01
9.832566668383753150e-01
9.728046632058804377e-01
9.858809111641611000e-01
9.579478978941526890e-01
9.787481907132412617e-01
9.525251174390071407e-01
9.650857586901079310e-01
9.806484940021433783e-01
9.396302072835230890e-01
9.902034538051784907e-01
9.724716779484487983e-01
9.880384542007873971e-01
9.767535813405131551e-01
9.460267826211329334e-01
9.572385645272125654e-01
9.865746911273227671e-01
9.902635822765424312e-01
1.002374193649705703e+00
9.723287290063432620e-01
9.823813984932239229e-01
9.863300368558194364e-01
9.694103524720600884e-01
9.800489342678864180e-01
9.951343223362438817e-01
9.627174504203732663e-01
9.738493031018311541e-01
9.712520198477901934e-01
9.710554614288570141e-01
9.647359175750548355e-01
9.855641279724514092e-01
9.769759181123411906e-01
9.452339176669795062e-01
9.884974400094093117e-01
9.738854966942350755e-01
9.742376888850454719e-01
9.834170258596885983e-01
9.980599476650120483e-01
9.816583242930584374e-01
9.689390824011820946e-01
9.970118843917359364e-01
9.703529474026904023e-01
9.812714517489390387e-01
9.768543568457109805e-01
9.784610943073529521e-01
9.837789089981585633e-01
9.885597911150744155e-01
9.878681365762899125e-01
9.877722842729916852e-01
9.959476084698324350e-01
9.784215401104755516e-01
9.768239379000557276e-01
1.001842645232779994e+00
9.753566604236990623e-01
9.798072097734714658e-01
9.821562417708443737e-01
9.818654400219931633e-01
9.639485742314041206e-01
1.001035046834650055e+00
9.721623609579076453e-01
9.634530206512884609e-01
9.604527549087329419e-01
9.836689331415926496e-01
9.952037580946581086e-01
9.827384088952145769e-01
9.884925446490203660e-01
9.732735793606568375e-01
9.835545453274874284e-01
9.857729217464638038e-01
9.859616932159461777e-01
9.866950114506973790e-01
9.689479342708762211e-01
9.512756975902368906e-01
9.954041838987202073e-01
9.900846899763849907e-01
9.944925250960223728e-01
9.749739191612439848e-01
9.572066184829787217e-01
9.897668811153597090e-01
9.821140940554605736e-01
9.963713174641251058e-01
9.772937165684010274e-01
9.889938525734828234e-01
9.658708003043343648e-01
9.772253174736290626e-01
9.731373419494304677e-01
9.418285655920882737e-01
9.836454737276967286e-01
9.542675717091424481e-01
9.909146713520828875e-01
9.862693533531683432e-01
9.545474756966294549e-01
9.865869701413618742e-01
9.878959335739010417e-01
9.796846749575772728e-01
9.686707677026016317e-01
9.822810414811001811e-01
9.570490082222589123e-01
9.679565037487146695e-01
9.816526628448751790e-01
9.839296589099169044e-01
9.851435718613951176e-01
9.899565489605967050e-01
9.758048130724932268e-01
9.721846077470125413e-01
9.732419916241521474e-01
9.875289692760726989e-01
9.748707691960880606e-01
9.879422221211235922e-01
9.301652923267796913e-01
9.576670531063259384e-01
9.736392350429958764e-01
9.912898267968415222e-01
9.773543431982607554e-01
9.714166504426506865e-01
9.843006076822484740e-01
9.855271308284669907e-01
9.795611826979525594e-01
9.905113568942562896e-01
9.282859213390746156e-01
9.684761871273206424e-01
9.948481117148221253e-01
9.936394246431642374e-01
9.808667555993456633e-01
9.910310647958173735e-01
9.480222192534336623e-01
9.671800892851236675e-01
9.907271569354834106e-01
9.731475756192213833e-01
9.908849032629953868e-01
9.778948188872028657e-01
9.870853121512824790e-01
9.821202990685349299e-01
9.741028680165033649e-01
9.860235245611784771e-01
9.710246845403683880e-01
9.894504871656502054e-01
9.911394151304822042e-01
9.878169168716844917e-01
9.482018057410179779e-01
9.932527344839987560e-01
9.733788441842169403e-01
9.881728131199400966e-01
9.947234211405195925e-01
9.683469462833790287e-01
9.913566402701952107e-01
9.827244181940929524e-01
9.762892175723918431e-01
9.681859597015405328e-01
9.911835473955759035e-01
9.895988458952647004e-01
9.922833290677454121e-01
9.740658058446466372e-01
9.903008924241141209e-01
9.755647696051084061e-01
9.856796480968564866e-01
9.869147151672768015e-01
9.730583551009254206e-01
9.966376991502229332e-01
9.564386941656853880e-01
9.656822847289679990e-01
9.634322072190691921e-01
9.842200618054660621e-01
1.002570129678465261e+00
9.838674595540414236e-01
9.755310402223172916e-01
9.599316155009505191e-01
9.867393513496504065e-01
9.656784260805850728e-01
9.951727439647283235e-01
9.646947763487800920e-01
9.931948107339449994e-01
9.978838365373808861e-01
9.795341467884836062e-01
9.818888582299564183e-01
9.566368156333607820e-01
9.814615789906465659e-01
9.769179938878465030e-01
9.528048492052412222e-01
9.900594097637140933e-01
9.885380223049932136e-01
9.688285963698128889e-01
9.909053306483308621e-01
9.730413032054844313e-01
9.832110617070236591e-01
9.691119026441799011e-01
9.559198016276678755e-01
9.839830460835480297e-01
9.675616575153115351e-01
9.914413970019706479e-01
9.857518514049712355e-01
9.811015885972697026e-01
9.875678488501250518e-01
9.646570964992695618e-01
9.561566528951219723e-01
9.922444795844347354e-01
9.837022365701123539e-01
9.465235004138978780e-01
9.487092857868705265e-01
9.875779254312196942e-01
9.944860026249934259e-01
9.765672896281250015e-01
9.773296241183357935e-01
1.003801001013481686e+00
9.773559885020590698e-01
9.579840244046849973e-01
9.866008239606420815e-01
9.846874596546509872e-01
9.612639730398979676e-01
9.630074166402354807e-01
9.851450245811864681e-01
9.606085147316746342e-01
9.970311622903619275e-01
9.706213385635181767e-01
9.817998870531964295e-01
9.826845262734628106e-01
9.655302955253440844e-01
9.810687164092145585e-01
9.529935655077184098e-01
9.802444203363027686e-01
9.848857202421607004e-01
9.758423769732087472e-01
9.954709972087372183e-01
9.148135053282672180e-01
9.873568487862397491e-01
9.874901761912315834e-01
9.948066142785303434e-01
9.973430724352008170e-01
9.726455028370277756e-01
9.852612327906763445e-01
9.528939505456204273e-01
9.834777042510270961e-01
9.596808866176939068e-01
1.014524194097069731e+00
9.509124399256031479e-01
9.786072860660177675e-01
9.903095386513725007e-01
9.770813635822559462e-01
1.008657218239614295e+00
9.849469338994306655e-01
9.914903606297236216e-01
9.572908419437762273e-01
9.911583995403689951e-01
9.909878222203809539e-01
9.818665571844782392e-01
9.954334133364575177e-01
9.845243696830705549e-01
9.865535276837423817e-01
9.608350696962040249e-01
9.809765339410828622e-01
9.839861210712869122e-01
9.868542184639369497e-01
9.850568605385053855e-01
9.936638859202889806e-01
9.974932510526695051e-01
9.884868969711543274e-01
9.775322598812211661e-01
9.899771756304939219e-01
9.842806821271413709e-01
9.910456754250689393e-01
9.750860382477117838e-01
9.663691378265808485e-01
9.728004139567056896e-01
9.796297259657401613e-01
9.715935158534780847e-01
9.764368507243972317e-01
9.745142450052375338e-01
9.736658968150628812e-01
9.959199980778207228e-01
9.766786329431585978e-01
9.148725851279393417e-01
9.662577074698825985e-01
1.006584927851518207e+00
9.708196547280272259e-01
9.956788111324375024e-01
9.781172749462734295e-01
9.574681744297351971e-01
9.629652873345593278e-01
9.882745133148038708e-01
9.798344252175936742e-01
9.774034122946689829e-01
9.621016360547226531e-01
9.796665507306318021e-01
9.949311271840981519e-01
9.831922961385249904e-01
9.810947790299443527e-01
9.488659911692587379e-01
9.664980569526578913e-01
9.847970055985857396e-01
9.778926734723811798e-01
9.869119249940095928e-01
9.864149632512142496e-01
9.975522535302033811e-01
9.820203475572260032e-01
9.867879763091342848e-01
9.733847580134695754e-01
9.767582024419195763e-01
9.927128256873779533e-01
9.736412801262739336e-01
9.576860605861521325e-01
9.826695465253149075e-01
1.003188927097251160e+00
9.924342281843102631e-01
9.874125901539174688e-01
9.755537442259304415e-01
9.855020291310540026e-01
9.661241579721862038e-01
9.881862250381648893e-01
9.514615146220168906e-01
9.603926892295635565e-01
9.923152581213929846e-01
9.816525705085107356e-01
9.825982967710221727e-01
9.688289476389202459e-01
9.666763221538732243e-01
9.875454262366327729e-01
9.851544857862423177e-01
9.644935088240297327e-01
9.830606367131864420e-01
9.928497992747024048e-01
9.942446747422777342e-01
9.461099097756441312e-01
9.638330787698816682e-01
9.770661059964411699e-01
9.764157792134235958e-01
9.789198624881321198e-01
9.852802657277440757e-01
9.524982631264666821e-01
9.786829055272928679e-01
9.723625315657355994e-01
9.870125228045476540e-01
9.784168530156581722e-01
9.898526766488053852e-01
9.914147499727924417e-01
9.776978031603195118e-01
9.935155499970584891e-01
9.792677283954478451e-01
9.570213493802787186e-01
9.667929034588086390e-01
9.614898285814242884e-01
9.988592880292910259e-01
9.863075345811679329e-01
9.893124789034229982e-01
9.666669678673975863e-01
9.839076623206879368e-01
1.000209007214501344e+00
9.955804672296040270e-01
9.699124576890519878e-01
9.700086001003597191e-01
9.764265700930403469e-01
9.819825453002881677e-01
9.792287817912885828e-01
9.579601478455697094e-01
9.813711592857723431e-01
9.754340638525104135e-01
9.708290602340857722e-01
9.941202789296300635e-01
9.829759829240949376e-01
9.828364869825202410e-01
9.691125677937625360e-01
9.954959876769153837e-01
9.411935050280721970e-01
9.837034353002160891e-01
9.741233077786415340e-01
9.930340096070394695e-01
9.825238315394987376e-01
9.757724527593141239e-01
9.798638542304674015e-01
9.749375302146774391e-01
9.828347989913842619e-01
9.890291055381067453e-01
9.893747987574813552e-01
9.896562219671837246e-01
9.755825096904304772e-01
9.976875199751013001e-01
9.865385010262914811e-01
9.725956421940527008e-01
9.962680012132080209e-01
9.767577946851354609e-01
9.910017951899942057e-01
9.808619243850387193e-01
9.373958910232084163e-01
9.702249368343223157e-01
9.901552651184148957e-01
9.695541676535595066e-01
9.832715892768566501e-01
9.913179833817856723e-01
9.980221648946192570e-01
9.570572476823020480e-01
9.630138906721691372e-01
9.899891671620102418e-01
9.875544162167012585e-01
9.848890147717044297e-01
9.708979145055635085e-01
9.726335028553262374e-01
9.936201249425109516e-01
9.593062122820626980e-01
9.458321482071971875e-01
9.832451307739745738e-01
9.869917653181300432e-01
9.691330324160321030e-01
9.826576546497891584e-01
9.880646937377531858e-01
9.772238531175743148e-01
9.856006338385062682e-01
9.800126028832454317e-01
9.640439242710385770e-01
9.859442408928067447e-01
9.907361089923900632e-01
9.725085094359673388e-01
9.546459937918426730e-01
9.768187127677453452e-01
9.968350755866991486e-01
9.725773574235424546e-01
9.952465434400058486e-01
9.755170564556682189e-01
9.762194890472000175e-01
9.732094161352707884e-01
9.667244114730991766e-01
9.831849095102741520e-01
1.000292126201790532e+00
9.477329381611527825e-01
9.885815901146562945e-01
9.833100769233439342e-01
9.680158839154107131e-01
9.380861401169078295e-01
9.700256091126231439e-01
9.791369553118796087e-01
1.007033446739403981e+00
9.588560790262264932e-01
9.721974373171174966e-01
9.884962534469640127e-01
9.924199269084572617e-01
9.559649776216795347e-01
9.950728193348808981e-01
9.941470077947505146e-01
9.956567522224666344e-01
9.408646505633647683e-01
9.903427547461759461e-01
9.843893426177092731e-01
9.789439397517888386e-01
9.785738787679529871e-01
9.935355290858272070e-01
9.813791964126156175e-01
9.919680413129913221e-01
9.863691461255839066e-01
9.893256752358935424e-01
1.006299545047692368e+00
9.909333228983184805e-01
9.698910038374105591e-01
9.773099677458481072e-01
9.745270567405718287e-01
9.890602689375262990e-01
9.477468935694328689e-01
9.632229773418548024e-01
9.847678786382322302e-01
9.786121948795478698e-01
9.874104304652813191e-01
9.998639320338021941e-01
9.987085854215450587e-01
9.754732496616510540e-01
9.716889600422375928e-01
9.855723079203563275e-01
9.602624267166760541e-01
9.320012478133685718e-01
9.850464705280762567e-01
9.785942895357899740e-01
9.796239648601778871e-01
9.702049579152086656e-01
9.859717081600002375e-01
9.630190105492325570e-01
9.799846476106193194e-01
9.671067549027267951e-01
9.664305294248101141e-01
9.589106820301571688e-01
9.855911432696861096e-01
9.702338083777436450e-01
9.955552368991585910e-01
9.749143975305705201e-01
9.950985618818274370e-01
9.868063502347521609e-01
9.849502116572729227e-01
9.961491026568622953e-01
9.891756461771070708e-01
9.724984965993551667e-01
9.589986899440877677e-01
9.866933921557996534e-01
1.000651678424082647e+00
9.773846500813559990e-01
9.801838983961752572e-01
9.683242825686673161e-01
9.807925866432727346e-01
9.872369708395924981e-01
9.761712232335537642e-01
9.854839170586690011e-01
9.929462080567810212e-01
9.817711928660490805e-01
9.755074230674180003e-01
9.727827058481022249e-01
9.721038489759237233e-01
9.857604381017371908e-01
9.818567775302804446e-01
9.956347358361031796e-01
9.716102883542127033e-01
9.735154440243029006e-01
9.760797864918938638e-01
9.931332869790389095e-01
9.828926889166218483e-01
9.602620553177301232e-01
9.681601306629827874e-01
9.846652355716448701e-01
9.705376736875455101e-01
9.707411077073956340e-01
9.728588274758707133e-01
9.803709172030996566e-01
9.914620812498592395e-01
9.692088478378015903e-01
9.415895429586343957e-01
9.935290250224138031e-01
9.825440277448281856e-01
9.662526705701872665e-01
9.819441578948975291e-01
9.769144851207021141e-01
9.935735880895119054e-01
9.789003706794303650e-01
9.757403458731486179e-01
9.859171484700891552e-01
9.612478099808128285e-01
9.903184194134395657e-01
9.468342488389803746e-01
9.893767157245566546e-01
9.880886024477767426e-01
9.794350978555116383e-01
9.876322622609661206e-01
9.757254412928418885e-01
9.852694224216839158e-01
9.911133730608026049e-01
9.591845024722863711e-01
9.928144169044216261e-01
9.691622561743625797e-01
9.847346603895149597e-01
9.997962752058130453e-01
9.897185002177535385e-01
9.962164953914938170e-01
9.825817576124887820e-01
9.890077758009203635e-01
9.940126989204750574e-01
9.966177964297896485e-01
9.648337768100709866e-01
9.781441923247709003e-01
9.853899753379448123e-01
9.403704310793824517e-01
9.811419570369944720e-01
9.821139300417545126e-01
9.666613500784549950e-01
9.759087072733918511e-01
9.866960451599843251e-01
9.810657589399687240e-01
9.851430094349713507e-01
9.723226344620130579e-01
9.726319521911822585e-01
9.749969508566661558e-01
9.876748611651934295e-01
9.872438532939787903e-01
9.792760251965577645e-01
9.715541833119730741e-01
9.867891015936490762e-01
9.752923565861943977e-01
9.608964340915822078e-01
9.638292027521605521e-01
9.818435801584093348e-01
9.611726747289754957e-01
9.852563376221150637e-01
9.771405699904163189e-01
9.650812911009676309e-01
9.948084300714545858e-01
9.884870006463640779e-01
9.928949803805212637e-01
9.705839980380261967e-01
9.830608008089397609e-01
9.698309561319726768e-01
9.879076959861099461e-01
9.849661796988652407e-01
9.829168689276640558e-01
9.940257370145264559e-01
9.960897746769357131e-01
1.000975560337864279e+00
9.693819936292661366e-01
9.931156783693193546e-01
9.808493052692845993e-01
9.828969442236572540e-01
9.902526060559487808e-01
9.785809817595254589e-01
9.908435222621091443e-01
9.928342933141888205e-01
9.898000002077962378e-01
9.537052900644893416e-01
9.746142996738911268e-01
9.718237043546054110e-01
9.684905939417454146e-01
9.749734794742589417e-01
9.652778292111258152e-01
9.855242242418599252e-01
9.851522598215771698e-01
9.746400486391673113e-01
9.819398428215847519e-01
9.936330171228743291e-01
9.697688391655928664e-01
9.936866358548548384e-01
1.006603216498532349e+00
9.812524476049810929e-01
9.756045149019698659e-01
1.009610480695843915e+00
9.462335999493274308e-01
9.755690755411653425e-01
9.867763276479565304e-01
9.869394240521927042e-01
9.571465981738549456e-01
9.668888951348652006e-01
1.004547988286542681e+00
9.474293330172305350e-01
9.835652731928060666e-01
9.837818695693765214e-01
9.666444312164690356e-01
9.918761226647643259e-01
9.857543516262899930e-01
9.989543942505453300e-01
9.894068636294109931e-01
9.852096839325505950e-01
9.850424791269041247e-01
9.602306783825125258e-01
9.916632265000054902e-01
9.817549867468595703e-01
9.616794509083911313e-01
1.007279585904255814e+00
9.833417063224744181e-01
9.866503046704231394e-01
9.621731036299313589e-01
9.713857184244103493e-01
9.886398360472800073e-01
9.804584798774896859e-01
9.828030816829068650e-01
9.796855146254760394e-01
9.882676460685418940e-01
9.842465703229003049e-01
9.930519050438469941e-01
9.809389330120389383e-01
9.968512540840083203e-01
9.945975824330469672e-01
9.575356559143266555e-01
9.753324726601202421e-01
9.435244394123678546e-01
9.443633281827490400e-01
9.683042385856744927e-01
9.835306303704745012e-01
9.991477856613326658e-01
9.681581882081334856e-01
9.728160678139320394e-01
9.569171803297895629e-01
9.795963709308175282e-01
9.925801963185371113e-01
9.817478547164785185e-01
9.937603662607070731e-01
9.697113737574417636e-01
9.685320647803957739e-01
9.750670387527462513e-01
9.798246037589573021e-01
9.841969761030785468e-01
9.854624243135223782e-01
9.819478624039473802e-01
9.872698888066655520e-01
9.854646127485161555e-01
9.636390718041911718e-01
9.772642101273069093e-01
9.817486138339996948e-01
9.964313430601322574e-01
9.879028281962386471e-01
9.636789565206427266e-01
9.773167202502407447e-01
9.609124696063178206e-01
1.008536052914567271e+00
9.865728428467348543e-01
9.959721299724310084e-01
9.795077300919395880e-01
9.865437829075571763e-01
9.833026750958584472e-01
9.838225426850057964e-01
1.002528644937698221e+00
9.770700672442248491e-01
9.696411634326734807e-01
9.753169979075431151e-01
9.913184116969582238e-01
9.772069682364747933e-01
9.861429641500728538e-01
9.918029436182191905e-01
9.657615090345463837e-01
9.232327708412604306e-01
9.920171079630122346e-01
9.852656768161600631e-01
9.794339832633591758e-01
9.806583525517391653e-01
9.652867288527040568e-01
9.840263941124672842e-01
9.931345948807186463e-01
9.850140662235896682e-01
9.860203073658234674e-01
9.875274980914128253e-01
9.825424011703676186e-01
9.884447061773554699e-01
9.692789793025141654e-01
9.961868517169565340e-01
9.871316650718271468e-01
9.823819454254202332e-01
9.589001688582022842e-01
9.527690054989285118e-01
9.893653738204014614e-01
9.866347593035023067e-01
9.888727801132974893e-01
9.744946613215785813e-01
9.633644166026090749e-01
9.696128168084374721e-01
9.829862209990540833e-01
9.809194171479933555e-01
1.003060125135930791e+00
9.888107316009159264e-01
9.745758663829888757e-01
9.877595450449526693e-01
9.878641808098432842e-01
9.848826057769783926e-01
9.776763083690120926e-01
9.874790097973951131e-01
9.767654882714988940e-01
9.934360877300199011e-01
9.851430210687982525e-01
1.003309821223886011e+00
9.858272623854488215e-01
9.833974476893574401e-01
9.459392269158841682e-01
9.842816675239268731e-01
9.785920144080939576e-01
9.670844150866362288e-01
9.968961569384867660e-01
9.793027566602232614e-01
9.798285656439320590e-01
9.726748785711422096e-01
9.998435996859700303e-01
9.632075535612630857e-01
9.671808899062139808e-01
9.851480500462621581e-01
9.977840447280629244e-01
9.894329876376295463e-01
9.549241470628360151e-01
9.719342683380237657e-01
9.991334266772265993e-01
9.787570032901227179e-01
9.766957793935038268e-01
9.799682644921426933e-01
9.718828862695295667e-01
9.943031292841756352e-01
9.634005849209159589e-01
9.921624922967600124e-01
9.719686616371241428e-01
9.774016797582765204e-01
9.875836466025664784e-01
9.925216631660599420e-01
9.796901829223046976e-01
9.756679836585920862e-01
9.892651610742838608e-01
9.719065350733168129e-01
9.833599367252836565e-01
9.792183337438914448e-01
9.807216727808047985e-01
9.663613909574847449e-01
9.448414476235228454e-01
9.913592167403337818e-01
9.659142482952886022e-01
9.968590890113150360e-01
9.743758455178828104e-01
9.949304948390718106e-01
9.434748533506980284e-01
9.688320874707343489e-01
9.640430580587086018e-01
9.770138474861936873e-01
9.818710266230404882e-01
9.800248546386709503e-01
9.801168256657250000e-01
9.743902571861403628e-01
9.830171418137985118e-01
9.658911585035774294e-01
9.750443436294424782e-01
9.832343656818134381e-01
9.790298045735741361e-01
9.860739197247654353e-01
9.597482536667337749e-01
9.769561859680472304e-01
9.784412886276162569e-01
9.756485665642379290e-01
9.892845415828278588e-01
9.835229428297604937e-01
9.919411425435306073e-01
9.852074538967483530e-01
9.665968296449423125e-01
9.880978519862546605e-01
9.505646215936083276e-01
9.628259471041481499e-01
9.894883733168893247e-01
9.817579013275233857e-01
9.929967077701938871e-01
9.790331559479038548e-01
9.734165020604670371e-01
9.927260725179550827e-01
9.785674492367207877e-01
9.951118409709203139e-01
9.918477376251815247e-01
9.762380266072310242e-01
9.716860041419047578e-01
9.706347932454902905e-01
9.786950352153713784e-01
9.806901427110511493e-01
9.717196008315029943e-01
9.611487825655599115e-01
9.836260656252179269e-01
9.800440844438721433e-01
9.644814028214123702e-01
9.519708698744054898e-01
9.821578739734428964e-01
9.732086346466195526e-01
9.832785154045919906e-01
9.773099132810333378e-01
9.876273498068377510e-01
9.728981477597962169e-01
9.724323294341962187e-01
9.466409839415369509e-01
9.711968693143240294e-01
9.825891383594389517e-01
9.891958681476021864e-01
9.358619539095350826e-01
9.861858366383322583e-01
9.845024564428990210e-01
9.793302496388806011e-01
9.770803181096477941e-01
9.623732097218247183e-01
9.648966368195169840e-01
9.800064181608013625e-01
9.460096075015012040e-01
9.815016896302307670e-01
9.639237973187027020e-01
9.758241001158571848e-01
9.866765917346441706e-01
9.619197940457054896e-01
9.747414171802897265e-01
9.944640051042075157e-01
9.860729394079688070e-01
9.668714930431259180e-01
9.856441814461553985e-01
9.929178614365069544e-01
9.618582496163405882e-01
9.658670806740012882e-01
9.690383566496918455e-01
9.788412108301670633e-01
9.704099075850305400e-01
9.761892124187547815e-01
9.885142344710995399e-01
9.954836462113927364e-01
9.923594403756053062e-01
9.788279319945278889e-01
9.975671532896137617e-01
9.813960959710213983e-01
9.962402967006778187e-01
9.812471400019393553e-01
9.808601691798551903e-01
9.765208868440410361e-01
9.759602516969984043e-01
9.870907585626682579e-01
9.860655459413311119e-01
9.770419119352758974e-01
9.959024766060358136e-01
9.913294512037903461e-01
1.010498263040334521e+00
9.694865892251770534e-01
9.687870615256500839e-01
9.809545218270179223e-01
9.714420088221954463e-01
9.803589363398820256e-01
9.764055719138173828e-01
9.905284273534797901e-01
9.989515252570100312e-01
9.817591664427801623e-01
9.866068129495154659e-01
9.889301524961608969e-01
9.688127143579312595e-01
9.921565199734598828e-01
9.699535437859352349e-01
9.611695927475336632e-01
9.592319382946279394e-01
9.717456402404234250e-01
9.868563496597245743e-01
9.759941380432011204e-01
9.780579012283533435e-01
9.885770793177326432e-01
9.523232425169693149e-01
9.863544860180867291e-01
9.686065411226150168e-01
9.636351878692228645e-01
9.768767793532729948e-01
9.688561002828836033e-01
9.812772685133205330e-01
9.635551780537686684e-01
9.752005758616295594e-01
9.630704423262523850e-01
9.603046368667332855e-01
9.911187866859488826e-01
9.565304132720601205e-01
9.787080063904284311e-01
9.574430752850218163e-01
9.723085784516928287e-01
9.767940253659694871e-01
9.902858431443544163e-01
9.580961846898246037e-01
9.503680437915394963e-01
9.797357258611747444e-01
9.733285609012084505e-01
9.630005517995078312e-01
9.709383520354987196e-01
9.354795309506983569e-01
9.859987156525030771e-01
9.903579553589101359e-01
9.935637076551303570e-01
9.708338041283112174e-01
9.823941602867583001e-01
9.764141415442453287e-01
9.778438411734615698e-01
9.796509150760024376e-01
9.671792354848034456e-01
9.759348125621640779e-01
9.917818617016666005e-01
9.688068904864709507e-01
9.653763212189221399e-01
9.962964380395573638e-01
9.806658664618900234e-01
1.000168443104327176e+00
9.814695270863114107e-01
9.762243705998278065e-01
9.885348700723839421e-01
9.798173132024893262e-01
9.878429164239925786e-01
9.713336603106704770e-01
9.762511024957744032e-01
9.630718496635157777e-01
9.848325420312785683e-01
9.580496344838915768e-01
9.748142517586407818e-01
9.499896801976704941e-01
9.806189741553370531e-01
9.928298083153938025e-01
9.816070644447004723e-01
9.768995674739177071e-01
9.882806442914889855e-01
9.867143534065825339e-01
9.875646399044278878e-01
9.868573747662513496e-01
9.570172316527574274e-01
9.938897160110528040e-01
9.689419218177524051e-01
1.001149267565497158e+00
9.634516218278931232e-01
9.921624669585338285e-01
9.761868292828345117e-01
9.516095585350695663e-01
9.767257690701665052e-01
9.496953678440167579e-01
9.811504555286976181e-01
9.821349088926918380e-01
9.891661134458786808e-01
9.825440012028764381e-01
9.892454433631252542e-01
9.768337525151783440e-01
9.555061199538923411e-01
9.686716717232698448e-01
9.654941568597680268e-01
9.849734937003080670e-01
9.822490562358362487e-01
9.910040394769679128e-01
1.001464135277167822e+00
9.760231927916021011e-01
9.597149081414039218e-01
9.832105286281979106e-01
9.854366001844681033e-01
9.864329438497150271e-01
9.854037033783912269e-01
9.897555121122585398e-01
9.860284687885040311e-01
9.855074092879332337e-01
9.821387586592621455e-01
9.840517925812207745e-01
9.788846087889733205e-01
9.944583685759272873e-01
9.684889379321555136e-01
9.905586715891842031e-01
9.848383211038279628e-01
9.624099501051825989e-01
9.950703563830747278e-01
1.002109415915121593e+00
9.748952773991825804e-01
9.828207643908180025e-01
9.716521866678136110e-01
9.856936213262456059e-01
9.806179608902924061e-01
9.696346440538939904e-01
9.676948627216660492e-01
1.000309334838242803e+00
9.786806265523499970e-01
9.877560830194557218e-01
9.923563703843448769e-01
9.941371120846183018e-01
9.685084015101932398e-01
9.780722154298790993e-01
9.557271299161048672e-01
9.886340534612452213e-01
9.600826174374474942e-01
9.727271801276463625e-01
9.711830889299685188e-01
9.700429243116863720e-01
9.751536393038201522e-01
9.665683914596766568e-01
9.784237304292066062e-01
9.595640797624840346e-01
9.651515608706666693e-01
1.003263351668238545e+00
9.906570630045098413e-01
9.883123820142821758e-01
9.738897314699215269e-01
9.888318569079499465e-01
9.770217772139005996e-01
9.864715127624514857e-01
9.694737927109972064e-01
9.882371499514271962e-01
9.804996204968388085e-01
9.726341633740837045e-01
9.865704438721291103e-01
9.785459785975105795e-01
9.808784173714786281e-01
9.812163629662358222e-01
9.928766004964774128e-01
9.839361767653340696e-01
9.660579918624584428e-01
9.877839440416701366e-01
9.502954778699360672e-01
9.891807451856661215e-01
9.614940431225796891e-01
9.787896733678559391e-01
9.710890607814505193e-01
9.952510742755871220e-01
9.859424667438301260e-01
9.481385509905394526e-01
1.005302260512561885e+00
9.940490189418067501e-01
9.763753342495778975e-01
9.794993348023566249e-01
9.792945237039631934e-01
9.777365100049479896e-01
9.478058512213541897e-01
9.833968902506252663e-01
9.612109409364085755e-01
9.595248128513242936e-01
9.901372409459963109e-01
9.945473855951922904e-01
9.583033509091259949e-01
9.542851116032011749e-01
9.645110530002783955e-01
9.971605777159675554e-01
9.823197767078816200e-01
9.935296979440516596e-01
9.764556307356926368e-01
9.956241027227947793e-01
9.511229042536033518e-01
9.846638301258502368e-01
9.581732872794449518e-01
9.771144413826212682e-01
9.868621258662489959e-01
9.684197708063037036e-01
9.901328963710591680e-01
9.598351687329426118e-01
9.863773906456935192e-01
9.632553115094651952e-01
9.814128390126554136e-01
9.628197500193657055e-01
9.654558585715790064e-01
9.809480194766087013e-01
9.955228650599438067e-01
9.882941695083398148e-01
9.881981015999541373e-01
9.848836073386484369e-01
9.801693182228214951e-01
9.828478880430655540e-01
9.913514767686019136e-01
9.895023475782050992e-01
9.615814680648088197e-01
1.002049856663166150e+00
9.793177194483260184e-01
9.889625917145011824e-01
9.793751339442757775e-01
9.924983594147670507e-01
9.879265943988059240e-01
9.775803045966168225e-01
9.861320699120186273e-01
9.866771157685919613e-01
9.662045245784802727e-01
9.619936953246275291e-01
9.788921731029606166e-01
9.797483902875478989e-01
9.739545787063098592e-01
9.791356103933097632e-01
9.824708524081708916e-01
9.828313883830899211e-01
9.872846805300763418e-01
9.867288920029645416e-01
9.917858408097708356e-01
9.846352204151190834e-01
9.746366228107883334e-01
9.853085313716576366e-01
9.868449877350686794e-01
9.773061855577855894e-01
9.764785861733095151e-01
9.716949776126104776e-01
9.980715127204974335e-01
9.882567686694218034e-01
9.844495640694099770e-01
9.779712671100567745e-01
9.942998757083142403e-01
9.906062403006395956e-01
9.641731285690523512e-01
9.817914565264865834e-01
9.930611560489663869e-01
9.919304548136225197e-01
9.608822869457187554e-01
9.875349507108786007e-01
9.912454773716897760e-01
9.860982433553677762e-01
9.741948427238896757e-01
9.847034901259448247e-01
9.690579112514118298e-01
9.570338606401763704e-01
9.885494434326785873e-01
9.731683606462293579e-01
9.752224759176763014e-01
9.804436496089102837e-01
9.902446517210717891e-01
9.780280250394191022e-01
9.763759803056671904e-01
9.867456234956182293e-01
9.867207723993475232e-01
9.964361338224967390e-01
9.841789847295561167e-01
9.900464198184548703e-01
9.950420339743331066e-01
9.695612675109198664e-01
9.820691086392767666e-01
9.923649810642345415e-01
9.656887704581538223e-01
9.804674679895405420e-01
9.816989413903111084e-01
9.638732961240767949e-01
9.857940849072434064e-01
9.915571818309170116e-01
9.934395678382382799e-01
9.563701608072244786e-01
9.901448515217936563e-01
9.930328743716084761e-01
9.855864497564736926e-01
9.838787831343146495e-01
9.805923648699603756e-01
9.891338589275618931e-01
9.868043937908345109e-01
9.977401685903690698e-01
9.805008685286368264e-01
9.757308527772748930e-01
9.813546738767876532e-01
9.795875966166359694e-01
9.715954993060170741e-01
9.736300230943816247e-01
9.858105100973943991e-01
9.765467994512955219e-01
9.823607429251318690e-01
9.788435413968343823e-01
9.467367110453304146e-01
9.887598711078262603e-01
9.599250410574264869e-01
9.842322716057230192e-01
9.877790022774057821e-01
1.001612340423897463e+00
9.889911394713228887e-01
9.829020626651209236e-01
9.890290620809927269e-01
9.754577122802544631e-01
9.506783475130280436e-01
9.967502532977846608e-01
9.880295735348517683e-01
9.955171278161363269e-01
9.837962079204648491e-01
9.825224287787163169e-01
9.521180717349583267e-01
9.813911666163549485e-01
9.778137761546027429e-01
9.685812151783751434e-01
9.518640879975490687e-01
9.640671254873617313e-01
9.675070712265509965e-01
9.820442394983039947e-01
9.626568958775161278e-01
9.954243428623805734e-01
9.487505793554603661e-01
9.221286623431808049e-01
9.970241350154454008e-01
9.886371450389145332e-01
9.715100898760209436e-01
9.837606643848728627e-01
9.804958502260719966e-01
9.760109295786090211e-01
9.852957431403526201e-01
9.848173831096382891e-01
9.880961024340346732e-01
9.894205973735661352e-01
9.742905639686012531e-01
1.009094582909066506e+00
9.922073277707488259e-01
9.835012801367805091e-01
9.853230588824688496e-01
9.892749920887381476e-01
9.682518631110135221e-01
1.000137683433924840e+00
9.726407774335513734e-01
9.652492425544376697e-01
9.576636669030209603e-01
9.856497869022965430e-01
9.678521522489301754e-01
9.814184734696657086e-01
9.739726211796742028e-01
9.842573052567107350e-01
9.895126584170349515e-01
9.630696050932581187e-01
9.897149088101599990e-01
9.930085074457195571e-01
9.913212079794544440e-01
9.736012370885269718e-01
9.839863534102868403e-01
9.438196255233710641e-01
9.775483648287454086e-01
9.619192123047374254e-01
9.593557293170497102e-01
9.654130723180979201e-01
9.655721320409105246e-01
9.771016975701233287e-01
1.007410540423368195e+00
9.783592717260458649e-01
9.816069444237842667e-01
9.618273210108599924e-01
9.830142301274867878e-01
9.867572402272487553e-01
9.848116451614850053e-01
9.929891288854059139e-01
9.386677931847794421e-01
9.861993115265911269e-01
9.861105555939729816e-01
9.866640457671099762e-01
9.762220002141340780e-01
9.762177217221023051e-01
9.784706050247591325e-01
9.623876044130993401e-01
9.857851348987810569e-01
9.784057463190268811e-01
9.625806264587003502e-01
9.802960655440688953e-01
9.790084450817061468e-01
9.852859977464257790e-01
9.757511590536470658e-01
9.846003513745471558e-01
9.784846266683951965e-01
9.726744570636155496e-01
9.898868841945888120e-01
9.608893752209339834e-01
9.633129239689173229e-01
9.735462258357030496e-01
9.838137319987283469e-01
9.924648922124151840e-01
9.893810354141260310e-01
9.919707976866120047e-01
9.681423386316035939e-01
9.795751128223270099e-01
9.773449288323956541e-01
9.645934416116161980e-01
9.780865068081269209e-01
9.806944994151693962e-01
9.760830216403222348e-01
9.906543024968038624e-01
9.674887559651941249e-01
9.823355221423245576e-01
9.853539421638127793e-01
9.727509672530404439e-01
9.685610818861726257e-01
9.959222928981145140e-01
9.828031339370100206e-01
9.625471765190344309e-01
9.787280635600071887e-01
9.854514752141029232e-01
9.614164456249085777e-01
9.868995281432737521e-01
9.827958216324814700e-01
9.895988085264629808e-01
9.674359472629616707e-01
9.849032887358490918e-01
9.616499697983832418e-01
9.989759932648252239e-01
9.505814296397532281e-01
9.841286733832641520e-01
9.819689444323292937e-01
9.547186214765375212e-01
9.786657243812677542e-01
9.628149630281301885e-01
9.741768320038496354e-01
9.931096124168377060e-01
9.963614842232491053e-01
9.858627321478142802e-01
9.895995706470078757e-01
9.541303079790827146e-01
9.934444722354955903e-01
9.774986342429985431e-01
9.644145600767792814e-01
9.938875622859619785e-01
9.787675047373981529e-01
9.976068714245255320e-01
9.830192805499149422e-01
9.701760661211948911e-01
9.868077833987309866e-01
9.777770831128195228e-01
9.876800380567747339e-01
9.837635455221682701e-01
9.506403712356272795e-01
9.780382835882335257e-01
9.835818867569575685e-01
9.918736661880185324e-01
9.828073313915330900e-01
9.855505843782558228e-01
9.748041931247201086e-01
9.814867464974783573e-01
9.876742082857971061e-01
9.680164822253481960e-01
9.686299803356038796e-01
9.513231179475890587e-01
9.481949000819951401e-01
9.690711334728487891e-01
9.879533904095511021e-01
9.687416043213049610e-01
9.955255230277290091e-01
9.764290228570006169e-01
9.871908529399714416e-01
9.763940324457999198e-01
9.824271939363656836e-01
9.799506980257507438e-01
9.834389648522996463e-01
9.662177284506276997e-01
9.854590775519519452e-01
9.851750227186573117e-01
9.857988755816409210e-01
9.854515033737871743e-01
9.849811367941769813e-01
9.865643611323209328e-01
9.926918031561420275e-01
9.763195751422463209e-01
9.714889453083179749e-01
9.856629248645184527e-01
9.920791342531759538e-01
9.733908604871644998e-01
9.670615210611349655e-01
9.543716971867052257e-01
9.895406909939316042e-01
9.773437017504177371e-01
9.847562483019295376e-01
9.750370479441400340e-01
9.869709010810723271e-01
9.683841578520491211e-01
9.776852644793085911e-01
9.814537411847412685e-01
9.744612162062067373e-01
9.786827321313653627e-01
9.654688629648123799e-01
9.938387591753100603e-01
9.838958658096869092e-01
9.584219101847092359e-01
9.716693793701393078e-01
9.815852598100611726e-01
9.639008441270984218e-01
9.805072146585593895e-01
9.919891084065984854e-01
9.797741525429709553e-01
9.956192264581124052e-01
9.853185374718408385e-01
9.583717086271078545e-01
9.872708803745915418e-01
9.751489279918683639e-01
9.738289434190899874e-01
9.696670037485402016e-01
9.891679602640124358e-01
9.720048432892320900e-01
9.847189051795013359e-01
9.698516488151563975e-01
9.809733050865235837e-01
9.882015734972550147e-01
9.855609577920672049e-01
9.855609485319706264e-01
9.947719655621822810e-01
9.863643954904256494e-01
9.877432804627844787e-01
9.849357556194050511e-01
9.674243611395598741e-01
9.687660711153238680e-01
9.878853143164938455e-01
9.878398485735180312e-01
9.800177711843213180e-01
9.950815248232297572e-01
9.950529812833970311e-01
9.820995866269597308e-01
9.790962691499871529e-01
9.907958249099340087e-01
9.572547487950083811e-01
9.609166993753462949e-01
9.684233816569712827e-01
9.687380255386761618e-01
9.908902524716705074e-01
9.788331123488696051e-01
9.694316918632589486e-01
9.829163108225251744e-01
9.702675140653095331e-01
9.740864382897297391e-01
9.821541887224165546e-01
9.812346568439156425e-01
9.718778863531030154e-01
9.855432177428804508e-01
9.683715262317215133e-01
9.876418730593127249e-01
1.000183208175137617e+00
9.799069371118371841e-01
9.887461578573495391e-01
9.829632079416462664e-01
9.856245740561991875e-01
9.949152873084599058e-01
9.518667538026013286e-01
9.932086389205274646e-01
9.934783530439458277e-01
9.818477991140407424e-01
9.872787902783308756e-01
9.961527028631198544e-01
9.870141101116993720e-01
9.759731409523768608e-01
9.811064420151938137e-01
9.693048323287786205e-01
9.979206247577711020e-01
9.829682902567913327e-01
9.885661848294319265e-01
9.845521118316883369e-01
9.712901808185830932e-01
9.762572042521134863e-01
9.806407843855177164e-01
9.693911406811509535e-01
9.814004647452584384e-01
9.933646697796439939e-01
9.760597056327938725e-01
9.748382549386693796e-01
9.544026180345702715e-01
9.731338425430826611e-01
9.681162525922861750e-01
9.944150352263464443e-01
9.656646598753694244e-01
9.609189995033876608e-01
9.766825262000257135e-01
9.748773800086159014e-01
9.671637292648420647e-01
9.702122466137769186e-01
9.669307445032180315e-01
9.788252142192602756e-01
9.864010374057337049e-01
9.888935944791329424e-01
9.726251150815889979e-01
9.501142848945923758e-01
9.857912263623019866e-01
9.755613624534161810e-01
9.933073015286175700e-01
9.787506968714392297e-01
1.000607974655658650e+00
9.884778451917290987e-01
9.658049748770741738e-01
9.909081252833513709e-01
9.558547342879077924e-01
9.913778908226237307e-01
9.673264205377160030e-01
9.694134284601925167e-01
9.872696309295030392e-01
1.001142198518081283e+00
9.749290493681302960e-01
9.659359388376864697e-01
9.767133235962008886e-01
9.922215979427956301e-01
9.776627073631657394e-01
9.751706299763874819e-01
9.926806596291242180e-01
9.671465279093748313e-01
9.927936332541918985e-01
1.000721885419069368e+00
9.844582481007124741e-01
9.804369995501148738e-01
9.839397959170930186e-01
9.709569445326100556e-01
9.842594496739920373e-01
9.830889137720589810e-01
9.360803348177901828e-01
9.755432398603263167e-01
9.782892828722781209e-01
9.955516397593416889e-01
9.711147583073245215e-01
9.763046390067915414e-01
9.697846233914656500e-01
9.754003601843723725e-01
9.817346201447342269e-01
9.830900487052328662e-01
9.862867328321105465e-01
9.891006836188050988e-01
9.764224794034793709e-01
9.685307189219862778e-01
9.831428838827893646e-01
9.878482943977686670e-01
9.956278385797503461e-01
9.801771477794336551e-01
9.924738965343532504e-01
9.756671839535050461e-01
9.902875727297710817e-01
9.672992404627431817e-01
9.983266178489007547e-01
9.927645186936228106e-01
9.947033318678554226e-01
9.748987172251805111e-01
9.816636221502582638e-01
9.896898011665175021e-01
1.005198527419490118e+00
9.839880043580570002e-01
9.836307878897510015e-01
9.803771154006872823e-01
9.889284095048685996e-01
9.869461036394073794e-01
9.898334127431190899e-01
9.745544814651632137e-01
9.954652556699407073e-01
9.962456530601953020e-01
9.814296278683402042e-01
9.743116657293476868e-01
9.576064795311528544e-01
9.473991112023508743e-01
9.834566442868841740e-01
9.862834928540157309e-01
9.841359234516934285e-01
9.707952053989170604e-01
9.705156506294131402e-01
9.730693552205769148e-01
9.833419093813046130e-01
9.970222380983527755e-01
9.909193216351928069e-01
9.852502324609488937e-01
9.883580291927227535e-01
9.805349768360862583e-01
9.333958223272174060e-01
9.682455563864860171e-01
9.945028413249451527e-01
9.768578065600446170e-01
9.462984229604654018e-01
9.791216111901805963e-01
9.867292160303767767e-01
9.720965889481330002e-01
9.879359055719094673e-01
9.834928255645942752e-01
9.812733822743487933e-01
9.694927179803830564e-01
9.705593044318993057e-01
9.909410452981645134e-01
9.817912797220292864e-01
9.692050288263979185e-01
9.729511369986064695e-01
9.922685405849374085e-01
9.527704204959259737e-01
9.744946089992703175e-01
9.644521820677520729e-01
9.896894980679008524e-01
9.700709947013396173e-01
9.650137624708420292e-01
9.812654770899994494e-01
9.898744693919396820e-01
9.921539081776898916e-01
9.867797484277839315e-01
9.694138632098694419e-01
9.820145792748895541e-01
9.885820161105163262e-01
9.609751204860503826e-01
9.885684422939866600e-01
9.922486491879616288e-01
9.771527942681850210e-01
9.938282639874130853e-01
1.000137832319103692e+00
9.766738991525358848e-01
9.839357253707533557e-01
9.816445035626111260e-01
9.794034840958462107e-01
9.871978033306921807e-01
9.812506671964060789e-01
9.974359513095613083e-01
9.666233658467620060e-01
9.637865433184439334e-01
9.809077548477896924e-01
9.831648737751920164e-01
9.608767062432214123e-01
9.545199596444197132e-01
9.659912421770058266e-01
9.725212922493905454e-01
9.890185091553501673e-01
9.675422477044742786e-01
9.726589733743987720e-01
9.763874914133447991e-01
9.800354304809962835e-01
9.902565797944330450e-01
9.630818083317765899e-01
9.774821469193604173e-01
9.809920035371645364e-01
9.840924890785436308e-01
9.817504726164137940e-01
9.840561207028414303e-01
9.948309822816875370e-01
9.472468608158913783e-01
9.636973642270895146e-01
9.787221699982157075e-01
9.871609027677819004e-01
9.787885324882761306e-01
9.844474163618370799e-01
9.454968781913296594e-01
9.774051240420195130e-01
9.904663266281631406e-01
9.793477469097461308e-01
9.778254969953864562e-01
9.702507105505859819e-01
9.750349117713659197e-01
9.844335487051544265e-01
9.680104545785072068e-01
9.758185656353751680e-01
9.769270615467593455e-01
9.794760866169889280e-01
9.677770921309490904e-01
9.847030841255199896e-01
9.907695526962031485e-01
9.903193568990447115e-01
9.682493794907207629e-01
9.602249364367286821e-01
9.814627132773328100e-01
9.720832965219018407e-01
9.702991724508572835e-01
9.752071854893662461e-01
9.632556988716544089e-01
9.912001511228607509e-01
1.002690421288404465e+00
9.771087249042468281e-01
9.543878627084789734e-01
9.486149409115619546e-01
9.852067635089954978e-01
9.825921757979121374e-01
9.790273677330829649e-01
9.675206037866256326e-01
9.614187068326182084e-01
9.614476344959002052e-01
9.712078886042921910e-01
9.904904948092863037e-01
9.837559305873794235e-01
9.864899342736392907e-01
9.877412961620100074e-01
9.698585227835032629e-01
9.732181628670925067e-01
9.783210176903189836e-01
9.847439352011614355e-01
9.830382537562613043e-01
9.715091109270972414e-01
9.882946460606387706e-01
9.880230874668590735e-01
9.716288773014836178e-01
9.883700406739530653e-01
9.548126301727855036e-01
9.735437642502272615e-01
9.756113699591730803e-01
9.804880151004736755e-01
9.928845922775936250e-01
9.804487791578549993e-01
9.785279162672652076e-01
9.866521464822886056e-01
9.878886556322192813e-01
9.799332469864368012e-01
9.812261670130355551e-01
9.716950093860158288e-01
9.936976744035308506e-01
9.911914237750127921e-01
9.877299719448855431e-01
9.668577751306876022e-01
9.667801251534249296e-01
9.337145332508361983e-01
9.898405173822875103e-01
9.529226131361717700e-01
9.897170505189941681e-01
9.716738212424473886e-01
9.785997600602620583e-01
9.791149008641042428e-01
9.921981644251045562e-01
9.881481859420797598e-01
9.877772473323231939e-01
9.882753490367400806e-01
9.891733010670713533e-01
9.745195391854867273e-01
9.827948996652670077e-01
9.682485265349931591e-01
9.775479689113104609e-01
9.960709492863787373e-01
9.868675094099788048e-01
9.919899347108650511e-01
9.755738961270082887e-01
9.833599840835259842e-01
9.981246069668673337e-01
9.900667298359622226e-01
9.760321848883714013e-01
9.881029745172610346e-01
9.733600322017812445e-01
9.706174816375098269e-01
9.578771313591203374e-01
9.678260200116105549e-01
9.519279525842649914e-01
9.297600375044479115e-01
9.696755689038850656e-01
9.905591827366786450e-01
9.837721833072495814e-01
9.512712965293363965e-01
9.908325547810334921e-01
9.971488341634704433e-01
9.815809468383271952e-01
9.752222552750070550e-01
9.924343649398813527e-01
9.800438617049399559e-01
9.835918640875723762e-01
9.697104971023859932e-01
9.994202608385158726e-01
9.745779246853522038e-01
9.908885469779354915e-01
9.867012132650458955e-01
9.966467665984316548e-01
9.855529261873186009e-01
9.824689974960869598e-01
9.857566639340081815e-01
9.903638879908384096e-01
1.000448755850948279e+00
1.002903633049301968e+00
9.472722643701064760e-01
9.725906758568966248e-01
9.856102719819382907e-01
9.772116425281883734e-01
9.731773785431117041e-01
9.864496303819075829e-01
9.821481377214370534e-01
1.003384110810628949e+00
9.646564862781595862e-01
9.687742665926616370e-01
9.599626517449454388e-01
9.706965713843842547e-01
9.534037504946376584e-01
9.856003625126513734e-01
9.728480780531225669e-01
9.911537428547149142e-01
9.881179274864236861e-01
9.564315731025000433e-01
9.776534753266844513e-01
9.870071927313638360e-01
9.888760920265167176e-01
9.796739805482578278e-01
9.990316608409157695e-01
9.765864092385688755e-01
9.810391033276051331e-01
9.919736610878108207e-01
9.785389205457549755e-01
9.778186973395117665e-01
9.608714366113961791e-01
9.751605102717180173e-01
9.579300495932933091e-01
9.785385615358025424e-01
9.907127954571824935e-01
9.820363239183363957e-01
9.939614520080741755e-01
9.523228391703650875e-01
9.663319611933910425e-01
9.815788231418430820e-01
9.835066729167832866e-01
9.764740612965974176e-01
9.934422575910173414e-01
9.717792319328999451e-01
9.823153771805759327e-01
9.934722565130883476e-01
9.700448090052409267e-01
9.832350520990300602e-01
9.610842427042387559e-01
9.693595158130389189e-01
9.661016542760118009e-01
9.760744749590339886e-01
9.889560561026871088e-01
1.000157243528647211e+00
9.794712137693232235e-01
9.744446622041915695e-01
9.806712436869278182e-01
9.710760459833455149e-01
9.627666844211504316e-01
9.667731047625902630e-01
9.815071710487682788e-01
9.616537068057442461e-01
9.883999958264366725e-01
9.688185652943841486e-01
9.749507152250689312e-01
9.850945182051871196e-01
9.902607888285278603e-01
9.405221470938912587e-01
9.588779036707335557e-01
9.934562495846361863e-01
9.876816733698524642e-01
9.849374886176678334e-01
9.854351700147361282e-01
9.799685285931165613e-01
9.892339142660134810e-01
9.703976553927078363e-01
9.922554704534016778e-01
9.917824416853604497e-01
9.847139009411668420e-01
9.975305754603883690e-01
9.893546094126521862e-01
9.955668939836945786e-01
9.752570317256774590e-01
9.705197602187362049e-01
9.765395318561632676e-01
9.596815003440195557e-01
9.250957699596993322e-01
9.779938862522231657e-01
9.733340064352939969e-01
9.556479071475866283e-01
9.667206154157220732e-01
9.889577644283057412e-01
9.937288913544927160e-01
9.831828820348343934e-01
9.518583657360935035e-01
9.684068257529478974e-01
9.872462245896760358e-01
9.671081786922864909e-01
1.006404214075034664e+00
9.595225193581005119e-01
9.820976948069973789e-01
9.637253174054541960e-01
9.765389772414660996e-01
9.910650394784608075e-01
9.755698814531285068e-01
9.883967662317995062e-01
9.804890176436150684e-01
9.646842441296857862e-01
9.654573131937511654e-01
9.588611107260763822e-01
9.916174802024793067e-01
9.385514031615831421e-01
9.746731586145380710e-01
9.726054151477473431e-01
9.876161751981058501e-01
9.790897775246202306e-01
9.908030857563527860e-01
9.671408551604462334e-01
9.514663712573443455e-01
9.824493936023790397e-01
9.927065972517319370e-01
9.781908919633545141e-01
9.503138825259525024e-01
9.833406667664011946e-01
9.716537081712587343e-01
9.702783082116455127e-01
9.810438491386109794e-01
9.834390524121608967e-01
9.827557599876252103e-01
9.901431449556866715e-01
9.899954306094587153e-01
9.884637122600546943e-01
9.699117419888780844e-01
9.884563731991250490e-01
9.838875425594063584e-01
9.903877104411585863e-01
9.704044489924976702e-01
9.855285355371538047e-01
9.879260272696213097e-01
9.743799000334496530e-01
9.898127716370844764e-01
9.656939921270589755e-01
9.539342735413388619e-01
9.860127408813995631e-01
9.594564553699149734e-01
9.752899759890839571e-01
9.895578722193825172e-01
9.756383997130242403e-01
9.850068584497546631e-01
9.575371540822202876e-01
9.779536938844702876e-01
9.918649904391237948e-01
9.765477138149295522e-01
9.866848278288695706e-01
9.775098125771973789e-01
9.959557355070280948e-01
9.936408213695674396e-01
9.895006794000150707e-01
9.974850910229021705e-01
9.896124816691178605e-01
9.594088243017893092e-01
9.680328654304156677e-01
9.602631838534018138e-01
9.906714482093083030e-01
9.799230421688939208e-01
9.874859644951945459e-01
9.709335045107616580e-01
9.901496762102308669e-01
9.587009133114101633e-01
9.895905994209893697e-01
9.808022275921359778e-01
9.806213583384332244e-01
9.793543334524282828e-01
9.913018172810673656e-01
9.956888236283096827e-01
9.692529710553876576e-01
9.714140168228346806e-01
9.722478208413400935e-01
9.652809925770687860e-01
9.816609718174801325e-01
9.770598783444892632e-01
9.704544118563472876e-01
9.929288475153041915e-01
9.620580396968649861e-01
9.899762321421949895e-01
9.899797094195318392e-01
9.740901089020160830e-01
9.824907463323082624e-01
9.814267180175236804e-01
9.720453810937267347e-01
9.843399696261077025e-01
9.721590835747886405e-01
9.618605451275273888e-01
9.794441143284818851e-01
9.782064578816461742e-01
9.753048480504811213e-01
9.939204098267273579e-01
9.843249129299400657e-01
9.852264855340969740e-01
9.827724628147390673e-01
9.814850438179706371e-01
9.861054151105423937e-01
9.850537266929834113e-01
9.798847340786314142e-01
9.915199636872950029e-01
9.776503992159355505e-01
9.592026225916835402e-01
9.881466235764244654e-01
9.902570196662759949e-01
1.006204315300598617e+00
9.859140835992022955e-01
9.849872595228632566e-01
9.803397807613905002e-01
9.707132790345811557e-01
9.605520800960364314e-01
9.837212798819806592e-01
1.003737492695214284e+00
9.804025333280318444e-01
9.761584437641230849e-01
9.819596862829279571e-01
9.795845200030676159e-01
9.738531073600712462e-01
9.826389292806044784e-01
9.641412276659979685e-01
9.760077011526935298e-01
9.828327176254167963e-01
9.817300532369268584e-01
9.845726543733481773e-01
9.836230999915611672e-01
9.693754234035191208e-01
9.839107425249615790e-01
9.372474051522576843e-01
9.862100541968201739e-01
9.959150806819588864e-01
9.618956266827189960e-01
9.730580074976534766e-01
9.958834443512906143e-01
1.003419286477014172e+00
9.885544878878594899e-01
9.420650441596407632e-01
9.672004149765327519e-01
9.971399073326464579e-01
9.812486046428069431e-01
9.440467594258989958e-01
9.761914752341727120e-01
9.759287648223732292e-01
9.917646572997227405e-01
9.943565985882221181e-01
9.887542993420123105e-01
9.825643113046176325e-01
9.870194013193177573e-01
9.786099830592506210e-01
9.523103952312126363e-01
9.582480720401184149e-01
9.792384592277088018e-01
9.853109335984233663e-01
9.819891962481358538e-01
9.575163499257051125e-01
9.903806543835481646e-01
9.916915596405062594e-01
9.783267281219457656e-01
9.912272632030262320e-01
9.784305841682158222e-01
9.752570073257997851e-01
9.578250001663172197e-01
9.747680317469936684e-01
9.957143871432408977e-01
9.915814261111921546e-01
9.736426964342916879e-01
9.817299434677605463e-01
9.779758783240685149e-01
1.002220400955388779e+00
9.835135576992334316e-01
9.945367805780660486e-01
9.571988777674217408e-01
9.873550464907370205e-01
9.993685807582168845e-01
9.776587756210890490e-01
9.758924502200778672e-01
9.623929144019847115e-01
9.646134341369312359e-01
9.902837429520334744e-01
9.782231462162755964e-01
9.739241899080477438e-01
9.739585870360776276e-01
9.746082052209447122e-01
9.890889359096071143e-01
9.706570531780480682e-01
9.692076573098930004e-01
9.696710392727371230e-01
9.755853020879894366e-01
9.705892583085707903e-01
9.898308230593506618e-01
9.602834421059155412e-01
9.855509231286692096e-01
9.925153534109024678e-01
9.700246838793447068e-01
9.928555459578471964e-01
9.607135070159368295e-01
9.896588768336203046e-01
9.809348135645333810e-01
9.818698351352035392e-01
9.849042591221289777e-01
9.679922631730774052e-01
9.568561050472881302e-01
9.810308170655245297e-01
9.837133896535659172e-01
9.395494162378172920e-01
9.812722903422237408e-01
1.000620473437172642e+00
9.825215818390158340e-01
9.729310082439005525e-01
9.791138674480742710e-01
9.827404474889218644e-01
9.570988846052933541e-01
9.809593504513788309e-01
9.771935821661298371e-01
9.863190691445122837e-01
9.678360989786565227e-01
9.903619524038398403e-01
9.834220433954699025e-01
9.824585773845323500e-01
9.884582975643990688e-01
9.902663768087043294e-01
9.825724115131395653e-01
9.639039379744902547e-01
9.726368176347069960e-01
9.702022238178067415e-01
9.905244395403423052e-01
9.878565425515895004e-01
9.780044466790556168e-01
9.862423816485329509e-01
9.893530892833332091e-01
9.809648824817790436e-01
9.673884510777766010e-01
9.776799375111160373e-01
9.865822453831870620e-01
9.763842749961010314e-01
9.803589356238185948e-01
9.815683440072904276e-01
9.663290905766586114e-01
9.862310816531292268e-01
9.691798096375565663e-01
9.911754133091033037e-01
9.964501123485005607e-01
9.867190497594626741e-01
9.808285454304896955e-01
9.740868975827109422e-01
9.643412955150443278e-01
9.937668605519138776e-01
9.910066733079646584e-01
9.844927823269697953e-01
9.812846483224371141e-01
9.761787877657582824e-01
1.014553301113240158e+00
9.695772997340100785e-01
9.740558396709931843e-01
9.656775490392863759e-01
9.854003021492303560e-01
9.756096526426275561e-01
9.909687282510720729e-01
9.937053474627274285e-01
9.712237174214733981e-01
9.866584129927519209e-01
9.932314730413615012e-01
9.748118049761924642e-01
9.716257528773685204e-01
9.915087144035218403e-01
9.606410375306925209e-01
9.798143035654229838e-01
9.836524105211856828e-01
9.714685456351039861e-01
9.915702369555677853e-01
9.773015914878958599e-01
9.948231413958016356e-01
9.683125349541762406e-01
9.841868077230406797e-01
1.002799698541514850e+00
9.763939288382402770e-01
9.849807338374299004e-01
9.952348220546503033e-01
9.901203093914936471e-01
9.812197560390708562e-01
9.692797077822881135e-01
9.617664692209970667e-01
9.608983311925460846e-01
9.413494207403326763e-01
9.904747068589226933e-01
9.821042602762612983e-01
9.669974197609493283e-01
9.831750533281922166e-01
9.672247813666019489e-01
9.822771972326342915e-01
9.460744099559903475e-01
9.383946840509004295e-01
9.602378216389499954e-01
9.754383660220012908e-01
9.807773369201816527e-01
9.844750343151255079e-01
9.883858746330312917e-01
9.788279462030177180e-01
9.907775931460748309e-01
9.796089308364132053e-01
9.823697886662831058e-01
9.766903503203041570e-01
9.874006042602342381e-01
9.540120976266772690e-01
9.578279749026747947e-01
9.865958675999375593e-01
9.713570266019804222e-01
9.719338878423422479e-01
9.840261169288172516e-01
9.851571045688759520e-01
9.769327750396388232e-01
9.574479397018018645e-01
9.815978082390169890e-01
9.930650130533990039e-01
9.913053750662529362e-01
9.790921598758645095e-01
9.861619717290035503e-01
9.900277196325381057e-01
9.893555478032083350e-01
9.752907080335688761e-01
9.617011955806167300e-01
9.821250267364051156e-01
9.809387306177036470e-01
9.765226429942286401e-01
9.852903089911216883e-01
9.381000224867751536e-01
9.613412181432877679e-01
9.820399257135113968e-01
9.722013940476466054e-01
9.927265559947094919e-01
9.615893862976758744e-01
9.791810328934577035e-01
9.908400048012472316e-01
9.816692707041062560e-01
9.865876422416969271e-01
9.669818226543520634e-01
9.945073343892872897e-01
9.835230211323338079e-01
9.970960912454035485e-01
9.973647818810559285e-01
9.859247568836888576e-01
9.698701637034994327e-01
9.804802625184529941e-01
9.637780911475740675e-01
9.954080342773079515e-01
9.627587499862632070e-01
9.746742286318272885e-01
9.891740361341444521e-01
9.748031494426632193e-01
9.826522661111788404e-01
9.548042570711314792e-01
9.566573337031706314e-01
9.935996449983548473e-01
9.785374431928889338e-01
9.729717492445540961e-01
9.925319071743542443e-01
9.709042306499888753e-01
9.812034736024373149e-01
9.885312595065850472e-01
9.845185451086591044e-01
9.716903803092552527e-01
9.961259890442403231e-01
9.663424358719400198e-01
9.865314132580766948e-01
9.457233154054803803e-01
9.795735220176978730e-01
9.546080902150911873e-01
9.850566266435891727e-01
9.876718081094392199e-01
9.708637318294206509e-01
9.801717290997010723e-01
9.756210222661112486e-01
9.612773663786409184e-01
9.422960046731215789e-01
9.929901110185758162e-01
9.749794821426438496e-01
9.453682291767617762e-01
9.999989367589389166e-01
9.682532736139320972e-01
9.662701762947495387e-01
9.829836641595808278e-01
9.789821531793581055e-01
9.636864952347432567e-01
9.798889144001649010e-01
9.692860957744122707e-01
9.858627467027815117e-01
9.791902381810762002e-01
9.716254015146928991e-01
9.873817067241846823e-01
9.815590742818188774e-01
9.728758980676960322e-01
9.601520248028088123e-01
9.928656169074779880e-01
9.841378675396423859e-01
9.840821648412264588e-01
9.819955664494947056e-01
9.894117350071310879e-01
9.812004353578871463e-01
9.916025313456203749e-01
9.557351357077119580e-01
9.977200272486765886e-01
9.678334373638143306e-01
9.925931320538662339e-01
9.870885694658650955e-01
9.866599357820540206e-01
9.840449581684730385e-01
9.781489167925572215e-01
9.693456046606712118e-01
9.668522946537058127e-01
9.848613627418847383e-01
9.605716296727867531e-01
9.678997195881153814e-01
9.655781587974658908e-01
9.797780693771297456e-01
9.746916760164954230e-01
9.891348926873806402e-01
9.514931700954865068e-01
9.467832910653843914e-01
9.823623089742152814e-01
9.831992711219601500e-01
9.611299422353911659e-01
9.648975637618190104e-01
9.710794291654027965e-01
9.723713198772918620e-01
9.786888390512298308e-01
9.682463147272090120e-01
9.766652758231637588e-01
9.856030561558785097e-01
9.840822362253647260e-01
9.545875738737612526e-01
9.994682766944396057e-01
9.930127904223795543e-01
9.705815692284058827e-01
9.902501518386528367e-01
1.004606013828832634e+00
9.937672885910319165e-01
9.718023645815576650e-01
9.967478977161503551e-01
9.670895353517418025e-01
9.932791601737358533e-01
9.853528833856303182e-01
9.922469421800367284e-01
9.697755610249768621e-01
9.716440835760468131e-01
1.000563878693674802e+00
9.695587090964561394e-01
9.852892292528193652e-01
9.787465666233768902e-01
9.636041697685083784e-01
9.838494039838014960e-01
9.702109634404076921e-01
9.854350138851705188e-01
9.833675295610500022e-01
9.780499053800575382e-01
9.926887138409130618e-01
9.807594108175395897e-01
9.667358050977635786e-01
9.723425324885046628e-01
9.593520634400656277e-01
9.498475007582882768e-01
9.777200379916717310e-01
9.862892073793032566e-01
9.842772502279388824e-01
9.642048048692278828e-01
9.884522524013972244e-01
9.849201092750541342e-01
9.461468204920449043e-01
9.386942486073851510e-01
9.617508184320808784e-01
1.005596721631179635e+00
9.914371732017124295e-01
9.805546154442073004e-01
9.871811858050464350e-01
9.864543767430959953e-01
9.738549955122983715e-01
9.899332212920922691e-01
9.837426476267949749e-01
9.749973975169805573e-01
9.942860647155885578e-01
9.763007202674800489e-01
9.905714944707749714e-01
9.736637649836001884e-01
9.946193156122158374e-01
9.883936159751242068e-01
9.712224247267471355e-01
9.855634084755956481e-01
9.893935812038362476e-01
9.925930830406989314e-01
9.583486001780182617e-01
9.709258170174923652e-01
9.855367393508985829e-01
9.484973417925461892e-01
9.672368704976754827e-01
9.808172201169461646e-01
9.794880333759220514e-01
9.858980790522241522e-01
9.595289232627269849e-01
9.758986132955411730e-01
9.906136122541300271e-01
9.902230204936486313e-01
9.553982269710693531e-01
9.997680411328102590e-01
9.885973571780034552e-01
9.727878759958432653e-01
9.803933493963018497e-01
9.847000655577878847e-01
9.834135739592071435e-01
9.562178709302672219e-01
9.914197153942665430e-01
9.915339288537354800e-01
9.843478274820132157e-01
9.905375201957957731e-01
9.691155140859508688e-01
9.640528533279787426e-01
9.860283923136494710e-01
9.950449959585320192e-01
9.777745383602974849e-01
9.913144731519430986e-01
9.839037317831303975e-01
9.864014846267682435e-01
9.595054663629090097e-01
9.773128138958185884e-01
9.981195961883431167e-01
9.881141203710840371e-01
9.797962376860601674e-01
9.617196409532660084e-01
9.882256573116423581e-01
9.619216179076890416e-01
9.977486511293260918e-01
9.801009691829023485e-01
9.993088211184973924e-01
9.912613526009776965e-01
9.435038283369505674e-01
9.752142737569304831e-01
9.685413376136903230e-01
9.892320030777461692e-01
9.791051307357492295e-01
9.719994291063459579e-01
9.785629860763045418e-01
9.908894037056098503e-01
9.570655130877776529e-01
9.759232216076516586e-01
9.981012548952779007e-01
1.002261889118155835e+00
9.732527208272091501e-01
9.762171524627837327e-01
9.936816505352038531e-01
9.859022573068906281e-01
9.847541773823305089e-01
9.680283391889444866e-01
9.912780464566907090e-01
9.855551783531112386e-01
9.865467882184222326e-01
9.829640338919806153e-01
9.817333082962289570e-01
9.807405879118065162e-01
9.922882904342285038e-01
9.814617184811377237e-01
9.897040245815665882e-01
9.969535120783166171e-01
9.899376800965290490e-01
9.979932466451699735e-01
9.852093908670064293e-01
9.759868222194828524e-01
9.582149524705859678e-01
9.825913727752618732e-01
9.483697003175695084e-01
9.955958183096776937e-01
9.827434465193289892e-01
9.568644834340530592e-01
9.871839850423236307e-01
9.691552058963719407e-01
9.762546082390850533e-01
9.731186476237224658e-01
9.782099882021253467e-01
9.779198943066176319e-01
9.474354728341942700e-01
9.569311807508242840e-01
9.695790395761270108e-01
9.958922469523615595e-01
9.778308539542739375e-01
9.424939161309886515e-01
9.830184881737167313e-01
9.924584470848226703e-01
9.784103472491705311e-01
9.879465700812705142e-01
9.836800433975422253e-01
9.736261403265504821e-01
9.918967330179417896e-01
9.485660439663672339e-01
9.842707129094738772e-01
9.886063867083938472e-01
9.671386155367764914e-01
9.591107398196038192e-01
9.935577941633607635e-01
9.698521043623679061e-01
9.969788806364010547e-01
9.936227768187257947e-01
9.872834219881695406e-01
9.839079645949505570e-01
9.696162842313502672e-01
9.677329255105558969e-01
9.844413893098515889e-01
9.470648869344924226e-01
9.907201527656736006e-01
9.859018012132991782e-01
9.761939780307632430e-01
9.866261746282072309e-01
9.906335040217020271e-01
9.672689111104874060e-01
9.792468081769993837e-01
9.954655616073694313e-01
9.735425173924464604e-01
9.776969957709009673e-01
9.949791973302988257e-01
9.710978363772271305e-01
9.885241780967767289e-01
9.451567475357276482e-01
9.996311362648842014e-01
9.607470987809672014e-01
9.860248923673197163e-01
9.459235817341321573e-01
9.804304451753899086e-01
9.777293726552177544e-01
9.798761483004311268e-01
9.804699235284710657e-01
9.844699988361971243e-01
9.715689143384355075e-01
9.837983197788974232e-01
9.964676339892029056e-01
9.703359724778286566e-01
9.869308771961526894e-01
9.235468768781484039e-01
9.866425881796836439e-01
9.393159331497458187e-01
9.813278771458955330e-01
9.912076419985748066e-01
9.474437392295028681e-01
9.844515649502895149e-01
9.937502383891430036e-01
9.725337219259181376e-01
9.827496167745081168e-01
9.925374596970635288e-01
9.893235127053977562e-01
9.936234746004415364e-01
9.783593530329234289e-01
9.831034395767097589e-01
9.810717488656243157e-01
9.905370034648233180e-01
9.930529482038502609e-01
9.902582021618020480e-01
9.931677340866031933e-01
9.450862483231015077e-01
9.929713814874909783e-01
9.900112787295767269e-01
9.840605513277397298e-01
9.879385497216016665e-01
9.767907034253833221e-01
9.803125062408911683e-01
9.787223892319132368e-01
9.818521416876169194e-01
9.777450194195096422e-01
9.356978832779982991e-01
9.744042549458296065e-01
9.558760397553461852e-01
9.349616056355714022e-01
9.912595079163517564e-01
9.709319632701391978e-01
9.731528925550807507e-01
9.813022847861759823e-01
9.785343590000482594e-01
9.826056829280978011e-01
9.856835999401288850e-01
9.801178052140945285e-01
9.832919102903276976e-01
9.830423612660564858e-01
9.828443202788759159e-01
9.749669686813167147e-01
9.781742008237955810e-01
9.627181778329467754e-01
9.888426527814379030e-01
9.797422406651105087e-01
9.578181465368927894e-01
9.765917472736423965e-01
9.885711673596587756e-01
9.434076381299260072e-01
9.829556919784276925e-01
9.891955128580995904e-01
9.921828505698219169e-01
9.882356864399449714e-01
9.741464655187461741e-01
9.850902540596144785e-01
9.967460922761692821e-01
9.834959219898645744e-01
9.867815006451776672e-01
9.643535909058571498e-01
9.523724313847161671e-01
9.885663542424822925e-01
9.828763339509286601e-01
9.870619193062933894e-01
9.673016589587905001e-01
9.628450401448882534e-01
9.741743041835897454e-01
9.686766818840903959e-01
9.580106680801583341e-01
9.546128537546987314e-01
9.841699434026803806e-01
9.829800609447110205e-01
9.814377768211726139e-01
9.395191794932366003e-01
9.892191262793823547e-01
9.810735717601013484e-01
9.876388611520106053e-01
9.696958063239026204e-01
9.864976688923553505e-01
9.703045660658411453e-01
9.818750039840243860e-01
9.860303482632053473e-01
9.856677044101376239e-01
9.902192603703697804e-01
9.826481607240029614e-01
9.789907205455923300e-01
9.896041646364784894e-01
9.939701130028170128e-01
9.880913996234776953e-01
9.880943009102233221e-01
9.903652983918470598e-01
9.830123396494045984e-01
9.852618371970391919e-01
9.600666329056353199e-01
9.442171318603150842e-01
9.605862926879067398e-01
9.441266743928675709e-01
9.576519072997243809e-01
9.844795521352442957e-01
9.802184064282398746e-01
9.244481148624593692e-01
9.517919701716980319e-01
9.706702133018195733e-01
9.889715607068781944e-01
9.443593377856076554e-01
9.815622814326933065e-01
9.752165124638103588e-01
9.827305619555338767e-01
9.864147949655243108e-01
9.731477048933435681e-01
9.812077506315205477e-01
1.000791740635376570e+00
9.751572098346199535e-01
9.932207291509217439e-01
9.806761967775230460e-01
9.785852146526607953e-01
9.855907650132399445e-01
9.872507744889883474e-01
9.841121219708021117e-01
9.943934763010833233e-01
9.831574239102460755e-01
9.796258452940569406e-01
9.783711193833424247e-01
9.766147993393718973e-01
9.732750801410769981e-01
9.792350489700244465e-01
9.720053142936727619e-01
9.784444218079696443e-01
9.785154483105185097e-01
9.772801820231976633e-01
9.912846071728519393e-01
9.771482393602155536e-01
9.823046748669411743e-01
9.737013811406510788e-01
9.830262803869842525e-01
9.593895006919468393e-01
9.766897277963602075e-01
9.892885176113045409e-01
9.696182666426204078e-01
9.880879270565434691e-01
9.898730800880106706e-01
9.809808017526034929e-01
9.803589178278061533e-01
9.854175275560371761e-01
9.792550515058927596e-01
9.754063870045119877e-01
9.846965792328563616e-01
9.783529111441839898e-01
9.767359542569121755e-01
9.876889216876235666e-01
9.534443047120458870e-01
9.682107326106569323e-01
9.860071995307607695e-01
9.845641278951270392e-01
9.837672634121427118e-01
9.863901535910155616e-01
9.817586442665787727e-01
9.870426262714169230e-01
9.766885140044188063e-01
9.774515124495670726e-01
9.834875042036970161e-01
9.674589582912592745e-01
9.636221532494697595e-01
9.852262818388481946e-01
9.714433162021564039e-01
9.865114113861583878e-01
9.728322415113113131e-01
9.688950134252832802e-01
9.592839484557883489e-01
9.838763252906110868e-01
9.909278848440635779e-01
9.826835531590425443e-01
9.975163988692274941e-01
9.775107593478524759e-01
9.732066780612002033e-01
9.755207966211122406e-01
9.785797473985278216e-01
9.733227197868109526e-01
9.533342241673546935e-01
9.704214147080708619e-01
9.738507452214281157e-01
9.675489602653488674e-01
9.868531401193679775e-01
9.534914044444087189e-01
9.888486159317370072e-01
9.587475048944608114e-01
9.911188467400040558e-01
9.777238798050497115e-01
9.746874821056425997e-01
9.832751380757323023e-01
9.842728692809733504e-01
9.387562263345620162e-01
9.923770452062873337e-01
9.833756604586670891e-01
9.838652955306995684e-01
9.937588184362934340e-01
9.749561810333967626e-01
9.845604022681418988e-01
9.570778117863827372e-01
9.835605234625957038e-01
9.689872580131297930e-01
9.941036343307553258e-01
9.880269054295385267e-01
9.790723063200567067e-01
9.834012973609166375e-01
9.778708133429333538e-01
9.890348860442322865e-01
9.756879640335629489e-01
9.985926094049447643e-01
9.781944463262827183e-01
9.838704901427051119e-01
9.732195927549134318e-01
9.829238402611961689e-01
9.899475971098858906e-01
9.500656789115555778e-01
9.389222986339172961e-01
9.760385840561598414e-01
9.933724596595251422e-01
9.839210774035045404e-01
9.805451599330285983e-01
9.853554392011376617e-01
9.994060875299453084e-01
9.857879774756769242e-01
9.827785738664929216e-01
9.563496027383815434e-01
9.863341980061199887e-01
9.682330637564157128e-01
9.802512146174431340e-01
9.925653370082543336e-01
9.818557708592379196e-01
9.880720834912944950e-01
9.854174976766703065e-01
9.729039896436922907e-01
9.830108435796693911e-01
9.860728533167896215e-01
9.678905761183012046e-01
9.937264417044647802e-01
9.687352238104814939e-01
9.656616778909544729e-01
9.778563543937814906e-01
9.969389421946432961e-01
9.871953055080204820e-01
9.812320125122993009e-01
9.857031160416566129e-01
9.996754672572026879e-01
9.828619579710707876e-01
9.953076914834876332e-01
9.775594014696293854e-01
9.727980288047052282e-01
9.505858663754923610e-01
9.823080073391287081e-01
9.809486088089786060e-01
9.793299408484058555e-01
9.903477010908199318e-01
9.943606565282925303e-01
9.772586786809889237e-01
9.842862500415178184e-01
9.811990015184384184e-01
9.906269278840654779e-01
9.678755556820796135e-01
9.748434912376623407e-01
9.920204690306924089e-01
9.692771522064561607e-01
9.786144337996385278e-01
9.828988095159763017e-01
9.815145598081074230e-01
9.691084333542784313e-01
1.000104372172928358e+00
9.800202206906053481e-01
9.914175102973422637e-01
9.841345756421231439e-01
9.869372625236130236e-01
9.880259279919743065e-01
9.705400960481475048e-01
9.858959914682086101e-01
9.665747834269619032e-01
9.722334881175087595e-01
9.592212223223340883e-01
9.911487784734936968e-01
9.757282254394056276e-01
9.831405317958400447e-01
9.553786221810123269e-01
9.664915883214887371e-01
9.691681136698316879e-01
9.601682354203195935e-01
9.858304547506837601e-01
9.565792207233481115e-01
9.906781156258331889e-01
9.888320764801448171e-01
9.817624188149433051e-01
9.908449014228561946e-01
9.781647557668513571e-01
9.659593902936025600e-01
9.755431721827321212e-01
9.649579973254922560e-01
9.562533641896014958e-01
9.777842149986859521e-01
9.784002835488800898e-01
9.444703036568077303e-01
9.468132094850467695e-01
9.861373435983205038e-01
9.913707908281319536e-01
9.804400085062159320e-01
9.807133903362228455e-01
9.894035366089619643e-01
9.796313836565703204e-01
9.907869498564882971e-01
9.686036019592692003e-01
9.943875235797253742e-01
9.812568488606987493e-01
9.346758650980748762e-01
9.762109064407330505e-01
9.476786414357617483e-01
9.946422267293373309e-01
9.402079330517132405e-01
9.728620716618990860e-01
9.772491503678267799e-01
9.578939364513106014e-01
9.842518775835882305e-01
9.793075551055134831e-01
9.949675746786473818e-01
9.854230510872687976e-01
9.702635235568295435e-01
9.741386885750921154e-01
9.709133099328290939e-01
9.700050044386859804e-01
9.821974385521152762e-01
9.804437848759420815e-01
9.848899592461567432e-01
9.467384515767893749e-01
9.729703268497192914e-01
9.856530270599432875e-01
9.802165955861572577e-01
9.887982991064037108e-01
9.551468514849861258e-01
9.658505837625230850e-01
9.974467815418616157e-01
9.781975310239791055e-01
9.624771550125088559e-01
9.874467151460024628e-01
9.565369938351225843e-01
9.868073743258795050e-01
9.875193647003926989e-01
9.469168277311329485e-01
9.956167592544167277e-01
9.882465815908728635e-01
9.924435861638523093e-01
9.672752709046236186e-01
9.723563385937866732e-01
9.900824921931394851e-01
9.770336678941933251e-01
9.844615592787296920e-01
9.966684083787250570e-01
9.808921560925248917e-01
9.755257753598297610e-01
9.604486027298893003e-01
9.790965419728273611e-01
9.795441271060862931e-01
9.801715434428261986e-01
9.807630584190455414e-01
9.772797217445683415e-01
9.272230713282260117e-01
9.745137754861731283e-01
9.646600890946559481e-01
9.802320707103702180e-01
9.900900727399412071e-01
9.875159921722737044e-01
9.702099254601702638e-01
9.849602235042744791e-01
9.805613572433780067e-01
9.811772893325868550e-01
9.735241393560348788e-01
9.788069123269786953e-01
9.910778125116855852e-01
9.810660102652043468e-01
9.578916367741756588e-01
9.809781774535650811e-01
9.934825379846173865e-01
9.694057598557337396e-01
9.849141635638838377e-01
9.968685713492326794e-01
9.753264622642948689e-01
9.907172991239631132e-01
9.759669666903106888e-01
9.845853805190077912e-01
9.932758262064068644e-01
1.000384774469401883e+00
9.763116917731513578e-01
9.958005165328773778e-01
1.004389213783068335e+00
9.865538971250775724e-01
9.908523033632592458e-01
9.739713598217479840e-01
9.736011651609569606e-01
9.775535534182095976e-01
9.663260447511877738e-01
9.783189883935864417e-01
9.981915109008252518e-01
9.670168746154473860e-01
9.879689235082628196e-01
9.778182340358800850e-01
9.848810417520280636e-01
9.749772609049500716e-01
1.004478376233071124e+00
9.850719139888621800e-01
9.893229555608523684e-01
9.812017737980843757e-01
9.846496871083088021e-01
9.745073265021876319e-01
9.869757076753694625e-01
9.658476876037089820e-01
9.655398523034454117e-01
9.793675522295545166e-01
9.780300119276108539e-01
9.612590958284747966e-01
9.620733826385750032e-01
9.835534312359608400e-01
9.913306646380609655e-01
9.933491646716927637e-01
9.851824865595780745e-01
9.851859455725980874e-01
9.816608524790866319e-01
9.859370776220265364e-01
9.792057313871935786e-01
9.657750514679765974e-01
9.735871942583497196e-01
9.833750462028678641e-01
9.929132850526477538e-01
9.822205164081634354e-01
9.548116240543802480e-01
1.000023788138259651e+00
9.886979209330059026e-01
9.884074775122677625e-01
9.658337087397590448e-01
9.823343733748407525e-01
9.607311135060108143e-01
9.687612069321737129e-01
9.438287106419287475e-01
9.521668979539461564e-01
9.784407500207473740e-01
9.802227668523404436e-01
1.010647496084967401e+00
9.909797430475790758e-01
9.847187170424874791e-01
9.680817310079321558e-01
9.793318998550802901e-01
9.679571009784584401e-01
9.870094024589430859e-01
9.907518456618318314e-01
9.951078174579605085e-01
9.979398702659599829e-01
9.465427627377630548e-01
9.924256524306990235e-01
9.894004879574471722e-01
9.905664911053121413e-01
9.997656982978405660e-01
9.856605739069560501e-01
9.853171949341846814e-01
9.654281037154868184e-01
9.688309464519458958e-01
9.863314684048740677e-01
9.676056739315832544e-01
9.838542516270796234e-01
9.827443014039436431e-01
9.827315711089610328e-01
9.898073302218648450e-01
9.874976933743692120e-01
9.847901010716154646e-01
9.841548968736399949e-01
9.648555052801051080e-01
9.660304704494242500e-01
9.828017190642475143e-01
9.572733392222577686e-01
9.946752506478760969e-01
9.627402093111346870e-01
9.905437164460128008e-01
9.860181844535268469e-01
9.794584275724915745e-01
9.865783657498807813e-01
9.887798640932368155e-01
9.844179033175086690e-01
9.778835048788352413e-01
9.858608346292090374e-01
9.792903635602958623e-01
9.648641379570256360e-01
9.806279090606382365e-01
9.810723356309839494e-01
9.806195595179781899e-01
9.923613621042397526e-01
9.569075777116703430e-01
9.699068780242440235e-01
9.889557319970702087e-01
9.676220564065147745e-01
9.901727422205345297e-01
9.482345485389035433e-01
9.913672654299612308e-01
9.799643183666524315e-01
9.796121400883891495e-01
9.931547274233637479e-01
9.706479029602795849e-01
9.819933207644298001e-01
9.779108713231680072e-01
9.657266009658921346e-01
9.892860846934082852e-01
9.845366046836059315e-01
9.714588425990817733e-01
9.947353014828465012e-01
9.805290984320281789e-01
9.839569819629470082e-01
9.930237296485580067e-01
9.885042181361796132e-01
9.550446775002179312e-01
9.820436210098150154e-01
9.837186109009843360e-01
9.787728583156025675e-01
9.612895391360085640e-01
9.723767305139719985e-01
9.577194610986884404e-01
9.860401329629560063e-01
9.844934256626255431e-01
9.426719418577790277e-01
9.833905672514161589e-01
9.717608413874005979e-01
9.882538979902181220e-01
9.718413337209467207e-01
9.875563701098615255e-01
9.752629554770515519e-01
9.976853430945916701e-01
9.830920102550391171e-01
9.769595173587014569e-01
9.920737729503744662e-01
9.603333234729456436e-01
9.856465378773067165e-01
9.675987666566889800e-01
9.870334544175475289e-01
9.692902678091132040e-01
9.926405129260791327e-01
9.768102389147126363e-01
9.877958253036864811e-01
9.958924565950517671e-01
9.875276612053922598e-01
9.735959874803756797e-01
9.603558288963517375e-01
9.696882085618377944e-01
9.730754124555541784e-01
9.881693718672427407e-01
9.812960258306601125e-01
9.881344543294301452e-01
9.876330629689424878e-01
9.915052077153992949e-01
9.715813329231898221e-01
9.703271398294601724e-01
9.802764953641270873e-01
9.566473358617808564e-01
9.959634178994755116e-01
9.868578719704029778e-01
9.746463965944820451e-01
9.858983057992930510e-01
9.606377573611918352e-01
1.009910870980332165e+00
9.830036118746996454e-01
9.400011180484661999e-01
9.921174725147215989e-01
9.962929424312265692e-01
9.830227757038960679e-01
9.812968540995745670e-01
9.781370797693434982e-01
9.560576437075618550e-01
9.671254407221689942e-01
9.507160308750870481e-01
9.536826855161113503e-01
9.746111242362682781e-01
9.574360016054888067e-01
9.900202073351886956e-01
9.950425195856890115e-01
9.853727588579060948e-01
9.785566347437852919e-01
9.753427989219166649e-01
9.885065576934254361e-01
9.883526201941357225e-01
9.930853181630259208e-01
9.824040264708487902e-01
9.602265836354557660e-01
9.845082381588134979e-01
9.716942766392876463e-01
9.820399805373272173e-01
9.849931936492078988e-01
9.781344600699770631e-01
9.866708691134954412e-01
9.863265455923703184e-01
9.406322306733022609e-01
9.805436350633830456e-01
9.735325020571888865e-01
9.727693541973566616e-01
9.904714732725607984e-01
9.928495348914860852e-01
9.824601430048686135e-01
9.666136406762583233e-01
9.957464598905335640e-01
9.814224476947565057e-01
9.805837940069722647e-01
9.865080357285244128e-01
9.869043809764851405e-01
9.716341965931364344e-01
1.001372187529869562e+00
9.509891152749389009e-01
9.836244203069763881e-01
9.900658436613808400e-01
9.880197108609768408e-01
9.819985277027845072e-01
9.812122659698307992e-01
9.875134996402926690e-01
9.747303116791840027e-01
9.808213342800753409e-01
9.885898734443339109e-01
9.791199929414006187e-01
9.857188631143725122e-01
9.795824000934519882e-01
9.630692450501231461e-01
9.987600009879442631e-01
9.820207245140919472e-01
9.854533617256755473e-01
9.866333834796661151e-01
9.644155506018656787e-01
9.757610211108384002e-01
9.624016840353154523e-01
9.848606791890847090e-01
9.866308049442096273e-01
9.627787080212431015e-01
9.841852653488086800e-01
9.890388713078326344e-01
9.783354848423396755e-01
9.984599803797468143e-01
9.931744340863666309e-01
9.919544077472016719e-01
9.969180345284273104e-01
9.896867024538390512e-01
9.815544849457428223e-01
9.638522098000511518e-01
9.934906221854645780e-01
9.459231107872577704e-01
9.620111614203292749e-01
9.836967880057707614e-01
9.806000743477236714e-01
9.908952329963862660e-01
9.905951638383997393e-01
9.684490669664681528e-01
9.735282374665623628e-01
9.917256607502948906e-01
9.814034183303605996e-01
9.791400945676063117e-01
9.613196204237389741e-01
9.743178350625151252e-01
9.837155222675872945e-01
9.734788518068978602e-01
9.926171685505653652e-01
9.847592799814389730e-01
9.985010286111493105e-01
9.790958550978581254e-01
9.759917024541597819e-01
9.597916589543270538e-01
9.777993402741965712e-01
9.821518440469297895e-01
9.767787552959468211e-01
9.612505993272273397e-01
9.790617681137467887e-01
9.767288361707751054e-01
9.808497218146401408e-01
9.964965346063250351e-01
9.740336618870277796e-01
9.625216555897830872e-01
9.881413394152234186e-01
9.592137172029773229e-01
9.873014586419760485e-01
9.756168109166654112e-01
9.895440269691357926e-01
9.877543939521100658e-01
9.704773908384463077e-01
9.713509575739779356e-01
9.841487433786383354e-01
9.750533607306629547e-01
9.959153441928912942e-01
9.844243166246234855e-01
9.688776344732937806e-01
9.998123664221427731e-01
9.930410625891993304e-01
9.816525485361758951e-01
9.799017596775350114e-01
1.004683694298674101e+00
9.799181538184240647e-01
9.900994391487254465e-01
9.512136645004496405e-01
9.796360267713032366e-01
9.626638139176854070e-01
9.593000098263232411e-01
9.755347199208755926e-01
9.899194022526192072e-01
9.815514771197536570e-01
9.837931924174528886e-01
9.409058916496528813e-01
9.789568314183669795e-01
9.998921247312264615e-01
9.726153089932879636e-01
9.864910927351278058e-01
9.829602812433673176e-01
9.779475850949337357e-01
9.738367800460902002e-01
9.678509375648717272e-01
9.817984037018061549e-01
9.796381296977563213e-01
9.688627684415315189e-01
9.765999279954498125e-01
9.780250338896583351e-01
9.923586790719260975e-01
9.832449552575360796e-01
9.851023294255889518e-01
9.818229845751517137e-01
9.727399675351737773e-01
9.901811985081563350e-01
9.851665602607466710e-01
9.409657487471769777e-01
9.868293935207260725e-01
9.977986403447292041e-01
9.828022944190164534e-01
9.825775568467619570e-01
9.458103995416903276e-01
9.763607672009979588e-01
9.808998273962119541e-01
9.474646199767622345e-01
9.884071485301147986e-01
9.968037698672185254e-01
9.824434840500074761e-01
9.964950884169115897e-01
9.865926634372153003e-01
9.710334887861475917e-01
9.757480186012539303e-01
9.826940494836817752e-01
9.893046808309687856e-01
9.888554026088034465e-01
9.865864876780177095e-01
9.857411534285602794e-01
9.864386465580966545e-01
9.801990204935782103e-01
9.947988975480964724e-01
9.804763463072805330e-01
9.834954837979099640e-01
1.003256255818654852e+00
9.790222485710128320e-01
9.773419922488280065e-01
9.555700016844165257e-01
9.793224720568043384e-01
9.809912960558331285e-01
9.797339795362959292e-01
9.632217018821320753e-01
9.630302125292978799e-01
9.691541546262054663e-01
1.002530132939813301e+00
9.818818550493545461e-01
9.653680164525860752e-01
9.725044535157548742e-01
9.922842140695526947e-01
9.693511969465753442e-01
9.816046176524637623e-01
9.750374722775085878e-01
9.884164140578415303e-01
9.783520732222762417e-01
9.718707822202629076e-01
9.619670124925755461e-01
9.697319784300142409e-01
9.927782418079816873e-01
9.911676916798268788e-01
9.741620538607818069e-01
9.879861192443240014e-01
9.906221275678237514e-01
9.828021619259732500e-01
9.808136019123289140e-01
9.885842768249870627e-01
9.851905081150201804e-01
9.749352180208762375e-01
9.764955833395002616e-01
9.637937536186059750e-01
1.000737751880912185e+00
9.711296125856080375e-01
9.904904228018363010e-01
9.737691670499701857e-01
9.663731930466353814e-01
9.724308118110848165e-01
9.616252887504386226e-01
9.776153517667341974e-01
9.862585623543520530e-01
9.758757598013411139e-01
9.784578207238983083e-01
9.708629061550477779e-01
9.856505501367359701e-01
9.745978594663257111e-01
9.549543591285138966e-01
9.688122905954423825e-01
9.641099486315517497e-01
9.896151474200863829e-01
9.858477912959638934e-01
9.828356266021746057e-01
9.738174636184638855e-01
9.894922429549991572e-01
9.756310715634877173e-01
9.819437513837209197e-01
9.635632170784527162e-01
9.623644546474697803e-01
9.977404472801897350e-01
9.701329121753519136e-01
9.945372769743898722e-01
9.857885150017133835e-01
9.882562938259438212e-01
9.766746983557410555e-01
9.430072298909283335e-01
9.739573890977776260e-01
9.897298167961745552e-01
9.889235491153304247e-01
9.843904744029733367e-01
9.896376968364252180e-01
9.618680438955762302e-01
9.736698800933496489e-01
9.526687194574938733e-01
9.858397030260016569e-01
9.667661182020382826e-01
9.845500475202204615e-01
9.586035809180268874e-01
9.868615494163170965e-01
9.877175682797527667e-01
9.940876500954747286e-01
9.894139028340912523e-01
9.649140187011308045e-01
9.829661804818571325e-01
9.778576373538000466e-01
9.648773754084926102e-01
9.735527654478145498e-01
9.794976865442817093e-01
9.984457525066600114e-01
9.831963341141074508e-01
9.648590163900822025e-01
9.944556637802038912e-01
9.922876856536742007e-01
9.732470808179839450e-01
9.593703002845020977e-01
9.761431983311363858e-01
9.864866125592416379e-01
9.633046439599238786e-01
9.697073241873653826e-01
9.959575499085963068e-01
9.807814552862228474e-01
9.949116998760465513e-01
9.816373899424705174e-01
9.750076253206150234e-01
9.828658422587438492e-01
9.873636925916450258e-01
9.712643061728724048e-01
9.457860769075572271e-01
9.893292650805459720e-01
9.928922202954266751e-01
9.735334372279007553e-01
9.623750673455935267e-01
9.903340896865783227e-01
9.743730319300067944e-01
9.760728063000050359e-01
1.006425725441313368e+00
9.705081808744810967e-01
9.838195995952634387e-01
9.643598059132649780e-01
9.543713010167030886e-01
9.890485483059699989e-01
9.541287889801740585e-01
9.367684935449797079e-01
9.938084275969937265e-01
9.346600619541578503e-01
9.866428264540696436e-01
9.854339402925211822e-01
9.669299757331165646e-01
9.956680364531204086e-01
9.930243197172659020e-01
9.827407543646963228e-01
9.522687201031850845e-01
9.562559776720224169e-01
9.859371288497499330e-01
9.764820912648713991e-01
9.876623944803784028e-01
9.920127974304187024e-01
9.646389199680824866e-01
9.764672310235466002e-01
9.785334892748110969e-01
9.882637249171511984e-01
9.962540890224003132e-01
9.583837134062470620e-01
9.779131163009456840e-01
9.747412023782117130e-01
9.590510339162506837e-01
9.789695822957051874e-01
9.758076715320276318e-01
9.712604983889694399e-01
9.743058419357106814e-01
9.528512360337441089e-01
9.812914076818981535e-01
9.892498334976785879e-01
9.470851623494073168e-01
9.878678291828715263e-01
9.703798434366877057e-01
9.571582311327974102e-01
9.680975261556654665e-01
9.644955747364416521e-01
9.998455458875153967e-01
1.004046452055841199e+00
9.865512818649381233e-01
9.591127808183217418e-01
9.754173577791321881e-01
9.921147450518479349e-01
9.767774681213358123e-01
9.929842590237746291e-01
9.572158712467303543e-01
9.990507510335401298e-01
9.856670748591218612e-01
9.710267499624789522e-01
9.678813003450073005e-01
9.833799239790239621e-01
9.787535945493245348e-01
9.813543745595154633e-01
9.776084485896281429e-01
9.706023675933430628e-01
9.893282500596581874e-01
9.919722873402138097e-01
9.771009097572033175e-01
9.714991203978794454e-01
9.512783933832700267e-01
9.887914367912831182e-01
9.850963098820564312e-01
1.003117626832883635e+00
9.611446250394828361e-01
9.752107119043094130e-01
9.702001526190062730e-01
9.800773431424394389e-01
9.907443802089370699e-01
9.939546889237286242e-01
9.580225895551072179e-01
9.621874597962559728e-01
9.929071841515593189e-01
9.797658805913470603e-01
9.644266245121135839e-01
9.912475034404529817e-01
1.002680094625477691e+00
9.765943950057931477e-01
9.915670906330257273e-01
9.559098346811178981e-01
9.641598748811059938e-01
9.791414257173771674e-01
9.863348849704627330e-01
9.847861597234504050e-01
9.940499867747153440e-01
9.588143417229060272e-01
9.873281914177722829e-01
9.549540896194732564e-01
9.649164028195419407e-01
9.764378925909260598e-01
9.721586564460926727e-01
9.889263404650077138e-01
9.789753366982111293e-01
9.943299463756823942e-01
9.775963672300395091e-01
9.776626805321326774e-01
9.867510119820672720e-01
9.529064609545341291e-01
9.678566696878896369e-01
9.906803775804382539e-01
9.606247044590500161e-01
9.725554106416278710e-01
9.810868960190692878e-01
9.688134626184682352e-01
9.907388906887852897e-01
9.742518682427139254e-01
9.978983318632806965e-01
9.819664313335968453e-01
9.852157436213228037e-01
9.814639261920742319e-01
9.667407631828173198e-01
9.751222369199614715e-01
9.806877803201559107e-01
9.909038317603023893e-01
9.574422576300667398e-01
9.672471003496828645e-01
9.854395696453690512e-01
9.632238038030394023e-01
9.867521326619272948e-01
9.885555821391945885e-01
9.659477084681301617e-01
9.932458947010971428e-01
9.808379804079433439e-01
9.890405427657992243e-01
9.744336337622305777e-01
9.878870935059449465e-01
9.876643618061416996e-01
9.721212299873221996e-01
9.639169357883002887e-01
9.846383422291861143e-01
9.829033801482541799e-01
9.854500099401356517e-01
9.936730146832517541e-01
9.823198442426035459e-01
9.860938012240135775e-01
9.800985506122577018e-01
9.647020545302541494e-01
9.690209508378770931e-01
9.728884664507893021e-01
9.949842397808630334e-01
9.793483214393189362e-01
9.866030023570963037e-01
9.756437074558498290e-01
9.742798984806707585e-01
9.917868246769468987e-01
9.736368828102356376e-01
9.764069979892906481e-01
9.778951832885949269e-01
9.650609115288344420e-01
9.847772585444366511e-01
9.752208920773992595e-01
9.888975786454040628e-01
9.870971761079427864e-01
9.876279670051685278e-01
9.915146586936569584e-01
9.843717163790312030e-01
9.944955619760937893e-01
9.700578586185335528e-01
9.740527935139972060e-01
9.885946019454988631e-01
9.864217208977096307e-01
9.944348405100551513e-01
9.955919145347116306e-01
9.520174927052643676e-01
9.685952569571815163e-01
9.854385761124743182e-01
9.856179370340929502e-01
9.796378935541451005e-01
9.499301473335266532e-01
9.581359890044303107e-01
9.798255602050794932e-01
9.901003919027594469e-01
1.000203958249451297e+00
9.878870688521560472e-01
9.685470585605402416e-01
9.819854587272016655e-01
9.898987057224746255e-01
9.849205384294473786e-01
9.794174421205852354e-01
9.819925431149680861e-01
9.967407058742391301e-01
9.845756807459812299e-01
9.546074338639710666e-01
9.810473901731139312e-01
1.000809559737166454e+00
9.899999518045657920e-01
9.858206312395177973e-01
9.644093963753772591e-01
9.583291594768638122e-01
9.795477917709611848e-01
9.658652904030792241e-01
9.870798012155983514e-01
9.813958479720312766e-01
9.965921499854002441e-01
9.858793773611447264e-01
9.837682177565220121e-01
9.672184356723596554e-01
9.820173978778681256e-01
9.363158083457219227e-01
9.862829000315929129e-01
9.790450864926935060e-01
9.957619227886349567e-01
9.754501948614524576e-01
9.656670290742463969e-01
9.859530179125239879e-01
9.861789637424505095e-01
9.509487763063664278e-01
9.504436369594776446e-01
9.905165129839458293e-01
9.848949003253220091e-01
9.970365398442990745e-01
9.904685525095701104e-01
9.929287251622824773e-01
9.934841268226894950e-01
9.857843440913162114e-01
9.651790740529704316e-01
9.794111953200570486e-01
9.695776153593846924e-01
9.728024427186015011e-01
1.006473490953668781e+00
9.785332006239879643e-01
9.720255382354106022e-01
9.709980949333547606e-01
9.705901887411736428e-01
9.737002260944763732e-01
9.893619015449781617e-01
9.836018537982704757e-01
9.673054866703482135e-01
9.939492431998865341e-01
9.946296596737921325e-01
9.799899239168876619e-01
9.874634089829364969e-01
9.570294397724109503e-01
9.490931809327495250e-01
9.899844599865076367e-01
9.872861643130089737e-01
9.831390907737335150e-01
9.893818143926982334e-01
9.822706128404580239e-01
9.848921630712305086e-01
9.604319181689793261e-01
9.753185115671714200e-01
9.900270398397230665e-01
9.591593325566284411e-01
9.753417897462998143e-01
9.905360826041510469e-01
9.790653570050568133e-01
9.571090613423213211e-01
9.697516219973695284e-01
9.832698923262283008e-01
9.698299893164238350e-01
9.863390888635660270e-01
9.820128495929142387e-01
9.831821768897200942e-01
9.890423935719874216e-01
9.679285586688034515e-01
9.789892527323011961e-01
9.750898868966584310e-01
9.757381788459441596e-01
9.924747155000089860e-01
9.777955783412773938e-01
9.844800130710564812e-01
9.910165073610150976e-01
9.875802667961934844e-01
9.532738310574422336e-01
9.892475170067300816e-01
1.004379730965034634e+00
9.922815874975863260e-01
9.750048049130740635e-01
9.943951175799552455e-01
9.492073572269345005e-01
9.769369387948120265e-01
9.837402441005382858e-01
9.679480418896097005e-01
1.000860459743956099e+00
9.872117923062176947e-01
9.582755404191347637e-01
9.770196338501323519e-01
9.812493140093886401e-01
9.559752359122269949e-01
9.659889487139924347e-01
9.648759680535606842e-01
9.851083927158744702e-01
9.924156626077400567e-01
9.720718346370033069e-01
9.867032741653443129e-01
9.882996972799050761e-01
9.796507974095792770e-01
9.762644185903824878e-01
9.852320302879813418e-01
9.673466145436797614e-01
9.958853155500765331e-01
9.685404924485663258e-01
9.733572213610205415e-01
9.850472474846125870e-01
9.574296121939012139e-01
9.955593739503247885e-01
9.793080499817765627e-01
9.921156585675064976e-01
9.866303138058385436e-01
9.921926147185213818e-01
9.733995411910862927e-01
9.731656246598103799e-01
9.620495104703484790e-01
9.978934175059600564e-01
9.565431411539074835e-01
9.972181014446550584e-01
9.736528139496976042e-01
9.763586152571216425e-01
9.848659010439247963e-01
9.857625182229410310e-01
9.678680205907232992e-01
9.677274783989724405e-01
9.880768463193091433e-01
9.705111153301420046e-01
9.866506091789583044e-01
9.955020842787376534e-01
9.721049292562269351e-01
9.826240306428731808e-01
9.430771467220704363e-01
9.737943799830778291e-01
9.755240575260863967e-01
9.739418477616663683e-01
9.882002820961571787e-01
9.832860285502108555e-01
9.964398608462406992e-01
9.727198632349329799e-01
9.835375430985091594e-01
9.844388084145286877e-01
9.715903260180820400e-01
9.764021297537230915e-01
9.777221165958073223e-01
9.784702479570223099e-01
9.724677729577404506e-01
9.853482951911983756e-01
9.814269634256415076e-01
9.826278145935694042e-01
9.971240444507970535e-01
9.747248398530584668e-01
9.806833697078392031e-01
9.733058355741194267e-01
9.729312954367886901e-01
9.569539550019374730e-01
9.873334181610088356e-01
9.769341897826837595e-01
9.603035434989968255e-01
9.752294802323386858e-01
9.996928854227774552e-01
9.843758916665980019e-01
9.450800144848827689e-01
9.523947689565860353e-01
9.705604099337872270e-01
9.804823233391439796e-01
9.794064555856691889e-01
9.854783910857076723e-01
9.763583905107843242e-01
9.891444573967446141e-01
9.559183659891561380e-01
9.807279112115162567e-01
9.760202946740949015e-01
9.884410904934938236e-01
9.911684305375455528e-01
1.002554053427592962e+00
9.896824150595423530e-01
9.763519813164809324e-01
9.642378161434937978e-01
9.831379320629169971e-01
9.743755303372115817e-01
9.928152747299853198e-01
9.786620367635279205e-01
9.890297962630786310e-01
9.558359579586257482e-01
9.730478840282690278e-01
9.804369808215531723e-01
9.832374445263996066e-01
9.918132981497268519e-01
9.798505578542278105e-01
9.901553404506959755e-01
9.909961793225683380e-01
9.901420009366704855e-01
9.834373028499264757e-01
9.912444442080835527e-01
9.852959876027662656e-01
9.884005120234043984e-01
9.700231655960833699e-01
9.875481903725715771e-01
9.904916444281663956e-01
9.750082972017378724e-01
9.780549335436289349e-01
9.871650089667689532e-01
9.685806757920212284e-01
9.884058661907089149e-01
9.903425604133566651e-01
9.783679249704774206e-01
9.687281975035075821e-01
9.785131153905525236e-01
9.839491198680708761e-01
9.828034192316387196e-01
9.830187622363216748e-01
9.927399032703323467e-01
9.597627852576282592e-01
9.811954103008532213e-01
9.830693261371319380e-01
9.908260487380837755e-01
9.932184125767298255e-01
9.896798711564105400e-01
9.733240598799074439e-01
9.901106788308114970e-01
9.880946987608452137e-01
9.929909479840114406e-01
9.636697760714433292e-01
9.800048598172370617e-01
9.864200092305193124e-01
9.858834221928781671e-01
9.922213512175385164e-01
9.694866321720649882e-01
9.816689846836124111e-01
9.881424717929203627e-01
9.903051235164084254e-01
9.823252540689102474e-01
9.838323079482894640e-01
9.852067336762851957e-01
9.758875151992330021e-01
9.757218273525516405e-01
9.980208659562929130e-01
9.817059443383956419e-01
9.840670303511060979e-01
9.771365191952742224e-01
9.792180271804277192e-01
9.839242336113930287e-01
9.891488315085360528e-01
9.578395678150622983e-01
9.956806886883893259e-01
9.690413789818255186e-01
9.771109079663279351e-01
9.620061229218523913e-01
9.895554491655040863e-01
9.727830139772429829e-01
9.839053150089234201e-01
9.717689599720022997e-01
9.854240385676201752e-01
9.763624953991137945e-01
9.402067844614536707e-01
9.823082492729422466e-01
9.663585801862045743e-01
1.002660580918898647e+00
9.867040061129515038e-01
9.706955009834942194e-01
9.695381401290499301e-01
9.853269210307192827e-01
9.656171679611886827e-01
9.582733522898502221e-01
9.709567387626932833e-01
9.846903722419773075e-01
9.926826668250042784e-01
9.820737004838708817e-01
9.985793989229624357e-01
9.703559575723694763e-01
9.800610826796801733e-01
9.845654283847172783e-01
9.783005689603018196e-01
9.954240798964582027e-01
9.223166018490144280e-01
9.746095271418994122e-01
9.689408208996145300e-01
9.822818821482395268e-01
9.888258300404378920e-01
9.624442194723031863e-01
9.658956451766437246e-01
9.999310497386072472e-01
9.843634078800355125e-01
9.776965139144109251e-01
9.862069332424275858e-01
9.647546236615092141e-01
9.667592881851824194e-01
9.920735837442380411e-01
9.710032613699297599e-01
9.561362082938142937e-01
9.749011579861062149e-01
9.669795412651034372e-01
9.848521546995292475e-01
9.820588725572265698e-01
9.845175717443270802e-01
9.955922730069496351e-01
9.767492240098619716e-01
9.949708398089491812e-01
9.832054712273435859e-01
9.778778222540503995e-01
9.858112833970642530e-01
9.727950990823260868e-01
9.846608672572422227e-01
9.653976481639958696e-01
9.918967724187516266e-01
9.886849365884297081e-01
9.685818935206955693e-01
9.690314650144549180e-01
9.849959905553904438e-01
9.834585230326692296e-01
9.867057625228502493e-01
9.821755209921805285e-01
9.776858441836078217e-01
9.798161357167400887e-01
9.865271569717812827e-01
9.846293764228771783e-01
9.798176406606327049e-01
9.791677442349300264e-01
9.493389001531113980e-01
9.651806076709789073e-01
9.968277192547564391e-01
9.531153418718443238e-01
9.914676146596809181e-01
9.440707587868503170e-01
9.863254407612824792e-01
9.707132507461095905e-01
9.633816413178392102e-01
1.003541771284159001e+00
9.932765224332454901e-01
9.860210615063409456e-01
9.842576235450993805e-01
9.890761313079901029e-01
9.732761956028291861e-01
9.868047567592639346e-01
9.814382940601027450e-01
9.662522315283255114e-01
9.905300580136376931e-01
9.617135988655439727e-01
9.654337363359886126e-01
9.849493451935971144e-01
9.888255881628609245e-01
9.915232579834589721e-01
9.837844653053168242e-01
9.770424950519945861e-01
9.931777484313475401e-01
9.721834907402974180e-01
9.690654148386186328e-01
9.940646324651624122e-01
9.815637273511570449e-01
9.832332764674979186e-01
9.693694949132795058e-01
9.806479696387128131e-01
9.799536160825759179e-01
9.744233342962322908e-01
9.509482946761894651e-01
9.779136716623560988e-01
9.789608671321800015e-01
9.866926793127869244e-01
9.999849454397101711e-01
9.755855967299242870e-01
9.835027047447564286e-01
9.759834302005191420e-01
9.509315030521686696e-01
9.743396565196381642e-01
9.808608207241984456e-01
9.805594698439278334e-01
9.471527408003074244e-01
9.684600462473553772e-01
9.886461537032912306e-01
9.918678586293341315e-01
9.777329252398473391e-01
9.838160944193392599e-01
9.769815496903082597e-01
9.633694666900043391e-01
9.678831678529827842e-01
9.424857105994495221e-01
9.522677437527624633e-01
9.991902769917467841e-01
9.595508958951165512e-01
9.907671047762305339e-01
9.567240180057249299e-01
9.354060108379567140e-01
1.001451965509431385e+00
9.642025355180487978e-01
9.848921827576687660e-01
9.843241572674201745e-01
9.689066582004604022e-01
9.792922525144003298e-01
9.774028527410713041e-01
9.783084239864443532e-01
9.843357109559726092e-01
9.833309932693008459e-01
9.797799464511183221e-01
9.949777923131867263e-01
9.847317902601085970e-01
9.865629771815114246e-01
9.623053733282556088e-01
9.871080221580932346e-01
9.571853659203110043e-01
9.781832916257234833e-01
9.624717846089344553e-01
9.687729133296949513e-01
9.825208706375562207e-01
9.957153657983860429e-01
9.773266968364537899e-01
9.922685916594644606e-01
9.701559864315509873e-01
9.598335824096437818e-01
9.769005290354566551e-01
9.813273868945887601e-01
9.758301489085225988e-01
9.525775450810468614e-01
9.603036207574197070e-01
9.868675209586523778e-01
9.823881230424459376e-01
9.913344922617681743e-01
9.569755413973245473e-01
9.780327659064522727e-01
9.662438274168724250e-01
9.901408568252649811e-01
9.595745205041121828e-01
9.691403035519687847e-01
9.771028252294626792e-01
9.731676572595642227e-01
9.270251118155123926e-01
9.751257875720661383e-01
9.789284710371838338e-01
9.782177946280807834e-01
9.886804347651393376e-01
9.956491134947421662e-01
9.839028250984986901e-01
9.635785255731883492e-01
9.937903008565419638e-01
9.686758288317705023e-01
9.621978757808022920e-01
9.634380316461640392e-01
9.698961325739647865e-01
9.613376954995379586e-01
9.835748071117362823e-01
9.840562225717713885e-01
9.878739521039887617e-01
9.854316739351373089e-01
9.922688784222090108e-01
9.802174140475568009e-01
9.682154222328061000e-01
9.550195680712897373e-01
9.462679824710877874e-01
9.717795152364037126e-01
9.778275326329071149e-01
9.833599800648838984e-01
9.962087351692039405e-01
9.780086526870849228e-01
9.867674990602568474e-01
9.702561905763367189e-01
9.712880799990587510e-01
9.758122912661020276e-01
9.753166526872366626e-01
9.465743061470245356e-01
9.784849418749355099e-01
9.919391433075956943e-01
9.936564363812235845e-01
9.473709584836341735e-01
9.623307661266331525e-01
9.817184927925112214e-01
9.743955471700783688e-01
9.744642077209773046e-01
9.831209414248833767e-01
9.718267378995900652e-01
9.747661020018898448e-01
9.733620627685886095e-01
9.854523501997136670e-01
9.559332464479904923e-01
9.407022919141417860e-01
9.739826586272527509e-01
9.554849111670324913e-01
9.820506301636861002e-01
9.753405152110498078e-01
9.737933897347880174e-01
9.617133313272533401e-01
9.450052540981169757e-01
9.737895479874509874e-01
9.720708347820862238e-01
9.903733381614564513e-01
9.988780041816717192e-01
9.821857891063224821e-01
9.810423187230677966e-01
9.881486649068572659e-01
9.949645465353967877e-01
9.764817265505151278e-01
9.792888061589936077e-01
9.852853200023490299e-01
9.804630628655472968e-01
9.919913356343729172e-01
9.698470117682811420e-01
9.841069675921964022e-01
9.831647919836953298e-01
9.791019368110218668e-01
9.877824053751148581e-01
9.981322814986463010e-01
9.556646044991427003e-01
9.750027613571835561e-01
9.934427578830232752e-01
9.841805147237349116e-01
9.864602035212314268e-01
9.860505643961876565e-01
9.876622053032223514e-01
9.695393760656025872e-01
9.955763212279457042e-01
9.840339860375409975e-01
9.828885660485134901e-01
9.831632118911555196e-01
9.735577134741637551e-01
9.680444187809176260e-01
9.892996436144311234e-01
9.680394559851495107e-01
9.823714389592022034e-01
9.668389744118984774e-01
9.716066178708907541e-01
9.871266283363296923e-01
9.921186474736302108e-01
9.978517450392757615e-01
9.886598093282391586e-01
9.848617384465817581e-01
9.960007982198068044e-01
9.880893067494276316e-01
9.802192873395175754e-01
9.664242737441547382e-01
9.855475399786143287e-01
9.705866357190667815e-01
9.974779371052893140e-01
9.965052489303257710e-01
1.002955113763232875e+00
9.774133562231769323e-01
9.864406438970642066e-01
9.894453998810587292e-01
9.710623689140148729e-01
9.720528447746398237e-01
9.876703577515758559e-01
9.981106645631877550e-01
9.836763805744958011e-01
9.948649014760124754e-01
9.840874405743166298e-01
9.854045917177813863e-01
9.791454939308840144e-01
9.798888085403124615e-01
9.922295676897757710e-01
9.664217395640506414e-01
9.865523679522089084e-01
9.398332517386744911e-01
9.846186447326943370e-01
9.894600636433690255e-01
9.781497405545545032e-01
9.744829661998005710e-01
9.514018900430074588e-01
9.742214614801533168e-01
9.844802061052951858e-01
9.655593267589946960e-01
9.678120716145639513e-01
9.629479822753943541e-01
9.877579067673231128e-01
9.834253825707339747e-01
9.694378438456733305e-01
9.613039429413178238e-01
9.730006132318737011e-01
9.599522227701403621e-01
9.809224167407637474e-01
9.823855051911514202e-01
9.780185503401848113e-01
9.765102426088396737e-01
9.868658003165410308e-01
9.538812454948961683e-01
9.765819921705438666e-01
9.781592959923345321e-01
9.933866425151837154e-01
9.781997114689803263e-01
9.768397445391160394e-01
9.822894195230035264e-01
9.822269414289910294e-01
9.922927734750067730e-01
9.914766323384460733e-01
9.664500358622036824e-01
9.695368041558138916e-01
9.740505124017269090e-01
9.904407138366190244e-01
9.877039692915974278e-01
9.878978787598783340e-01
9.857968734827461388e-01
9.762116665000816207e-01
9.673752891434409529e-01
9.948341977881108855e-01
9.891871404056694628e-01
9.865703914640461258e-01
9.480857444525100375e-01
9.939484530587691102e-01
9.836211254530591308e-01
9.790450438953618439e-01
9.711944281609871110e-01
9.854795682652639499e-01
9.866554512055958348e-01
9.881982053881986916e-01
9.873624361494565127e-01
9.696316649235521279e-01
9.717344287286552307e-01
9.749541126386029877e-01
9.833481089929987373e-01
9.828034255500728289e-01
9.846815554172465568e-01
9.618288991168134627e-01
9.743096054859228250e-01
9.828601825678675574e-01
9.762842949744088283e-01
9.846087399466971757e-01
9.909262356082051415e-01
9.833136719655971580e-01
9.855689160732279408e-01
9.712445002123442084e-01
9.798089003089591742e-01
9.883272714399549130e-01
9.831585992613747216e-01
9.778566021173875633e-01
9.534606889415887521e-01
9.809954341999750360e-01
9.929511595092537224e-01
9.604927405054392020e-01
9.830090324420153181e-01
9.854261325658276727e-01
9.738567547794443335e-01
9.888582005619562798e-01
9.825667788718882578e-01
9.834250829030702912e-01
9.945967838380178616e-01
9.688155976700334460e-01
9.724881806553380414e-01
9.703416514490560418e-01
9.799714039563020007e-01
9.782428658942218247e-01
9.669636873311022729e-01
9.822133335134964893e-01
9.832616795721429437e-01
9.958251146850163327e-01
9.964333900598574267e-01
9.910433020391175019e-01
9.928710923009351763e-01
9.811373369055593763e-01
9.881901542623746648e-01
9.549431962500961601e-01
9.874355430497304686e-01
9.601995528107356570e-01
9.753910358965429683e-01
9.809996777175991056e-01
9.657291960298363120e-01
9.760023753033419958e-01
9.550215219527395938e-01
9.876277154015525861e-01
9.839042726319909837e-01
9.688357865684554815e-01
9.807985250555685264e-01
9.893545138336440337e-01
9.843118273580682143e-01
9.737424451956724347e-01
9.785104611652927220e-01
9.639465780172495890e-01
9.737015357791021231e-01
9.746394839002325838e-01
9.845489235958894136e-01
9.911632937695423751e-01
9.911020649577714225e-01
9.872701631209952478e-01
9.975646495099446120e-01
9.764786984737156006e-01
9.799302711754349637e-01
9.888240555905850604e-01
9.792559486132043078e-01
9.713167305122467621e-01
9.817204654261143526e-01
9.807142986939164642e-01
9.852741118295215150e-01
9.821142679793880559e-01
9.676246740585516815e-01
9.895170896802031324e-01
9.787200083181601951e-01
9.375401360558165420e-01
9.932370310442771855e-01
9.857606586954908989e-01
9.810319733322431235e-01
9.665127373298896263e-01
9.810944536428323204e-01
9.768868412729427853e-01
9.959482104425594340e-01
9.940389498818994474e-01
9.655035737437028809e-01
9.846579327407555260e-01
9.958518001576048828e-01
9.930538841241892678e-01
9.874107099765248030e-01
9.856186452484755334e-01
9.817618020657504774e-01
9.483894305694755555e-01
9.756926514081020185e-01
9.645280205918917993e-01
9.463668515470783360e-01
9.768968350673181700e-01
9.598072874397274301e-01
9.467127143914182419e-01
9.838002043369018512e-01
9.851348778418029806e-01
9.599976406384623795e-01
9.830614379821062121e-01
9.736108958251470380e-01
9.880374652993170193e-01
9.222338920557975328e-01
9.714991790303145747e-01
9.908954611134936918e-01
9.666133958550722216e-01
9.813515484448854798e-01
9.605833033186372827e-01
9.725948205102057376e-01
9.759892675963568465e-01
9.895272225477200756e-01
9.804012571652768182e-01
9.642962642102059778e-01
9.949463476853540600e-01
9.889757535996238635e-01
9.983202531542352265e-01
9.788552425615214547e-01
9.782860962978500163e-01
9.753703213616619072e-01
9.911180058232793577e-01
9.841831843091893850e-01
9.903690909869491410e-01
9.759429219735159533e-01
9.753736807619053373e-01
9.928488728242879091e-01
9.840614260270431624e-01
9.783199107005274842e-01
9.855570819111718617e-01
9.714862163392676830e-01
9.919536878783630218e-01
9.860392164108252588e-01
9.771033612604290708e-01
9.688736932364451215e-01
9.705255726723809317e-01
9.742562592739241190e-01
9.787569461589875619e-01
9.643129742840017560e-01
9.227738731522553417e-01
9.812822670403852365e-01
9.860964675479001462e-01
9.730642150887225394e-01
9.756976409301979514e-01
9.660656581082139871e-01
9.850343435002878456e-01
9.857551109806210743e-01
9.444901222922800210e-01
9.864921191565643177e-01
9.867711473853206794e-01
9.844075964328584671e-01
9.828393446865616445e-01
9.708526380247398668e-01
9.845312589146129056e-01
9.861130593287485979e-01
1.002115746595542145e+00
9.623759867430151660e-01
9.958112570657139395e-01
9.753358304204449158e-01
9.903511156373796531e-01
9.707994657260025084e-01
9.932701442984087636e-01
9.814844740385072486e-01
9.882121326415691520e-01
9.618334957030700849e-01
9.757545473817181847e-01
9.807043746434707110e-01
1.006131085505571177e+00
9.682587768986382626e-01
9.881164444850918382e-01
9.638478100414605843e-01
9.596497259032856775e-01
9.923594810092832841e-01
9.899147814025182068e-01
9.548959827016219037e-01
9.929065308068489859e-01
9.905686327130438507e-01
9.967520937354237276e-01
9.530254543150927793e-01
9.627951675353247918e-01
9.877873064481439425e-01
9.497630727729960975e-01
9.782784222910916316e-01
9.856039308495033735e-01
9.614294535080986082e-01
9.945374958731908466e-01
9.906325474180724955e-01
9.721185581035449719e-01
9.733162178881231696e-01
9.888229420251646307e-01
9.830633464127364052e-01
9.697906835842261541e-01
9.897194560538963293e-01
9.891665454919790212e-01
9.908111615692142271e-01
9.748705557420683787e-01
9.935836860794976522e-01
9.834755364796019528e-01
9.900972899737927602e-01
9.991955747289883449e-01
9.707620547148290147e-01
9.889195217901181056e-01
9.852441704396009969e-01
9.815843567843527406e-01
9.782025524136591654e-01
9.857628743415266515e-01
9.901167174525534742e-01
9.437821115119126025e-01
9.527608031767729191e-01
9.841351934623179254e-01
9.856649755113573441e-01
9.875500730469877197e-01
9.621204461197149227e-01
9.720875329622641337e-01
9.882192776768160547e-01
9.938061684747135915e-01
9.617782163184319666e-01
9.736513663240583538e-01
9.676001031631177307e-01
9.854006638709552623e-01
9.859018813457262054e-01
9.351880819570946857e-01
9.966631502796341469e-01
9.822409498519082405e-01
9.984189178164053491e-01
9.858247688635960460e-01
9.797684070313830151e-01
9.817717563220225152e-01
9.782580421328235243e-01
9.692177871812550638e-01
9.901175631857203063e-01
9.881266592837650853e-01
9.788647280145893470e-01
9.760334686886322775e-01
9.750767045736284944e-01
9.765904667271551043e-01
9.663404878101715667e-01
9.769345048447882762e-01
9.800416899977388852e-01
9.862892233319084934e-01
9.916328274287112832e-01
9.754323308700424411e-01
9.655800787851608336e-01
9.684409001069106404e-01
9.808523667442867744e-01
9.826347952910565731e-01
9.601607965343457174e-01
9.704636409636527850e-01
9.791680789844753319e-01
9.468093737895193485e-01
9.679758123208271892e-01
9.994976669150198445e-01
9.770654990318884403e-01
9.762586506597742408e-01
9.805801601142790647e-01
9.806719387440020475e-01
9.841184285652280206e-01
9.659888574180244269e-01
9.779069572796289522e-01
9.758640375783277365e-01
9.773065438643032676e-01
9.841300558621294270e-01
9.497315898446877513e-01
9.932647656406621284e-01
9.677700295032822808e-01
9.914181610579840820e-01
9.801292136949911749e-01
9.791967495712782243e-01
9.849483517839496827e-01
9.959653619808538361e-01
9.748254208362316930e-01
9.761431197965000361e-01
9.816418077681123844e-01
9.458797160006346960e-01
9.740881587859222535e-01
9.654209191710158011e-01
9.801295753251503262e-01
9.839683029460225550e-01
9.904583277509652062e-01
9.865127680993668324e-01
9.915228120521835109e-01
9.884959775786639202e-01
9.923860220378833974e-01
9.716635951972592000e-01
9.667337560794544427e-01
9.896834328866680464e-01
9.505957894802058439e-01
9.831352037316226644e-01
9.795905199167389554e-01
9.800818678642931880e-01
9.768510219337174227e-01
9.755937777917849107e-01
9.776417103932628638e-01
9.860081480037834467e-01
9.801252004653477901e-01
9.941417317391132435e-01
9.913421371420572115e-01
9.937340828771460410e-01
9.520800656824381925e-01
9.901486100765585219e-01
9.759659474329727136e-01
9.542274962938913641e-01
9.870988538274000357e-01
9.712630010590903584e-01
9.807560076290735562e-01
9.672512455593914593e-01
9.845850722865345794e-01
9.843304223398989805e-01
9.816522888137364511e-01
9.905600792196161963e-01
9.677969210053329885e-01
9.847953540176368481e-01
9.862478321022816186e-01
9.558516577759857968e-01
9.921850303717564268e-01
9.982553119336531333e-01
9.803507513254590133e-01
9.902917218138632682e-01
9.586989662548217606e-01
9.545689675547065489e-01
9.848415360139962660e-01
9.930198930666682688e-01
9.899334987352296222e-01
9.472370726114510697e-01
9.832172657464272048e-01
9.565941521812377779e-01
9.613956329544158796e-01
9.800108263268311193e-01
9.830609187797452186e-01
9.782966571267991407e-01
9.909502406049122136e-01
9.796524268185234918e-01
9.458069886504814061e-01
9.908406812222430027e-01
1.002033161005643214e+00
9.532279012304756272e-01
9.769369483022427580e-01
9.595774599002876437e-01
9.825997551549676690e-01
9.763563111126746241e-01
9.807224062367314588e-01
9.916649687008728398e-01
9.829688659377725513e-01
9.749766330681682858e-01
9.833085361213440567e-01
9.543589243155272683e-01
9.869645678439543657e-01
9.502263719489381089e-01
9.798309922639089065e-01
9.813723845283582881e-01
9.852308050522058380e-01
9.764702811079024602e-01
9.931914170295295108e-01
9.822660824006916869e-01
9.898841412032379772e-01
9.851053125083685247e-01
9.800375067645126226e-01
9.724971517846899838e-01
9.960682135284452121e-01
9.897970304801902985e-01
9.810057195572021715e-01
9.817849796994320144e-01
9.681398516410140154e-01
9.869019105932983482e-01
9.937523427305711143e-01
9.738635453234640860e-01
9.887692348481579296e-01
9.704822598110646181e-01
9.737069815074030910e-01
9.837003554880786593e-01
9.781962401781707506e-01
9.768555290299271165e-01
9.797390436219776122e-01
9.908146842858095438e-01
9.664989554670175842e-01
9.850037206798305522e-01
9.707216486083073415e-01
9.656262976695343392e-01
9.835955540174019518e-01
9.877266823259173156e-01
9.717828185762729110e-01
9.736826608052919774e-01
9.753732686436921151e-01
9.723207762551140387e-01
9.845143578282433694e-01
9.740156792292214982e-01
9.732675333041401755e-01
9.571308545841873405e-01
9.537751909904648162e-01
9.864856195773158420e-01
9.728157643805832588e-01
9.820777670138614024e-01
9.575993391544035394e-01
9.892372129073493392e-01
9.554400091463300937e-01
9.878114440474594637e-01
9.628123202856577745e-01
9.800175287604782071e-01
9.872594550753094333e-01
9.686979171310342585e-01
9.758860237995742315e-01
9.679965812706329276e-01
9.858857177052440246e-01
9.585848343567269225e-01
1.003247578473555501e+00
9.819052092856538350e-01
9.827476445255909354e-01
9.630265514218885325e-01
9.648786511895963702e-01
9.608728673541258036e-01
9.818230608409589388e-01
9.857167206288127703e-01
9.891427112724282544e-01
1.000201384166518270e+00
9.800046466726911598e-01
9.879097303996792201e-01
1.008718732322962497e+00
9.835735894104996602e-01
9.895059980040848968e-01
9.665851696555848305e-01
9.862793936648939219e-01
9.863312569265539898e-01
9.811546686873204859e-01
9.824157564749200766e-01
9.742898362248826327e-01
9.671549784374287029e-01
9.871005557737034808e-01
9.865360609669250325e-01
9.767920988426507245e-01
1.012697758240376666e+00
9.860549782452689982e-01
9.505779709103909791e-01
9.906623550859900984e-01
9.775033702917310663e-01
9.647904115463878938e-01
9.771614159742497696e-01
9.731105091235158211e-01
9.856575805823689640e-01
9.782229963296417141e-01
9.742711800006057521e-01
9.891981487869676570e-01
9.897317983765243632e-01
9.615995272778444791e-01
9.896731418600623886e-01
9.775395639696474737e-01
9.812833572391082004e-01
9.859349009863941360e-01
9.799367619273848806e-01
9.806268293938811276e-01
9.854217065486113869e-01
1.016984430172591658e+00
9.907919422345758953e-01
9.674299124726321031e-01
9.760261322182401944e-01
9.774808157945223952e-01
9.865446033688285432e-01
9.775721297977548740e-01
9.738872512404597170e-01
1.003183818103285052e+00
9.554456242345102934e-01
1.000252636042025189e+00
9.778819368824314129e-01
9.798081951118856603e-01
9.830542409582760932e-01
9.884977005127372207e-01
9.647910218414121886e-01
9.879216333909176528e-01
9.872373789237254282e-01
9.914490171253146356e-01
9.839132648192935315e-01
9.748376905012613447e-01
9.696006852263261422e-01
9.848711790231216012e-01
9.893265517574413304e-01
9.892573169598821714e-01
9.742270984879554119e-01
9.669881082141461581e-01
9.899716201104931113e-01
9.794871777261572321e-01
9.834646208493746933e-01
9.753909039852082241e-01
9.536874299344419992e-01
9.846365510482087968e-01
9.774311822731154287e-01
9.698640342066027209e-01
9.905005415401704205e-01
9.948940155177032896e-01
9.809070666109628300e-01
9.879787567321072217e-01
9.823411102303840625e-01
9.737398925027949126e-01
9.779859549974512234e-01
9.865920711517355279e-01
9.968032475904833323e-01
9.816939313183671301e-01
9.890164255969087215e-01
9.881147196034004709e-01
9.568292498724098039e-01
9.684445098040460609e-01
9.776385544780566983e-01
9.887150608151044073e-01
9.754217165718355176e-01
9.888012300012289924e-01
9.729662194475559023e-01
9.765225137961957014e-01
9.695638433521333033e-01
9.709612977985428994e-01
9.796908234914452063e-01
9.859752059668618340e-01
9.781550165273055208e-01
9.768498508715673934e-01
9.646402319671734116e-01
9.850790688784456517e-01
9.617099841174643338e-01
9.639893089581080821e-01
9.697268395466782653e-01
9.756315256849683593e-01
9.770422372748219786e-01
9.519255707418924350e-01
9.798737127715189121e-01
9.857894141296635881e-01
9.898130333175096940e-01
9.684463748224677593e-01
9.904869958026313315e-01
9.755204794994087880e-01
9.808400297857550187e-01
9.961301201577458242e-01
9.733416300327035753e-01
9.621609342434831458e-01
1.003854610112593804e+00
9.737912165762033778e-01
9.785834007717644223e-01
9.882907698198830637e-01
9.769018302483194471e-01
9.826020574111266059e-01
9.943220195991054888e-01
9.820038887315827303e-01
9.655785467519268916e-01
9.592069391658006872e-01
9.627769873606485396e-01
9.800750493735146396e-01
1.000227511226494004e+00
9.539572411926522388e-01
9.780707917047715139e-01
9.692829459338658804e-01
9.824369406679833716e-01
9.826958368285172440e-01
9.871108832723275439e-01
9.727664390131118832e-01
1.002229810485274264e+00
9.688851931848776466e-01
9.867750322384513106e-01
9.792213526568999127e-01
9.814537542551992066e-01
9.919425697500212635e-01
9.820304785725327834e-01
9.877534808710385361e-01
9.847014239129674440e-01
9.742399422997127800e-01
9.894344243936473715e-01
9.799185212065724127e-01
9.861750452300247494e-01
9.938007203332203110e-01
9.798678929071713561e-01
9.677844729957029157e-01
9.798782443034304013e-01
9.659665993414083829e-01
9.963150189584827343e-01
9.774319089157224028e-01
9.805599294615718886e-01
9.848096978740138452e-01
9.721242490262914648e-01
9.765078841228200801e-01
9.699044301399191159e-01
9.929900763540375763e-01
9.819502924114598130e-01
9.867834213762832762e-01
9.658458889361998256e-01
9.650064733372007986e-01
9.875215258135463525e-01
9.835920375775868418e-01
9.928019824999148035e-01
9.778122905380968177e-01
9.786228365609143109e-01
9.891860726867338638e-01
9.892132122486456680e-01
9.317236142002791599e-01
9.741325593285635742e-01
9.614148879642109291e-01
9.634084993510926287e-01
9.571635917082955691e-01
9.917518168264830569e-01
9.873212114761402702e-01
9.733247260401831635e-01
9.764217672991180041e-01
9.829781552170807624e-01
9.843202709414964335e-01
9.767628588467642814e-01
9.816933820660167509e-01
9.792165874466911557e-01
9.796561129958636371e-01
9.585790903246853567e-01
9.743996764989184545e-01
9.406515647770116173e-01
9.497855742308418669e-01
9.688232292594437522e-01
9.890454537392930900e-01
9.679704183095002579e-01
9.560911944027170595e-01
9.923115935584551073e-01
9.879044953629065873e-01
9.861116260167239744e-01
9.624961280691430865e-01
9.847423790838774060e-01
9.756754482751806012e-01
9.888095066561433111e-01
9.862430154882727562e-01
9.967034745899473469e-01
9.520883056293414359e-01
9.737593035717541090e-01
9.629097486715287868e-01
9.816428992458016145e-01
9.872411194282919578e-01
9.687235397153749483e-01
9.880313977017780580e-01
9.899392095971504268e-01
9.890111249143961336e-01
9.892765034580667249e-01
9.984666443104273093e-01
9.739133003604155681e-01
9.755548346824061134e-01
9.831541873296723022e-01
9.627542408755738190e-01
9.928789930677580644e-01
9.639091325338960958e-01
9.721200427922452869e-01
9.608714345376137000e-01
9.706653478246338729e-01
9.929925791510909594e-01
9.553840737844137010e-01
9.818878198282421366e-01
9.699482895062324639e-01
9.870901888750820419e-01
9.863038608255350059e-01
9.922868376968838611e-01
9.901138280810726222e-01
9.726717134703082301e-01
9.717903552263327249e-01
9.757604838772483413e-01
9.553477447481045770e-01
9.840179738495726802e-01
9.713220443994824427e-01
9.747298576229417311e-01
9.645617596713423891e-01
9.677130471465312800e-01
9.918825346623875161e-01
9.829099645561434340e-01
9.817586016443516916e-01
9.986285253564707309e-01
9.911413128758884694e-01
9.922804094021780985e-01
9.901113203157171361e-01
9.871481733880195231e-01
9.669574903435523838e-01
9.817150879153201393e-01
9.874278325686475233e-01
9.476035022042945677e-01
9.799646764269753785e-01
9.845998237267726827e-01
9.689292473531073702e-01
9.836557126246072702e-01
9.717158071417056897e-01
9.436637432214642907e-01
9.728984694744309270e-01
9.489801689025301190e-01
9.868395230530946360e-01
9.867996216527694653e-01
9.849072231664022237e-01
9.952663055058065256e-01
9.921195316188519131e-01
1.002808073697510238e+00
9.586690674586945127e-01
9.705372377500892656e-01
9.601449480258922309e-01
9.712456288733550824e-01
9.980967325060974282e-01
9.621469387273947627e-01
9.978939831251246728e-01
9.857284993497315018e-01
9.774062488913090041e-01
9.868675144871149607e-01
9.908944117301289323e-01
9.926189675126179113e-01
9.671781991311657611e-01
9.748395697216249989e-01
9.838924325818693140e-01
9.631884580782511529e-01
1.001476443697298047e+00
9.622075317317748677e-01
9.654207219571974141e-01
9.631812444946015184e-01
9.763397998671696776e-01
9.977803332980119677e-01
9.824426334620141033e-01
9.877767068661127414e-01
9.809522206123095778e-01
9.599870653374618090e-01
9.827763105361027041e-01
9.885898021450688633e-01
9.917183205925895750e-01
9.710797866627138841e-01
9.831157096246668781e-01
9.617387380338742187e-01
9.816791014492715073e-01
9.750309118073795522e-01
9.712437106913806018e-01
9.876948620250061150e-01
9.774242911496946462e-01
9.802757609604361155e-01
9.578872292185598436e-01
9.745989118108773219e-01
9.878831771721511279e-01
9.612692925043958558e-01
9.894535911113645499e-01
9.491575850855357155e-01
9.859551030164070973e-01
9.821976056605478123e-01
9.826703135580863169e-01
9.856213509585366461e-01
9.950085935609624954e-01
9.680043263460651470e-01
9.943689299293853034e-01
9.830814734303626734e-01
9.696963578928536887e-01
9.770383531785675757e-01
9.693726820294371604e-01
9.928770291560676808e-01
9.824946902828249895e-01
9.901020371774983397e-01
9.753871692730299303e-01
9.645930511239230176e-01
9.770636753756459791e-01
9.762429521075798311e-01
9.634780363804976711e-01
9.853330202819571282e-01
9.752998948183221328e-01
9.971708809677204410e-01
9.588871593433011542e-01
9.910462679874523229e-01
9.812511922196722747e-01
9.701566990686741887e-01
9.887776050975407571e-01
9.756637868456111695e-01
9.830737803766164129e-01
9.796253525614015967e-01
9.926380797666853883e-01
9.793610886072987576e-01
9.764359664874345812e-01
9.469004806874485869e-01
9.879387915000182874e-01
9.589763175835487319e-01
9.794208591201961633e-01
9.882239133549045595e-01
9.783236666834284057e-01
9.799070080212710643e-01
9.417935698367749797e-01
9.555851414851351810e-01
9.887183526323656269e-01
9.805936888825458331e-01
9.587807997927677572e-01
9.680822225557125238e-01
9.767361049195164568e-01
9.764384473759466498e-01
9.832446768268378046e-01
9.734004561317048942e-01
9.793777186806136292e-01
9.925424402593407969e-01
9.768588410033107738e-01
9.622498244095132325e-01
9.848360819859826032e-01
9.728755395879931100e-01
9.684122081584535247e-01
9.928408700599214987e-01
9.880429811258818473e-01
9.756431977091658547e-01
9.792368651647176403e-01
9.836455286526348818e-01
9.750907946571443219e-01
9.996540245386213996e-01
9.903761951948760744e-01
9.437339834583261533e-01
9.899210283071117056e-01
9.798073304271174289e-01
9.903029276243870971e-01
9.531617796414207922e-01
9.793229327683186103e-01
9.772486544259753050e-01
9.981466493473930557e-01
9.719316168157601243e-01
1.008322694354435001e+00
9.708418978745581018e-01
9.773895545406339203e-01
9.628084653007125127e-01
9.522572808217355522e-01
9.829021396109255404e-01
9.633559719536112231e-01
9.781355403530312964e-01
9.620794960245618865e-01
9.676655642353837461e-01
9.693561414798491649e-01
9.857210784660968006e-01
9.822446437339771297e-01
9.653305003923804417e-01
9.923914968740293885e-01
9.809685316282131806e-01
9.721649747669685038e-01
9.874829251009604736e-01
9.717971185508595955e-01
9.803205667713110749e-01
9.620092715051870025e-01
9.466522797010931134e-01
9.630748361154709558e-01
9.918364435053417250e-01
9.855440296543412915e-01
9.647163134651914884e-01
9.974695759484505375e-01
9.863430158123357439e-01
9.823522827645908562e-01
9.860088133537788790e-01
9.755792022909707262e-01
9.965808523561654475e-01
9.893525904019563333e-01
9.796759095192966171e-01
9.871983253775838962e-01
9.865995181272453340e-01
9.793791843173256240e-01
9.724466519195115177e-01
9.751627496791962502e-01
9.685318245605323284e-01
9.648683720066110192e-01
9.691169014110957436e-01
9.742158079064816567e-01
9.882795973792614097e-01
9.676244984856643416e-01
9.630598388585822622e-01
9.803974172664334796e-01
9.685882360344317821e-01
9.729381214161674230e-01
9.671331977930064383e-01
9.855294077736734826e-01
9.961447216192188536e-01
9.731049049578386345e-01
9.410833189726759418e-01
9.811129505371267712e-01
9.804764237702543461e-01
9.858074166863501908e-01
9.823515441027316220e-01
9.422640566747819690e-01
9.868621428375794480e-01
9.557998811146017903e-01
9.873141566859306995e-01
9.735343320981495463e-01
9.942788479355240128e-01
9.909954162818436219e-01
9.743574514070212356e-01
9.940642290926383629e-01
9.786993696356305339e-01
9.664826136749212759e-01
9.846618945938536704e-01
9.898023104881318313e-01
1.001115519707000745e+00
9.687758611707422141e-01
9.928649124579463914e-01
9.669397641807779831e-01
9.806504499188831714e-01
9.873243930084523168e-01
9.634410852176429341e-01
9.806008197421669514e-01
9.587695539274688761e-01
9.847397815342110450e-01
9.900123073524036421e-01
9.661031081421348476e-01
9.823293796131725708e-01
9.666432302910015206e-01
9.721113042253761716e-01
9.705791067041610320e-01
9.847975918426880027e-01
9.853716771868511470e-01
9.912309773068961327e-01
9.792317013242455292e-01
9.375090774869374588e-01
9.696513734891853975e-01
9.824661131840217720e-01
9.655963882292759592e-01
9.773702892467172054e-01
9.932896494041538737e-01
9.834285522263068735e-01
9.955676392829801991e-01
9.822487138292101960e-01
9.883667000980136397e-01
9.830623981648834997e-01
9.706446751515627192e-01
9.605158022413342600e-01
9.845329699657624500e-01
9.751657659704519032e-01
9.825961847315325404e-01
9.953968764807108460e-01
9.642394992083000993e-01
9.704441431909981430e-01
9.925364303794897980e-01
9.811247611212610131e-01
9.641539409312154252e-01
9.818225854741587932e-01
9.931012690211092897e-01
9.783995971217088750e-01
9.402676657893844769e-01
9.736998070294797802e-01
9.844374719222429571e-01
9.722347005990914504e-01
9.925696123066098941e-01
9.679973119563251016e-01
9.960830789219516923e-01
9.839283471507277445e-01
9.864715255518757830e-01
9.896591022739732457e-01
9.887404522830028908e-01
9.800805926431255255e-01
9.606505650354288939e-01
9.954859817933388033e-01
9.869885795157461450e-01
9.920454283464557044e-01
9.882200812402850421e-01
9.971853953821804284e-01
9.868613685235991806e-01
9.776717077895011876e-01
9.486404378312845997e-01
9.857256283725829293e-01
9.905205271793354749e-01
9.689758267712987871e-01
9.959374387372093018e-01
9.891728685451993686e-01
9.623298791819415721e-01
9.784170326219550073e-01
9.858006581725941020e-01
9.952273962765109117e-01
9.762531258526102595e-01
9.489017292051680208e-01
1.001211224263367061e+00
9.822132493919382146e-01
9.683839521535316797e-01
9.834712237263774082e-01
9.818820402319389240e-01
9.843607422227694803e-01
9.709160155462341901e-01
9.743113968420638038e-01
9.751891592308703505e-01
9.931297691052183296e-01
9.771357871895092195e-01
9.889045454888460984e-01
9.881053948437941159e-01
9.805013236165077695e-01
9.716156000547784277e-01
9.579140529396319437e-01
9.693195565518275547e-01
9.796373172572339083e-01
9.893592584361898812e-01
9.898266976184654231e-01
9.800453400410713556e-01
9.955353296308508959e-01
9.823624135421541448e-01
9.696722025235887665e-01
9.817981338190762131e-01
9.808312219053453296e-01
1.003119998979653316e+00
9.657540442543075532e-01
9.818614819684110540e-01
9.942232777862985982e-01
9.627757411281799849e-01
9.653045260865918964e-01
9.720254388107197885e-01
9.916124696232250235e-01
9.936712361696019569e-01
9.769456270623116945e-01
9.871767761968514021e-01
9.893594105153982188e-01
9.804469122728137753e-01
9.805032271040450276e-01
9.847572011994889518e-01
9.907435257397227968e-01
9.715396565598345413e-01
9.630228063448469378e-01
9.937948211966172174e-01
9.788567038706461609e-01
9.587433744110036571e-01
9.733154718549504869e-01
9.858674012156077859e-01
9.757828888947076562e-01
9.819835084287624749e-01
9.779804291583268361e-01
9.856551098775147013e-01
9.700454270089522435e-01
9.811867542273686738e-01
9.644275265652840767e-01
9.812546496630826232e-01
9.773536641465804253e-01
9.748162712965324772e-01
9.864516176013086168e-01
9.805343079871045031e-01
9.451869928973639645e-01
9.836316139784117007e-01
9.902235948411282074e-01
9.666886567910503159e-01
9.728890683677509088e-01
9.872149686733167062e-01
9.931669077463142203e-01
9.857696603290692083e-01
9.819942062665180105e-01
9.721192231812213480e-01
9.917432210671424109e-01
9.738490477187580208e-01
9.736897728027283927e-01
9.939943723910997786e-01
9.791553657034098856e-01
9.911263587377615591e-01
9.817247310261854043e-01
9.778822925581639458e-01
9.947264417764636324e-01
9.666115040247308388e-01
1.012931893667654348e+00
9.520704400229794695e-01
9.633810754716624070e-01
9.912331381982149026e-01
9.400936855609896003e-01
9.867353865609670427e-01
9.499457329511395987e-01
9.714202319575859779e-01
9.945368313773743640e-01
9.678515611560547516e-01
9.832778853529436924e-01
9.673775328785535477e-01
9.871992314775359656e-01
9.540031059708931060e-01
9.844799598855241696e-01
9.891167661217671325e-01
9.734800637410332413e-01
9.708500640155128814e-01
9.899735989936588876e-01
9.794006597644956402e-01
9.439466627374279994e-01
9.937397644665721952e-01
9.878443963448105825e-01
9.876746085830202526e-01
9.734678480815488477e-01
9.767673745126795870e-01
9.686040625617218236e-01
9.782287891107016575e-01
9.682698655582071545e-01
9.955416140460063845e-01
9.816753420498883775e-01
9.735093613794374434e-01
9.850819902928469318e-01
9.914027566145711123e-01
9.811005562235589617e-01
9.712470905470645954e-01
9.934315113217184745e-01
9.858308811462658250e-01
9.650003176907854252e-01
9.849453758137299841e-01
9.458661149097742360e-01
9.877203131218854626e-01
9.793974585730106375e-01
9.702093524897680288e-01
9.552928562779871013e-01
9.889417998373439822e-01
9.824003076155496395e-01
9.863759887868341902e-01
9.690773888541499570e-01
9.585295159240666552e-01
9.668139586883813807e-01
9.475506050499699073e-01
9.921942395942688897e-01
9.383347552828451565e-01
9.804819872585850415e-01
9.856234612071285150e-01
9.908440565523567445e-01
9.914669645386516850e-01
9.834169534285677194e-01
9.782972557539004743e-01
9.573071179800154429e-01
9.813466548569820258e-01
9.780838076050786256e-01
9.896952398011834573e-01
9.685390826309308032e-01
9.698083051786386966e-01
9.712178020362058906e-01
9.604602171848750647e-01
9.886247308539041212e-01
9.637999975655271445e-01
9.710740654801542915e-01
9.888503447486455267e-01
9.881671902820132747e-01
9.869928115148240977e-01
9.939171580614040158e-01
9.813769838064799744e-01
9.805968342089732559e-01
9.576044358676361057e-01
9.942366180481945204e-01
9.717053881881887456e-01
9.713654599903187581e-01
9.730008992850974758e-01
9.729822104206331534e-01
9.937527360470377324e-01
9.537543296392333447e-01
9.749201848397318626e-01
9.848838424619232867e-01
9.806188484556143115e-01
9.825228206482363724e-01
9.788332038097677934e-01
1.003180176433017490e+00
9.768647963601384543e-01
9.733315380980632758e-01
9.851343011974764696e-01
9.650737893223557684e-01
9.812047065818803038e-01
9.805470135442247992e-01
9.871704247164354573e-01
9.738858754046839650e-01
9.821654644537013423e-01
9.682105566119445506e-01
9.837059936976039198e-01
9.908758529160939243e-01
9.821681509163686652e-01
9.791615600355930704e-01
9.726984193174170734e-01
9.333190268636046838e-01
9.870797389755242568e-01
9.764564608053049044e-01
9.725398279620663944e-01
9.570831528079500883e-01
9.875605407612795261e-01
9.618113598987447777e-01
1.008786532596087193e+00
9.854903835824632141e-01
9.764304818727272961e-01
9.923759153116157306e-01
9.780851748577761295e-01
9.750248915255195215e-01
9.706386867884599923e-01
9.786735981211160951e-01
9.766104306075232833e-01
9.806274508750879582e-01
1.000963280117588505e+00
9.580969351620495233e-01
9.489859303433419990e-01
9.866239447674074459e-01
9.878369858383454494e-01
9.888642444988304803e-01
9.887477315717553283e-01
9.746242093445973698e-01
9.853063576012635050e-01
9.690529455138469084e-01
9.807934438145485823e-01
9.856124976159765794e-01
9.900283103345650648e-01
9.596905847033440073e-01
9.857842044376673440e-01
9.835777524453246379e-01
9.913488548622310104e-01
9.837032033551337262e-01
9.828016685874785274e-01
9.814487818487028781e-01
9.516024607128941160e-01
9.828066542967434094e-01
9.531871038568112686e-01
9.865492633230842356e-01
9.865419387798879391e-01
9.881533934832352761e-01
9.936992458289549690e-01
9.871512055109649131e-01
9.939187451766698933e-01
9.685325338719308341e-01
9.826434637508797421e-01
9.680827605413967474e-01
9.576841667448355855e-01
9.794016996191726721e-01
9.662574813479214431e-01
9.629479076820380845e-01
9.911333522858992717e-01
9.971977010627265381e-01
9.894338509038715923e-01
9.892062281797637802e-01
9.848308967378758272e-01
9.736127809661414556e-01
9.928602589964532488e-01
9.453592440732729862e-01
9.744305326229912856e-01
9.745319093598385773e-01
9.760225490005869364e-01
9.816147277817880434e-01
9.673038871780874626e-01
9.660644774331738072e-01
9.673397407549355620e-01
9.824017887524935100e-01
9.924842443447348117e-01
9.727070902602935609e-01
9.819677763083616284e-01
9.821063736210647876e-01
9.703671131409887796e-01
9.908999584782409720e-01
9.792094457297695342e-01
9.896404013249283649e-01
9.830896935883932652e-01
9.672512629367957526e-01
9.806554182546828313e-01
9.634147779070167950e-01
9.801293688734677989e-01
9.617972403430217199e-01
9.938927384432711953e-01
9.799906210560558328e-01
9.672402103394542872e-01
9.914841000867711251e-01
9.726952993971470507e-01
9.776303558818680850e-01
9.865656720619236930e-01
9.840578693338268845e-01
9.801840535406306509e-01
9.607518795876366369e-01
9.903164742953429744e-01
9.834099043035327004e-01
9.653521639062856430e-01
9.940998321002041394e-01
9.893903881824747115e-01
9.748859667480147539e-01
9.648414593511929205e-01
9.687769752757410258e-01
1.002054061621318493e+00
9.890963588572332377e-01
9.622871350982389327e-01
9.819338889155552197e-01
9.747672643876186260e-01
9.904260018909633034e-01
9.684563621970984082e-01
9.777273323565258689e-01
9.676440372761733189e-01
9.769959331926851842e-01
9.827387526807340734e-01
9.883919716892942686e-01
9.938480829465505817e-01
9.706003427494869218e-01
9.885299353762672103e-01
9.799219395405410760e-01
9.832858084952511568e-01
9.908153725162672787e-01
9.859273453445781543e-01
9.876437983861741099e-01
9.784569849293568433e-01
9.618309805640632426e-01
9.806943036441966299e-01
9.761539158595751164e-01
9.768457359244316907e-01
9.936482706557537847e-01
9.694952287535881785e-01
9.704658163080031041e-01
9.831405472118481814e-01
9.732907121600743450e-01
9.738343714552805119e-01
9.913692075872576615e-01
9.791930318309643999e-01
9.915083951759181558e-01
9.753159611986144117e-01
9.773800249409817509e-01
9.690855367990264257e-01
9.903358979870654499e-01
9.803572176857761056e-01
9.822200329160721832e-01
9.716426477823357777e-01
9.765357878470395381e-01
9.925080183280393653e-01
9.502707728328908532e-01
9.832025831148357708e-01
9.903736482220103499e-01
9.884492992448699056e-01
9.830806700299914436e-01
9.691015651996456315e-01
9.720992297569606144e-01
9.915842873925255763e-01
9.793207720544466754e-01
9.631076486971887896e-01
9.848864975892560603e-01
9.904815991134189312e-01
9.991582866655290829e-01
9.777185715794212140e-01
9.801980185043451810e-01
9.816208689977881097e-01
9.858301799243612829e-01
9.773852630105255290e-01
9.934285418155590630e-01
9.971611769448212037e-01
9.831630875472576747e-01
9.734757463163684621e-01
9.691174661870282092e-01
9.773492862276143001e-01
9.927654221348977126e-01
9.814660137668538287e-01
9.558155321049022213e-01
9.985595806299776278e-01
9.862364318869838442e-01
9.961082340318495598e-01
9.678561228520304871e-01
9.692173330243286644e-01
9.950699306309757075e-01
9.833961692467785287e-01
9.823970521401581557e-01
9.492899385597457496e-01
9.705049384530860523e-01
9.978805682170236446e-01
9.831337553340927515e-01
9.816205390562502409e-01
9.299285769889599207e-01
9.770695906051998225e-01
9.852363389249257919e-01
9.707166677234143615e-01
9.836454626009401014e-01
9.667319390438599003e-01
9.717424890115948788e-01
9.748120154736322762e-01
9.877287785769457429e-01
9.692566520999523760e-01
9.746973104486671424e-01
9.834107424450799773e-01
9.506595726464779350e-01
9.289828233531012280e-01
9.667457698055959003e-01
9.909588087219894925e-01
9.687511374886509374e-01
9.728806161723820845e-01
9.753750097923120643e-01
9.716237249387876806e-01
9.938158604970734888e-01
9.885202158546312345e-01
9.909429320664562280e-01
9.892408192177287729e-01
9.618083235073003889e-01
9.739367359057367057e-01
1.002204903647549106e+00
9.984877706958377175e-01
9.947336896746824531e-01
9.695421782317997783e-01
9.822117348225857247e-01
9.564783875067179864e-01
9.923783816261827484e-01
9.820146482805588439e-01
9.789856394285759711e-01
9.802933649302322250e-01
9.671792264443682674e-01
9.779119604856150172e-01
9.892576022928609714e-01
9.916665544181693104e-01
9.632882972536533916e-01
9.719361551356422435e-01
9.756414776421299395e-01
9.723336041014931652e-01
9.907438981063472205e-01
9.843775424031231402e-01
9.908297658171533184e-01
9.842586309700275260e-01
9.616308071162021909e-01
9.913539134565380051e-01
9.700819266483368120e-01
9.944326883086541669e-01
9.797050824373166877e-01
9.870057808611756300e-01
9.819137742430460447e-01
9.740847095264673072e-01
9.821796627595722473e-01
9.673651097728805937e-01
9.867413470730489466e-01
9.858422220172810002e-01
9.907685199376929930e-01
9.671975123371941985e-01
9.628238868200958978e-01
9.866098853137640345e-01
9.767256373697700278e-01
9.682941369430976275e-01
9.703256246121125805e-01
9.714614972608917043e-01
9.588609729585183539e-01
1.000501159817992702e+00
9.742207188334887080e-01
9.867279021671262473e-01
9.905561953447068468e-01
9.891500532424361003e-01
9.826924939709211770e-01
9.731132108853983720e-01
9.659987333333980297e-01
9.656706862211471565e-01
9.814937675213406543e-01
9.827593651252009010e-01
9.787057837787253023e-01
9.746837582014842294e-01
9.550612558033468869e-01
9.686028816254326212e-01
9.838687072921979970e-01
9.825179481092441991e-01
9.893152934200108994e-01
9.616931634297868348e-01
9.893430179507192168e-01
9.731940416684574657e-01
9.642365217025749002e-01
9.819017363186917091e-01
9.840995110598895756e-01
9.588255254755133627e-01
9.897292894634147631e-01
9.698922973441655992e-01
9.830526952288265452e-01
9.712829583128482769e-01
9.783042577836562614e-01
9.472170958505696792e-01
9.667857719754727741e-01
9.822080131221432309e-01
9.554731220267984604e-01
9.700389115173403409e-01
9.836176809183572178e-01
9.822525397696255656e-01
9.959467658529609357e-01
9.732758565254460148e-01
9.759888920609290919e-01
9.847628399953021194e-01
9.804863986333109960e-01
9.899110671538788875e-01
9.683020810553381041e-01
9.849495328117716664e-01
9.861522320393367735e-01
9.804553549792671685e-01
9.957313287039422089e-01
9.719876808861565021e-01
9.837075423237680027e-01
9.660860519949721059e-01
1.000118388969908123e+00
9.758825487540692123e-01
9.660695175232549836e-01
9.652881202728700316e-01
9.629088346816413457e-01
9.802344498058066513e-01
9.697396907774388231e-01
9.741001543341911706e-01
9.859749710645924203e-01
9.773899140239654670e-01
9.729300556736296679e-01
9.697804363700699426e-01
9.639480178110114705e-01
9.711895783451207631e-01
9.866204990510593076e-01
9.727581277808534654e-01
9.843428758395312839e-01
9.634705371197901380e-01
9.576081643991942727e-01
9.899627188743067574e-01
9.905156042217049261e-01
9.792653323290133605e-01
9.644330839198684835e-01
9.838897509825076382e-01
9.767935728137263629e-01
9.773611609671660760e-01
9.711926865484110660e-01
9.784071723243529251e-01
9.816652404192913739e-01
9.779677464108132989e-01
9.667846893969553879e-01
9.696661910046082689e-01
9.811236547593974455e-01
9.908294345418602322e-01
9.867710534276382672e-01
9.883514924370379040e-01
9.695916343429545892e-01
9.880145631256938010e-01
9.675189217185640178e-01
9.734302673889606572e-01
9.669151132017352879e-01
9.865318072729076793e-01
9.719002223480831537e-01
9.802479923567692932e-01
9.653707542596642321e-01
9.526294376398711794e-01
9.755620153849252629e-01
9.843344430708801385e-01
9.619646385369189368e-01
9.856150775745275983e-01
9.907261141857771625e-01
9.809182074332380985e-01
9.704623710122689539e-01
9.674605914584960553e-01
9.614251525831299938e-01
9.904896025811535942e-01
9.891842004852381409e-01
9.862851656050468652e-01
9.546023277174715549e-01
9.782164396720767208e-01
9.479804624914111022e-01
1.005113792428069086e+00
9.959404826834993285e-01
9.578363884729971245e-01
9.812414999092836654e-01
9.865655462984024293e-01
9.700297461707484414e-01
9.964155832066237117e-01
9.823197672602452801e-01
9.921597327134202837e-01
9.657295918761633624e-01
9.819638280539029207e-01
9.876605365466704090e-01
9.704960942867584262e-01
9.898060647058321004e-01
9.802825271302095800e-01
9.877275520183912416e-01
9.998227411730904457e-01
9.968898999278172912e-01
9.689085405039272736e-01
9.802880806767615418e-01
9.837753909049483658e-01
9.899297046369256448e-01
9.744565066961686783e-01
9.588902875124097891e-01
1.012964664677885374e+00
9.678133543587389420e-01
9.776050652555695608e-01
9.732050006721533197e-01
9.677268796293937436e-01
9.700991978216290113e-01
9.905826110812683272e-01
9.779715108481134012e-01
9.820937712813557763e-01
9.573485152333685022e-01
9.854631400890467852e-01
9.816527736572400187e-01
9.849632557981945480e-01
9.841683609400905253e-01
9.898155109100863491e-01
9.916478811811791916e-01
9.850217671658080265e-01
9.745725692172796384e-01
9.795087472892408664e-01
9.634032221165271803e-01
9.908636507705708141e-01
9.875921823225263241e-01
9.768788631650845433e-01
9.663573800866002150e-01
9.695372276653518862e-01
9.630294557385653542e-01
9.776630117769962158e-01
9.950267464325002198e-01
9.741332945095182438e-01
9.636558405008673889e-01
9.827588377256376573e-01
9.866665092379430790e-01
9.748188550377604455e-01
9.715920769288286518e-01
9.827713818388428280e-01
9.855987612389417452e-01
9.871798334818788767e-01
9.873257327789599636e-01
1.000483001698379226e+00
9.792181263708524819e-01
9.663842282559566010e-01
9.667795014531693765e-01
9.994513099624671160e-01
9.637714355427329238e-01
1.003602950022339346e+00
9.844814106744418369e-01
9.859725811342432422e-01
9.827893046419048373e-01
9.698868528552727630e-01
9.965483253081683923e-01
9.401946465161166167e-01
9.763365394369826200e-01
9.699321791165277373e-01
9.708357631479402894e-01
9.963298088050086543e-01
9.557026514079245416e-01
1.010639318896214389e+00
9.882179020695719407e-01
9.804846570508503056e-01
9.653054938649204830e-01
9.606575152416479968e-01
9.986520647412242546e-01
9.811853353773279940e-01
9.773413030948923108e-01
9.609757623716357333e-01
9.474565252224914635e-01
9.636665038559535379e-01
9.825918781349655129e-01
9.823353935607639364e-01
9.703214066983172348e-01
9.483483467667135347e-01
9.808379258177966076e-01
1.000806312772639650e+00
9.803349265831013959e-01
9.642406989354603830e-01
9.831402837919619442e-01
9.981702020299673128e-01
9.514814649719937067e-01
9.784299277609709300e-01
9.627107243818898707e-01
9.903001438409185786e-01
9.848094178152638767e-01
9.552001860778009945e-01
9.728385042580470765e-01
9.794537570659103132e-01
9.901908698786567875e-01
9.829996451857927475e-01
9.747279215931459184e-01
9.784345183203048135e-01
9.803185328287502553e-01
9.853826236382854376e-01
9.892540838548011806e-01
9.884593186358759942e-01
9.771208538059732440e-01
9.773420149843170535e-01
9.970192872933918427e-01
9.796517370255675150e-01
9.806869312856774101e-01
9.721718689895003651e-01
9.936726632697844286e-01
9.677188720341938222e-01
9.684692290767199507e-01
9.612528184544154586e-01
9.936717927287223029e-01
9.933372389732580965e-01
9.808521815546507039e-01
9.660506876842239743e-01
9.677448881554338023e-01
9.915805865423117371e-01
9.743786599876135268e-01
9.851101694914661255e-01
9.830252937602743657e-01
9.824542892504277702e-01
1.005211867073432019e+00
9.733505878641900422e-01
9.886453575623423973e-01
9.533848979513204203e-01
9.938302393455119566e-01
9.917743175752139484e-01
9.684349334169085610e-01
9.492934026718863327e-01
9.829208938462300482e-01
9.868420258010449642e-01
9.870787132096791039e-01
9.766874226362214362e-01
1.008925058380419459e+00
9.797333990325698405e-01
9.629260997121997789e-01
9.742502201201728163e-01
9.620590453357805716e-01
9.896570674649721733e-01
9.711439755253118422e-01
9.871793282018342941e-01
9.587374716233092453e-01
9.925713759444466655e-01
9.855738355627425840e-01
9.937715102273629864e-01
9.765442528902708030e-01
9.963456786719854241e-01
9.715745494390688464e-01
9.638585706111776341e-01
9.682797771271530740e-01
9.931825367580502384e-01
9.803550819229117641e-01
9.740579035036455169e-01
9.720892293787921634e-01
9.666926211192461427e-01
9.858466269220208522e-01
9.786664654153146570e-01
9.944302860607552308e-01
9.845913363558105313e-01
9.889837173015391114e-01
9.802631064602215227e-01
9.691572406312906063e-01
9.728055247908087289e-01
9.823062074659395515e-01
9.624753658969363856e-01
9.551059845352087851e-01
9.963657868325701550e-01
9.802509993939205746e-01
9.666591822116304966e-01
9.839083457483370765e-01
9.884877141046577442e-01
9.841976249407630162e-01
9.770814879358244998e-01
9.737359081083565293e-01
9.899668231471288049e-01
9.678247219567918114e-01
9.869456252799629903e-01
9.928411108153332165e-01
9.802712528635419975e-01
9.781545796657072911e-01
9.760777167637018081e-01
9.886873003177110153e-01
9.637844052580911702e-01
9.894833182379597636e-01
9.893312129249901554e-01
9.935674847969550028e-01
9.903014474226334851e-01
9.691211032617235155e-01
9.763555514922058753e-01
9.464013222564443550e-01
9.743012033939264516e-01
9.749049361915538281e-01
9.653327678267785705e-01
9.793115821626767747e-01
9.709556641322134585e-01
9.424481309882678515e-01
9.683540453074922505e-01
9.733627098677440914e-01
9.817020031404093405e-01
9.833033119308520753e-01
9.608565679476211985e-01
9.886483399971824904e-01
9.731533389205704321e-01
9.893646858909640462e-01
9.467865641320316605e-01
9.863631282910940712e-01
9.804657562122004455e-01
9.825163197217687827e-01
9.783680763014456216e-01
9.794696217694350837e-01
9.560627401868578845e-01
9.861564753928769855e-01
9.856829688224024721e-01
9.521535006267685119e-01
9.782965679839664697e-01
9.812583389548219515e-01
9.750293314642114462e-01
9.900900223690236590e-01
9.825585108455567873e-01
9.773916373578570571e-01
9.936450452630790631e-01
9.626329616124471578e-01
9.865284867362090759e-01
9.947372009828199246e-01
9.957672459040929347e-01
9.769042257246788319e-01
9.909925928746385893e-01
9.744972221953810410e-01
9.896845424046628592e-01
9.663648242938298605e-01
9.857663194293067033e-01
9.817533648520925249e-01
9.814110326168162812e-01
9.815457216572147647e-01
9.937315947817668693e-01
9.682351517494052207e-01
9.854834076748781868e-01
9.682281491667538154e-01
9.812423865942354606e-01
9.738014717341503257e-01
9.798865642650943508e-01
9.776786511589161677e-01
9.762154772608960807e-01
9.725180570691223103e-01
9.744077413518158481e-01
1.001715856073339905e+00
9.786608293364541522e-01
9.963453387477185785e-01
9.927114321156519372e-01
9.633263809686755108e-01
9.859360269880538263e-01
9.361043725096709345e-01
9.841962364575558286e-01
9.838421906836755104e-01
9.716208044550762590e-01
9.733117428926032488e-01
9.822612012995686204e-01
9.532949936452824735e-01
9.571955219171384144e-01
9.859226779869347812e-01
9.742984661638750543e-01
9.807428321779421143e-01
9.800668316703218252e-01
9.929616093710151858e-01
9.822212941806516273e-01
9.865942619593039975e-01
9.800220450507316494e-01
9.521176567918008260e-01
9.657871563640628709e-01
9.847045406204986140e-01
9.939967835111047645e-01
9.818916538677201489e-01
9.855446964264826804e-01
9.802045954597199406e-01
9.782597506643812002e-01
9.848057061504750243e-01
9.597694548603530329e-01
9.895304436929978076e-01
9.560648521323829030e-01
9.705212845600637017e-01
9.728528432866307973e-01
9.887925642447732422e-01
9.545871005386701302e-01
9.563379602387535039e-01
9.578257673001114858e-01
9.511290584168508033e-01
9.646830435599180742e-01
9.833903954776892498e-01
9.936137132656591708e-01
9.641292579421801845e-01
9.819600933985118685e-01
9.586658488194932382e-01
9.927507090480854890e-01
9.941397202717914272e-01
1.003391832602313460e+00
9.779964231687303666e-01
9.974615969459162956e-01
9.526587049566773713e-01
9.737117837280829802e-01
9.571103792852253545e-01
9.633682381398703809e-01
9.483074387014747142e-01
9.923780126319766692e-01
9.720717619115289976e-01
9.819661691089455191e-01
9.893469185932718402e-01
9.954389304975225228e-01
9.820313676488346966e-01
9.852218058150428170e-01
9.688151557655874102e-01
9.717415692684301387e-01
9.633712608413829148e-01
9.970571233156781954e-01
9.851875461051122773e-01
9.912951184653778780e-01
9.608248202502625013e-01
9.723671709210358616e-01
9.735496487512457220e-01
9.947370546515922340e-01
9.717788124631098201e-01
9.846745857329185503e-01
9.641498684170544120e-01
9.819272340824435341e-01
9.880350914118014582e-01
9.832481470424021541e-01
9.655841794679385082e-01
9.792662836144535587e-01
9.806028928338045292e-01
9.741840750578801833e-01
9.869519806227232683e-01
9.677127904540977488e-01
9.744893723918867101e-01
9.809655288647685101e-01
9.779688515762396950e-01
9.693404869813431191e-01
9.672985525726749412e-01
9.807122486817273499e-01
9.878226798979409251e-01
9.591390458749315950e-01
9.886881500510360521e-01
9.544350324376672523e-01
9.892841035582639053e-01
9.451687246696417466e-01
9.728527418484446132e-01
9.878689572786016893e-01
9.785184946328584488e-01
9.859243911847502817e-01
9.758272052892403847e-01
9.637824726108095152e-01
9.821041917416086786e-01
9.703012051100239344e-01
9.797572020147082839e-01
9.950348114265956667e-01
9.726791720081591208e-01
9.741894334601327587e-01
9.859734516436791107e-01
9.718887009137826549e-01
9.699739629298363974e-01
9.791356673127032950e-01
9.814662538683831539e-01
9.829986635602659950e-01
9.865128181431646048e-01
9.812763976375561414e-01
9.683148211726442245e-01
9.788459721551414638e-01
9.892809045574663118e-01
9.865941867299344858e-01
9.771263051348250128e-01
9.739273058106263647e-01
9.808325223639822177e-01
9.762179344694696947e-01
9.978797268665251519e-01
1.000526481707421089e+00
9.903523468842151400e-01
9.972398594328308885e-01
9.757104258275790531e-01
9.885085695464965738e-01
9.897559853204374036e-01
9.758833535616142640e-01
9.949030513426018185e-01
9.515197634644297908e-01
9.706709428030343423e-01
9.994769152638042220e-01
9.798418731501294943e-01
9.523887857791467626e-01
9.589314988285392305e-01
9.820183634912195147e-01
9.777274268099275245e-01
9.922512463042860720e-01
1.000596537242540718e+00
9.944240813322761108e-01
9.873067276783238366e-01
9.580033236252414319e-01
9.896565699940192973e-01
9.766741206890277027e-01
9.669172571009609918e-01
9.713666203879202099e-01
9.877572123035344154e-01
9.980569099135004896e-01
9.489114392137695253e-01
9.819861261130949925e-01
9.919921945161144228e-01
9.886497695800054997e-01
9.787616374746608283e-01
9.824370361713304911e-01
9.685056196249492988e-01
9.910942852256250379e-01
9.733271824804109462e-01
9.829865147976480921e-01
9.716604838645017672e-01
9.946647163893429511e-01
9.964647942664011104e-01
9.767646297661661814e-01
1.001159451332485295e+00
9.811994522378161276e-01
9.587946988123414727e-01
9.935190565555770403e-01
9.888658462269085403e-01
9.422019459027372035e-01
9.971492083819961660e-01
9.850395976989473334e-01
9.630395743286513932e-01
9.914784455490277537e-01
9.837386136993550023e-01
9.471171587070470466e-01
9.868505199746333556e-01
9.904014951101447473e-01
9.777970048148705295e-01
9.801852031281970135e-01
9.771520330694501988e-01
9.801467412447052441e-01
9.915524813510029345e-01
9.665735569345069722e-01
9.761371319143288261e-01
9.864416755191541819e-01
9.904251645914290414e-01
9.521510543562919926e-01
9.723957935800606744e-01
9.608902466105819773e-01
9.895541101833469355e-01
9.758599830182033141e-01
9.511218429712109401e-01
9.632657776749892209e-01
9.611285036607719601e-01
9.822092856531198235e-01
9.730796772754163326e-01
9.734320546985674172e-01
9.693769259850323339e-01
9.865235301753257913e-01
9.816873758675530581e-01
9.640964010914047089e-01
9.973155406983105209e-01
9.567220521698382996e-01
9.835386364144325100e-01
9.921423539841572881e-01
9.798366199074014515e-01
9.818716820588283545e-01
9.947255894856011915e-01
9.461993692938137634e-01
9.824819962050550526e-01
9.868008216355380613e-01
9.694399083481888280e-01
9.880908258548881662e-01
9.878308945488125659e-01
9.976448680074927466e-01
9.812801119000166272e-01
9.689474944669542733e-01
9.816130868548084143e-01
9.876326722746739950e-01
9.818815289925645340e-01
9.942094647222891046e-01
9.601484250240636120e-01
9.688705349488498930e-01
9.827038486119827887e-01
9.790777846452041189e-01
9.901752978949607265e-01
9.710762704085843522e-01
9.857399752671658355e-01
9.914825597276388791e-01
9.871918653193682003e-01
9.731430512001933986e-01
9.748038296035244077e-01
9.930392520712775228e-01
9.801427313967113752e-01
9.786736452270743403e-01
9.766164995722639297e-01
9.616587323694758549e-01
9.840564492415937448e-01
9.986301087531327392e-01
9.913150369436252163e-01
9.789544390146026620e-01
9.793050023279280536e-01
9.799351308197504773e-01
9.749486993841324223e-01
9.827679523954997443e-01
9.948103324530472857e-01
9.848469720784016612e-01
9.943569723535004012e-01
9.885442457774549219e-01
9.832991668956457820e-01
9.840119004741285647e-01
9.891514661730140823e-01
9.798450262593824123e-01
1.011163368447806299e+00
9.744144707185887766e-01
9.821843456453643872e-01
9.670120129400158193e-01
9.865671683588607133e-01
9.729604406292249319e-01
1.001653901207212094e+00
9.787472830177129657e-01
9.756742145674248690e-01
9.624596822554906117e-01
9.838431223909938073e-01
9.632221568165323378e-01
9.522511832322864134e-01
9.882218931165513975e-01
9.828285411840115282e-01
9.730234494726215377e-01
9.691814429324849822e-01
9.864809622742864992e-01
9.840509852077027331e-01
9.954106411721066472e-01
9.843958995674148005e-01
9.838158343905316627e-01
9.843463560496367171e-01
9.608678686128828694e-01
9.894391994237808907e-01
9.816327531323382205e-01
9.725289553846339086e-01
9.702222968551563742e-01
9.775547878680852509e-01
9.922692088542897082e-01
9.769961976267137471e-01
9.861497089506650049e-01
9.478286735568752785e-01
9.777809537387442962e-01
9.693909658878843150e-01
9.763036886660693137e-01
9.731769596108134079e-01
9.890091874719165732e-01
9.666989663168904512e-01
9.756881609812591005e-01
9.981630133946811645e-01
9.908235940082776860e-01
9.818719792183971951e-01
9.852135690101171406e-01
9.831688507754877682e-01
9.681747138793919127e-01
9.536018923849745033e-01
9.832147226350755886e-01
9.376730516669212756e-01
9.890889464681548171e-01
9.733347369102565150e-01
9.812058740985243332e-01
9.722768505433864172e-01
9.893365297595404506e-01
9.592579896268530470e-01
9.882612287375815985e-01
9.614089955342109972e-01
9.652492424157860240e-01
9.701008550532415065e-01
9.855176585196423478e-01
9.756504685677555022e-01
9.857400201332704448e-01
9.690762914987747223e-01
9.807550082355638299e-01
9.830553837887053836e-01
9.990597490349789611e-01
9.934437186262731201e-01
9.509460324450833557e-01
9.857090739878643371e-01
9.859422662440450180e-01
9.708010379067532059e-01
9.808588438855210256e-01
9.844071352531529318e-01
9.805671952762287091e-01
9.651436007952231000e-01
9.798970345400960236e-01
9.662573073781987043e-01
9.870151502512441999e-01
9.890902442714303300e-01
9.910192956064745040e-01
9.926950674264458652e-01
9.930584145184706557e-01
9.714606352657714217e-01
9.604160267582657617e-01
9.835191677152984591e-01
9.849411828219530873e-01
9.815442763692205919e-01
9.825679085031006066e-01
9.562370144746513700e-01
9.753569593302809926e-01
9.317855359212530164e-01
9.854461866752572963e-01
9.694443204120750668e-01
9.342468347345790347e-01
9.858467974218797503e-01
9.881499522050359863e-01
9.768388729678467719e-01
9.987617028643989148e-01
9.689008858232504018e-01
9.913397893162438912e-01
9.926966744286610522e-01
9.865361393178792015e-01
9.686299276328248498e-01
9.698395174393362739e-01
9.689415772266157800e-01
9.915705514506167884e-01
9.708038927950903840e-01
9.533733698505222343e-01
9.888806007666756104e-01
9.622719665147239088e-01
9.892906783512168678e-01
9.870577238625133365e-01
9.697751032404597904e-01
9.905002662416249049e-01
9.809356337862137343e-01
9.819566575616823778e-01
9.560509795923831655e-01
9.975362907672974400e-01
9.829726390460502561e-01
9.825993830568744425e-01
9.632372168766689668e-01
9.369896128597309248e-01
9.675562928982421873e-01
9.709149535459680180e-01
9.791815135875360232e-01
9.977547977251925992e-01
9.706205939177687814e-01
9.493140812326089639e-01
9.928922817688716762e-01
9.904270719054678596e-01
9.817982515453239634e-01
9.511618176174628791e-01
9.891016886559765853e-01
9.614640871524688936e-01
9.790033527104679001e-01
9.927538065386556365e-01
9.939957273727186848e-01
9.847493090677207350e-01
9.811799651754549156e-01
9.758936178255236404e-01
9.673715826333882939e-01
9.866892404881318912e-01
9.697230933599315650e-01
9.539448050324463857e-01
9.723856766190006606e-01
9.868740747431333782e-01
9.707384196537605092e-01
9.770521146367866505e-01
9.905138764522670725e-01
9.719303225536933821e-01
9.735549064991123602e-01
9.928852133275308800e-01
9.707933499063597926e-01
9.704848915138047927e-01
9.886300593037574691e-01
9.977767456996826656e-01
9.766482835591349110e-01
9.706811444013775381e-01
9.840346012441626433e-01
9.852603797348264969e-01
9.686524557871738494e-01
9.850390940477544710e-01
9.742710979759512391e-01
9.596239038620680839e-01
9.852054634288075485e-01
9.967887799319525843e-01
9.874494507729731918e-01
9.543068782357768676e-01
9.681222998841813032e-01
9.839422904685747318e-01
9.568953345876527461e-01
9.948949536845995700e-01
9.799141229620080829e-01
9.641071116920258977e-01
9.693646594313158893e-01
9.592936784904301240e-01
9.635909303187556452e-01
9.476597366188077576e-01
9.818924914457309860e-01
9.788386334038177150e-01
9.855054945848276127e-01
9.882204633836125796e-01
9.689079145311172425e-01
9.637360341502909655e-01
9.510370530558495128e-01
9.992973058128221675e-01
9.738285359718932277e-01
9.772813352369063011e-01
9.701095180553143127e-01
9.802564690065915798e-01
9.712417810629093706e-01
9.599268633473516665e-01
9.574369389234859140e-01
9.769426019746910717e-01
9.645747065142020737e-01
9.715692452900678289e-01
9.843247191482448200e-01
9.911011812654842990e-01
9.868256713342585806e-01
9.947913435815117777e-01
9.770574466887442799e-01
9.874142652606591186e-01
9.789712562173077393e-01
9.752175791053760978e-01
9.930205908231494183e-01
9.607223226550971606e-01
9.876849027970736605e-01
9.809590710983727702e-01
9.749141576647373242e-01
9.912217812323081967e-01
9.951577272722412770e-01
9.513735274365727745e-01
9.805272581273755117e-01
9.629867205606406078e-01
9.563438144888527503e-01
9.995465883356700054e-01
9.654568871495901039e-01
9.728477189634259226e-01
9.940887118792010035e-01
9.939810587186546087e-01
9.816004981787064265e-01
9.779746635790824705e-01
9.631475284933630476e-01
9.911697408158655076e-01
9.703252638681553188e-01
9.701750757737211961e-01
9.585925032561172232e-01
9.639954106284336355e-01
9.750438892294922555e-01
9.796656759696028560e-01
9.625930409951320987e-01
9.876253366524874178e-01
9.826341792933838137e-01
9.831857966767030277e-01
9.833615317684372137e-01
9.560372777219657836e-01
9.889143206525122798e-01
9.709222192786539640e-01
9.711538467027792665e-01
9.805638013557089749e-01
9.754144023146318343e-01
9.779968098364955065e-01
9.700879849406688349e-01
9.718296135825543747e-01
9.876792656409539850e-01
9.909051784770955829e-01
1.003916988020291168e+00
9.757129279408344180e-01
9.649707446826821799e-01
9.729131809459955482e-01
9.937725957535094023e-01
9.719953151702570571e-01
9.880219228984746804e-01
9.794723574887758133e-01
9.765514468459699504e-01
9.879292112112059154e-01
9.891985477270835991e-01
9.778308895108233090e-01
9.825894182241796670e-01
9.385977641426754836e-01
9.817003224150896434e-01
9.887892118800469810e-01
9.886345889200666148e-01
9.422714299213301725e-01
9.842378696827499551e-01
9.485732861295004259e-01
9.799413345017304877e-01
9.764549236845326829e-01
9.801225120730703289e-01
9.950549351932097553e-01
9.775472916633111131e-01
9.689679878440944361e-01
9.834734376874664230e-01
9.787440456106524245e-01
9.792346750875576822e-01
9.512372579430592445e-01
9.708318202092297566e-01
9.904118159994781401e-01
9.589871466285579960e-01
9.762306768774802190e-01
9.925179191175261817e-01
9.835888804321452072e-01
9.820085989894304923e-01
9.846767100800437600e-01
9.870535159652438217e-01
9.901546065298917343e-01
9.861516050330096927e-01
9.670032229856172501e-01
9.886712256849916614e-01
9.861625846957561281e-01
9.753891513968596660e-01
9.765445759604645115e-01
9.903263946850167088e-01
9.898726797186558901e-01
9.785001999804526784e-01
9.792075110367198798e-01
9.336391253192016793e-01
9.751905585495210804e-01
9.854169114474089497e-01
9.851080261853560893e-01
9.928821383598267492e-01
9.756792606115990418e-01
9.726604248715244871e-01
9.747396429943142593e-01
9.823645040480639690e-01
9.702685600441159908e-01
9.820058996466755064e-01
9.769324520794724354e-01
9.768211186702433491e-01
9.690060498348083140e-01
9.920554281001660035e-01
9.785948841804121834e-01
9.858912046336296697e-01
9.851237689827132549e-01
9.737441457234335962e-01
9.667643983011985354e-01
9.909394479766097108e-01
9.771617475675985487e-01
9.851961474547918929e-01
9.948517464539083921e-01
9.884361952593959666e-01
9.552154979949332159e-01
9.802782377372873945e-01
9.765805431923214597e-01
9.480124752088942008e-01
9.450576769449458014e-01
9.874496491037271229e-01
9.707253052631227286e-01
9.782045823759760728e-01
9.830352657005547723e-01
1.003335016089963450e+00
9.881155226349772613e-01
9.893845702113620577e-01
9.572043452511903583e-01
9.892978920670862930e-01
9.726374652672443721e-01
9.806129486379391302e-01
9.735054019746827159e-01
9.604591537095005238e-01
9.842086669166324464e-01
9.985638712140291195e-01
9.808316958697399501e-01
9.934564057047712282e-01
9.893920486521481372e-01
9.782378232433565080e-01
9.700069296651281370e-01
9.990400500828741093e-01
9.913460077744693510e-01
9.909340393775323275e-01
9.682513087208521885e-01
9.882337827832639032e-01
1.016573656024440053e+00
9.709956084051701852e-01
9.844204907858655762e-01
9.572193698892677016e-01
9.879440217800140589e-01
9.790161971601448743e-01
9.920615972049505737e-01
9.804093956814630140e-01
9.793947815386063738e-01
9.919521599101031040e-01
9.840725992370470410e-01
9.711690316630839925e-01
9.836809658741040296e-01
9.926656710169659004e-01
9.766610743619933421e-01
9.881418697644015481e-01
9.641267436830835980e-01
9.814830148440845115e-01
9.676433615441493163e-01
9.824008545289837357e-01
9.716059001692521901e-01
9.864421635091716878e-01
9.891464661073877673e-01
9.873471769760003847e-01
9.503280812692206370e-01
9.956819189741639153e-01
9.790796836582162932e-01
9.865484597306704018e-01
9.963649744741144287e-01
9.776403196414097385e-01
9.651061735948629483e-01
9.415464545165155297e-01
9.901270172236260603e-01
9.849430913096255402e-01
9.720313701277265572e-01
9.993167343437074912e-01
9.756141884905458195e-01
9.907744737981617478e-01
9.901402015967931680e-01
9.727621807862489867e-01
9.764547490808016539e-01
9.897704719363135117e-01
9.959064830782167199e-01
9.869782778395648215e-01
9.842826685255641195e-01
9.897797579978638849e-01
9.867139287733815989e-01
9.934881753580925290e-01
9.989879482233716690e-01
1.003200613710981681e+00
9.782158470261604899e-01
9.844046033487791059e-01
9.797001091803816397e-01
9.863902932764564424e-01
9.769536008664736482e-01
9.642771847201648816e-01
9.590135675338989918e-01
9.834239497910433059e-01
9.892149571610179271e-01
9.866762731834245459e-01
9.895772089856122999e-01
9.745330047436758791e-01
9.688597628171502496e-01
9.853286437875551362e-01
9.758340804500197363e-01
9.879605106298485762e-01
9.874130080292234934e-01
9.476068528304729677e-01
9.815484876275925030e-01
9.832087451482041107e-01
9.690942101429220745e-01
9.451061252173558191e-01
9.745543499872413307e-01
9.916976262660479602e-01
9.887715402202866821e-01
9.724076272233900253e-01
9.940334674130686388e-01
9.451721072431400472e-01
9.668433784594435698e-01
9.606350752613925792e-01
9.685133955642826198e-01
9.775022850269710073e-01
9.902621813150324082e-01
9.915556577795007209e-01
9.752783402141970148e-01
9.402821881280128968e-01
9.398012112647463612e-01
9.870561357729357166e-01
9.793531694203571059e-01
9.958182405905401380e-01
9.826721933103635953e-01
9.832216241208785457e-01
9.834369386734612695e-01
9.729189567045758436e-01
9.830862022930247912e-01
9.754422968126732485e-01
9.680690258131411374e-01
9.902718162925151502e-01
9.665099566158298350e-01
9.763160653703001346e-01
9.707141165411639072e-01
9.940423925003555317e-01
9.906428280461929692e-01
9.712377109549248377e-01
9.809179492160315927e-01
9.790037287397088672e-01
9.695544987575472895e-01
9.679176148459011086e-01
9.400916053433432396e-01
9.757984427873643840e-01
9.825667098020359758e-01
9.897437504769677208e-01
9.865125197335561369e-01
9.808868903144007945e-01
9.766674959728469663e-01
9.890989953624290676e-01
9.971897201454571480e-01
9.856063948537764352e-01
9.832679865254730922e-01
9.817684565648634454e-01
9.792709208878700444e-01
9.594332483495827679e-01
9.787602921455001992e-01
9.791138423294388771e-01
9.649568179249169431e-01
9.825702989881884841e-01
1.001116622201345896e+00
9.644068559861184164e-01
9.616813718760212071e-01
9.685438835472459651e-01
9.851036779632462714e-01
9.880742436126249695e-01
9.464884879012513963e-01
9.831137872127261312e-01
9.903083686365723448e-01
9.651748478455612901e-01
9.847492836439145636e-01
9.450798717047013131e-01
9.794066844730191512e-01
9.959548779441154132e-01
9.720808862661436400e-01
9.841143951268019885e-01
9.859717589837498908e-01
9.911000691267947138e-01
9.911270804423295555e-01
9.830663416689667811e-01
9.752691713466294932e-01
9.992532514112312247e-01
9.906248602459103436e-01
9.689512655563038424e-01
9.645955593249728732e-01
9.751328503711145235e-01
9.887508361725555472e-01
9.589501594545898344e-01
9.938636133549529905e-01
9.901981096635896762e-01
9.401435400474913440e-01
9.716195139239685030e-01
9.749006031797726735e-01
9.833955056547970530e-01
9.548345704614527030e-01
9.564082557436152099e-01
9.929291901832698608e-01
9.920220387334418577e-01
9.649560744639513743e-01
9.915046109675834662e-01
9.826889142541774813e-01
9.811953211262414154e-01
9.912816944847953060e-01
9.766741331540380600e-01
9.949444488690528665e-01
9.948022205887472325e-01
9.876986029310322879e-01
9.820675134017331498e-01
9.824969935212854999e-01
9.787215577961386748e-01
9.836288805802716473e-01
9.651167443702775017e-01
9.792650652283486634e-01
9.539507317469347880e-01
9.772090276910493367e-01
9.692371424210467490e-01
9.868196058500031675e-01
9.851959696568968194e-01
9.569099825331730536e-01
9.765528344660070470e-01
9.642415055894291154e-01
9.833038969628093984e-01
9.894916676077345485e-01
9.864358481772541598e-01
9.890956075917355372e-01
9.967273403368234197e-01
9.580348289002307283e-01
9.417146655343771044e-01
9.867569719290228969e-01
9.814088973007401018e-01
9.802788365347566701e-01
9.389824466271978753e-01
9.674823157214325065e-01
9.679518953443423390e-01
9.830148815400144846e-01
9.954293156575527712e-01
9.694692060177084736e-01
9.898907403986680897e-01
9.793779890067523253e-01
9.791311822212487304e-01
9.960232046189239075e-01
9.756924620039538754e-01
9.834213530299497075e-01
9.870229126625491567e-01
9.931022281160849507e-01
9.717074564169229101e-01
9.918689730489490541e-01
9.643274392199933098e-01
9.894545391169530246e-01
9.669505010199365147e-01
9.706623212127560851e-01
9.886927940801347736e-01
9.447842303325010294e-01
9.334371981715264832e-01
9.773904623285065707e-01
9.779492973372997389e-01
9.823820084815919618e-01
9.992711357776986603e-01
9.595377585400201026e-01
9.922132194367461189e-01
9.875566826996889924e-01
9.823565889649849003e-01
9.843932591531764364e-01
9.830691942024403218e-01
9.630960339255235647e-01
9.929013503799627438e-01
9.791142532904876239e-01
9.873396642919015642e-01
9.921258994040829116e-01
9.988791014914172317e-01
9.875018094493694942e-01
9.813068100600509380e-01
9.587738174895984455e-01
9.832138683037402460e-01
9.908644938017149295e-01
9.478133691531831495e-01
9.814399998778067236e-01
9.672373808465465350e-01
9.959929062799758315e-01
9.821607439698648578e-01
9.933363920277972214e-01
9.623398103569218431e-01
9.700549317061341048e-01
9.924079268066090531e-01
9.829633976204070756e-01
9.858818424647561862e-01
9.817263961490642066e-01
9.688703842155528267e-01
9.856914870528278305e-01
9.730811507781025327e-01
9.780133076175723250e-01
9.921366991325341056e-01
9.471807452858371779e-01
9.498794147673864652e-01
9.807010608080497516e-01
9.447580359728369181e-01
9.918722842486036306e-01
9.918555505886805790e-01
9.583572655577770050e-01
9.820304816002326520e-01
9.750950867551515522e-01
9.677667519030175303e-01
9.629252296702230929e-01
9.599155251576529935e-01
9.654010750793269313e-01
9.972424284106364833e-01
9.876131899454646534e-01
9.765840982844763429e-01
9.780770663856679370e-01
9.421706004318979311e-01
9.948509050982026203e-01
9.893871883900366981e-01
9.802056658733000472e-01
9.984674218498786891e-01
9.689947336344978401e-01
9.926449024069333715e-01
9.814242827218128129e-01
9.958741271561663000e-01
9.705445350512822422e-01
9.907465404259205854e-01
9.680560112395321104e-01
9.512759788680421602e-01
9.666759670912214997e-01
9.835677327694577476e-01
9.740104781048252169e-01
9.705608869995753230e-01
9.913691282878047684e-01
9.638631909548059928e-01
9.811439218895853243e-01
9.826102146105574198e-01
9.572017541888639958e-01
9.707421937137944434e-01
9.831115145034016178e-01
9.843690067221826379e-01
9.776731066705355300e-01
9.720652174068544760e-01
9.852460837519622094e-01
9.797966479509858662e-01
9.686881047764090980e-01
9.886617600188501997e-01
9.978814178390107426e-01
9.937712435046464066e-01
9.790083722174163228e-01
9.983900790072159914e-01
9.648656331612610604e-01
9.875778319305558162e-01
9.560926136766824124e-01
9.656294586360354426e-01
9.746011253000611552e-01
9.928831790536062352e-01
9.766891961140476974e-01
9.679934716573531661e-01
9.831352883684061350e-01
9.629509407882573813e-01
9.941806257178917861e-01
9.869946049836855195e-01
9.661299690155848996e-01
9.884236492531522922e-01
9.773189600054085213e-01
9.869484756468154263e-01
9.631217785846614143e-01
9.827246253629901007e-01
9.947961355395315008e-01
9.744839593756191576e-01
9.971949064681611130e-01
9.919544023114990061e-01
9.829818850783355044e-01
9.781144871335198943e-01
9.877998087338324407e-01
9.914490910841127214e-01
9.762793057657249696e-01
9.790913107144421090e-01
9.865872209323797160e-01
9.710041497549629641e-01
9.708749656866507705e-01
9.705088108906869682e-01
9.595260398272329461e-01
9.796226920881722089e-01
9.848362037142940340e-01
9.736550471205311919e-01
9.664876256305265922e-01
9.936641041540342778e-01
9.791286659652147506e-01
9.858588807750494620e-01
9.839664109229604438e-01
9.812796598485875599e-01
9.779293181806573143e-01
9.914752583655325191e-01
9.736856479530558994e-01
9.965994940995360762e-01
9.869460429679430824e-01
9.776867149147656644e-01
9.250660502669127983e-01
9.564296457294317877e-01
9.627180460711093346e-01
9.944698856266790399e-01
9.854917141132895075e-01
9.926569114661895066e-01
9.845341677604648734e-01
9.824042389115412721e-01
9.463546356265946091e-01
9.686267241093353686e-01
9.697050651541978539e-01
9.882633887635763337e-01
9.863311152411177174e-01
9.947004465529383221e-01
9.797852094984118576e-01
9.963735481802150629e-01
9.702412782011624603e-01
9.653342386516688967e-01
9.930575738375539974e-01
9.847188908671956620e-01
9.640675410909033127e-01
9.775153833277397952e-01
9.765547134986329869e-01
9.858400317359283793e-01
9.916407444061763332e-01
9.846840673010293088e-01
9.857679334871126686e-01
9.584029591532170489e-01
9.930225855358629783e-01
9.803496253522905324e-01
9.946204632837540860e-01
9.865315742814515509e-01
9.953376820552002346e-01
9.921986978168688687e-01
9.937484075938828321e-01
9.854088059778720599e-01
9.547077651721350700e-01
9.948745161954758442e-01
9.902669777235488802e-01
9.822215605918845904e-01
9.774400217506250543e-01
9.901175967348850859e-01
9.632072506636621956e-01
9.855355495453353987e-01
9.930231202255989098e-01
9.851615392789366821e-01
9.775815267184880808e-01
9.951459429504261323e-01
9.808997816523731261e-01
9.655039841421880764e-01
9.855965720714030542e-01
9.727105467480094969e-01
9.967674769459278217e-01
9.892516370350308286e-01
9.666405544662354243e-01
9.758129260823463769e-01
9.723259312005455568e-01
9.715244913641565283e-01
9.618745121148406518e-01
9.731803175537514505e-01
9.834503988149257969e-01
9.841661611076245597e-01
9.828717137416204119e-01
9.780185259429609035e-01
9.808721370955028052e-01
9.666201859380798567e-01
9.869909229265041439e-01
9.682754508846382890e-01
9.935089629267906952e-01
9.588935757701372298e-01
9.824822387283572711e-01
9.649206149212797845e-01
9.788495875499949594e-01
9.829827129009308662e-01
9.783553827343994813e-01
9.789607009836132079e-01
9.868640858043142838e-01
9.957107588620772720e-01
9.841588340661705514e-01
9.649878339590099996e-01
9.983949493646585571e-01
9.871911158022677046e-01
9.749991671888721401e-01
9.445838272274845737e-01
9.768374568427055094e-01
9.866237741042318543e-01
9.925833002250138426e-01
9.973204441138280307e-01
9.608375327810868560e-01
9.835642889800400024e-01
9.802622925898136774e-01
9.887796503944600301e-01
9.818015004666842405e-01
9.881807474506660860e-01
9.862386012206075803e-01
9.821735355642852161e-01
9.758000569583299422e-01
9.795178789804476205e-01
9.797339642677110882e-01
9.838687053682159123e-01
9.804202622284807767e-01
9.792276665742410957e-01
9.783193242361234443e-01
9.909181600353227370e-01
9.848057950277223638e-01
9.866057029139365664e-01
9.506940065201011647e-01
9.880341276886150936e-01
9.878272278444469867e-01
9.799552013580613563e-01
9.901893224554670914e-01
9.892478575477087199e-01
9.850673211182569000e-01
9.323293319427484738e-01
9.877057284899490863e-01
9.927728253083637489e-01
9.887320441264392246e-01
9.935872033985961860e-01
9.453589064330261138e-01
1.003786632229953346e+00
9.939432165798421925e-01
9.704269870824017152e-01
9.704337967349204730e-01
9.889988340156649071e-01
9.769680417155849339e-01
9.876929362837177928e-01
9.822559538628476972e-01
9.889260652905167426e-01
9.830353676280909614e-01
9.899416856301919143e-01
9.882238415606823256e-01
9.881312497573180309e-01
9.906986919978141293e-01
9.795771488297929652e-01
9.960417137019558220e-01
9.825690842456067386e-01
9.917704221311257617e-01
9.269650064179331128e-01
9.678234163564545245e-01
1.007158288554995007e+00
9.941475416244346386e-01
9.897138362371735720e-01
9.883973783074059272e-01
9.848458172619826145e-01
9.692720893139082916e-01
9.676449970276921331e-01
9.801128486532383333e-01
9.388070254591358577e-01
9.624617289820359689e-01
9.827760892955312855e-01
9.768530528531484958e-01
9.875891858969108039e-01
9.648877853731770982e-01
1.004607208161448106e+00
9.561762727937387352e-01
9.373437454660950019e-01
9.891855053409286391e-01
9.826580132107579635e-01
9.680415415845020632e-01
9.791299857837484355e-01
9.880630602876521174e-01
9.872190008918485526e-01
9.756159034387006379e-01
9.879471785412744511e-01
9.882489150414737189e-01
9.578945344084487390e-01
9.848638747798291737e-01
9.693484976526871577e-01
9.779245170700450185e-01
9.814687967135792279e-01
9.879831761351164365e-01
9.937216461241167309e-01
9.896378449225320395e-01
9.674312975753228683e-01
9.834227858029223057e-01
9.727748556638698973e-01
9.599165368508147944e-01
9.865206167666364934e-01
9.761450269415077319e-01
9.583595167045928509e-01
9.842123348520215309e-01
9.813170840352388735e-01
9.874036051637121725e-01
9.893987743264099910e-01
9.897473133157408398e-01
9.846415805420577483e-01
9.871226538195839728e-01
9.857903291531820988e-01
9.593467035199099158e-01
9.954668554865399033e-01
9.723163369084902863e-01
9.919940308920557337e-01
9.750786635766806043e-01
9.797766830365445268e-01
9.779107080490359039e-01
9.819873773267897565e-01
9.967313689969882207e-01
9.732695721118442833e-01
9.821304040973396488e-01
9.972090593892259935e-01
9.697247634557545348e-01
9.779518797140702713e-01
9.747375089618000032e-01
9.600248687470476217e-01
9.820675921329972136e-01
9.619440452973131439e-01
9.889289398887695093e-01
9.839565808368366806e-01
9.819767353393613618e-01
9.804944103501184172e-01
9.735703565315958485e-01
9.815914446415203720e-01
9.444342269399749190e-01
9.588558937053937026e-01
9.640908848428847433e-01
9.793245444914090436e-01
9.965783600181636892e-01
9.618036586903628837e-01
9.840671197478884080e-01
9.922750245354223786e-01
9.833214808221877323e-01
9.890791331213483195e-01
9.840428906458378311e-01
9.955545238992576929e-01
9.995354791900165070e-01
9.867181481663759302e-01
9.312988567919444627e-01
9.660944979198415883e-01
9.927338882025973366e-01
9.727930627785413842e-01
1.003569028145737452e+00
9.722235175206102031e-01
9.812989749850773435e-01
9.536378397987019806e-01
9.771739063937465719e-01
9.911912067636827750e-01
9.859927422824725785e-01
9.860853952865820116e-01
9.699405303574275550e-01
9.739445537082269677e-01
9.457801098834621722e-01
9.660230228469363079e-01
9.707514426242580541e-01
9.899742294927783570e-01
9.759432487490300456e-01
9.834199168904453892e-01
1.003639611663541098e+00
9.834194868498397080e-01
9.843501962331562272e-01
9.760858896298150178e-01
9.928051022348808319e-01
9.928785074111523556e-01
9.663656844787898992e-01
9.835274422028237318e-01
9.733606657918052463e-01
9.969148128910412243e-01
9.772833338028644734e-01
9.821697548691831203e-01
9.738083680712432688e-01
9.872965565247908692e-01
9.817274811364044007e-01
9.509253000692089453e-01
9.756652127476707070e-01
9.961432580879364673e-01
9.719870389701046332e-01
9.808226695831312458e-01
9.757828398776124956e-01
9.763448955305814581e-01
9.464952271774026427e-01
9.602898546586975392e-01
9.792699365958970059e-01
9.870789037134817256e-01
9.892961113573042198e-01
9.548942329806328067e-01
9.633525767007150575e-01
9.878446123634885279e-01
9.879659105140151665e-01
9.818007687245926540e-01
9.824305084424108658e-01
9.683190731144514229e-01
9.608083527326780615e-01
9.682906012838005116e-01
9.926026367937081929e-01
9.763663849380801452e-01
9.673730630716432799e-01
9.930102350053994220e-01
9.797037165120460189e-01
9.810543768135625564e-01
9.854809574261703675e-01
9.853646181058276499e-01
9.851013573125974032e-01
9.728629269981307059e-01
9.935656092297270314e-01
9.847994243668194425e-01
9.724271341522354728e-01
9.810526580788158091e-01
9.857421074441783393e-01
9.938379937641358408e-01
9.940530116720921461e-01
9.902721257510910258e-01
9.881114181353491954e-01
9.911209917304354411e-01
9.659516971079664671e-01
9.908503589011402601e-01
9.725569483146916383e-01
9.915636221820088858e-01
9.661188061047601972e-01
9.827597600924663501e-01
9.736064058316903358e-01
9.729705695230285167e-01
9.883081200097681984e-01
9.816934020473284672e-01
9.538162102686242871e-01
9.956388626256928998e-01
9.905422350491972505e-01
9.769708604957693110e-01
9.860555161690387482e-01
9.661324181669957989e-01
9.730795746983543770e-01
9.729556510802458424e-01
9.885712283986205495e-01
9.922237015139828697e-01
9.685222199216686478e-01
9.779166656501161459e-01
9.646010258766363199e-01
9.543681544877246070e-01
9.860851766037429522e-01
9.963113060620878425e-01
9.881046045819829038e-01
9.868212180452199389e-01
9.741460370138291802e-01
9.849093634772491113e-01
9.832009935893369912e-01
9.818727787644930816e-01
9.782953979242596798e-01
9.903284829768503883e-01
9.915923045337923236e-01
9.935471180814479109e-01
9.783860577254205326e-01
9.846567641688027672e-01
9.787508254255316009e-01
9.880399391363867689e-01
9.848421146633019596e-01
9.778027921346623685e-01
9.896141299109544320e-01
9.689002646473487967e-01
9.836948406580234838e-01
9.717136031350539493e-01
9.718361296908888391e-01
9.807493040481192192e-01
9.785414551722698695e-01
9.824776978603285693e-01
9.826547853348077677e-01
9.711472815247239598e-01
9.805505888223363664e-01
9.891849468470197415e-01
9.454520390274723241e-01
1.005287959149709698e+00
9.834996453850449738e-01
9.922145215969122578e-01
9.843560869476872810e-01
9.764870950782522652e-01
9.864030135668585553e-01
9.883201499225052755e-01
9.732608400109480362e-01
9.897367368105770558e-01
9.745861048285482386e-01
9.861850249460651918e-01
9.856712043668541812e-01
9.655341618424038153e-01
9.910430860442361878e-01
9.900953233935139153e-01
9.855091581316438587e-01
9.842338986310997795e-01
9.905440666143275896e-01
9.884228987835251834e-01
9.842290092543579672e-01
9.736613656794832483e-01
9.719763669737421230e-01
9.662918738096359927e-01
9.915008663715915160e-01
9.867232406149031299e-01
9.657562559466864593e-01
9.947961968230093488e-01
9.759673304536693461e-01
9.743504763000887525e-01
9.954833288394252522e-01
9.689394147118844947e-01
9.652712307045511198e-01
9.908900153308559666e-01
9.691524797830911586e-01
9.911334500820744298e-01
9.773083762959398069e-01
9.813173001265633744e-01
9.873429479581762314e-01
1.003028047899891417e+00
9.799822511550119186e-01
9.917529152357471567e-01
9.834888659501146435e-01
9.749786773292851150e-01
9.755686590040053563e-01
9.893761795961729666e-01
9.727247255827297101e-01
9.914593866227785490e-01
9.812702593383523242e-01
9.796015683334706736e-01
9.818306044554451217e-01
9.959891598117407430e-01
9.936925039470768661e-01
9.752928725237257623e-01
9.860767516126560661e-01
9.976988623681889434e-01
9.849298960323875640e-01
9.863392080510640092e-01
9.992471215987358546e-01
9.804725452969323962e-01
9.857654015207919507e-01
9.827322324409165644e-01
9.681794306617900192e-01
9.840168830038428238e-01
9.918855111091540167e-01
9.634612466159588884e-01
9.862240877248721338e-01
9.709079120548590458e-01
9.460236046898713447e-01
9.639267249939591498e-01
9.316706119430741007e-01
9.890686078674557624e-01
9.838378811646658617e-01
9.900053644109400031e-01
9.897377733988921289e-01
9.754090418847553012e-01
9.539043508361033652e-01
9.863829240371599916e-01
9.857229740315870403e-01
9.985480954791630115e-01
9.737705463187225075e-01
9.769241551016681901e-01
9.852527016123105996e-01
9.707501272827189220e-01
9.820555098384666781e-01
9.743626483595435595e-01
9.609942053506915771e-01
9.937583842687011115e-01
9.881700516224312114e-01
9.695291401329504399e-01
9.996318312161504016e-01
9.872405465748091968e-01
9.856952628965509611e-01
9.951948564538171116e-01
9.759523751981864503e-01
9.787354590848656999e-01
9.678074888782687291e-01
9.791432551514116511e-01
9.654763679203035576e-01
9.828731496567689740e-01
9.857839090949394034e-01
9.800771830234806803e-01
9.824861228966865756e-01
9.795663000689045496e-01
9.925201113453157031e-01
9.619648092189175825e-01
9.699394507282667055e-01
9.757525037412622115e-01
9.843505708140755095e-01
9.679750887403087978e-01
9.501665480861127833e-01
9.921492162042282459e-01
9.868687291720770194e-01
9.774886741672403900e-01
9.857161850135714998e-01
9.777184936006069194e-01
9.831443176937652018e-01
9.793012633601910766e-01
9.755297027163374324e-01
9.893453243515732964e-01
9.912576601711782232e-01
9.773797242287312059e-01
1.001050905443112704e+00
9.863166409024485271e-01
9.826826328061798455e-01
9.746843138275068652e-01
9.676200886430633696e-01
9.836740780541755047e-01
9.832083442825253483e-01
9.798629425272906701e-01
9.762485186174878482e-01
9.874826009217461120e-01
9.722850488532882585e-01
9.390612373950686376e-01
9.863926170423199524e-01
9.872821894926029351e-01
9.687756349907056252e-01
9.833191181765041922e-01
9.877116066621128843e-01
9.846626449927126101e-01
9.753542391220275665e-01
9.888669330300267069e-01
9.736321838516417415e-01
9.903607500100682914e-01
9.787209706845299007e-01
9.857863142087471831e-01
9.769461041784232025e-01
9.710098495570496091e-01
9.911184070997096640e-01
9.708309504457776073e-01
9.727075920938460518e-01
9.870087916562367836e-01
9.812025521320384414e-01
9.690120747387266364e-01
9.617048585926667448e-01
9.927439761989137468e-01
9.915800033209259956e-01
9.653571278811662326e-01
9.875969097792188789e-01
9.860595690302363936e-01
9.565165264813971779e-01
9.777459123266093455e-01
9.839991881185282674e-01
9.746192610065352868e-01
9.835783815619730808e-01
9.842827602946333521e-01
9.775013106903542859e-01
9.571475757208186552e-01
9.946106091703990071e-01
9.825530651385745440e-01
9.842073581803159055e-01
9.667993653793059972e-01
9.486867152135792791e-01
9.610511028608624828e-01
9.762608162803535494e-01
9.843939905921238465e-01
9.808013740466317021e-01
9.922132277841196890e-01
9.821266288898748975e-01
9.891580276498289637e-01
9.954698565497905882e-01
9.869695088252273818e-01
9.841362971702403151e-01
9.737253764692735958e-01
9.855418461097998906e-01
9.606718936333901171e-01
9.692526501246141457e-01
9.850485808808274735e-01
9.865940692275473323e-01
9.863421442469855194e-01
9.704594204008103464e-01
9.743197475754679093e-01
9.677687334750836312e-01
9.845504776464403252e-01
9.945656324958936922e-01
1.003200144812330663e+00
9.758231884809239753e-01
9.853396325140375556e-01
9.739331026045962014e-01
9.896638410831936072e-01
9.807827827172963531e-01
9.905109528169927513e-01
9.895412230964322209e-01
9.885827446192155810e-01
9.787097409866897246e-01
9.742176143465460791e-01
9.885625917388771722e-01
9.702627992936492252e-01
9.859703652280699115e-01
9.886253362120239752e-01
9.745087481726211198e-01
9.756442695511171603e-01
9.901127977972885574e-01
9.875231345313715270e-01
9.891980169221624708e-01
9.837188451341433160e-01
9.495510767721623280e-01
9.767466339598684932e-01
9.701398357924929661e-01
9.815442114864119105e-01
9.791456835595239161e-01
9.789296090988247601e-01
9.952350303336425785e-01
9.869320107966672584e-01
9.672681771611791879e-01
9.837947345296945700e-01
9.801183215989782704e-01
9.892838926821707624e-01
9.902177553194486670e-01
9.908793558795497836e-01
9.730266349978639040e-01
9.757909334417067537e-01
9.854663981986641064e-01
9.574300582843273677e-01
9.777199890990742048e-01
9.620287358045778170e-01
9.718515130351926823e-01
9.796168776420453028e-01
9.459281696713017773e-01
9.817298908449260120e-01
9.827880145047078742e-01
9.847021214058706562e-01
9.849314938739811565e-01
9.821889532075940288e-01
9.606025825094289816e-01
9.925198105651306113e-01
9.875990195067717581e-01
9.738836207520028543e-01
9.899113262355794252e-01
9.659019486880240368e-01
9.734994616567979042e-01
9.835500073898406637e-01
9.914710236949594302e-01
9.803125671396001328e-01
9.810741428654730090e-01
9.697250748280351607e-01
9.808037013633542633e-01
9.863703352921305845e-01
9.862554110989001366e-01
9.869289788084900650e-01
9.892810141845460592e-01
9.914025995687942849e-01
9.737530078869889305e-01
9.831039168560080643e-01
9.852564887994376130e-01
9.858325978750143159e-01
9.784171898949191037e-01
9.565493395510579200e-01
9.895140848172271353e-01
9.450970246993078971e-01
9.924857600734138252e-01
9.670770060057255479e-01
9.663514015851979444e-01
9.748572461273297129e-01
9.974454502471692408e-01
9.886550598841117310e-01
9.834424705566546798e-01
9.817806942831507344e-01
9.865225690961392235e-01
9.707306099841864766e-01
9.657464037610121732e-01
9.774577424679783411e-01
9.928765507361766440e-01
9.732339166086072524e-01
9.641905299591759793e-01
9.832997239506334752e-01
9.641684906028353819e-01
9.531904609538253137e-01
9.769839823542236790e-01
9.904825108276166246e-01
9.900716882832608645e-01
9.803770366333046660e-01
9.822728801800805210e-01
9.910409623223950248e-01
9.930439853196629807e-01
9.857854935411350938e-01
9.868123239491207732e-01
9.778610616242219278e-01
9.861797240527289121e-01
9.748560701069850509e-01
9.768418076159004482e-01
9.825801962608274875e-01
9.609159326754705965e-01
9.862884477703539599e-01
9.828634344140672052e-01
9.609483161863435763e-01
9.835815765434410274e-01
9.960952048441026330e-01
9.647542563917904657e-01
9.846547833954497619e-01
9.796255447119657234e-01
9.839770577724248346e-01
9.893530874715911194e-01
9.897694486009793735e-01
9.832156769461084522e-01
9.862184271508173117e-01
9.874566748332435084e-01
9.682379698635863452e-01
9.891524004590239727e-01
9.918222849353441894e-01
9.842923328995010213e-01
9.742162288145199689e-01
9.745765496155656127e-01
9.747366121483058699e-01
9.868569563352724838e-01
9.953095516533940756e-01
9.776426682347646446e-01
9.759531150632614338e-01
9.929819689482307643e-01
9.551743781761818930e-01
9.653051537162008477e-01
9.840588430194022740e-01
9.772576748491949017e-01
9.732545506965831761e-01
9.860721824282704384e-01
9.900498337065184451e-01
9.879000654010368088e-01
9.765807300337809860e-01
9.802445867181204253e-01
1.001006974547882900e+00
9.840808844750329465e-01
9.950323341394504695e-01
9.680066835979400652e-01
9.871670713513619466e-01
9.727052485446558983e-01
1.000397159635173505e+00
9.858276894811315305e-01
1.010750920217094562e+00
9.869516113243806954e-01
9.455329480104615048e-01
9.687727438186282125e-01
9.686338195109259752e-01
9.897064594985035546e-01
9.810306767304264319e-01
9.490246963193321728e-01
9.907232785883409720e-01
9.913555320423994566e-01
9.844500909531148647e-01
9.935761324360410374e-01
9.857657168627218525e-01
9.857592988571191039e-01
9.714138767465022584e-01
9.901397052230797025e-01
9.858974005135994201e-01
9.904919318383170745e-01
9.874203586367410468e-01
9.591899493798401455e-01
9.656732359694798484e-01
9.875644206770761713e-01
9.618642595847629595e-01
9.482471293720798888e-01
9.780965788657286497e-01
9.804041692909997163e-01
9.771089166566591100e-01
9.940680270431030419e-01
9.899106683415096475e-01
9.826775751600144160e-01
9.591916163390112882e-01
9.726147660664848926e-01
9.639417808011986333e-01
9.882151089173479841e-01
9.445324619776100938e-01
9.933167815412879964e-01
9.772858200440320831e-01
9.821522035165193287e-01
9.822018441258638655e-01
9.761425049049988756e-01
9.665771895126575863e-01
9.834363281849058946e-01
9.870537666278724753e-01
9.844517593263735211e-01
9.895222202224140950e-01
9.670637991331714201e-01
9.719453412612819587e-01
9.853455743415514556e-01
9.491405227122317045e-01
9.724603178814954507e-01
9.974895088276726218e-01
9.902671181112756571e-01
9.799082257884441649e-01
9.678938947124567926e-01
9.776701936400744586e-01
9.865308840222939413e-01
9.779163007430109467e-01
9.802423617755733343e-01
9.390023559620954696e-01
9.825694516045263560e-01
9.809332903298505490e-01
9.871726664362764359e-01
9.765004408453515916e-01
9.893075771485120296e-01
9.525993475466812965e-01
9.787833680326840646e-01
9.896818991954237088e-01
9.903575970297848752e-01
9.743846286979296334e-01
9.889948537727785149e-01
9.655459418548693051e-01
9.628814891839808654e-01
9.695496410580561886e-01
9.858012732375270870e-01
9.761878763606302023e-01
9.923196359914682185e-01
9.725470226773792470e-01
9.792090272410854945e-01
9.724391070369954315e-01
9.755924459420918238e-01
9.647688411383897877e-01
9.729167921288226495e-01
9.804225703406258541e-01
9.772873719464572062e-01
9.866143216151406214e-01
9.853907851647794036e-01
9.757585693264044790e-01
9.675263368472015735e-01
9.529241193163759949e-01
9.820705882882060367e-01
9.872728808080331042e-01
9.799075839320761094e-01
9.984138938682047826e-01
9.875947390543150517e-01
9.841449630294972772e-01
1.000510521488523485e+00
9.820402507238669143e-01
9.862093143217676161e-01
9.786310242950267968e-01
9.776674183133802210e-01
9.883098687516245207e-01
9.863181784300022459e-01
9.896803190248977256e-01
9.821634650957312695e-01
9.863104582315488367e-01
9.891961744879733676e-01
9.885069305178486587e-01
9.534346818795678136e-01
9.671441968225488184e-01
9.887665810363105434e-01
9.889232127369820269e-01
9.838993979338467311e-01
9.823809639698549701e-01
9.853307143089479192e-01
9.917004031643914530e-01
9.876752529552165205e-01
9.686798215109917454e-01
9.778318971770952883e-01
9.874884120748025351e-01
9.618536788259551829e-01
9.605601747879844998e-01
9.866228367484229933e-01
9.694051842213632364e-01
9.683370718053233572e-01
9.819479418379593039e-01
9.768731289092392744e-01
9.565286199341144213e-01
9.781771040015259100e-01
9.604183632490320699e-01
9.893018107702636899e-01
1.000868683996591235e+00
9.699194994576783024e-01
9.799480842699264116e-01
9.949184714616928771e-01
9.778466195199058131e-01
9.934462101806194045e-01
9.772098416395745835e-01
9.827872493872649162e-01
9.931717340172269148e-01
9.853491564711150952e-01
9.761548832262895159e-01
9.840042009554804681e-01
9.658516400784789013e-01
9.945239766488486177e-01
9.557574886177514495e-01
9.871396021397389475e-01
9.774806576530691293e-01
9.879306814876784859e-01
9.787654191157263428e-01
9.895577925285882204e-01
9.753185433663938975e-01
9.794292762968971333e-01
9.542978519622837830e-01
9.828034914723478011e-01
9.843396734440622575e-01
9.624410092554424034e-01
9.751485041685427069e-01
9.738312978323852009e-01
9.864762251362505507e-01
9.964415983533758681e-01
9.709067372600103107e-01
9.757883507465880957e-01
9.849865489541790309e-01
9.807388415908639967e-01
9.479186431170057991e-01
9.873356358455250836e-01
9.959093507515458521e-01
9.727120730611673594e-01
9.507671089117974983e-01
9.967516930599613634e-01
9.878411461465754773e-01
9.585885710807982019e-01
9.923764578791808288e-01
9.788063376382248881e-01
9.925840006561907902e-01
9.883684709129711976e-01
9.844081210854183084e-01
9.776682601600154010e-01
9.864576278951570076e-01
9.829342231112394579e-01
9.796206487014480491e-01
9.802883756542780658e-01
9.767179810516777305e-01
9.772646440625654130e-01
9.461987713136202904e-01
9.695090802354359161e-01
9.875121563396537239e-01
9.827352801639784863e-01
9.816146713293844028e-01
9.771416265079454488e-01
9.777950530927190798e-01
9.789512974640335319e-01
9.634034597912366493e-01
9.916338196953248252e-01
9.522174786250178213e-01
9.595716139317931326e-01
9.842469300016426503e-01
9.835368382461973091e-01
9.678163209912247211e-01
9.802369037603378965e-01
9.902520125426942377e-01
9.851431924577505050e-01
9.597183221368229544e-01
9.863011356998792056e-01
9.858534003142516156e-01
9.722771136640292466e-01
9.782943795432856859e-01
9.888198984835970817e-01
9.806439363042404045e-01
9.743105439610700858e-01
9.538307961392077372e-01
9.704495170422384742e-01
9.643730104454683039e-01
9.822935181745681144e-01
9.809755292640713886e-01
9.941623748162963237e-01
9.852089794507570275e-01
9.956581959144698013e-01
9.607037001172913371e-01
9.723698376629263951e-01
9.789458346113513176e-01
9.689013449706204151e-01
9.710187654907167509e-01
9.617771596234990783e-01
9.813797566087449908e-01
9.713617395275143673e-01
9.767365063770450107e-01
9.889039373179326908e-01
9.908228611802003538e-01
9.791588589791978547e-01
9.835565055424239089e-01
9.918969159802620839e-01
9.637825973470121044e-01
9.721151496386261082e-01
9.867879786868912761e-01
9.999862557556090659e-01
9.504427310855158018e-01
9.819222445592183934e-01
9.926533802761191572e-01
9.819864906029985852e-01
9.975599190452787424e-01
9.725595347020483672e-01
9.753682737136276648e-01
9.659930694159954978e-01
9.865323755772932302e-01
9.688342966916539956e-01
9.873658320306335501e-01
9.816309260305304818e-01
9.864724256050345641e-01
9.859146776872043105e-01
9.772219143774261152e-01
9.630114111737948512e-01
9.924784137893601921e-01
9.964461086743982010e-01
9.856309206923283828e-01
9.636591826435718655e-01
9.941415087023495190e-01
9.899833825707188284e-01
9.904374074743211853e-01
9.877235664840943175e-01
9.843131151583013327e-01
9.512810919095462392e-01
9.862866252863718985e-01
9.980969178268378483e-01
9.784534167737690691e-01
9.679489167230548308e-01
9.657253054442557216e-01
9.770058833365464768e-01
9.887933736389130646e-01
9.890015039476774961e-01
9.936103991842536454e-01
9.892074831594868112e-01
9.897899745284270967e-01
1.001227517395532507e+00
9.693833073388090638e-01
9.965014301735813929e-01
9.806312302416362314e-01
1.003504862348677973e+00
9.586567089320024992e-01
9.807215480090480941e-01
9.880743105640028556e-01
9.625230065928385148e-01
9.781052405748839051e-01
9.781657071776648227e-01
9.597965606979106390e-01
9.847426937795110691e-01
9.917077682084726176e-01
9.743868770709384064e-01
9.937080866258087841e-01
1.000811892165670347e+00
9.769600119052541665e-01
9.875527762026876655e-01
9.915920520817549377e-01
9.887064010231956246e-01
9.876731884737736111e-01
9.894124416812237754e-01
9.919281405587011546e-01
9.859848411211409314e-01
9.954683322629985787e-01
9.790063896986842540e-01
9.938999927586681382e-01
9.834239365042275471e-01
9.864889152687658092e-01
9.919603506546935678e-01
9.684148821619109615e-01
9.719829023540540458e-01
9.623095734462391304e-01
9.755481013896341036e-01
9.876951312802113581e-01
9.479722298261662461e-01
9.578134111612238710e-01
9.877189596527296001e-01
9.855847138459487011e-01
9.944551687012487262e-01
9.725921595039824785e-01
9.785560254270877500e-01
9.841356207618742191e-01
9.897637167692980853e-01
9.840844991554541510e-01
9.839498617741374575e-01
9.607969721565839949e-01
9.676613124551548539e-01
9.762611593684216160e-01
9.727469148128603527e-01
9.819158167607838772e-01
9.927751759581736613e-01
9.903206550545035070e-01
9.733310134289783200e-01
9.813797252141857053e-01
9.790789439495225510e-01
9.991378241891867296e-01
9.920605631142725978e-01
9.820414960947171368e-01
9.682799300740679849e-01
9.825402506355652710e-01
9.821044419297583206e-01
9.566104490371222235e-01
9.812559097803857933e-01
9.878696378133957623e-01
9.878821446516174998e-01
9.666833609895272295e-01
9.661663444363143283e-01
9.864211450393555181e-01
9.630997679404326162e-01
9.893399247695850995e-01
9.733798324040001670e-01
9.442754772748777059e-01
9.860227638566272379e-01
9.845176723425297372e-01
9.920927917218739234e-01
9.853740262240643366e-01
9.470756757095369904e-01
9.848092456601872380e-01
9.871562839792313859e-01
9.764482497116265813e-01
9.646283327602412916e-01
9.894571615710260337e-01
9.775294024464584730e-01
9.868171983374074419e-01
1.001885905024668455e+00
9.881302326173964090e-01
9.914497181538437509e-01
9.827027555599557873e-01
9.947816516282226296e-01
9.986275858907708303e-01
9.833905257664357080e-01
9.797130511680901543e-01
9.942927335011298995e-01
9.858755979026606608e-01
9.502554104510572142e-01
9.531337129433683497e-01
9.901648066383531566e-01
9.621457050640888076e-01
9.875450740383814319e-01
9.864484571106341138e-01
9.720521341256700421e-01
9.763935601244586593e-01
9.829894964777081690e-01
9.917336560883649454e-01
9.829635570625825380e-01
9.838098192001131226e-01
9.865448762699186025e-01
9.897073758056322834e-01
9.855745136813049978e-01
9.638936992629022482e-01
9.859706459667232359e-01
9.908574238063133643e-01
9.743299095483002326e-01
9.805608568422289339e-01
1.001725839298776677e+00
9.828317575678655604e-01
9.692212401521144161e-01
9.800585059418753797e-01
9.484916300618042584e-01
9.865051011153305183e-01
9.508767737643240014e-01
9.891893820757108324e-01
1.002121545263828128e+00
9.968920094281461530e-01
9.792332733720310323e-01
9.755993743596481638e-01
9.698442202504031773e-01
9.761483086840992973e-01
9.925869832298525042e-01
9.929025448059670689e-01
9.735033372341195257e-01
9.308466294864709001e-01
9.927634431772761614e-01
9.721196270695833253e-01
9.823468543055143831e-01
9.769457954602982497e-01
9.600984807980189606e-01
9.742521610165254531e-01
9.686189229658890287e-01
9.665421597841773460e-01
9.913016251179198601e-01
9.847853165105870943e-01
9.701529148278463799e-01
9.699433648199786706e-01
9.846256151950790736e-01
9.829161894936588872e-01
9.928323038977463488e-01
9.735889902012389019e-01
9.867198597769525348e-01
9.769941041214631472e-01
9.675290938013048070e-01
9.842884433002448974e-01
9.777200935179923835e-01
9.523127986012681623e-01
9.853655915227762518e-01
9.865590450971862824e-01
9.870540410386361430e-01
9.603950227548309071e-01
9.791790470795898038e-01
9.974390926314841144e-01
9.901870843189216620e-01
9.691759132816351041e-01
9.560155217271451011e-01
9.832716265049638027e-01
9.737963503446643854e-01
9.839749902998551345e-01
9.899702535090089128e-01
9.774772278899230837e-01
9.911887993028050126e-01
9.832566019760937692e-01
9.737218414939252664e-01
9.729083856702162025e-01
9.733033752312179043e-01
9.929662272079555763e-01
9.893541685488624893e-01
9.478715361570899667e-01
9.889255640651879453e-01
9.667110967296419499e-01
9.811268472613022817e-01
9.431525754253745619e-01
9.896292529386715442e-01
9.903249053442689798e-01
9.829759104180370022e-01
9.548694851646696291e-01
9.707800474689854964e-01
9.811179615052799674e-01
9.711845174924768065e-01
9.817640517396236666e-01
9.813673670926847947e-01
9.788872650111073437e-01
9.873366009686092015e-01
9.808303046704611727e-01
9.789426182777556384e-01
9.862755247431298500e-01
9.815172497472722801e-01
9.787210741252686530e-01
9.701865882564334465e-01
9.928740938031707097e-01
9.549729390654947414e-01
9.831912651213325915e-01
9.692557068166343104e-01
9.963688053976299530e-01
9.855164600978592038e-01
9.825384718994542022e-01
9.861515863477871013e-01
9.956427587803767798e-01
9.979038104480855154e-01
9.841216773517970084e-01
9.884523998972980507e-01
9.693705619324447520e-01
9.908461882913575103e-01
9.958840114058586934e-01
9.850057887504148901e-01
9.826431903789563105e-01
9.775380643797859648e-01
9.911980819470029846e-01
9.392579590434201320e-01
9.908761357083910593e-01
9.700795522241035806e-01
9.862905570722341198e-01
9.808578787538486665e-01
9.850041820569163109e-01
9.865894187076874600e-01
9.807743324253006545e-01
9.849216571400661868e-01
9.651307224814986707e-01
9.842926008832157958e-01
9.829726292307598978e-01
9.764204341616731231e-01
9.852135020906770402e-01
9.680344422606629307e-01
9.808333995652732673e-01
9.854528317208605115e-01
9.681310321623382009e-01
9.736403967746167787e-01
9.778079530694034904e-01
9.726119375556497859e-01
9.877391399708809194e-01
9.754093329609224705e-01
9.800308335099481294e-01
9.832633698056314486e-01
9.957482062202132056e-01
9.476811983354985758e-01
9.778619230257630246e-01
9.880185068003429771e-01
9.852360256362940882e-01
9.536201512788413659e-01
9.597137396003748711e-01
9.808169289955980252e-01
9.697514666731708033e-01
9.711843100677982621e-01
9.448194757266661359e-01
9.922243275760673775e-01
9.826687677951673194e-01
9.907296278847987914e-01
9.920401257781922277e-01
9.915135692780309151e-01
9.791810984119840855e-01
9.767584774983956164e-01
9.661612820544851488e-01
9.892030104049973627e-01
9.793895183569427676e-01
9.722018429955703311e-01
9.773372062714523745e-01
9.797501978671727674e-01
9.785253346036123512e-01
9.961668956656768437e-01
9.761861202861291664e-01
9.738871747030179993e-01
9.879846688828950452e-01
1.006006174708827139e+00
9.292633490233300764e-01
9.843810240279767809e-01
9.948092625630501340e-01
9.871611162724802657e-01
9.784549628725242032e-01
9.836689845249476649e-01
9.774727431234842001e-01
9.775773316861728901e-01
9.903927319142417085e-01
9.845029128427048581e-01
9.822166245554964092e-01
9.829318263550343993e-01
9.858293958396335821e-01
9.672648586861307685e-01
9.697096180684126043e-01
9.993413721121006121e-01
9.799419417706894953e-01
9.662295787730854624e-01
9.790157470790069594e-01
9.800467464686477559e-01
9.869401364202552429e-01
9.815572133192604909e-01
9.957360922868228048e-01
9.815884080216926710e-01
9.725695222918466776e-01
9.785327334409010813e-01
9.627810053720400330e-01
9.608434710813691382e-01
9.704773864846666376e-01
9.796047176024323955e-01
9.659489746935343568e-01
9.875394454619731421e-01
9.955841299794295773e-01
9.852577588019854060e-01
9.682691959582523378e-01
9.724521968055757082e-01
9.811950995432825451e-01
9.914292186663694606e-01
9.908730022109336621e-01
9.751748329172099661e-01
9.676467273397306723e-01
9.760379065649520403e-01
9.830031144205253479e-01
9.556390651709252282e-01
9.641647514424319665e-01
9.857600580822364345e-01
9.830543462095764351e-01
9.497470727787008515e-01
9.539201322182737641e-01
9.837337273973909557e-01
9.821646448373682059e-01
9.698853486377670974e-01
1.007594903835733025e+00
9.917719119983060549e-01
9.770579606130231909e-01
9.665207862614259016e-01
9.789193161251771302e-01
9.727656297404917440e-01
9.819317416967350276e-01
9.766222684102283669e-01
9.880820166231216728e-01
9.858955315955715282e-01
9.860460513894544476e-01
9.761127711417824093e-01
9.846091259332157009e-01
9.584959169107579724e-01
9.722726395968581681e-01
9.898574466513841985e-01
9.830871242363318219e-01
9.938232100008909109e-01
9.925320637177073024e-01
9.822006658505999521e-01
9.966322973851677869e-01
9.899549221980361580e-01
9.686664224667566048e-01
9.892894353480613523e-01
9.666407870929519808e-01
9.850274660060539533e-01
9.865977204189927408e-01
9.461496851644346506e-01
9.851047119848875822e-01
9.972444553244769194e-01
9.886535973526918708e-01
9.935331618002501974e-01
9.744212380013972385e-01
9.942934442046715837e-01
9.910743129158537945e-01
9.939725792906813906e-01
9.958759559587064825e-01
9.713515290808136804e-01
9.911395419181181499e-01
9.634845902976882925e-01
9.582477627528050990e-01
9.694902525665731741e-01
9.213162178282849890e-01
9.801385149047568968e-01
9.778333197005570909e-01
9.905082113353596007e-01
9.805116096604666875e-01
9.757260808008251241e-01
9.525412666663755079e-01
9.719051169731863782e-01
9.804256501702333093e-01
9.902479330309812422e-01
9.721457778478049816e-01
9.612007818631075340e-01
9.475949149791424997e-01
9.616427547627002248e-01
9.822842305150019104e-01
9.650620117303838619e-01
9.583450072639694284e-01
9.834406346508529628e-01
9.633057184109025117e-01
9.666822413995349583e-01
9.758011999262796721e-01
9.724431507024462462e-01
9.723859481333656518e-01
9.761611692021121556e-01
9.650483491434042049e-01
9.844031034949332071e-01
9.887963960817692799e-01
9.623694731945948710e-01
9.691416648551289814e-01
9.656983919089199286e-01
9.763731471167629294e-01
9.904990747129633899e-01
9.771642150099810742e-01
9.876370829213492186e-01
9.882062142724578058e-01
9.822182904984763097e-01
9.879916473092866802e-01
9.927980922860513147e-01
9.715746894670502787e-01
9.854889356994720462e-01
9.959455463791280216e-01
9.636554859570081177e-01
9.972402179031616409e-01
1.001824286771604067e+00
9.863324614649824351e-01
9.949182979022443973e-01
9.872881272372396877e-01
9.734755970826930449e-01
9.775300538853951560e-01
9.821326546761459664e-01
9.706977201468957039e-01
9.823947466020140906e-01
9.590955969404159065e-01
9.551940949054908980e-01
9.807492711324318213e-01
9.918748068245900606e-01
9.921692235245573865e-01
9.812174726761133670e-01
9.748823667909471968e-01
9.894663441043630714e-01
9.864907328944471088e-01
9.812958732651853033e-01
9.802997469699565869e-01
9.839351808580635295e-01
9.828532874213748993e-01
9.877068430944866417e-01
9.836844374132025504e-01
9.847748553585971010e-01
9.680681936252724107e-01
1.001226210174195108e+00
9.758635646870364999e-01
9.661325703731296066e-01
9.461552829357863237e-01
9.649947205932210004e-01
9.704353475280194097e-01
9.777287413194220012e-01
9.899660605724845963e-01
9.807515177137464679e-01
9.908362477950305447e-01
9.811285466013420775e-01
9.813428287484299295e-01
9.840997681193022206e-01
9.978262323331812400e-01
9.791279808024261344e-01
9.728833348344388954e-01
9.935457681260726481e-01
9.736006693675705037e-01
9.931564740289532400e-01
9.828990564758006698e-01
1.001919473619595324e+00
9.852783960184620105e-01
9.958100626936600142e-01
9.962956521902812668e-01
9.509111503560371270e-01
9.823906514083386998e-01
9.856924630956325206e-01
9.656922339498605901e-01
9.590601496178424723e-01
9.795416736215358799e-01
9.787817123747085679e-01
9.584129998968670128e-01
9.726654858000409742e-01
9.774961472688404873e-01
9.425086585720727772e-01
9.915473992031021977e-01
9.815160983416361118e-01
9.724586113488804529e-01
9.769659377374891873e-01
9.540682140562523061e-01
9.699228997967607180e-01
9.741662772934494008e-01
9.850643582871256854e-01
9.877911761306986671e-01
9.820396481737039274e-01
9.856041178738447206e-01
9.776546215700864240e-01
9.741895974960302906e-01
9.954950710070847864e-01
9.893833648218305354e-01
9.926256558067576563e-01
9.864754810294361631e-01
9.906706487485920087e-01
9.931376626765442417e-01
9.893063926836703770e-01
9.775632420819029278e-01
9.677534375408635148e-01
9.821103371582262653e-01
9.820434085775494593e-01
9.732125419980671710e-01
9.860729730004039739e-01
9.906326722531293427e-01
9.812601947788210932e-01
9.895172405250772796e-01
9.878646663653137816e-01
9.810027262817663241e-01
9.737980100977584597e-01
9.706994413478609030e-01
9.870979475654011459e-01
9.836607548383922150e-01
9.568851207845960882e-01
9.860706926556618290e-01
9.471225710748140125e-01
9.845227511084209127e-01
9.667304853307713275e-01
9.753652006353830117e-01
9.872119370045145947e-01
9.863056302113817342e-01
1.002226095032849651e+00
9.920737360761239243e-01
9.983783479154844098e-01
9.886343782202168251e-01
9.871358239179267580e-01
9.894563954161749164e-01
9.700112779545813080e-01
9.889976629680523601e-01
9.680823772244295800e-01
9.378509304681615921e-01
9.866388477726922845e-01
9.626593928968113500e-01
9.847022019092906975e-01
9.740451076637032246e-01
9.858524730244646594e-01
9.859028938242661022e-01
9.590171253699957266e-01
9.879327204110234240e-01
9.671411030483393345e-01
9.801792387787254812e-01
9.909242590106002169e-01
9.601759419036175469e-01
9.907712090290889950e-01
9.877554594562585333e-01
9.679662238293648135e-01
9.790186426353467697e-01
9.635074115560907648e-01
9.945073808579888430e-01
9.873477977048445986e-01
9.819375229863408494e-01
9.625764504197296123e-01
9.783891510267370695e-01
9.832588030794222611e-01
9.881780201172732925e-01
9.735403512174846119e-01
9.953314901713236074e-01
9.761438452193569315e-01
9.881320680871522599e-01
9.879879555715084249e-01
9.792991369748303976e-01
9.907458914957013585e-01
9.848537640591585873e-01
9.727675563909092826e-01
9.659997521489613881e-01
9.747972127010495758e-01
9.684480828086831083e-01
9.817588397180168069e-01
9.911145682615820629e-01
9.839805796170633112e-01
9.761767067598976499e-01
9.864676005316760365e-01
9.613084538602161278e-01
9.728070883205829356e-01
9.688006078558636380e-01
9.895543115480742724e-01
9.890141644072456550e-01
9.953920638342833582e-01
9.797311289459142980e-01
9.894269704906641927e-01
9.809429859806568786e-01
1.000339249981566425e+00
9.693275292535491472e-01
9.818975392004807290e-01
9.851667684582759987e-01
9.939553543635891719e-01
9.529897600220235132e-01
9.835266438583198934e-01
9.697385434174785601e-01
9.817240343968077765e-01
9.695212816294886959e-01
9.732659382362468525e-01
9.918797773030372245e-01
9.916885281836019805e-01
9.569787619310449189e-01
9.950579112148031369e-01
9.780268584595452896e-01
9.785291725835065790e-01
9.722438136477909998e-01
9.898740107000850719e-01
9.659497616201454528e-01
1.001149150615552985e+00
9.797420241877730085e-01
9.713913362325693468e-01
9.869914005535297408e-01
9.823721029669790772e-01
9.632258480880794282e-01
9.963323806688785256e-01
9.876548605395317759e-01
9.654166293594556025e-01
9.806405769747376100e-01
9.778770867014852097e-01
1.008199617487491651e+00
9.701198269771169613e-01
9.976784406680460071e-01
9.925606997197657932e-01
9.784162489554709685e-01
9.574540609383394019e-01
9.643451745136583098e-01
9.891640247127766461e-01
9.846879966929398265e-01
9.845794299061363386e-01
9.532889433990763273e-01
9.808739690868865102e-01
9.919615774350633020e-01
9.995153763803474867e-01
9.831028620317067146e-01
9.812394683556777686e-01
9.535008403544413813e-01
9.827891282145588825e-01
9.808827622606075547e-01
9.909285406215849745e-01
9.806978768918548361e-01
9.915297473968351927e-01
9.910769223080513335e-01
9.833536241022236002e-01
9.624172501720209549e-01
9.841703148616050001e-01
9.785255791517086799e-01
9.600261119782607100e-01
9.778738888184241862e-01
9.776039326765584292e-01
9.793171513492390234e-01
9.844710510246149626e-01
9.743669137834156668e-01
9.880476700934647249e-01
9.776359197678420321e-01
9.778589299238147348e-01
9.836545744543768732e-01
9.837771740336725967e-01
9.648778903744522628e-01
9.857675831653351928e-01
9.765658641672255724e-01
9.748717891308561478e-01
9.869099471410646141e-01
9.697162941267220004e-01
9.964620568257215316e-01
9.959081057183089003e-01
9.951668785591351041e-01
9.739066237391847958e-01
9.630636048378958813e-01
9.986971650756781838e-01
9.807154700432167971e-01
9.813016843608283191e-01
9.789359205847221190e-01
9.836097416117195458e-01
1.005742731682723656e+00
9.847730286536849897e-01
9.791512853930474103e-01
9.956516818210177089e-01
9.914739649105746011e-01
9.764955395403185356e-01
9.831721263442890768e-01
9.839391041195014731e-01
9.837458274777446388e-01
9.895589407409784988e-01
9.790924657852416724e-01
9.708484868533835410e-01
9.720219666163280037e-01
9.275309470969904657e-01
9.731752287309921590e-01
9.851014473248941306e-01
9.821275967098579418e-01
9.923318640710515615e-01
9.796686052481798912e-01
9.884830263500766767e-01
9.612298358473059245e-01
9.613985776815144879e-01
9.848355772154293586e-01
9.576881925521841810e-01
9.799152893124252195e-01
9.929632728458409607e-01
9.853693084351771159e-01
9.900735203612450741e-01
9.722974250500567850e-01
9.817313373956806366e-01
9.993311183642969997e-01
9.708765615682231065e-01
9.806176250465200583e-01
9.872332542690114288e-01
9.830484887657418014e-01
9.910242403737341554e-01
9.707795276054624889e-01
9.373202643322893213e-01
9.855761557964288766e-01
9.826660114707769234e-01
9.486715388361701695e-01
9.936076304267601467e-01
9.881952171155864439e-01
9.787707925206148296e-01
9.724016004816380399e-01
9.830545977659006507e-01
9.700421819282768476e-01
9.623086302792958069e-01
9.903442841802900798e-01
9.839568096982019840e-01
9.954615029839168905e-01
9.886707898411358775e-01
9.887962211343462871e-01
9.746030842635351465e-01
9.861466846353080795e-01
9.806996128427849513e-01
9.929827262771110385e-01
9.738023978081146170e-01
9.631603924645560921e-01
9.957555573173039187e-01
9.511389909450640445e-01
9.552510234059949923e-01
9.716473277211296056e-01
9.698696108582601783e-01
9.715013061148901619e-01
9.951459249905851845e-01
9.911018606834058886e-01
9.678089135857192993e-01
9.973416651901220176e-01
9.786563184713632513e-01
9.869063204971835201e-01
9.982745555349350486e-01
9.848149037794292626e-01
9.474023294860854927e-01
9.709211056145853336e-01
9.908790610296956958e-01
9.810743256128756640e-01
9.860874356626047055e-01
9.642555894129019034e-01
9.756232891116968231e-01
9.673954222122571611e-01
9.843363573106074238e-01
9.868837128567055084e-01
9.783472396061141385e-01
9.583426340971902269e-01
9.775789003465978899e-01
9.665000444168939664e-01
9.603238324631908629e-01
9.858357195602840406e-01
9.530527576806927526e-01
9.805677989001619910e-01
9.890544125245104290e-01
9.464897303744190804e-01
9.612712131070221266e-01
9.800907035524589750e-01
9.864689448990973109e-01
9.825828976660138103e-01
9.877886804593737358e-01
9.829037930791607591e-01
9.721424296309795210e-01
9.785459607879619659e-01
9.908889932753305319e-01
9.514588928512858201e-01
9.923761773087289573e-01
9.736146180625646629e-01
9.923232658758063263e-01
1.000121972100915579e+00
9.770002603769574190e-01
9.893752218711078239e-01
9.767720082512625357e-01
9.839188375816202425e-01
9.685405052466321552e-01
9.750095598515503559e-01
9.768315469242870863e-01
9.884944252552374522e-01
9.716298951315714971e-01
9.743611481930359863e-01
9.815680758919126392e-01
9.875356122275076309e-01
9.815291683327085348e-01
9.773765849926896454e-01
9.763417373641885000e-01
9.972864354608637072e-01
9.920510594616798183e-01
9.783861308366504916e-01
9.865806957085604401e-01
9.807117279608331684e-01
9.967484000448785242e-01
9.787308622418025017e-01
9.750836421036011004e-01
9.670384013770665366e-01
9.882051947684573623e-01
9.945216953809552507e-01
9.750920328221888145e-01
9.589524124533945759e-01
9.822776121711005448e-01
9.531551041766573862e-01
9.782361830521316692e-01
9.947473223189780001e-01
9.950421122788251083e-01
9.815029385286160313e-01
9.672633621529820314e-01
9.632144316844301057e-01
9.831138747330175898e-01
9.916402198491847120e-01
9.865408151416674709e-01
9.964829525630930496e-01
9.692213686001811546e-01
9.885184396622499481e-01
9.844540547464144531e-01
9.774370911396286221e-01
9.829538859474814538e-01
9.703989715145434625e-01
9.735195555861609895e-01
9.601657495016202581e-01
9.676467180855791161e-01
9.850949754160748251e-01
9.901091886854757051e-01
9.659713510817087290e-01
9.873948945924939657e-01
9.838532481106424532e-01
9.836264728814935188e-01
9.889408079878257984e-01
9.740435659724921980e-01
9.849127356449487447e-01
9.738652546490441653e-01
9.990374201074844196e-01
9.867462866070719762e-01
9.850444363519439417e-01
9.828660552785504212e-01
9.875365679626534332e-01
9.717517123120347211e-01
9.936690132627795657e-01
9.975692123043663484e-01
9.848269978283187287e-01
9.878122184954244434e-01
9.743936073461835212e-01
9.756123369103422149e-01
9.813435842493078987e-01
9.863010404997319958e-01
9.760016271213077799e-01
1.003272281639534524e+00
1.003070448235601431e+00
1.002286874256179683e+00
9.914625605817670717e-01
9.814092258909767885e-01
9.937178379107638460e-01
9.772943529941340302e-01
9.862184274624549163e-01
9.781969743914789017e-01
9.798705982365291112e-01
9.857525178048399672e-01
9.814292639956172515e-01
1.000381199236005658e+00
9.853992123858110741e-01
9.750899877067664701e-01
9.762660410499526265e-01
9.607831269455873180e-01
9.843646200702322879e-01
9.941765550776716642e-01
9.494243939493451911e-01
9.856650325641843624e-01
9.731269573143405127e-01
9.790432348947557539e-01
9.749533987466287854e-01
9.790859565416675236e-01
9.909840565756560249e-01
9.712458097858600592e-01
9.848520286861480733e-01
9.605622937224883584e-01
9.940772474571850648e-01
9.864227934127682840e-01
9.658127567057237517e-01
9.828629261726340438e-01
9.847990505377187676e-01
9.913107800692202431e-01
9.586499029113791925e-01
9.700687650727334299e-01
9.787387514211922657e-01
9.839250747804174635e-01
9.861732384497314818e-01
9.935236084198509898e-01
9.730851396708967149e-01
9.910950060849343934e-01
9.856767894621878412e-01
9.752042343139425418e-01
9.742445013525208308e-01
9.987205148785222031e-01
9.873704802231660915e-01
9.937862215292517787e-01
9.801382130070033227e-01
9.724186765538541666e-01
9.797647189016196467e-01
9.703946495675834782e-01
9.843270365105918351e-01
9.916562571478098054e-01
9.602245026424418572e-01
9.857376038207259494e-01
9.836062657957108657e-01
9.784730636878711252e-01
9.714061601714975014e-01
9.941860489989676752e-01
9.594006499570089108e-01
9.885778239646456633e-01
9.522607091082374575e-01
9.750795744837764678e-01
9.811698086019990939e-01
9.758932413733444333e-01
9.940436592851746855e-01
9.780838068918722428e-01
9.450836345629187729e-01
9.934874761736374182e-01
9.584969022355184221e-01
9.677233200262418400e-01
9.945277667355569839e-01
9.736551119771896801e-01
9.762787972391544500e-01
9.839953902727609503e-01
9.885573973944169479e-01
9.576274334538150690e-01
9.783536554323095658e-01
9.818157660065331971e-01
9.970372846593247296e-01
9.824257343537895482e-01
9.887579939252861827e-01
9.826413718695635735e-01
9.817916293391688587e-01
1.002451972866844399e+00
9.712872116361195296e-01
9.794565568777940934e-01
9.877770359436809366e-01
9.906559935336776146e-01
9.960080355457545664e-01
9.803843929732752871e-01
9.726025170058891778e-01
9.962314231675120091e-01
9.727015979247483068e-01
9.379979547354668767e-01
9.412205112877432001e-01
9.603120922710861596e-01
9.846620439587278062e-01
9.626763152445548810e-01
9.817704235177397987e-01
9.994695140541280942e-01
9.845013565618040419e-01
9.870070171572130624e-01
9.910816477147568193e-01
9.916199572472832457e-01
9.757980058075531593e-01
9.758147731250579326e-01
9.953462319795188806e-01
9.878043675038571392e-01
9.811443109880302327e-01
9.788747304777296598e-01
9.557219426893898140e-01
9.824825315434071449e-01
9.919602203962130105e-01
9.673027396681079804e-01
9.564051775654934806e-01
9.963075061057076187e-01
9.917767407260652535e-01
9.785697628655324332e-01
9.920224670591625271e-01
9.842903008305579071e-01
9.782215939939716831e-01
9.763299651912337174e-01
9.705070077260316008e-01
9.793561658308830298e-01
9.777433200637579702e-01
9.775327571350582723e-01
9.854540099865198854e-01
9.780038255558201055e-01
9.795858869968112614e-01
9.798234996342741754e-01
9.870841863829878937e-01
9.612963732317468812e-01
9.854277629173052722e-01
9.989797208288104802e-01
9.692295782876512167e-01
9.932563719968734439e-01
9.802836562348802296e-01
9.867306640103170601e-01
9.821648243886044183e-01
9.733341483919010217e-01
9.564845366378457170e-01
9.833259750354114148e-01
9.653638528145163100e-01
9.873871217885440421e-01
9.640080598702929215e-01
9.893173965207544551e-01
9.713257070588218189e-01
9.795056254676806073e-01
9.886364088163894781e-01
9.797756969495221568e-01
9.863210301870026786e-01
9.752594993592254013e-01
9.692177348593103980e-01
9.676082319983615454e-01
9.504187492073079557e-01
9.493865318362038064e-01
9.730733345778747045e-01
9.655022953837532063e-01
9.799002978981178336e-01
9.814233559372073090e-01
9.524539614363866091e-01
9.510817784362104454e-01
9.690150146900478045e-01
9.880207196493323574e-01
9.898758583796798405e-01
9.899506479504567302e-01
9.881832743188690982e-01
9.712162699782368458e-01
9.746694177159661576e-01
9.636551411071903050e-01
1.000946576171831248e+00
9.387856831787634304e-01
9.772917297048645535e-01
9.900766401416694062e-01
9.789622109424853669e-01
9.911871799010822937e-01
9.876794209094440502e-01
9.466431232207178637e-01
9.603532081909381679e-01
9.862939337698291009e-01
9.710310322566333419e-01
9.622510433617098569e-01
9.797428278317117378e-01
9.768950000401366296e-01
9.687693049608780971e-01
9.788414233093758465e-01
9.644897083578463093e-01
9.724014154480027372e-01
9.635089607687751245e-01
9.940753063872569406e-01
9.686650947267002598e-01
9.786406259980524602e-01
9.803158016429061039e-01
9.932803029486704238e-01
9.895832892888662968e-01
9.690644734523292669e-01
9.597678990341690364e-01
9.875511622744124196e-01
9.840670061392411405e-01
9.888344057363563921e-01
9.901353455091085332e-01
9.939387289703055517e-01
9.806656622673847190e-01
9.587966411315904658e-01
9.703058125160157754e-01
9.914855863332097119e-01
9.728134055123148771e-01
9.832025141493163645e-01
9.599002939155901748e-01
9.855829573079021300e-01
9.751948163280592663e-01
9.762077340040838935e-01
9.752441077553231086e-01
9.815417505050152425e-01
9.894691275816437370e-01
9.825304030949737477e-01
9.753012791214520361e-01
9.858236805233124844e-01
9.850219692480575162e-01
9.750268422674410740e-01
9.769844659262002518e-01
9.591439235066728797e-01
9.613058595932958417e-01
9.845701099799105682e-01
9.873141858571865548e-01
9.604003388592130541e-01
9.812005442433850977e-01
9.892157448909849604e-01
9.941229861964760994e-01
9.647177141507701226e-01
9.740024654271587368e-01
9.894161015052009844e-01
9.588205845536318384e-01
9.829873561346834654e-01
9.936278855302597135e-01
9.901115482813424018e-01
9.757776276708808316e-01
9.575974879187306721e-01
9.841163477972192375e-01
9.752790993981721446e-01
9.813370368904961172e-01
9.502288599333769126e-01
9.844078139549473638e-01
9.793508720387408273e-01
9.851848790060888650e-01
9.797254007441165147e-01
9.921051355521723902e-01
9.798525233169342874e-01
9.867112637512786000e-01
9.946501678878169050e-01
9.727984338080335469e-01
9.825493777004256080e-01
9.835012590483033224e-01
9.891729563036223416e-01
9.910918476141200584e-01
9.845932384082614064e-01
9.816256182979941070e-01
9.928337883432516442e-01
9.601291084317857827e-01
9.930569767615630150e-01
9.780186689154314328e-01
9.879709293503395884e-01
9.672813520940385379e-01
9.796972681546219919e-01
9.860210763091676878e-01
9.972114615979480456e-01
9.862732967874864309e-01
9.840195185148988832e-01
1.000286985850856070e+00
9.911994976526082857e-01
9.711213331978750807e-01
9.886687709125285828e-01
9.898709777095240359e-01
9.757586564396724116e-01
9.870402347291554745e-01
9.609724286190706177e-01
1.003475010903067455e+00
9.507636470888758407e-01
9.802571312882071286e-01
1.001230266467554086e+00
9.809771094988336548e-01
9.694749222923051413e-01
9.816972331218410952e-01
9.546782016789288061e-01
9.866807196794910029e-01
9.875072438879157755e-01
9.873056146701926217e-01
9.949484808399484681e-01
9.640902214047283314e-01
9.890677028779214508e-01
9.746687497378786480e-01
9.707247852628251295e-01
9.866656938934227350e-01
9.824870343660169203e-01
9.846033844241963706e-01
9.802159092060676038e-01
9.860984436368748218e-01
9.630055994584538759e-01
9.835515904665422804e-01
9.846175129206412580e-01
9.806715626380650974e-01
9.917151148797086480e-01
9.825316737727533001e-01
9.859994002768082133e-01
9.773034780759343176e-01
9.829273109524112595e-01
9.878697803890813534e-01
9.860698950868118651e-01
9.805485522628440975e-01
9.334571745054321967e-01
9.975815967297063658e-01
9.585147969019063297e-01
9.876911533453393011e-01
9.887907451331593434e-01
9.819832914024833048e-01
9.774135495207554314e-01
9.733723069853567056e-01
9.774280061680176157e-01
9.902633348753546727e-01
9.675652137917325479e-01
9.952727670981514896e-01
9.810773321909612710e-01
9.737549579544587663e-01
9.878562931470422637e-01
9.723792973215230617e-01
9.755687470662278704e-01
9.906192272574522173e-01
9.778380849632593019e-01
9.701915577328531493e-01
9.794135295499216687e-01
9.898738498314613166e-01
9.999036288411722317e-01
9.892123159844352642e-01
9.681359864341193555e-01
9.869226159773389906e-01
9.832095978916687296e-01
9.866691020117918098e-01
9.827923730828439508e-01
9.721634241581484925e-01
9.769911770400376838e-01
9.780222685822690387e-01
9.768934136633509180e-01
9.845401996742149109e-01
9.817528091117226907e-01
9.726404483597379524e-01
9.989620500953347859e-01
9.836199457182667194e-01
9.894746619986904967e-01
1.000727360360195384e+00
9.705092233364381871e-01
9.811183010091639733e-01
9.825662261362378969e-01
9.593147125849176282e-01
9.680154159775663514e-01
9.712297524522617298e-01
9.830132131434369258e-01
9.540586252645676391e-01
9.883925202991148407e-01
9.803056905530866949e-01
9.783072825072779422e-01
9.624447914117039149e-01
9.820826894020814324e-01
9.693224327650836747e-01
9.842513275521014293e-01
9.870769142940887253e-01
9.868690551752030693e-01
9.827593437812196520e-01
9.745883314225132210e-01
9.860603468704643992e-01
9.737891856845679595e-01
9.859296055304328510e-01
9.985129262060208344e-01
9.770091384904925347e-01
9.770842267014350213e-01
9.815572461209024491e-01
9.816980651867323049e-01
9.861265568017776317e-01
1.011991246743987771e+00
9.642397559409083829e-01
9.799211080091080328e-01
9.820346091631566576e-01
9.681488234376126600e-01
9.887440078007075916e-01
9.849157992809237649e-01
9.715427924913149216e-01
9.923837994702910947e-01
9.741578465183639013e-01
9.775274936887634603e-01
9.724941082853872931e-01
9.900983285613689233e-01
9.897407132016637910e-01
9.540596203028381961e-01
9.611065326233001471e-01
9.935715239649771657e-01
9.796272825914396076e-01
9.648088214523136141e-01
9.787267234563971074e-01
9.907238904297396287e-01
9.712318077984367637e-01
9.729362524364829623e-01
9.556821152771323158e-01
9.638608053272966769e-01
9.905473094292047698e-01
9.677668982726261859e-01
9.880847874812364040e-01
9.865078509327884770e-01
9.768425928574022699e-01
9.903712204472810976e-01
9.866779804507669338e-01
9.864942661054670880e-01
9.881637283144729667e-01
9.794448543085019221e-01
9.556222910830108885e-01
9.830808150397968292e-01
9.845253773292990118e-01
9.735791107747343576e-01
9.811433049659222805e-01
9.830233744880879643e-01
9.795221343828299787e-01
1.000434536815762110e+00
9.941223679398010216e-01
9.912200822016720148e-01
9.642119256855791187e-01
9.720949815184664056e-01
9.904634803294254386e-01
9.400381201928945663e-01
9.749332478163401650e-01
9.961886283714244117e-01
9.701613287581061229e-01
9.918906595204615151e-01
9.688551192546970281e-01
1.000685195064606514e+00
9.933902181289938627e-01
9.758670351204004056e-01
9.961331453610154929e-01
9.958006117468651830e-01
9.711546082395667856e-01
9.865362425177711669e-01
9.760099032028841659e-01
9.818925293342023464e-01
9.713538102197399882e-01
9.915349145577099232e-01
9.751051621906240419e-01
9.631683686367502606e-01
9.776795402415021652e-01
9.899490136468357404e-01
9.863128899194484323e-01
9.916751913063096557e-01
9.766226207853367924e-01
1.000123163735674892e+00
9.475745363878836924e-01
9.825579659875885996e-01
9.812801916343214526e-01
9.881063133375325158e-01
9.842979113444688677e-01
9.654130472272273167e-01
9.851222948431633819e-01
9.825083167719191879e-01
9.827663752273574360e-01
9.580390637648051877e-01
9.843463554648096414e-01
9.730311357288939922e-01
9.760177859854359816e-01
9.808716603962995828e-01
9.856914734550573653e-01
9.709752608359264459e-01
9.698785309665617360e-01
9.803614846533335037e-01
9.852547817473463754e-01
9.641601123010204999e-01
9.804343559435328981e-01
9.825012974138328525e-01
9.767302447515600061e-01
9.949687046563741033e-01
9.832513219640255375e-01
9.820545191889731296e-01
9.622610149047321482e-01
9.879971449013716933e-01
9.746951870362829951e-01
9.926172177170968780e-01
9.910094404505785937e-01
9.728352018563742876e-01
9.751621926012146169e-01
9.985954500542009171e-01
9.787187002652869561e-01
9.480856749797744731e-01
9.798191531522334463e-01
9.658418333243203868e-01
9.675152480453258486e-01
9.700131264191673708e-01
9.837582819945339674e-01
9.723198578971773420e-01
9.944988331553998862e-01
9.868275494389084912e-01
9.728130132903093363e-01
9.936250568879335665e-01
9.844217460352553406e-01
9.502991458227633137e-01
9.916714670769353202e-01
9.316674752770572887e-01
9.845227102082915183e-01
9.721685262911526904e-01
9.822869153896192085e-01
9.888690933808101935e-01
9.861643982356663729e-01
9.961199445362126648e-01
9.691757504591177463e-01
9.900936654042781226e-01
9.551234202387285377e-01
9.869578709449370324e-01
9.912664849723983318e-01
9.705819598244567192e-01
9.870116056428804852e-01
9.873870803499307236e-01
9.818683718191693055e-01
9.440139937205467291e-01
9.945030368260892040e-01
9.831471267765370392e-01
9.897853950126594968e-01
9.738681824322285019e-01
9.958504305479121133e-01
9.816774156605233559e-01
9.254539060712678733e-01
9.778541856900611062e-01
9.621310577200393732e-01
9.502911890321031896e-01
9.718914139386163331e-01
9.697594935258811999e-01
9.827151850154502988e-01
9.554565495534154129e-01
9.913345014288104107e-01
9.823674033063966027e-01
9.725296644659342515e-01
9.848489261332812328e-01
9.875118362953232420e-01
9.946662960036307677e-01
9.875390326198680846e-01
9.695212544042064451e-01
9.716616709926493289e-01
9.926498980987532583e-01
9.936582006022365299e-01
9.670798824891729817e-01
9.714293008280716624e-01
9.819634412388397182e-01
9.849151716756138208e-01
9.747243138989953870e-01
9.909220026651478497e-01
9.835324154968674293e-01
9.783889567350300132e-01
9.871860405584084175e-01
9.818760856757713373e-01
9.827676321945978399e-01
9.875644549080710988e-01
9.764755348545309799e-01
9.506999163998718361e-01
9.805412549851919568e-01
9.759328172748752417e-01
9.785933190153016659e-01
9.602654259432942263e-01
9.800896572880628543e-01
9.751932957938171942e-01
9.720374556908816244e-01
9.889504339144322698e-01
9.975465791925754999e-01
9.858772026687807610e-01
9.845506922774852621e-01
9.912424191929817274e-01
9.869594210401438916e-01
9.809237961091198388e-01
9.841609451111715812e-01
9.597895003702506811e-01
9.698068759058863231e-01
9.705058811578787248e-01
9.832351071305491796e-01
9.832994115111708400e-01
9.617844189826463275e-01
9.746899169292223553e-01
9.901106087771719411e-01
9.759646940437082252e-01
9.889766204915253489e-01
9.918760567876243606e-01
9.839865948326912415e-01
9.604640844884493323e-01
9.743380857187198263e-01
9.577508722713801159e-01
9.874185572263564081e-01
9.574042177086659056e-01
9.706308756629464796e-01
9.732970684775158476e-01
9.730208897649824662e-01
9.776067524567115807e-01
9.794147608104384339e-01
9.906013578278707321e-01
9.871375454999904431e-01
9.935517884061650928e-01
9.423871112579085274e-01
9.875172024178726637e-01
9.804936229318494956e-01
9.829167691467104451e-01
9.750799948153745511e-01
9.911763812654749151e-01
9.836539832987770682e-01
9.720500120562973745e-01
9.909812668843581696e-01
9.700588167212136348e-01
9.785748656458211903e-01
9.784832816719916115e-01
9.757903952981255014e-01
9.695376269555180393e-01
9.856211507236180003e-01
9.914312864640474343e-01
9.602286133441471083e-01
9.520772137293195270e-01
9.869310941923349345e-01
9.455721837719079925e-01
9.671787971825956953e-01
9.937980785823238294e-01
9.638312140702267605e-01
9.492496659512380530e-01
9.353908645939207345e-01
9.709418847831865484e-01
9.943030266125320038e-01
9.780272995306386052e-01
9.861791455469979262e-01
9.836808887558614600e-01
9.327074383209125186e-01
9.535699243098944011e-01
9.858323436335710843e-01
9.803751699473403081e-01
9.874946889875159117e-01
9.961748165037501712e-01
9.808340437509753817e-01
9.542326323594634285e-01
9.756818893044775232e-01
9.866356394669014707e-01
9.702302780160196871e-01
9.942069155801199765e-01
9.893337952029156446e-01
9.797562400243021719e-01
9.843091270401058690e-01
9.820135449969887853e-01
9.909781975543694443e-01
9.882393736343797475e-01
9.737773324906299210e-01
9.815685221491688983e-01
9.929034047315591360e-01
9.886620239344252603e-01
9.594377503080904201e-01
9.867291047998834053e-01
9.733242393702803419e-01
9.798637918643430256e-01
9.839950122473595240e-01
9.743367155372341104e-01
9.726571350578431252e-01
9.942138568624859785e-01
9.690522112053305825e-01
9.883560099961069545e-01
9.649883659791559376e-01
9.883026055049475289e-01
9.627368338152686444e-01
9.538564156362381308e-01
9.771995069238333942e-01
9.438744145346905645e-01
9.933430151576533307e-01
9.805550165240909388e-01
9.776387176094145648e-01
9.711212602791507997e-01
9.680966587036187176e-01
9.427312106339257314e-01
9.960410978024838435e-01
9.776453595582960121e-01
9.981428968240865229e-01
9.748315301199815819e-01
9.548478664121851089e-01
9.651548904097730919e-01
9.893777695370078451e-01
9.807916385639857682e-01
9.701532365474871966e-01
9.799719269768339958e-01
9.911473738602480932e-01
9.553987318447313415e-01
9.587732536808045714e-01
9.842993325063357224e-01
9.905540279672769843e-01
9.804696108489225903e-01
9.674561664250750370e-01
9.539133786255472591e-01
9.801413386706705477e-01
9.844076328432443956e-01
9.853641292696142528e-01
9.631600033364023927e-01
9.734278373484095415e-01
9.827925002461365134e-01
9.737880697915056727e-01
9.679130437239507057e-01
9.770385072659287795e-01
9.606939963047439468e-01
9.897226188638997835e-01
1.003597946681780817e+00
9.980860118485942456e-01
9.409689941550518633e-01
9.842407376534655361e-01
9.648944640584765642e-01
9.922532097387162242e-01
9.822215031678190877e-01
9.744599166529277490e-01
9.820895593419729508e-01
9.919251548450850331e-01
9.875404293155690683e-01
9.887540980059765783e-01
9.687097020727575281e-01
9.694271228972107801e-01
9.895942934240401501e-01
9.685111140534337082e-01
9.906159065464124058e-01
9.895682898823167095e-01
9.660270197499409850e-01
9.801311040360248805e-01
9.752976830582653633e-01
9.761774220347018138e-01
9.824526317260575681e-01
9.977855615343044215e-01
9.621317846628008041e-01
9.808273207960235274e-01
9.783342121091747057e-01
9.722023959770941248e-01
9.893747608261127535e-01
9.853480392997080450e-01
9.634438490859523752e-01
9.768397274518200168e-01
9.906567028443432621e-01
9.879998957100810664e-01
9.880961715567282422e-01
9.952446009169102492e-01
9.441220589552737907e-01
9.649161220760326119e-01
9.751497287296657657e-01
9.852790898247905105e-01
9.892753651388207503e-01
9.836735923450260488e-01
9.866802698577771258e-01
9.806707030756958154e-01
9.595632201750170509e-01
9.743534375390456859e-01
9.627287816128528020e-01
9.877070183938536641e-01
9.567950426948884646e-01
9.783578156512081625e-01
9.703638717771769784e-01
9.741888352291059316e-01
9.895616363369665880e-01
9.875819515828504480e-01
9.895635941410894088e-01
9.849941307429062043e-01
9.875569151257855838e-01
9.898298598343030497e-01
9.890388614248571963e-01
9.840547438861336760e-01
9.982172153765470624e-01
9.912138517698551032e-01
9.818726754731550432e-01
9.999820012470521657e-01
9.988131911935366203e-01
9.842644195053169565e-01
9.614357475218665572e-01
9.942139531586460244e-01
9.854580045211785988e-01
9.698090797971739008e-01
9.909873359642771273e-01
9.903210300999919502e-01
9.735808397540733905e-01
9.860034512853360633e-01
9.889187057612965903e-01
9.596665366592841417e-01
9.901141675700797506e-01
9.762443784059670060e-01
1.002932833153034053e+00
9.781192455139714470e-01
9.905366302203144624e-01
9.721637894177103112e-01
9.867151792261141807e-01
9.343362218351892734e-01
9.869077568557365066e-01
9.842272320662764917e-01
9.560022854639472767e-01
9.773441567720388967e-01
9.709574836159649003e-01
9.906626742995074952e-01
9.892086354081353061e-01
9.420405269168401485e-01
9.824698493516785813e-01
9.827875430066987938e-01
9.825517122325313490e-01
9.537037782495311200e-01
9.485806163549661552e-01
9.430031711062627497e-01
9.872221337644381256e-01
9.800464254960891131e-01
9.421002565049665378e-01
9.772571568733284808e-01
9.861394425327898450e-01
9.915951548807744320e-01
9.774685141499785956e-01
9.836420688105907972e-01
9.951942824633450702e-01
9.823881884915217633e-01
9.944960516097842707e-01
9.680041496168935167e-01
9.778797726855035233e-01
9.724612606152686078e-01
9.712038199629640101e-01
9.757964107895883421e-01
9.689183834129687645e-01
9.635314664627245840e-01
9.807046174238005509e-01
9.740388614441831683e-01
9.811710162832314452e-01
9.861709179100756062e-01
9.919694436943649052e-01
9.863696048156855856e-01
9.900817205645565666e-01
9.863132227265029028e-01
9.982309326230114355e-01
9.794865210893938245e-01
9.644970834063468779e-01
9.856037547844047619e-01
9.746538704061911140e-01
9.890203550550603628e-01
9.356414805347887942e-01
1.000487637052419609e+00
9.808885852971385155e-01
9.842863387252674956e-01
9.757886225160611327e-01
9.888312678793249599e-01
9.846171901519124026e-01
9.828224701522679796e-01
9.626542185620875491e-01
9.910113360983173747e-01
9.987766168709846237e-01
9.841444772324492440e-01
9.651460935138872488e-01
9.641968270052672096e-01
9.401569232865859549e-01
9.825853133652129312e-01
9.731684683847133810e-01
9.798467845765481687e-01
9.682334700905383951e-01
9.842118106178330272e-01
1.005526945379023651e+00
9.882853586986444228e-01
9.777312788420450262e-01
9.851771287871452509e-01
1.001182436267727294e+00
9.774101234758136858e-01
9.758018269457554572e-01
9.853645220127377202e-01
9.935261817025936582e-01
9.521560938426744114e-01
9.980178430822078672e-01
9.759860670765427848e-01
9.812959007400082756e-01
9.783182792314666365e-01
9.802612829042151033e-01
9.890978066316526984e-01
9.729880081230011246e-01
9.815646046568669014e-01
9.883555219584159168e-01
9.881959536058331217e-01
9.788823318794094286e-01
9.871077958670643193e-01
9.908176658748364396e-01
9.747665212196678919e-01
9.951619829702027520e-01
9.715140525749704770e-01
9.715700288489381720e-01
9.832372113022556093e-01
9.760180492406825836e-01
9.771992955784241097e-01
9.916402440676218566e-01
9.535621936346309058e-01
9.845628466205220697e-01
9.823620340267555928e-01
9.534968036349362741e-01
9.937368806783429820e-01
9.801583453667417345e-01
9.808752340539893533e-01
9.896594308168417120e-01
9.811260235639536198e-01
9.888107061163765588e-01
9.729211232554662026e-01
9.829019070597830865e-01
9.622621389429636407e-01
9.803793815630622577e-01
9.902731383428966527e-01
9.692665171802530288e-01
1.000171748619682610e+00
9.738300046124084286e-01
9.731171805844373024e-01
9.731621091806890167e-01
9.900058848692659952e-01
9.735221933347676382e-01
9.718179719020860752e-01
9.785883011548018873e-01
9.846159857395165860e-01
9.770623281810526528e-01
9.828648484667937835e-01
9.624180692840201834e-01
9.887821399575632553e-01
9.852409281171075062e-01
9.822947190443470644e-01
9.822626693712965817e-01
9.893941546644502427e-01
9.864360488937635729e-01
9.846964515597280698e-01
9.774127841783922799e-01
9.700577533652591233e-01
9.769102117408490216e-01
9.798398187379334656e-01
9.847606340072182496e-01
9.782550867062498323e-01
9.810775976070850168e-01
9.892617225461471930e-01
9.891247962296496610e-01
9.654263063725666560e-01
9.729282549797186874e-01
1.001011122144327192e+00
9.544194589358163672e-01
9.876162528661249773e-01
9.944140139089904240e-01
9.693011124023296343e-01
9.797408307746990896e-01
9.603058286725120185e-01
9.828786569980514365e-01
9.909859817868227339e-01
9.761660644061819214e-01
9.779772649694710163e-01
9.940234180896965199e-01
9.431320216676800650e-01
9.827119556554519963e-01
9.960694237998446443e-01
9.787710572880909954e-01
9.760325218404484193e-01
9.955471606351163905e-01
9.844770916320204623e-01
9.779868703444163369e-01
9.872612898161172712e-01
9.565103233463112531e-01
9.923531115748589482e-01
9.703051839221712438e-01
9.846509623345892637e-01
9.859983612087492855e-01
9.641865482073531668e-01
9.918865077066542080e-01
9.818541070734637666e-01
9.732175777066185418e-01
9.923490705438997583e-01
9.734060739246549465e-01
9.876435595936708944e-01
1.001352118196785046e+00
9.994595078865760041e-01
9.760443767230222445e-01
9.642550305790890119e-01
9.941263571410691169e-01
9.976376437816740772e-01
9.779243579951850673e-01
9.871707217045885274e-01
9.787662025013148526e-01
9.610822603103026385e-01
9.889445430916055102e-01
9.818086090010458289e-01
9.751316438590970082e-01
9.974483775663580687e-01
9.957881607701829507e-01
9.720195273487112209e-01
9.843197580683532566e-01
9.770909302951729103e-01
9.831232101042646221e-01
9.893820545442324477e-01
9.877838023539045054e-01
9.807344945141965864e-01
9.792092856447581761e-01
9.769457534784801167e-01
9.856907226405388078e-01
9.653803077370233243e-01
9.790651231941221999e-01
9.751151623903807630e-01
9.936645773922342384e-01
9.872736930063694683e-01
9.393737691599046702e-01
9.817517724337873064e-01
9.804992082700280109e-01
9.777420278681510091e-01
9.898499175600529165e-01
9.871550367875708831e-01
9.662493954876091307e-01
9.592568487732179294e-01
9.795656161882543289e-01
9.694501135346053067e-01
9.846779052703097390e-01
9.872866938893194444e-01
9.857353476365660061e-01
9.745084961587814343e-01
9.739339877494120890e-01
9.842599212126471597e-01
9.577939734265389360e-01
9.847899523101086849e-01
9.822207534562205078e-01
9.852367649503257496e-01
9.871999877374465493e-01
9.854856958702951086e-01
9.881493935157983355e-01
9.727054150430154422e-01
9.884451378511067698e-01
9.935816615825672216e-01
9.847276301994754011e-01
9.655651432706214843e-01
9.896581688590224690e-01
9.807474061959126077e-01
9.861390253782754689e-01
9.664859709342303873e-01
9.834498090256975633e-01
9.616692938462635398e-01
9.833650401210024539e-01
9.773389424378192691e-01
9.877908442867951999e-01
9.855376342323654004e-01
9.765092629671529023e-01
9.798937814274100155e-01
9.904283016946754392e-01
9.689700738862235818e-01
9.929074212266102428e-01
9.749075595069298661e-01
9.951841573898825288e-01
9.779709832691696469e-01
9.856153794736497442e-01
9.863817954533543597e-01
9.812150399447170379e-01
9.848911588550285368e-01
9.928434542087416492e-01
9.841688989268371213e-01
9.711497136391159524e-01
9.867444755521145305e-01
9.870181099655379597e-01
9.721627705960899091e-01
9.705339048589356477e-01
9.830071088495597742e-01
9.818987383498223309e-01
9.787875088174710081e-01
9.871003903919080003e-01
9.856955729676010192e-01
9.592274328094171354e-01
9.842291130948246369e-01
9.632366735119238799e-01
9.816299174958152962e-01
9.773364205725193488e-01
9.241402750063567595e-01
9.879437520492790892e-01
9.916374554579936440e-01
9.842254168246981072e-01
9.817623096462380072e-01
9.410598127391960332e-01
9.579811098342111420e-01
9.657937550994000198e-01
9.398799813966516314e-01
9.357191604594186085e-01
9.880437974145243052e-01
9.964415901455072611e-01
9.834438295076264325e-01
9.389600621104859934e-01
9.561416145011685241e-01
9.692980844203165081e-01
9.814170085213566042e-01
9.983383766662922154e-01
9.860601866064815368e-01
9.846139176304051777e-01
9.692881045779276894e-01
9.668480233806483470e-01
9.806657130965135138e-01
9.946633945057616888e-01
9.849582027059582412e-01
9.540752102947990254e-01
9.924105374601321916e-01
9.887888528972179625e-01
9.715688155165899120e-01
9.780826078328631601e-01
9.871521437634579454e-01
9.834793673897863631e-01
9.867806007519128730e-01
9.603031885572239634e-01
9.987792036734760570e-01
9.875562997954937527e-01
9.777588334517937074e-01
9.945960505576277866e-01
9.835226818688419526e-01
9.833708281873757562e-01
9.626016488724724596e-01
9.949665353196058826e-01
9.571602465339320576e-01
9.592314552579825904e-01
9.926355658092160805e-01
9.650168890871577698e-01
9.829683855984594487e-01
9.942853113975100854e-01
9.610268139283011379e-01
9.869885238904237967e-01
9.758860649192117043e-01
9.577791953492789112e-01
9.888059357881104905e-01
9.580779763092752699e-01
9.877007112653818366e-01
1.000496589680791804e+00
9.988420026219529957e-01
1.019279131448965536e+00
9.773706230440323273e-01
9.804952425573135733e-01
9.777462404155286002e-01
9.706114782539118080e-01
9.869284186464869491e-01
9.569701897614873998e-01
9.961798719823417025e-01
9.911217818038852156e-01
9.859249795827176310e-01
9.804804145514908198e-01
9.903954378239950840e-01
9.741002079875955566e-01
9.666335193320492181e-01
9.911366605490811166e-01
9.816751888725281372e-01
9.884882569897563975e-01
9.554411727340651472e-01
9.889018392165336291e-01
9.817937183532824408e-01
9.665556871864845467e-01
9.647707435241440477e-01
9.559103235237547125e-01
9.684753302918231999e-01
9.699438816665495455e-01
9.651823480253821641e-01
9.618049763109470796e-01
9.920115295760990604e-01
9.855266546916907622e-01
9.830944315218705931e-01
9.722966735342869482e-01
9.881036379274219517e-01
9.640337344703454603e-01
9.921138099950169709e-01
9.755924998135587778e-01
9.823079214996545128e-01
9.912694988674699559e-01
9.524798672878227457e-01
9.900450737278976288e-01
9.901834363963781804e-01
9.899642715536152160e-01
9.750302932871682815e-01
9.868797962392675815e-01
9.774379991509478671e-01
9.733316134613032578e-01
9.734025309477196686e-01
9.772870980970486121e-01
9.672102331005638653e-01
9.719782399770995340e-01
9.526846018122666626e-01
9.816164877247992582e-01
9.765872403150490655e-01
9.786125753015769702e-01
9.908766152067152166e-01
9.564049603044940673e-01
9.749144064784965868e-01
9.705429515453086742e-01
9.849441643404995839e-01
9.621463787479912488e-01
9.677714117652610470e-01
9.949846544457197073e-01
9.982789971585823707e-01
9.891820587083562932e-01
9.796887696375019550e-01
9.804706720440287127e-01
9.769262351321421622e-01
9.846914441439388321e-01
9.667017932681190029e-01
9.902031586078797742e-01
9.696068806160299536e-01
9.902867263380662477e-01
9.762645236172818874e-01
9.870238633742993706e-01
9.851042024443517064e-01
9.710189360916589019e-01
9.752146235641284688e-01
9.617390885167584891e-01
9.842734811599621603e-01
9.830154814257255902e-01
9.894731180583696828e-01
9.644416979129976086e-01
9.837807599683390247e-01
9.854292950311176469e-01
9.864042880660973678e-01
9.797697182459003118e-01
9.743471365488387548e-01
9.654808114789154017e-01
9.633448136749186430e-01
9.874449012901294065e-01
9.501229773512834820e-01
9.756172069012354342e-01
9.651215690432922711e-01
9.573413034910662756e-01
9.929139616424710324e-01
9.638675016346917035e-01
9.807694553077070942e-01
9.681054974689607961e-01
9.808354434024898483e-01
9.796982040384105694e-01
9.797979181677587412e-01
9.786020778419582955e-01
9.578680689368047618e-01
9.888685220841152423e-01
9.876626102296355292e-01
9.913019485643487227e-01
9.919779953349309176e-01
9.798846614549152623e-01
9.603685590512683889e-01
9.798119987047050339e-01
9.694253510096174642e-01
9.733812755442048381e-01
9.729052705763353570e-01
9.608431025695318706e-01
1.005809669996368338e+00
9.628418757840240261e-01
9.817251399704541859e-01
9.818852617075612965e-01
9.892341094838434934e-01
9.925241355496045026e-01
9.796983990852468072e-01
9.730403005135824790e-01
9.875156784837089141e-01
1.000030163422525487e+00
9.912365240617521112e-01
9.778132236420142842e-01
9.840328899354496839e-01
9.668486931314949073e-01
9.694670203631133854e-01
9.943711773640024898e-01
9.843091064007741808e-01
9.503585565758708720e-01
9.825276736487037477e-01
9.840390462812799166e-01
9.717701982752917633e-01
9.914678599000870118e-01
9.673421038286190710e-01
9.666757933270527792e-01
9.628130783502337753e-01
9.876790082711224272e-01
9.629706956489265668e-01
9.698363751017520240e-01
9.988064679902601828e-01
9.879521360202828673e-01
9.773526831179846219e-01
9.638239637510435109e-01
9.792586845636116477e-01
9.818190395471967369e-01
9.892497737730280294e-01
9.740960494851769180e-01
9.830539973678983356e-01
9.794860245866386927e-01
9.564317824861882089e-01
9.908550215237027503e-01
9.860005953225660091e-01
9.496718026113865063e-01
9.994353689879424962e-01
9.846838880707381447e-01
9.643999808979034638e-01
9.789746837461749118e-01
9.734691924121409157e-01
9.926419882452311994e-01
9.816102277227808370e-01
9.305636886716328604e-01
9.520110032706050607e-01
9.478627482785392244e-01
9.847906203041753015e-01
9.808691921439371963e-01
9.734090193659785673e-01
9.756147193659359118e-01
9.713856038660556580e-01
1.025693389661602950e+00
9.760354765854660775e-01
9.944090744805744730e-01
9.463655123730997376e-01
9.741801842616192308e-01
9.759206002375026001e-01
9.736262613700804591e-01
9.906497275572374583e-01
9.911109344169123370e-01
9.912156857098073370e-01
9.436542885933747460e-01
9.371785702095669635e-01
9.953208294839586134e-01
9.918247854143442677e-01
9.545219580993457020e-01
9.890208501845036970e-01
9.725492393274923764e-01
9.801692201940884752e-01
9.906014227684478701e-01
1.000846153293158514e+00
9.805762507543045459e-01
9.679761665757691258e-01
9.699203685533984709e-01
9.762795494594634915e-01
9.782446761360286125e-01
9.758212522828495494e-01
9.577183124062428332e-01
9.688922785671657545e-01
9.697686142008110632e-01
9.714596010622658095e-01
9.736871885653820557e-01
9.830326768514057179e-01
9.842507086117621151e-01
9.887478393186076575e-01
9.861666532919192152e-01
9.854895542775045092e-01
9.770634747344691950e-01
9.874980631821829169e-01
9.942750432034380692e-01
9.907415126812442185e-01
9.793203035373032606e-01
9.894367195447414387e-01
9.887811129273792465e-01
9.816741255670091704e-01
9.835678553924294132e-01
9.934297519511984254e-01
9.731707072226707389e-01
9.674580130051151361e-01
9.789854308551088069e-01
9.815132966245619928e-01
9.848726958488165373e-01
9.882277223324509308e-01
9.748095173090797205e-01
9.898084873622247093e-01
9.978045669567147113e-01
9.616537564873818278e-01
9.811631678045250604e-01
9.701672556750473575e-01
9.742624806944999438e-01
9.901117697349878233e-01
9.936713852850340700e-01
9.269944859889325262e-01
9.923979681468824143e-01
9.641392469640261975e-01
9.827225908326374659e-01
9.923046960732864186e-01
9.713042875156063793e-01
9.414861144308088736e-01
9.719651051213309412e-01
9.700193890284513065e-01
9.763797420122943826e-01
9.887367833431166542e-01
9.939211514072927578e-01
9.777182659857623914e-01
9.822103216245484658e-01
9.865070353150383609e-01
9.718094294229117081e-01
9.925329455098710341e-01
9.579321827895074248e-01
9.608917666314696904e-01
9.676555171600316196e-01
9.840669669330441849e-01
9.880998176311106551e-01
9.883385106505967466e-01
9.898131532098565222e-01
9.856171431694397134e-01
9.853519565743851238e-01
9.918642562047239597e-01
9.825306326108823596e-01
9.700321101131605950e-01
9.770247671362435327e-01
9.870470786311038580e-01
9.768030161201447514e-01
9.862016846556467264e-01
9.504250136419698514e-01
9.808941226773293387e-01
9.760791460059412561e-01
9.807920066001064585e-01
9.371720298559618190e-01
9.752458369048582210e-01
9.992461018796022776e-01
9.878614959692804121e-01
9.906653881017225549e-01
9.601191131039278348e-01
9.827790713405535339e-01
9.729549770267865716e-01
9.855394722379315908e-01
9.687567451922121098e-01
9.904661958559919377e-01
9.836458869353926771e-01
9.851724487577567801e-01
9.765085025961698362e-01
9.930143323084734686e-01
9.869660842892005181e-01
9.723053514160268085e-01
9.700294091227253945e-01
9.973368368749726542e-01
9.875897502767659875e-01
9.723050237053334488e-01
9.937120495692698396e-01
9.683123591357708504e-01
9.675665394420471799e-01
9.945314903858931688e-01
9.616324412557001322e-01
9.929673590970190533e-01
9.836590088809193944e-01
9.819157613641725790e-01
9.785636131818963301e-01
9.851500081280253340e-01
9.678008002382744168e-01
9.692088395471648576e-01
9.624449974442100819e-01
9.739426333293456084e-01
9.710063701231709254e-01
9.801028223356176294e-01
9.834629483003453077e-01
9.838732177377557120e-01
9.581819451361601736e-01
9.949823678403615368e-01
9.848722277314352347e-01
9.803344210463179609e-01
9.841698379375611871e-01
9.627412021749275350e-01
9.549091338222699399e-01
9.865356699565156484e-01
9.887987732247232042e-01
9.844699683280793145e-01
9.729486722135467502e-01
9.679489185612965008e-01
9.849316337533312593e-01
9.962510267054671687e-01
9.811910795827136766e-01
9.872457518768057438e-01
9.928573993970880585e-01
9.830088144885776869e-01
9.686465855870320940e-01
9.798112843971293895e-01
9.902490469601521461e-01
9.790409827471804327e-01
9.834379161128030677e-01
9.621269148394455684e-01
9.940110557728218943e-01
9.925196409885084226e-01
9.948577406977603399e-01
9.642715388820076727e-01
9.823964538553310311e-01
9.644606274551417169e-01
9.762506215296083978e-01
9.751547248647730592e-01
9.907680382962642529e-01
9.922289981328401565e-01
9.597893850460744725e-01
9.592804605624277725e-01
9.887303800517429631e-01
9.870328584388726734e-01
9.554890085181935167e-01
9.756153982389312862e-01
1.002134803260593454e+00
9.897267726394409770e-01
9.900177815723163466e-01
9.879281090978583313e-01
1.001349789020584691e+00
9.846674040691554275e-01
9.928994037390453942e-01
9.656140563801741683e-01
9.788540506220669846e-01
9.845396822266042625e-01
9.757080596251321847e-01
9.905881743930843308e-01
9.798386569691164283e-01
1.002340302022027618e+00
9.585569407247150897e-01
9.757223346376981965e-01
9.888876591439390573e-01
9.905386663131631186e-01
9.873400496565287732e-01
9.864491533911204924e-01
9.322738908808330116e-01
9.901248219383814719e-01
9.763081320030496668e-01
9.901670367102812786e-01
9.838569727924835195e-01
9.808652931981544087e-01
9.717696251583934908e-01
9.533649282230877153e-01
9.801824184885358227e-01
9.868837550882293419e-01
9.946715332179122404e-01
9.904091917369356457e-01
9.770424586007869783e-01
9.751000242199873158e-01
9.666706233907533807e-01
9.673665206092572078e-01
9.652833442551205234e-01
9.761823706144291402e-01
9.866544326491787364e-01
9.794590768247911639e-01
9.780315202368837779e-01
9.854458848103148094e-01
9.918374604987809651e-01
9.530851567202142105e-01
9.918638690864506335e-01
9.968048042027820577e-01
9.866071632881180387e-01
9.978050647929245232e-01
9.579361029013658824e-01
9.876768623381699808e-01
9.824507185974573620e-01
9.811243366555599810e-01
9.790716396235338292e-01
9.826511955312042801e-01
9.734287434970357866e-01
9.574827285384391873e-01
9.872201727921586789e-01
9.930533634906527629e-01
9.864128406140051375e-01
9.852345283482650817e-01
9.897478042783077745e-01
9.647003635935682553e-01
9.865461602685484666e-01
9.643155710216745335e-01
9.708731028299878441e-01
9.744644444010249762e-01
9.378664791099474707e-01
9.780691019735688885e-01
9.806073481640454892e-01
9.893940897835583614e-01
9.813020409023125445e-01
9.833454109445187719e-01
9.707098307051850172e-01
9.895166981584615495e-01
9.642113132152111410e-01
9.629748078738873396e-01
9.871423286281155729e-01
9.872677301517635007e-01
9.749965064441454832e-01
9.864588918977610366e-01
9.835541229466784330e-01
9.546729711862032008e-01
9.635088505549446181e-01
9.812616603400494686e-01
9.958389640218346939e-01
9.907171598239034038e-01
9.866919482863690805e-01
9.706852369740071040e-01
9.541681652242285372e-01
9.789570506053538734e-01
9.446984413347012666e-01
9.822864294962583287e-01
9.742210364320061933e-01
9.864884186864900650e-01
9.708437303924014605e-01
9.831064100393812621e-01
9.815836957310491995e-01
9.943532904132662553e-01
9.370440783603313228e-01
9.729926217010921308e-01
9.797454826532192573e-01
9.739526488840275498e-01
9.746538069837231699e-01
9.843663144779364327e-01
9.749106981149013862e-01
9.586988735312733656e-01
9.858976734232020034e-01
9.460534056465906838e-01
9.596427746368637601e-01
9.888620992299712587e-01
9.910721196041929471e-01
9.552856382174955696e-01
9.555423184226268241e-01
9.793255596354280001e-01
9.841042220487989933e-01
9.830614183439966292e-01
9.867855061904031722e-01
9.856493732702411581e-01
9.862196471879046689e-01
9.894806559432244297e-01
9.965516465744634900e-01
9.751617980436023680e-01
9.671681809314662814e-01
9.714848353614632392e-01
9.670118336243046508e-01
9.770286127693175171e-01
9.951760220767358334e-01
9.646289330625464897e-01
9.396803068675589898e-01
9.866586819373687200e-01
9.812048174886376373e-01
9.936470063708077172e-01
9.745642056892377392e-01
9.829013047077937992e-01
9.737098651964026796e-01
9.910520219216572002e-01
9.838005071925169931e-01
9.781028916487277680e-01
9.880074212783142018e-01
9.643818108213290108e-01
9.548800054270077942e-01
9.749189260299261361e-01
9.462194075067374976e-01
9.775183721612275001e-01
9.871684387375236902e-01
9.764056278612888162e-01
9.836799589342813954e-01
9.795174838795878136e-01
9.778378285000640657e-01
9.799737080347800111e-01
9.680470923512605186e-01
9.861631255607297142e-01
9.432433846814439748e-01
9.963602570806676662e-01
9.849162127480080020e-01
9.865485859854508099e-01
9.806567809707906758e-01
9.315024638498460297e-01
9.815991711294124178e-01
9.674711948237487702e-01
9.608337922981697865e-01
9.673807650431488492e-01
9.758688331770507540e-01
9.884510645236933568e-01
9.898780561691266078e-01
9.880197260534165915e-01
9.905081320916869769e-01
9.759642659865914727e-01
9.674221871045408649e-01
9.799151495549434099e-01
9.515350494915206792e-01
9.894061489752975502e-01
9.561348569840167899e-01
9.854210394068562140e-01
9.634232514378585632e-01
9.462931406956964775e-01
9.889621589833892390e-01
9.758666134853779539e-01
9.905241432088103259e-01
9.786819001528250794e-01
9.787487643697834194e-01
9.915655546028434575e-01
9.965987484849521127e-01
9.847475782668138056e-01
9.774148658389744115e-01
9.663399349188527276e-01
9.831972138513591641e-01
9.825394751396914206e-01
9.742865655056675012e-01
9.933465788847699596e-01
9.840182809425416233e-01
9.710335975992629987e-01
9.700654847902877576e-01
9.668229619856038015e-01
9.626813810977661312e-01
9.633836717213688505e-01
9.827290855968939809e-01
9.738008426854874999e-01
9.899448477298395943e-01
9.674879168891202808e-01
9.793667608688437776e-01
9.954548767033712942e-01
9.774120641724663994e-01
9.856388696070700339e-01
9.868090578873693897e-01
9.790130089232859101e-01
1.003003737186129118e+00
9.858202855963192901e-01
9.516033338835949706e-01
9.799622395012110854e-01
9.636478134986006250e-01
9.803225165976431343e-01
9.818779720378359999e-01
9.539716250933094610e-01
9.831698046267588476e-01
9.905816935081701580e-01
9.934021196711251278e-01
9.864188538145347573e-01
9.897701349001907234e-01
1.003491378764170827e+00
9.916337257070579891e-01
9.801189022731123801e-01
9.816847562740528277e-01
9.525225932335192880e-01
9.684908733957672267e-01
9.851147166613212214e-01
9.847944072637533353e-01
9.580390635376054842e-01
9.756543241082852314e-01
9.728259107618235646e-01
9.591596766678728292e-01
9.665090242425224965e-01
9.860220338638525650e-01
9.818411492681663466e-01
9.840260633171906690e-01
9.983988323480943450e-01
9.707167384416847122e-01
9.806414447327954642e-01
9.770457997021463337e-01
9.745770899541135179e-01
9.919025154961971236e-01
9.906102079397388627e-01
9.852438165717258833e-01
9.807707897035721212e-01
9.893140015297570145e-01
9.843280338566585685e-01
9.782200361106959674e-01
9.830597274570677113e-01
9.908233560975299170e-01
9.826897525891338248e-01
9.796113382137180414e-01
9.714835861662824978e-01
9.710364801242675759e-01
9.668898333786187793e-01
9.884252862608814416e-01
9.674484852515499167e-01
9.859992859309024693e-01
9.854080903244889500e-01
9.673242446653812499e-01
9.568291367481344123e-01
9.863615978165378717e-01
9.869743730898220546e-01
9.280934144067580771e-01
9.785940911840990131e-01
9.897931521593368309e-01
9.731684116401118079e-01
9.862895951632602021e-01
9.908292065392489967e-01
9.879471611973466016e-01
9.655638636152390486e-01
9.657123967136868048e-01
9.954517154718888206e-01
9.641038826403223183e-01
9.490269212400396226e-01
1.005831811305148982e+00
9.992027232981612883e-01
9.649460686000828069e-01
9.752986735985295086e-01
9.603253513794115515e-01
9.722392894893929771e-01
9.821779691264669321e-01
9.741451096913170682e-01
9.828429192005854187e-01
9.898571151452328909e-01
9.531041751791140548e-01
9.800376525056789800e-01
9.787471611486712186e-01
9.664554334996249274e-01
9.692040884352635111e-01
9.775917778281096870e-01
9.684476032219451191e-01
9.861981499927541250e-01
9.790578907656098950e-01
9.866140709886500604e-01
9.900112772665229377e-01
9.668887839456382638e-01
9.881325663074993493e-01
9.732686701492041514e-01
9.683116883510677342e-01
9.791227348173339173e-01
9.806326033777482687e-01
9.476900707990929540e-01
9.562958545100765928e-01
9.782568942967861947e-01
9.918356907507721587e-01
9.951792068401337232e-01
9.871267891366273250e-01
9.926647830673921424e-01
9.866424700996139219e-01
9.700159646098062138e-01
9.608123667429071535e-01
9.845033961271816292e-01
9.718166111817385655e-01
9.789476433601487226e-01
9.672925934248645108e-01
9.896202083579156428e-01
9.871870514882992165e-01
9.847112494181741171e-01
9.923918555797746066e-01
9.950037629980005294e-01
9.852332388575303357e-01
9.571709050045892342e-01
9.766511801473326537e-01
9.712995762256294574e-01
9.853886116765367964e-01
9.790464018239299904e-01
9.679031856888430374e-01
9.735139155877776673e-01
9.606362868295272861e-01
9.720185582392878443e-01
9.742946997049289903e-01
9.712478350374722513e-01
9.467641224167792080e-01
9.635194515721827724e-01
9.822269188471113299e-01
9.912051642047922106e-01
9.837672728697861579e-01
9.890848175372024542e-01
9.719571283374348614e-01
9.936844761737616549e-01
9.928304140321443372e-01
9.818998952634157007e-01
9.931782285778634201e-01
9.689150646669935085e-01
9.709184203185862172e-01
9.876114143908091281e-01
9.896607067437440675e-01
9.637324641607931675e-01
9.539851022489873600e-01
9.735631341504739078e-01
9.840985550683589711e-01
9.544409621142593281e-01
9.801159925076732282e-01
9.914907093638941626e-01
9.734249356331909908e-01
9.888691977366830255e-01
9.775114717194919312e-01
9.551865034076935101e-01
9.812336516145143683e-01
9.825250906796462180e-01
9.713543322406141822e-01
9.812888339258641901e-01
9.817573987335282970e-01
9.793793109952845244e-01
9.817098199248806001e-01
9.902041011530016146e-01
9.751497262991063453e-01
9.898850740002619331e-01
9.696144098583791004e-01
9.710217583692672960e-01
9.695526122931372726e-01
9.521940511814058761e-01
9.909604444140154289e-01
9.843496783079070944e-01
9.842060287102727401e-01
9.915445851606310423e-01
9.836866683614912121e-01
9.924146311977269930e-01
9.898187836454160893e-01
9.672861389788048880e-01
9.876409887255901410e-01
9.465673864424691830e-01
9.900191834232120458e-01
1.002001889342509777e+00
9.845311894967734290e-01
9.786008769398132356e-01
9.913604999846195032e-01
9.876014524012141083e-01
9.720352833572254436e-01
9.526118798509293217e-01
9.843821016579443750e-01
9.849085600725734357e-01
9.831971292985262068e-01
9.925777997345548442e-01
9.697594912133004064e-01
9.698689347362521307e-01
9.749660306180639724e-01
9.728426432932621992e-01
9.787886410263922921e-01
9.741714385951830701e-01
9.715855576654177650e-01
9.854709889822117486e-01
9.887820868319391332e-01
9.815414289201681575e-01
9.861053602552547481e-01
9.830233799344447743e-01
9.833123115419780680e-01
9.776796548997317426e-01
9.754795557440422149e-01
9.689718408117454773e-01
9.834836271463588409e-01
9.513275571039391254e-01
9.698852622415106151e-01
9.803797978710399041e-01
9.867271493658152925e-01
9.646279625696805304e-01
9.915510320701887981e-01
9.830204196980049103e-01
9.986875591512612838e-01
9.738165403155283339e-01
9.816018973214172272e-01
9.810158285100827324e-01
9.537439955311588502e-01
9.908501730400246510e-01
9.685158303915373246e-01
9.722392600046918520e-01
9.800598253889523104e-01
9.808729303842790292e-01
9.927454529799951688e-01
9.923166752514976929e-01
9.722353923238031825e-01
9.883510770209585905e-01
9.905362885290521779e-01
9.841949202264244079e-01
9.888061602049712517e-01
9.883304566336795771e-01
9.881818953263407090e-01
9.567984635594845022e-01
9.653418273528603377e-01
1.003398166227794208e+00
9.754608807666584891e-01
9.775925370268914172e-01
9.859222772621634157e-01
9.720762970091970656e-01
9.821770792752801960e-01
9.791867638231579463e-01
9.836314061360622585e-01
9.961873118369279911e-01
9.883310831810080410e-01
9.894774371650851830e-01
9.912244836888277622e-01
9.768887552835354704e-01
9.603145494699005802e-01
9.787277291624534303e-01
9.720643150560569490e-01
1.001444471747079179e+00
9.497510942800624356e-01
9.799798239662984578e-01
9.865105728735804602e-01
9.668561539244707737e-01
9.778705505443008317e-01
9.859093962113800735e-01
9.901664663441294145e-01
9.713877156621194553e-01
9.877127565535471776e-01
9.798994827055056422e-01
9.995999101470774972e-01
9.856617173237888219e-01
9.472145548347665756e-01
9.878894049936055577e-01
1.001026577174425114e+00
9.662558726651357954e-01
9.788614802437545226e-01
9.783805493839548006e-01
9.866920421127913787e-01
9.812450682627028575e-01
9.717265082975222734e-01
9.869346744808877858e-01
9.820771202542349920e-01
9.732402929009875692e-01
9.836885840830604799e-01
9.710229735278173013e-01
9.884608235802545551e-01
9.903902501397759961e-01
9.673806986831381405e-01
9.713919700884612318e-01
9.820755793780556742e-01
9.708825320867222608e-01
9.874525543638761338e-01
9.839499562188502857e-01
9.601534624660824635e-01
9.853257348737455290e-01
9.608636710938566194e-01
9.897668686439338170e-01
9.919118779512513528e-01
9.735784121241947142e-01
1.000307637417644058e+00
9.624836441021232813e-01
9.780264029899327083e-01
9.577792182850499714e-01
9.719412014087217555e-01
9.923407014743264032e-01
9.666038229790432368e-01
9.870304162782184143e-01
9.846288038579932289e-01
1.004599879866986401e+00
9.974828842222087655e-01
9.862898294558882784e-01
9.839110086234500452e-01
9.792350169385455327e-01
9.818156453243981341e-01
9.706101057495655215e-01
9.814589181638414539e-01
9.825056657697338602e-01
9.642883974531719637e-01
9.868082472445263154e-01
9.827390344805336797e-01
9.897085497970441459e-01
9.760407791215558460e-01
9.802290782767676403e-01
9.685070126849939509e-01
9.915947885611025026e-01
9.797526652609070963e-01
9.886004229036374769e-01
9.926585673499069840e-01
9.822281388591790341e-01
9.944119644618862885e-01
9.917945000774677222e-01
9.765625807518623080e-01
9.889523890612085255e-01
9.759850523616562246e-01
9.806358167743755017e-01
9.691694912323058908e-01
9.821873030587940923e-01
9.725203949206366882e-01
9.770874117825132377e-01
9.747571195759403562e-01
1.004463234419424644e+00
9.733887842443955662e-01
9.941800416950576924e-01
9.831490350401587142e-01
9.918451535678793896e-01
9.696372054929232043e-01
9.743381737547108790e-01
9.844425659231706982e-01
1.003483550766479659e+00
9.846213222944123489e-01
9.938098612180144009e-01
9.822690667327570457e-01
9.859852467463455783e-01
9.840151998015707058e-01
9.863726710356304217e-01
9.843066252715114706e-01
9.833312859185099342e-01
9.852803497001594302e-01
9.911879674333693435e-01
9.896591785841162281e-01
9.912673742991199299e-01
9.692152894435966948e-01
9.744084462527613510e-01
9.786732009444693015e-01
9.838325220004329186e-01
9.786399297596002356e-01
9.920528523507503582e-01
9.934678910690047937e-01
9.853403982010523476e-01
9.636620618534705862e-01
9.907343386131945984e-01
9.967338531235454546e-01
9.742876282821218981e-01
9.934611110833054815e-01
9.868538700438571620e-01
9.825737581925000352e-01
9.967110523085053186e-01
9.838635067383905142e-01
9.878358633105710496e-01
9.724413737127409751e-01
9.697440475218928047e-01
9.892847134380602370e-01
9.785667018747284951e-01
9.851573627231492436e-01
9.823459425424064806e-01
9.782574579893071887e-01
9.756080431298193023e-01
9.727746002697417183e-01
9.762389200607834994e-01
9.819162070782618823e-01
9.778202467156540401e-01
9.910635000532369565e-01
9.885730289013660022e-01
9.685507823071181077e-01
9.802524812727586578e-01
9.773133969750282812e-01
9.719415371556098249e-01
9.771574520402270814e-01
9.735033923276737999e-01
9.783570638052034862e-01
9.898194834566002021e-01
9.820961320653834870e-01
9.729069732947447369e-01
9.780259950489117449e-01
9.841398257257905069e-01
9.878332784595563743e-01
9.828097750191564508e-01
9.863073350759959945e-01
9.830250001406076743e-01
9.854097869671546439e-01
9.540218222165938178e-01
9.862789316809666973e-01
9.801760079636352430e-01
9.783355568728097085e-01
9.806397116701357497e-01
9.740794726628193567e-01
9.758957295646248919e-01
9.922329360366670681e-01
9.801112447648608894e-01
9.947270159593192274e-01
9.778215831467046426e-01
9.875150213550466516e-01
9.861805714760143449e-01
9.734370236440506030e-01
9.947996721325190750e-01
9.792707943156112593e-01
9.806565809315415105e-01
9.879339230817789641e-01
9.656286199436093787e-01
9.874355409956819818e-01
9.845864213278493482e-01
9.841377468500274173e-01
9.670127711678869753e-01
9.694835623576893990e-01
9.745384774573504494e-01
9.736855574947900216e-01
9.980644386566366322e-01
9.826310789584093985e-01
9.900513228737826132e-01
9.797631932559098811e-01
9.777991563569775613e-01
9.675125467261445067e-01
9.915628588797441578e-01
9.605831295721460883e-01
9.911896261022169474e-01
9.819380518011892045e-01
9.890593207778924922e-01
9.953324409348723867e-01
9.864484061415587091e-01
9.748382937640800439e-01
9.810910273185771135e-01
9.646621286019690933e-01
9.475950203037047936e-01
9.585667522517041794e-01
9.977981960528115035e-01
9.540402889534189690e-01
9.683739744421077100e-01
9.856624748616997778e-01
9.758885268223097542e-01
9.783959761456109128e-01
9.604532935335222676e-01
9.890963549293387835e-01
9.780145169286036388e-01
9.876389391534373674e-01
9.806407010812129288e-01
9.925404410871740968e-01
9.561816756818236618e-01
1.003784745057198835e+00
9.827566149344293400e-01
9.877916128680054308e-01
9.868980853478191984e-01
9.751891645440762257e-01
9.661234190525336274e-01
9.921662622676890031e-01
9.926402830436134028e-01
9.977290532257154787e-01
9.504822612530223758e-01
9.516086842286067826e-01
9.734837912664242587e-01
9.653021214014105844e-01
9.703115732568415863e-01
9.834073653782454683e-01
9.778063265062068021e-01
9.836902104240554667e-01
9.822666345258681542e-01
9.809541149913904023e-01
1.001474083870979692e+00
9.598944875096627749e-01
9.822433468251500210e-01
9.751575059027770553e-01
9.672661157410048505e-01
9.846100758074565196e-01
9.900638779203759787e-01
9.747025099254751357e-01
9.940927592850070660e-01
9.683772525164897615e-01
9.807031862851661730e-01
9.687507482321514596e-01
9.644113238410423339e-01
9.900033071906866322e-01
9.526791595408712343e-01
9.776900146800816538e-01
9.868009986043384529e-01
9.870834142100070041e-01
9.943600340391857140e-01
9.841033729268492403e-01
9.719111128867866656e-01
9.613481317180578856e-01
9.769739024703113506e-01
9.776545460189484116e-01
9.800521627486057374e-01
9.709393059099743484e-01
9.537442951411945202e-01
9.987715087839128536e-01
9.990001837711934840e-01
9.714408913044352278e-01
9.631350346304274890e-01
9.665473249724294558e-01
9.668653083545359905e-01
9.638007558923755713e-01
9.903441083735363692e-01
9.660391600598767781e-01
9.638370696198818033e-01
9.670075093415813061e-01
9.692463532540244175e-01
9.928384081322150223e-01
9.945071008795174361e-01
9.718274932068562411e-01
9.862068476834378039e-01
9.815156035807797164e-01
9.794209727097183960e-01
9.726738545842693595e-01
9.512128800780569327e-01
9.915327487319296473e-01
9.638595841355358518e-01
9.774435446228842972e-01
9.935147178843835025e-01
9.836759977158022750e-01
9.777478207424793455e-01
9.838975617645281391e-01
9.720894916408322484e-01
9.862135941845531217e-01
9.828759776014710514e-01
9.911303926419577914e-01
9.810083384434532539e-01
9.536888557464016092e-01
9.898949191464019304e-01
9.799196183771864410e-01
9.803778690150035668e-01
9.826130996902439074e-01
9.802539212462509921e-01
9.925928176634659650e-01
9.843897404529236006e-01
9.964971992363665931e-01
9.771948752842091190e-01
9.688401735477075727e-01
9.722245565220573038e-01
9.750784190261100326e-01
9.970219209606695498e-01
9.702114762074979248e-01
9.693065994304476130e-01
9.275165419051046856e-01
9.932925671250490973e-01
9.854853961288938535e-01
9.879853406829045559e-01
9.932555950812982370e-01
9.731394896959455476e-01
9.918480195585678283e-01
9.739174507130879954e-01
9.807139421136680246e-01
9.793695638633931333e-01
9.865712798384712601e-01
9.679874543774483753e-01
9.610989837163841365e-01
9.811814093495612177e-01
9.837713899966907816e-01
9.846025573839654044e-01
9.574746408503964634e-01
9.968728424567300239e-01
9.844454832283353607e-01
9.606940391809404289e-01
9.851760368123815281e-01
9.791208327974862957e-01
9.586343847396201490e-01
9.748986966918984365e-01
9.929684519431050127e-01
9.597949307472061209e-01
9.811543617527289651e-01
9.822064672810293384e-01
9.887379417450470331e-01
9.674401852766419951e-01
9.792982675931757308e-01
9.852427173342150901e-01
9.783808060808949492e-01
9.733373694213718341e-01
9.898119923329313785e-01
9.829183041142196542e-01
9.895865652313028393e-01
9.910975614722412619e-01
9.620996665822880711e-01
9.893421644495278278e-01
9.535808512838160889e-01
9.426425358576163704e-01
9.700427864367605624e-01
9.694700841217550602e-01
9.741879731530319608e-01
9.515952544926922219e-01
9.780698767981732544e-01
9.909577994612330798e-01
9.882784501133762278e-01
9.805549926834290497e-01
9.878715702636153839e-01
9.800183748289047481e-01
9.803800306430757727e-01
9.775312382808289957e-01
9.855734987186602902e-01
9.567626805341934437e-01
9.839734418398887739e-01
9.853243512202022325e-01
9.396736702838759392e-01
9.810069663315051924e-01
9.649887347560636153e-01
9.829526980142796466e-01
9.860162864101507108e-01
9.858833082242963730e-01
9.942846113447653122e-01
9.994276483936948008e-01
9.937575038503885239e-01
1.000305908824508982e+00
9.482711084906870758e-01
9.927301970195674397e-01
9.884527494772834544e-01
9.745557691566819614e-01
9.424187682429334689e-01
9.790470911081523564e-01
9.784316178542249443e-01
9.696025995655284113e-01
9.682932627647141688e-01
9.934674406507648659e-01
9.899401085780029641e-01
9.897703519642654379e-01
9.935846724413448516e-01
9.618166923394168011e-01
9.792673080124330021e-01
9.865550722060417721e-01
9.839092443804547949e-01
9.639723165414864070e-01
9.839671285498216013e-01
9.914095056846478071e-01
9.791704693438857410e-01
9.615699504268652165e-01
9.728391535834943760e-01
9.871258694992994798e-01
9.876779539700218935e-01
9.960983420350961737e-01
9.870601606885550661e-01
9.856397041747515519e-01
9.999454543644969995e-01
9.743514417009243589e-01
9.848239529168570927e-01
9.669659710206358616e-01
9.780378166293718367e-01
9.945311291697455092e-01
9.761635974935023441e-01
9.782164664048726976e-01
9.916534197282405039e-01
9.841002608216199432e-01
9.845567307957866499e-01
9.842148183165702058e-01
9.954295238026591441e-01
9.942837094535368347e-01
9.791356407225387803e-01
9.800894243963029773e-01
9.940894281445020741e-01
9.792780541158306873e-01
9.863013982586908979e-01
9.855864103657312469e-01
1.003030566150466818e+00
9.851349680125582875e-01
9.427908294242502985e-01
9.747570565825972588e-01
9.756827726770970211e-01
9.834619597158315019e-01
9.503569037131376351e-01
9.731290587720068386e-01
9.709820943216678213e-01
9.940392969158097225e-01
9.613036033034779715e-01
9.813866319229914703e-01
9.693022169424039269e-01
9.671701366468942185e-01
9.570133302778236484e-01
9.890448218835371508e-01
9.810680319323765719e-01
9.844705014709931312e-01
9.874054763113101485e-01
9.898825581995897016e-01
9.983432057013130745e-01
9.880345932129412923e-01
9.742494462870636696e-01
9.746167435759112152e-01
9.465631597871879688e-01
9.652933098770641873e-01
9.835433078820148278e-01
9.529613009398122392e-01
9.820622508563331410e-01
9.891286432083388203e-01
9.904350596303674870e-01
9.682875800340084993e-01
9.787124666878712631e-01
9.813423991042525829e-01
9.865343395648185076e-01
9.780759109366194970e-01
9.823730164654890240e-01
9.912212946871042929e-01
9.818082039036024611e-01
9.420644813644720728e-01
9.850711775858992381e-01
9.686591868493484858e-01
9.827622568256537683e-01
9.542424568007124019e-01
9.758083391641845239e-01
9.650119128214652564e-01
9.859177173888424850e-01
9.689641635691534916e-01
9.741132052720955503e-01
9.723519269090097339e-01
9.789420921861643476e-01
9.897171973535549006e-01
9.592855281152966596e-01
9.728882640824161321e-01
9.844929845728941364e-01
9.748906682452228578e-01
9.754132934042933911e-01
9.917702498046214732e-01
9.724344008195378031e-01
9.894088004758820887e-01
9.931830821989289237e-01
9.820493516467593276e-01
9.912390486947055823e-01
9.818058524068777881e-01
9.884558426374350226e-01
9.796223567350541561e-01
9.659729100838945204e-01
9.879028872607714673e-01
9.797904575015033979e-01
9.804008306929364869e-01
9.901880342595115181e-01
9.808714211426720064e-01
9.782692460817539182e-01
9.804780158198562745e-01
9.683226890864764513e-01
9.775693153246681755e-01
9.616083640769259588e-01
9.703412369617658850e-01
9.858798730890403483e-01
9.531793839048805506e-01
9.841223796717093464e-01
9.823849635348353981e-01
9.794735364792296339e-01
9.945264205043947703e-01
9.914034049253113157e-01
9.833315311943865433e-01
1.000341580735158775e+00
9.870049951274674216e-01
9.855545002133005994e-01
9.834856130651666861e-01
9.686913558762636489e-01
9.846354247628754663e-01
9.832164513557111185e-01
9.677454701378732649e-01
9.904220309596053484e-01
9.856998576323116046e-01
9.818648280043335008e-01
9.872647094629002362e-01
9.889439432708290179e-01
9.833297417283531905e-01
9.466556491995280487e-01
9.807521367393893241e-01
9.703845280682705798e-01
9.921852240998039196e-01
9.884916874670198750e-01
9.788641059961761259e-01
9.665172313207425203e-01
9.644634106262011120e-01
9.629517570446146646e-01
9.836790344084594961e-01
9.637393862847258852e-01
9.639836022442324071e-01
9.902675728383913967e-01
9.750774707198212043e-01
9.903462562763835075e-01
9.627835510646006734e-01
9.739117294147878745e-01
9.740502894830823655e-01
9.724905869569138162e-01
9.827584618211334666e-01
9.734473528065670234e-01
9.899932557525362720e-01
9.781764353855464389e-01
9.860115480283542233e-01
9.705715020122668291e-01
9.872441206243312006e-01
9.811819510051460469e-01
9.783188152583862651e-01
9.884600862556907064e-01
9.560601811518931736e-01
9.641154254500375886e-01
9.977720463181863897e-01
9.711697773597749439e-01
9.886536848929939891e-01
9.882738001915900572e-01
9.950865067352285820e-01
9.831395026615712407e-01
9.881069461241668295e-01
9.628045993032325889e-01
9.856608962430142284e-01
9.881350584985805208e-01
9.837425858038778559e-01
9.657196504489139466e-01
9.820733135307648798e-01
9.866725579161322868e-01
9.921902050435773557e-01
9.717334829799143536e-01
9.751212524547316907e-01
9.780350743569830030e-01
9.848071759626308985e-01
9.769725216524016709e-01
9.902574179110157360e-01
9.873981196764662904e-01
9.692949250692932672e-01
9.778038308929583033e-01
9.727236140078026061e-01
9.833699393652234333e-01
9.570631072398766426e-01
9.686229431038931859e-01
9.860873799008820217e-01
9.739966612906029164e-01
9.942013629338707359e-01
9.687284794783359576e-01
9.856074145391672259e-01
9.798092865103414928e-01
1.010773239070732243e+00
9.828137297524940363e-01
9.808238992250227772e-01
9.875733241514966787e-01
9.763427241433781933e-01
9.875791211534107328e-01
9.861241714764092947e-01
9.952737824143250700e-01
9.737391674243331963e-01
9.850988646293075135e-01
9.694892995664382562e-01
9.609626586044347496e-01
9.680611145260046291e-01
9.746261386901270418e-01
9.649424407561513206e-01
9.876767592155721864e-01
9.613436586032949593e-01
9.834306537701678064e-01
9.699884457860339371e-01
9.769306376984351337e-01
9.897496787792220418e-01
9.981996787453182307e-01
9.876525879853986778e-01
9.504688069451532328e-01
9.749234359051031085e-01
9.818812554287454919e-01
9.602652679649943401e-01
9.799515057241349192e-01
1.002800739606659830e+00
9.707873575821805989e-01
9.863703354610654506e-01
9.715345451198966753e-01
9.760669437783445757e-01
9.899705898715938091e-01
1.004883808639830844e+00
9.881670771101561668e-01
9.651562578234170742e-01
9.860059920603594374e-01
9.576242884381457321e-01
9.487168686161221443e-01
9.819124288395743028e-01
9.749274895521538031e-01
9.944771404814380933e-01
9.515695229307303826e-01
9.814114127789628217e-01
9.839053840952725061e-01
9.946173402614592041e-01
9.653078153059704292e-01
9.879407689105216273e-01
9.687473132332079517e-01
9.877521502581776414e-01
9.813508893058778826e-01
9.825696099870611100e-01
9.854382814883774211e-01
9.896514933365225808e-01
9.697619478920400660e-01
9.455264023372136339e-01
9.836954171380359879e-01
9.784933826112415245e-01
9.824133174577082128e-01
9.830666887808183763e-01
9.972223047327467560e-01
9.829452125971491760e-01
9.692981993827531895e-01
9.745294466147123025e-01
9.742100758753056144e-01
9.736294867339415626e-01
9.857241829539152844e-01
9.689675276112537095e-01
9.794374480647419778e-01
9.577922827495352065e-01
9.559515623243671767e-01
9.903812334951931362e-01
9.877473866742374486e-01
9.638181958810014827e-01
9.659055791435487981e-01
9.814250645574047471e-01
9.663289798016255761e-01
9.843362990358497377e-01
9.810864866979913668e-01
9.872561970738609194e-01
9.918137591462857783e-01
9.826311760558830155e-01
9.816813511611164333e-01
9.734261809254352027e-01
9.836449400327080816e-01
9.599976585994290934e-01
9.954019735144988834e-01
9.957908544188247557e-01
9.814891452868962363e-01
9.863692721425615373e-01
1.000803624413072246e+00
9.925134899601559813e-01
9.843670952624725690e-01
9.869419390949157878e-01
9.871074460922752980e-01
9.760526155278829163e-01
9.790514459115615686e-01
9.943725222355870308e-01
9.837882981152041850e-01
9.811046561086098627e-01
9.828341405077453130e-01
9.838645787478758065e-01
9.876831855109594605e-01
9.769836082217027151e-01
9.828885642145283041e-01
9.883766544256760156e-01
9.804232641544330384e-01
9.844677971084457857e-01
9.836834149564270824e-01
9.924641532725666515e-01
9.632996980386442365e-01
9.780893260601318806e-01
9.810117964802241852e-01
9.786166984389956802e-01
9.864118498994989270e-01
9.750922636264760524e-01
9.750043525405909239e-01
9.725809001535239418e-01
9.961734195396356739e-01
9.888109344620363839e-01
9.840846527874889116e-01
9.812431291387161414e-01
9.794110913795340823e-01
9.849310175713690274e-01
9.640806637541529112e-01
9.780819320639994041e-01
9.613954203809753629e-01
9.744137213189344449e-01
9.961756733677757936e-01
9.696180776008234137e-01
9.787433548105064496e-01
9.809204289903458163e-01
9.912445202317081705e-01
9.765904333739351406e-01
9.920580770609985777e-01
9.875940412283521486e-01
9.889573699652883798e-01
9.866219135300003940e-01
9.885346446789250452e-01
9.615230998807683394e-01
9.740747538836606045e-01
9.718957510392393084e-01
9.766545976024110232e-01
9.609569195129411545e-01
9.946914534964520493e-01
9.970323128292709614e-01
9.715111064520933759e-01
9.692679212212038653e-01
9.622915576299205798e-01
9.750630756207013805e-01
9.772756062957748124e-01
9.780458121251565107e-01
9.733518663664839643e-01
9.954062714600133699e-01
9.834401128667346059e-01
9.734347154705736971e-01
9.687383779022369357e-01
9.908889241996607922e-01
9.920562390459730651e-01
9.801352397174142306e-01
9.875198459997953648e-01
9.828148186754503968e-01
9.771870228850861873e-01
9.940462931170759298e-01
9.909076021081765218e-01
1.006443846231682704e+00
9.805099425845476002e-01
9.684663186785715805e-01
9.647124355907692461e-01
9.897837263308993938e-01
9.709495058980333049e-01
9.750335446181808141e-01
9.780479187163648724e-01
9.809479899341151388e-01
9.624581666150368031e-01
9.825788509424975281e-01
9.812769310146858270e-01
9.775940939387829376e-01
9.914022546178787865e-01
9.817567577093003761e-01
9.817922475181597441e-01
9.775451089650093461e-01
9.975631111356160208e-01
9.890017573135602147e-01
9.887927914215914882e-01
9.588559636176351431e-01
9.997492305316439953e-01
9.963871596753909321e-01
9.349922963949371946e-01
9.635226849328009102e-01
9.844501725400676140e-01
9.884932552668146410e-01
9.840518788607113265e-01
9.997740021139543964e-01
9.758972064109036060e-01
9.685418544513538786e-01
9.927770875105103032e-01
9.810925938347051511e-01
9.587236406543558909e-01
1.009884751757667676e+00
9.859067991950073440e-01
9.869681796483623648e-01
9.898688722139770135e-01
9.767631879517358895e-01
9.669191060480002431e-01
9.670088475172886611e-01
9.850727782923445197e-01
9.737162841269759728e-01
9.914745878958785008e-01
9.818285838293721035e-01
9.712945981605159984e-01
9.768614266849261485e-01
9.926397589555944201e-01
9.784922151514691135e-01
9.550261109102020640e-01
9.883043042861838767e-01
9.837091556818371441e-01
9.983606773393264300e-01
9.626269338105810647e-01
9.901783708784629434e-01
9.631701107060128830e-01
9.700640290966044965e-01
9.884267410772249463e-01
1.000219768224161809e+00
9.746888954820931428e-01
9.875708111337693218e-01
9.572395125420921635e-01
9.908874104977687391e-01
9.912628822354815350e-01
9.915550650497898522e-01
9.963447494801955795e-01
9.862153898757518578e-01
9.929309121966137797e-01
9.735170419742742443e-01
9.803015826754322148e-01
9.956026483046991338e-01
9.829501412163813567e-01
9.842007856958685519e-01
9.617636102877107351e-01
9.758283677929804334e-01
9.892193577320821385e-01
9.750361905498898807e-01
9.890451760090630540e-01
9.871964677065986349e-01
9.887564205579636445e-01
9.704087730221417907e-01
9.787160544871976731e-01
9.915214276736500354e-01
9.860441917909382736e-01
9.678966119908836152e-01
9.407615645946245664e-01
9.918148704956231132e-01
9.769006215794535652e-01
9.904927163178178784e-01
9.903005050550807153e-01
9.755287669634009617e-01
9.700088828177541034e-01
9.831230623819635639e-01
9.666937276807588963e-01
9.735549295382849300e-01
9.848804861792018750e-01
9.705271654727710695e-01
9.986522228767603648e-01
9.863645816595676408e-01
9.843153925842152985e-01
9.642936637171327652e-01
9.866768685438959130e-01
9.894691984136014806e-01
9.845465373625713612e-01
9.515540998020144414e-01
9.895918604666185114e-01
9.699422347244582854e-01
9.852028672656462094e-01
9.871029764282800434e-01
9.831513737867209057e-01
9.878227342625413021e-01
9.835141306490819968e-01
9.976252845787323409e-01
9.880284526385176846e-01
9.928362696412198485e-01
9.680627743999468127e-01
9.820152052351076577e-01
9.872531743752579469e-01
9.666181623424591196e-01
9.737976253653359837e-01
9.910842023672443712e-01
9.947269559695535168e-01
9.830345841696823683e-01
9.715857661583603422e-01
9.917128313990588584e-01
9.881565821908329106e-01
9.821167266695964848e-01
9.855860580175326291e-01
9.819080366091007539e-01
9.468559750570368916e-01
9.909661107804366154e-01
9.861623039842104532e-01
9.788714427996957346e-01
9.862703724580619280e-01
9.914202823653740504e-01
9.823224147206796042e-01
9.651039498683591233e-01
9.874995306063514278e-01
9.844858325064052007e-01
9.906772409765619569e-01
9.849935747991509505e-01
9.827905013933290190e-01
9.666399422638674022e-01
9.535233894896103513e-01
9.918315384357293540e-01
9.843064533397863913e-01
9.677715915729334650e-01
9.673590368494159319e-01
9.847892519459487959e-01
9.776340221445818379e-01
9.734785756172734672e-01
9.941437526463223762e-01
9.788443803203898952e-01
9.851717154195874793e-01
9.804475681116817665e-01
9.823097127579157872e-01
9.875839006091270411e-01
9.946337737703112580e-01
9.916638223929795659e-01
9.702946805792838081e-01
9.467240254383644249e-01
9.980904157061289972e-01
9.894763199528308073e-01
9.822878381607905718e-01
9.578788662413786348e-01
9.698492778510148238e-01
9.666585592604810540e-01
9.706462192502263164e-01
9.936389772729721237e-01
9.822424634709292501e-01
9.925280536029275069e-01
9.553129364208622354e-01
9.453857084799921484e-01
9.715667629246685921e-01
9.873358468928182807e-01
9.638141699517254191e-01
9.881679630917175050e-01
9.912470875040874096e-01
9.773724344149979926e-01
9.851882350470768657e-01
9.625063807679309358e-01
9.911961124501561526e-01
9.696260607568952805e-01
9.854151678793785507e-01
9.761441580682588270e-01
9.778353900187940484e-01
9.893358443637665367e-01
9.784506783155384468e-01
9.806460151507703227e-01
9.651994709960549645e-01
9.989143839773801936e-01
9.887684494656592271e-01
9.838543984053291780e-01
9.811599303858561383e-01
9.756256605625172051e-01
9.748233476917904650e-01
9.734663206704357030e-01
9.708759955404797637e-01
9.718376022356589594e-01
9.689772844302456667e-01
9.620115223858123343e-01
9.601998835196814408e-01
9.601756922732622712e-01
9.531938552298399037e-01
9.730348589329698150e-01
9.874881211127104486e-01
9.778872452945294169e-01
9.815406526492613803e-01
9.779714141879527478e-01
1.002460046841808561e+00
9.890603184257749092e-01
9.788769356031427060e-01
9.707630893468524036e-01
9.892766809571645892e-01
9.757240261348353316e-01
9.746505761285930713e-01
9.861609061241958241e-01
9.716816413157767229e-01
9.640248595046138069e-01
9.658873806037074905e-01
9.675057299554897794e-01
9.791675660369842937e-01
9.729763288027408752e-01
9.803141321501251948e-01
1.002126910407145965e+00
9.743370014284715719e-01
9.795902273237839797e-01
9.859860628732725063e-01
9.645441314060975158e-01
9.749252769231562255e-01
9.831760280779737737e-01
9.883784305097630396e-01
1.004270695683879833e+00
9.711275655559079567e-01
9.620678825541926216e-01
9.716187613456342964e-01
9.975629931879046453e-01
9.949298149391477830e-01
9.634720320974858865e-01
9.827656724258574394e-01
9.766499688847841698e-01
9.858131521035522482e-01
9.811584265919925940e-01
1.003607843774589004e+00
9.742320950425713555e-01
9.684549487880660390e-01
9.414805652861825136e-01
9.578992918250305300e-01
9.871230984112773221e-01
9.730821960024627071e-01
9.881181353589383320e-01
9.818052375876270554e-01
9.657970164438770544e-01
9.630735429038518314e-01
9.787558129009125141e-01
9.741190813127561521e-01
9.950139105555003693e-01
9.751682965910490886e-01
9.707833586406217075e-01
9.802905990739582132e-01
9.885831725947696880e-01
9.997238242031344368e-01
9.864951689566382464e-01
9.838036925586172154e-01
9.771177237015311601e-01
9.888981210186876813e-01
9.869374958320312752e-01
9.807845860760346923e-01
9.854887803150055303e-01
9.696629502132979583e-01
9.879745187866094680e-01
9.739361055446773552e-01
9.693786318545553060e-01
9.902004833751331114e-01
9.946339285126440943e-01
9.723184739771465468e-01
9.847465277367025704e-01
9.893495999078493197e-01
9.518445196827178822e-01
9.896665815014835665e-01
9.894799515344036012e-01
9.901108010534330761e-01
9.892084497317981118e-01
9.713523695094080646e-01
9.946601179739070764e-01
9.465294494187556085e-01
9.880962482231853139e-01
9.714010043446345000e-01
9.581323962805337047e-01
9.827901602694741889e-01
9.853952790550540852e-01
9.688924109173305821e-01
9.719087565896029624e-01
9.864719067587978119e-01
9.795802796060945061e-01
9.836385813411946399e-01
9.959789879243142741e-01
9.797160646693670039e-01
9.851486258692320197e-01
9.859704536668083552e-01
9.832773655430957493e-01
9.855047402962797687e-01
9.808774234031718553e-01
9.886142638813206762e-01
9.790197146468661016e-01
9.745783087199691996e-01
9.409995937554336276e-01
9.900432892735101520e-01
9.779338325199458115e-01
9.773153812008592567e-01
9.887830429624834272e-01
9.664828880685150114e-01
9.602480593017271859e-01
9.828853993915571685e-01
9.832085771824288223e-01
9.769205234032631857e-01
9.768443384548831654e-01
9.847840142454984402e-01
9.693735073093491250e-01
9.912109915333510157e-01
1.002331966995398060e+00
9.838787844467823396e-01
9.877490312676072692e-01
9.794575336636844876e-01
9.964916536765330290e-01
9.800890836692475183e-01
9.663519618912029818e-01
9.756028540934862381e-01
9.824602021682603548e-01
9.658090993884992370e-01
9.959538706721484669e-01
9.769680429512764830e-01
9.799008855853887923e-01
9.643401032317119315e-01
9.850056454944611239e-01
1.005696338872460460e+00
9.843777109059527186e-01
9.595458239587941751e-01
9.862793042359324636e-01
9.754486745081741850e-01
9.878762604648353429e-01
9.697524041918870186e-01
9.907648720918761365e-01
9.803909138168670490e-01
9.771137732422042754e-01
9.620843236683737087e-01
9.813401810993107599e-01
9.859707812289346673e-01
9.874860911983259770e-01
9.830912690882287475e-01
9.618645267858644266e-01
9.782559434725205394e-01
9.767477627623752934e-01
9.887772725676505781e-01
9.923533348044767388e-01
9.950912778237440692e-01
9.745963735900824432e-01
9.913130736537155707e-01
9.891513610233162446e-01
9.786858835488515540e-01
9.894203612267830072e-01
9.419349769501186298e-01
9.643172840625221509e-01
9.866042593127217764e-01
1.000227660733976842e+00
9.706876316219631429e-01
9.993255256885663629e-01
9.832911726631590188e-01
9.736374499357114409e-01
9.549802986241975322e-01
9.521906440535190530e-01
9.688589661948411313e-01
9.530291662297741828e-01
9.573758195945306637e-01
9.610098454407011159e-01
9.857167772947115214e-01
9.824606712763741534e-01
9.809166301856728776e-01
9.980915172958245707e-01
9.832694443458824818e-01
9.871302022941474963e-01
9.788889676441144827e-01
9.713084837953240847e-01
9.708644124962815258e-01
9.546939567838846896e-01
9.772635973423509093e-01
9.619844724563768601e-01
9.834990229670894646e-01
9.349021731081906816e-01
9.603432435272589718e-01
9.788305569172786047e-01
9.652948619094490201e-01
9.845687495494818142e-01
9.653710588410612248e-01
9.388275133280118423e-01
9.619864553494893444e-01
9.773285967396956320e-01
9.751004183217633070e-01
9.819555776868731378e-01
9.613296091939202981e-01
9.307239904266298991e-01
9.919367471918585366e-01
9.919865124295828007e-01
9.717723823031978458e-01
9.835768118487211442e-01
9.612327147272055061e-01
9.856516961647985298e-01
1.003345106005053111e+00
9.807829796799932831e-01
9.722940019269171730e-01
9.862885016715816633e-01
9.601219479633097409e-01
9.153953370622802677e-01
9.731006436707998475e-01
9.852720834890950075e-01
9.909267391357363675e-01
9.867628133246048039e-01
9.647031169328921241e-01
9.792768912737875864e-01
9.898296814646673214e-01
9.399029336391547806e-01
9.785215150809423168e-01
9.706693053895137924e-01
9.555307270506074868e-01
9.878010182840789577e-01
9.571129033946245146e-01
9.870726521156301114e-01
9.803659073008735847e-01
9.873848745219465650e-01
9.586730545332319275e-01
9.747035226652458473e-01
9.948741091147096371e-01
9.415844109641157145e-01
9.712950382324172516e-01
1.006433893706716542e+00
9.914107720811073943e-01
9.635643137056123519e-01
9.809149470947226002e-01
9.984622253333629294e-01
9.681375591272227688e-01
9.766390151087017690e-01
9.821503270293467924e-01
9.709733893602188193e-01
9.943196760712592619e-01
9.788766245863633753e-01
9.915603286388725568e-01
9.841631706296547488e-01
1.000062521807608906e+00
9.852178947428292810e-01
9.650619113179884634e-01
9.889738910497353208e-01
9.889928638028619989e-01
9.723350630828234697e-01
9.856675332699723624e-01
9.712208461624046718e-01
9.938576064731748927e-01
9.824517137094918029e-01
9.665698655134359329e-01
9.485972690047836942e-01
9.888471979673888468e-01
9.859049068320635545e-01
9.702303384090463778e-01
9.709525702061994057e-01
9.864356250155750239e-01
9.879686999365480116e-01
9.510190554448443301e-01
9.779982267162077303e-01
9.850232118245927371e-01
9.858303457392074698e-01
9.758626187480464731e-01
9.564477667116232373e-01
9.851288528398719491e-01
9.912641904519536862e-01
9.746078554918257142e-01
1.001328153715452585e+00
9.822143999492433109e-01
9.824298786045414511e-01
9.890959080399727155e-01
9.861754697299781602e-01
9.425204318280914206e-01
9.790895860939080597e-01
9.680180743471155091e-01
9.759246468017254150e-01
9.978575249945711434e-01
9.839993411983215532e-01
9.618089327695547031e-01
9.699033515643338266e-01
9.827039118569559362e-01
9.625699371034232010e-01
9.740349163045175507e-01
9.505812218537453839e-01
9.871970982268143402e-01
9.863801298396033257e-01
9.890901198062722610e-01
9.745403003481791782e-01
9.814325982755415234e-01
9.750255548694215513e-01
9.828721121998649224e-01
9.711698789473043325e-01
9.918605495905253866e-01
9.716302552169787665e-01
9.793195928805507045e-01
9.850501594444970310e-01
9.895438087849404152e-01
9.872581796679763544e-01
9.694939111359505146e-01
9.603011676511022943e-01
9.924507363343649802e-01
9.640108979961917735e-01
9.665305780993884710e-01
9.849112465944162009e-01
9.734464239052507128e-01
9.848997269133249466e-01
9.863833629254420421e-01
9.813356011533278522e-01
9.658238599722813733e-01
9.820372803195687172e-01
9.869211836550952910e-01
9.660175209140396957e-01
9.818448231035978857e-01
9.943511239543120217e-01
9.837953619840957842e-01
9.756353736229875784e-01
9.683377973453900500e-01
9.757285175403942468e-01
9.671796429388098693e-01
9.944783987973255801e-01
9.776381824219040340e-01
9.693339776222108517e-01
9.844368471237033846e-01
9.869738182584004704e-01
9.838928268233984031e-01
9.885017698394631402e-01
9.805208124134072722e-01
9.899420784453530908e-01
9.673375845848078969e-01
9.644603642264372168e-01
9.807803510067882868e-01
9.415192035555884909e-01
9.857890726953467686e-01
9.925915446994043601e-01
9.751449529416923445e-01
9.781380922434077529e-01
9.834187137478863638e-01
9.931704974035464595e-01
9.750372661472999081e-01
9.995910079512005941e-01
9.453723673693846807e-01
9.819789198540981312e-01
9.711944388636661873e-01
9.549648335850073888e-01
9.800198023266483149e-01
9.768497973245269250e-01
9.782253063922770053e-01
9.882666674456540568e-01
9.793404465785008339e-01
9.905819211028572546e-01
9.829915357608236537e-01
9.832446509838229654e-01
9.868924017452918029e-01
9.787802077875752405e-01
9.784825423505365549e-01
9.795922005471721095e-01
9.739931690574167300e-01
9.895910876869907780e-01
9.563613761516934764e-01
9.580982104789840248e-01
9.812599330550654253e-01
9.791598450053918823e-01
9.918264422289378990e-01
9.506213970166553784e-01
9.828018183087462445e-01
9.672235353521575485e-01
9.814971805004057970e-01
9.707563596359997105e-01
9.866094947994170639e-01
9.852912013392243207e-01
9.865979624558254280e-01
9.994592472433143637e-01
9.726420540507767498e-01
9.830082753535983597e-01
9.742211718137760990e-01
9.769025048440534986e-01
9.836867925830589110e-01
9.883926244509482206e-01
9.745359885248857656e-01
9.788881310061784413e-01
9.895009978947604257e-01
9.930334607347560683e-01
9.912047620079678101e-01
9.727709159537258898e-01
9.416747888124339383e-01
9.818320451910029778e-01
9.795546288594730866e-01
9.684579713962433445e-01
9.882987887918381897e-01
9.942789513970280435e-01
9.752249851436279870e-01
9.432295548898702586e-01
9.903229878356198945e-01
9.631797742787776562e-01
9.893107290415439348e-01
1.000615794078409504e+00
9.585782827394554451e-01
9.740663684222709007e-01
9.850576542968306759e-01
9.795414064237263352e-01
9.755674393615290096e-01
9.812444221474811989e-01
9.924421531437431776e-01
9.518747693404621124e-01
9.819251008294355154e-01
9.611966616825727838e-01
9.789015187633491877e-01
9.891214063571946991e-01
9.782190609387397817e-01
9.887597681592167342e-01
9.836556177155320047e-01
9.933698751157472584e-01
9.929782772281745551e-01
9.821693939789434280e-01
9.921281766491697462e-01
9.660334226285530734e-01
9.866286066466888327e-01
9.794378779370676025e-01
9.959852539203305488e-01
9.540720723031469452e-01
9.740955362384683403e-01
9.918854595304702482e-01
9.308971048692316064e-01
9.378313405188303253e-01
9.906579362164438241e-01
9.863468198930781528e-01
9.580527587635782050e-01
9.784056330356177833e-01
9.605971358881261191e-01
9.811804990149591843e-01
9.764007124336890886e-01
9.900321913520381267e-01
1.003171879041363734e+00
9.780515235254743089e-01
9.765976873929347324e-01
9.766697457831137186e-01
9.889972224046807980e-01
9.732880000612013083e-01
9.654758805060552618e-01
9.961325338423987485e-01
9.649603324845876795e-01
9.872898998949626304e-01
9.640484751899746074e-01
9.752795155436000396e-01
9.716500259118687755e-01
9.138318093996380398e-01
9.779998530906194310e-01
9.733068094585415331e-01
9.765384592455559343e-01
9.788001532624012180e-01
9.661060465299391442e-01
9.835120650855033730e-01
9.762947210558247102e-01
9.706675804591685663e-01
9.935259497732142897e-01
1.000569280085061852e+00
9.892832256535943891e-01
9.467534298535165149e-01
9.632776788473323970e-01
9.831484618870700576e-01
9.861211331036594530e-01
9.675938995741081294e-01
9.857182660961886222e-01
9.772718618936737656e-01
9.862446581906352261e-01
9.863214110754262576e-01
9.729921734295077229e-01
9.373973165251908712e-01
9.691428902348767638e-01
9.621147451687637187e-01
9.486606557296590747e-01
1.004407183081201138e+00
9.909384332371381499e-01
9.976165721316059276e-01
9.754945961255866438e-01
9.762927231986814336e-01
9.382886452830513369e-01
9.918985684169221440e-01
9.882461867669116717e-01
9.769411619991323903e-01
9.502823126404220666e-01
9.822154237810495347e-01
9.774538321267240981e-01
9.770074047351184898e-01
9.662241613816858754e-01
9.741574804435646495e-01
9.797625057257957071e-01
9.513324547485277893e-01
9.879155006554893870e-01
9.834663537569425795e-01
9.962280938352606752e-01
9.678981555343595389e-01
9.826225902741516638e-01
9.907130866285900339e-01
9.752338047867122883e-01
9.883701164348196455e-01
9.774672658961228722e-01
9.857375851217752283e-01
9.728622868122533962e-01
9.798168367251638422e-01
9.658677691991933711e-01
9.859863295604658351e-01
9.884966713002056871e-01
1.002280102491816871e+00
9.718822566176017475e-01
9.835040352097624838e-01
1.001657462181220648e+00
9.813597121012376245e-01
9.536118744270803971e-01
9.689665284666661993e-01
9.917087453695150323e-01
9.705313619376763068e-01
9.898956584200925279e-01
9.569965627103366179e-01
9.793572204122501512e-01
9.853915629510361374e-01
9.864349290287841576e-01
9.848749461098706970e-01
9.851722078950779782e-01
9.692488449239693438e-01
9.606872097719413306e-01
9.882920698102415358e-01
9.941577727056175595e-01
9.844034387944625708e-01
9.797012579077156724e-01
9.870854024567984331e-01
9.815311484617118554e-01
9.697903340852245258e-01
9.798052496474205508e-01
9.838344691528174701e-01
9.723897392051369382e-01
9.794356955768941386e-01
9.686896106305386001e-01
9.904638671227379287e-01
9.706318506469293617e-01
9.918968808621719813e-01
9.679269098984840669e-01
9.881638110836037381e-01
9.839599309321608311e-01
9.834659695056492401e-01
9.826101012223313891e-01
9.553582089575741731e-01
9.918240259949950843e-01
9.851354973182955277e-01
9.913241357755421257e-01
9.630047705624502630e-01
9.734794264316893875e-01
9.762110680107659588e-01
9.887235547764864352e-01
9.822585938678258799e-01
9.918154685674327453e-01
9.712032520146410830e-01
9.820197380025301737e-01
9.843479084547920310e-01
9.841466813387138579e-01
1.003989935820722268e+00
9.776189096031079329e-01
9.824279346876551022e-01
9.729779274341018303e-01
9.519933208729054464e-01
9.574015923926824101e-01
9.936568698873979866e-01
9.873249272873514393e-01
9.819247161039161842e-01
9.751414043175923307e-01
9.889525755790921080e-01
9.879195111182712541e-01
9.764653615075910009e-01
9.719967350954018537e-01
9.884937761174027449e-01
9.822848897855213091e-01
9.812684359740001527e-01
9.807680237826027492e-01
9.804334223569426410e-01
9.728173961234553024e-01
9.669920549174703117e-01
9.618624793382367644e-01
9.912869006121562965e-01
9.755602395026441442e-01
9.647646558507594339e-01
9.897021546815168991e-01
9.872105146514923435e-01
9.826308783501495059e-01
9.836344729421419020e-01
9.735758297605217049e-01
9.604078570316385566e-01
9.321944355249742742e-01
9.883893037044102492e-01
9.437382724249044896e-01
9.793216832092723756e-01
9.853419286284461620e-01
9.668816786653121609e-01
9.667684803907951041e-01
9.831725649445313131e-01
9.835316192488477993e-01
9.698748523139777422e-01
9.883473542691254554e-01
9.807449759877995277e-01
9.925869505326051501e-01
1.006390211830137549e+00
9.856083715217036634e-01
9.677308239272039980e-01
9.831265881650497196e-01
9.865808103129026785e-01
9.557767470620707195e-01
9.885599334672569016e-01
9.686121018625857282e-01
9.881523099844178315e-01
9.798630924532131248e-01
9.798649604008546898e-01
1.001862464353471260e+00
9.747345517408665394e-01
9.874040819530127688e-01
9.587374901006643357e-01
9.811500068786842554e-01
9.778567574555488973e-01
9.607916720332484450e-01
9.918173667228514789e-01
9.791202632409832241e-01
9.958299962623460289e-01
9.862854716981943604e-01
9.750380578431265821e-01
9.865786202914502701e-01
9.795529092050906383e-01
9.906879644185190292e-01
9.954058946192232415e-01
9.721571920862879246e-01
9.865820516939567408e-01
9.595829326754029553e-01
9.763547566319656923e-01
9.847081813796672023e-01
9.871792091377250555e-01
9.935066637930228817e-01
9.793812353913655677e-01
9.930421672779173869e-01
9.849008412276986091e-01
9.788839825932346139e-01
9.541775233143381385e-01
9.499634997766934763e-01
9.766818708529790838e-01
9.941860670223129359e-01
9.811081185131607096e-01
9.816107545136681933e-01
9.790534145506916142e-01
9.836585166256942570e-01
9.706294443265549576e-01
9.835128180566111711e-01
9.856761738545678497e-01
9.738038255533900678e-01
9.896915151689841261e-01
9.845485791828373356e-01
9.924960083467501137e-01
9.531446042384454920e-01
9.866737188076982745e-01
9.744801998121102038e-01
9.894704422169106062e-01
9.711958392693511577e-01
9.790046871170112741e-01
9.840692091422011956e-01
9.749816569743335881e-01
9.781023527655289262e-01
9.845037654090472712e-01
9.738342154553967234e-01
9.748438739479241555e-01
9.855341453573953636e-01
9.797502211105985070e-01
9.937898033023869759e-01
9.983158846821763577e-01
9.803514797079631027e-01
9.550084330739430083e-01
9.763015855607505289e-01
9.848391331852935915e-01
9.686701019282794034e-01
9.590779045806032688e-01
9.835737646909017418e-01
9.944695252339229574e-01
9.771711078250008287e-01
9.859945619381098592e-01
9.873108544603864667e-01
9.991272564612151408e-01
9.847930797282438142e-01
9.437887231377065644e-01
9.818528103476996671e-01
9.825952865272128411e-01
9.905702193461073390e-01
9.769365846538166087e-01
9.786815069554199997e-01
9.886212418369616506e-01
9.862203732329648531e-01
9.920324386085141999e-01
9.984299616985078396e-01
9.867688935664948868e-01
9.676647621499968599e-01
9.781313778808929937e-01
9.775287699837711397e-01
9.784963239573567506e-01
9.873545953830129562e-01
9.927978291580394909e-01
9.853746314395394057e-01
9.849244504542024048e-01
9.728633297950414205e-01
9.657068056735654826e-01
9.538219494335173909e-01
9.868484309477377758e-01
9.844371966305721644e-01
9.846551374175626092e-01
9.293502707345018266e-01
9.806149287363544742e-01
9.679167364666121376e-01
9.635060652686394667e-01
9.896349940113249311e-01
9.709888180115049394e-01
9.677735271978139542e-01
9.699914813734169527e-01
9.939725302058953771e-01
9.660594817258578715e-01
9.968011049125812262e-01
9.855609062962686906e-01
9.939614670694368881e-01
9.792940113078795195e-01
9.683187207162615717e-01
9.643535708634994874e-01
9.657372129907781932e-01
9.775231937863421150e-01
9.806357102195489839e-01
9.773075142710052621e-01
9.519655492297524058e-01
9.857026674942084288e-01
9.793955836847854091e-01
9.834106526616726018e-01
9.775780994942752100e-01
9.633480107266975123e-01
9.954246407757985082e-01
9.673864933229535668e-01
9.909678539940056652e-01
9.942259346519923824e-01
9.836248260231850171e-01
9.730880410198502473e-01
9.792303983737020712e-01
9.877910355814482068e-01
9.775365655266198273e-01
9.606098925451165282e-01
9.880084426474736725e-01
9.890390082242421776e-01
9.835533268397672613e-01
9.769953511512431410e-01
9.876469995790786438e-01
9.619437026611985520e-01
9.713604843019321144e-01
9.795146949048921803e-01
9.761043938358400229e-01
9.807667014675125472e-01
9.848592168465197805e-01
9.847128510625894338e-01
9.863883027690620864e-01
9.637007973861229093e-01
9.842800456606854986e-01
9.728375226781348362e-01
9.989715447610499899e-01
9.662449110355652016e-01
9.778440234033288769e-01
9.676498006033847910e-01
9.834876369079857961e-01
9.813084534265470449e-01
9.627303373128620612e-01
9.691990418008812336e-01
9.908661011555931486e-01
9.671571162280486744e-01
9.866013383563984052e-01
9.832935971798452135e-01
9.840291617575894767e-01
9.558183581479201552e-01
9.864817529910135940e-01
9.332655025421932038e-01
9.913738010014025992e-01
9.929644859796038503e-01
9.855159150528933765e-01
9.813881362909880890e-01
9.784630840425306841e-01
9.763730838621405006e-01
9.858482113964240900e-01
9.944868758988799629e-01
9.658140386798860222e-01
1.000856746192734903e+00
9.793553370518822687e-01
9.757176915846806908e-01
9.997535087342366289e-01
9.415004865413438839e-01
9.827255286317949645e-01
9.653684250010741152e-01
9.825596734068200444e-01
9.721656560929992086e-01
9.668912082580511935e-01
9.722761697008619475e-01
1.000303120485886543e+00
9.659025700748391507e-01
9.919077596402114949e-01
9.902978054400073393e-01
9.847774493529952711e-01
9.784810703042462476e-01
9.977260083957655290e-01
9.887200875271705547e-01
9.918243330631240084e-01
9.650326016387574812e-01
9.582318090888457540e-01
9.844858431608669580e-01
9.741573698560486161e-01
9.818435281520870861e-01
9.717886864006424208e-01
9.687870772233371230e-01
1.005358249520537317e+00
9.775811963631088064e-01
9.759980238897252303e-01
9.815761703111393066e-01
9.782448572531956543e-01
9.746621948333531460e-01
9.638162436538734168e-01
9.839158408031160041e-01
9.537235637668132204e-01
9.821555276161563208e-01
9.434934594566858346e-01
9.871716025336461087e-01
9.806472382203540450e-01
9.753777602199518171e-01
9.914835800008900968e-01
9.818684421976607846e-01
9.819484136378026085e-01
9.946479437005362190e-01
9.904495790703125024e-01
9.905649324666480071e-01
9.802872345944281252e-01
9.808812482416418010e-01
9.837386515651750374e-01
9.703543016478537453e-01
9.989154463227475356e-01
9.925801774371443287e-01
9.826605545169954103e-01
9.828502502619927972e-01
9.737840498746732631e-01
9.872373674579869585e-01
9.890307120394697948e-01
9.855247037194264648e-01
9.832665925190521294e-01
9.534003567659581346e-01
9.517902847969424984e-01
9.930184422862001759e-01
9.701895001878630964e-01
9.746816502571256091e-01
9.842865599726955406e-01
9.834176590423646669e-01
9.896857434187634750e-01
9.886730483681684944e-01
9.831117090336604081e-01
9.590404130873372290e-01
9.826857395980860277e-01
9.808891607552255865e-01
9.864895138490850091e-01
1.005140023069503563e+00
9.632414636069931424e-01
9.846462112872645944e-01
9.934598011496346137e-01
9.731486214136423341e-01
9.531389713620336268e-01
9.739412638918160114e-01
9.923358846267722466e-01
9.772520466428269437e-01
9.610409293118359342e-01
9.759452549400804422e-01
9.657027245725234854e-01
9.882457484204483222e-01
9.469928221877154106e-01
9.649468484248460154e-01
9.706010277349316206e-01
9.758777339770419168e-01
9.736392825769210058e-01
9.934648593218506907e-01
9.619957572228617915e-01
9.596968451174204828e-01
9.706423565332873427e-01
9.843327316772642055e-01
9.917472926578563275e-01
9.865383156976014201e-01
9.798911462131305594e-01
9.771583630634823603e-01
9.929743135596180714e-01
9.624860910286285876e-01
9.906345957648998723e-01
9.799523368574563076e-01
9.702015143862048330e-01
9.908824352133928093e-01
9.863612089320801246e-01
9.758172474355879533e-01
9.944816327789526289e-01
9.527934563481448293e-01
9.738267677992643589e-01
9.653929649970385274e-01
9.911207173528921999e-01
9.681779689075147299e-01
9.887689070567479144e-01
9.847407491828450432e-01
9.893373332037018741e-01
9.738399554013295045e-01
9.640839285782933921e-01
9.879794680542136609e-01
9.416213541773205131e-01
9.869311867879034805e-01
9.913266127154886087e-01
9.905028325645300891e-01
9.750682586017139775e-01
9.666899028123848714e-01
9.794299814747080557e-01
9.883173767831749945e-01
9.879497241477677161e-01
9.763544567975359634e-01
9.981294922085582888e-01
9.924236452908998807e-01
9.737605768287306285e-01
9.841669745547321213e-01
9.889929925955101009e-01
9.857786667194857744e-01
9.917245697525297610e-01
9.905866743576587918e-01
9.853341904690116060e-01
9.953999925404060090e-01
9.623432147853059337e-01
9.854431994690904251e-01
9.862082713632653874e-01
9.870766735788361057e-01
9.737815278745529657e-01
9.917400691654103539e-01
9.758379635428301446e-01
9.805516555525763955e-01
9.842225616499690188e-01
1.000283269170282541e+00
9.803209294657567741e-01
9.398900271712471444e-01
9.934935418187216261e-01
9.828005891693412099e-01
9.847192861321795165e-01
9.798738087458302992e-01
9.891855270409283252e-01
9.903519627731682817e-01
9.990712212355777888e-01
9.667448834974461391e-01
9.820697286087564093e-01
9.494399277488768663e-01
9.860018507055292591e-01
9.552946857572056638e-01
9.876069445750168541e-01
9.887856477189561621e-01
9.861915536434581186e-01
9.837400692278119863e-01
9.600279026882261313e-01
9.952096196479881529e-01
9.644646483593285469e-01
9.860270338457096662e-01
9.825315752333351194e-01
9.764768850469673911e-01
9.799777635091431183e-01
9.846103477439082097e-01
9.783835279771188054e-01
9.817417721199748204e-01
9.890427567064964398e-01
9.776082635688393419e-01
9.758873646877166408e-01
9.789955140325521388e-01
9.684053256275686472e-01
9.793792471262011690e-01
9.417131330122793242e-01
9.647541848854321866e-01
9.631694191309909669e-01
9.849022915911045395e-01
9.912525450281047812e-01
9.894385742939380002e-01
9.916729545205913432e-01
9.895236392158003325e-01
9.871684668029556686e-01
9.837667583287297290e-01
9.883541475100979801e-01
9.992201939743939887e-01
9.854095285566234486e-01
9.686209748825198584e-01
9.794132175815007946e-01
9.818048957138486577e-01
9.796855748731609914e-01
9.855519553882627903e-01
9.715521863027597460e-01
9.783406086833512649e-01
9.912342404117976402e-01
9.661889904999746426e-01
9.707581936210032403e-01
9.762619849038908226e-01
9.850661286999815580e-01
9.513355695474308149e-01
9.896618537730027532e-01
9.815457600555175244e-01
9.663035860118179832e-01
9.948633401872015725e-01
9.795185751612663916e-01
9.615349152572630897e-01
9.992629144142803899e-01
9.700432906797273880e-01
9.559195965772905312e-01
9.759281487638978847e-01
9.848795812830736240e-01
9.798591800678700947e-01
9.850984618623823685e-01
9.818446462934369290e-01
1.000393490281077602e+00
9.778125744580968837e-01
9.663830344280066598e-01
9.968663572125416872e-01
9.772519926963861847e-01
9.893717452527717171e-01
9.830113989801082530e-01
9.857486816127110085e-01
9.869088809148088837e-01
9.947568756445842597e-01
9.685614162440523423e-01
9.751050957632874105e-01
9.911489545727891759e-01
9.848231497102717391e-01
9.909403579029321119e-01
9.805495176601798368e-01
9.866302124855006461e-01
9.807968792721283302e-01
9.862065784757897413e-01
9.709435183098374944e-01
9.975087796746887614e-01
9.843934552931852267e-01
9.610356442611867056e-01
9.926808644906600643e-01
9.599315626194940831e-01
9.629674904337928165e-01
9.778619739440281844e-01
9.879324543860598107e-01
9.818738480604692898e-01
9.646157787337227285e-01
9.610987000450951223e-01
9.866424527434543013e-01
9.339631828297760840e-01
9.831460090879934333e-01
9.662606256348041933e-01
9.702211963905170711e-01
9.586583299144286752e-01
9.735578483995883659e-01
9.766311827976597026e-01
9.649664490209285406e-01
9.683310849090962513e-01
9.869323551706458142e-01
9.401475443058292525e-01
9.858323413762450915e-01
9.722328319893674964e-01
9.984268425501884314e-01
9.715534147869705484e-01
9.539353573308363421e-01
9.981179161286291013e-01
9.708448829079987519e-01
9.879226351678481732e-01
9.891043541574829900e-01
9.543908874352369232e-01
9.791208313165205013e-01
9.885023702950768154e-01
9.786978631367544423e-01
9.964252375870438216e-01
9.994891447056509781e-01
9.786425109544851786e-01
9.755165453833183342e-01
9.971286893789345074e-01
9.861029591762956459e-01
9.762962543393101100e-01
9.616787691930763771e-01
9.736848239223026003e-01
9.431916695993444177e-01
9.247620999437040634e-01
9.868562714019267768e-01
9.480214094131775848e-01
9.859475233099587177e-01
9.816272605186704414e-01
9.608825882512754823e-01
9.803456142407339646e-01
9.884773497919097096e-01
9.424567740701248475e-01
1.000033869571023581e+00
9.682033806667371678e-01
9.715663186097647230e-01
9.745819425747762610e-01
9.842543863878535637e-01
9.574142887097976118e-01
9.762541830734712267e-01
9.925306762923724602e-01
9.525356522828974937e-01
9.703637749367520771e-01
9.943804541797590657e-01
9.840309207839456063e-01
9.550405553619653043e-01
9.792344848677971836e-01
9.961606802001270466e-01
9.906673485461408024e-01
9.777949402516342703e-01
9.900091558754028354e-01
9.677457905615980405e-01
9.779276183390445132e-01
9.767964071735719678e-01
9.978864333659023256e-01
9.525500628228842359e-01
9.819381267872661079e-01
9.614856139262063506e-01
9.744982244173575614e-01
9.763279447372902320e-01
9.629011661850173098e-01
9.862985883347799021e-01
9.523397534720419166e-01
9.944911999971434158e-01
9.792186289665693044e-01
9.815319442464006672e-01
9.809997711526524666e-01
9.831974850768259167e-01
9.781621194281397980e-01
9.924306472327344419e-01
9.678101367200815375e-01
9.788682302719505790e-01
9.828098168705338145e-01
9.852341586518361671e-01
9.535547749851494004e-01
9.723349593300765203e-01
9.832853838332143992e-01
9.940176981307031756e-01
9.731623806667951682e-01
9.832135412696245691e-01
9.684656401419390326e-01
9.779471682106933850e-01
9.638517379812547858e-01
9.811155556510650078e-01
9.622599857528494338e-01
9.795673648254646926e-01
9.753867687790067631e-01
9.724060392216105075e-01
9.505758410916538281e-01
9.597906227552487346e-01
9.770857029319878206e-01
9.797189627628595243e-01
9.891886192855693372e-01
9.568774046411849810e-01
9.898515085220862542e-01
1.008237722836344386e+00
9.856985151419230817e-01
9.857493546566100662e-01
9.793528349044214876e-01
9.608285508084637438e-01
9.630526904031466717e-01
9.950054730808121084e-01
9.887437098853347761e-01
9.956813364135246314e-01
9.833129315553635896e-01
9.826452455128622532e-01
9.742397949011109004e-01
9.863037785421925330e-01
9.889279471481148276e-01
9.799727094620271917e-01
9.479680672774387640e-01
9.854223424680701449e-01
9.891783581553388327e-01
9.819544360730149135e-01
9.796121103131061325e-01
9.994783778041690381e-01
9.892877463235166813e-01
9.961304480497115144e-01
9.921384218573622293e-01
9.787706051181076505e-01
9.755911497846587732e-01
9.858617986209633477e-01
9.940742647941447352e-01
9.916444854811036214e-01
9.877166201171344584e-01
9.656983671582750617e-01
9.656595053318458577e-01
9.917951769979677090e-01
9.895798141290494954e-01
9.537913042433039390e-01
9.586123953404004361e-01
9.788362873507029382e-01
9.996451228247926757e-01
9.599425752895991426e-01
9.731308667531267664e-01
9.899717521731595804e-01
9.683998100643821383e-01
9.598685710324887932e-01
9.968812782610275702e-01
9.754494520687032599e-01
1.000700411777930787e+00
9.877175025581541590e-01
9.762620839114191096e-01
9.702539852073629456e-01
9.872386797372666445e-01
9.803825183476816418e-01
9.860689985087814913e-01
9.828330307485695361e-01
9.957827611475110752e-01
9.347147717938821820e-01
9.881365662270135131e-01
9.889753076861116377e-01
9.575383642552499630e-01
9.889321219929664286e-01
9.797675427666246994e-01
9.733236357480692380e-01
9.455596782437341030e-01
9.802665726796556678e-01
9.756458396712891501e-01
9.833817644862724583e-01
9.851963330318347367e-01
9.693774061438406031e-01
9.893786458663382799e-01
9.844950283787173850e-01
9.754288894609907112e-01
9.832288518316451009e-01
9.642236605443661457e-01
9.850427916029543818e-01
9.732255371792898346e-01
9.635289882810816886e-01
9.750628659752343941e-01
9.908407350043242356e-01
9.962779992701243925e-01
9.908108120138148234e-01
1.000265859669422053e+00
9.798950864355900903e-01
9.786989697152398415e-01
9.891817312400942308e-01
9.728329233296760803e-01
9.776632817692789690e-01
9.710326345171440554e-01
9.846859881407600268e-01
9.754531913908041085e-01
9.872417032773447287e-01
9.751314281975578258e-01
9.954136595201544813e-01
9.700858751588445905e-01
9.874409146603118081e-01
1.000338323788009243e+00
9.686020127585285300e-01
9.773129390293203711e-01
9.657659033546013294e-01
9.837963749629689003e-01
9.753370148906890247e-01
9.559930546368528015e-01
9.514704368478172913e-01
9.834089415421936042e-01
9.643304612921279606e-01
9.464353236578114670e-01
9.899044414507212064e-01
9.629874291153912580e-01
9.849915197456362570e-01
9.919911945909691831e-01
9.667343277575083382e-01
9.787667879472624621e-01
9.848999848978693405e-01
9.642236207031181783e-01
9.803811030619669076e-01
9.796631645118711873e-01
9.856955446332436033e-01
9.874350865785128661e-01
9.832612504480546800e-01
9.321458505960976693e-01
9.850296240212499388e-01
9.812347386118281944e-01
9.912225413597069990e-01
9.877500347074898990e-01
9.681773904624157989e-01
9.865100165520903630e-01
9.574985793069716866e-01
9.729147543266873921e-01
9.894248810120228610e-01
9.684424347025492041e-01
9.897356114970612406e-01
9.935815332602516703e-01
9.955616342249302697e-01
9.850269334455207249e-01
9.613708971716211638e-01
9.886220673368666390e-01
9.961785793348760798e-01
9.808375299598736108e-01
9.713724247248816113e-01
9.691004830730136632e-01
9.736361792402572490e-01
9.625996598220148970e-01
9.942956730267010768e-01
9.865890934394578871e-01
9.785295310772818000e-01
9.924393239402539146e-01
9.778162072235837554e-01
9.860896508263289340e-01
9.789615047651997193e-01
9.792682288196670193e-01
9.834899894266431186e-01
9.899050918229227447e-01
9.482690177022573552e-01
9.792176736649251811e-01
9.795760162418172268e-01
9.698654591041724338e-01
9.717263214237271685e-01
9.880211803212474164e-01
9.741435110012454102e-01
9.675618543449472364e-01
9.763959011572002078e-01
9.694916126886145014e-01
9.772970591511563887e-01
9.581285614018599794e-01
9.809873902899647335e-01
9.892846646340900385e-01
9.869808933705582765e-01
9.465486741665137815e-01
9.901510639593459340e-01
9.816877353499552372e-01
9.737692522664953554e-01
9.923335094785991073e-01
9.779869841258657104e-01
9.959340106324324760e-01
9.763558968515250180e-01
9.764076165752969549e-01
9.873209290914941594e-01
9.869810611749898488e-01
9.811918890617290501e-01
9.597231131521281045e-01
9.939116406174156593e-01
9.625810540670919346e-01
9.913179913845707736e-01
9.811567468941809755e-01
9.973491149273523426e-01
9.811624850658670072e-01
9.870106648318747178e-01
9.619543714879571494e-01
9.904529674657418514e-01
9.786774565012903437e-01
9.780991942883030532e-01
9.832509814386667379e-01
9.641537297581094235e-01
9.759885469869065133e-01
9.711050997926745643e-01
9.828188976369749419e-01
9.710336068046657720e-01
9.768435762013751855e-01
9.632920990908367953e-01
9.853950113815279632e-01
9.867104731074977098e-01
9.296662509172189948e-01
9.837543270298499953e-01
9.628087332168854262e-01
9.947489415638269827e-01
9.873092988670513215e-01
9.882167478797254656e-01
9.868171520402293506e-01
9.524103971266145718e-01
9.982475845786044077e-01
9.866136235908095076e-01
9.584215867869285699e-01
9.702013014489363485e-01
9.719358897646106499e-01
9.851238458058783065e-01
9.763080305340963161e-01
9.721095694552892574e-01
9.477536042273806416e-01
9.889840396823632584e-01
9.481615518642535489e-01
9.763990609900482509e-01
9.839681121401216979e-01
9.805493109747613900e-01
9.891690543063796914e-01
9.315621523983581564e-01
9.704576294066029618e-01
9.803845989902715274e-01
9.821628288612822555e-01
9.935787025314083420e-01
9.521241622242061498e-01
9.705713702986967784e-01
9.518261502884158842e-01
9.881617185713748031e-01
9.793770431926611675e-01
9.683346706945704652e-01
9.937389517771338943e-01
9.772458099060400416e-01
9.848452066438451169e-01
9.772516812425422472e-01
9.672411351878085206e-01
9.864164325942075262e-01
9.745053206183522665e-01
9.311145514613237140e-01
9.750353584720719002e-01
1.010562741182055468e+00
9.617912072034197069e-01
9.606657458383344173e-01
9.865051088383299804e-01
9.588913124868019278e-01
9.681386200390559305e-01
9.892990746761129994e-01
9.734408677173906899e-01
9.841339766386446586e-01
9.850445586769441819e-01
9.845762157783810586e-01
9.709437880925534392e-01
9.432230088528895662e-01
9.853725168730089745e-01
9.674854318376645557e-01
9.738349564268492520e-01
9.847506738507225688e-01
9.567862434695013629e-01
9.847393868734891642e-01
9.857510124500566961e-01
9.824977390147492384e-01
9.760581347086245696e-01
9.791774866103798436e-01
9.468510720689359283e-01
9.517324428637445877e-01
9.571292345398674239e-01
9.897966517424742205e-01
9.697888567541280702e-01
9.908744620556450000e-01
9.932786630439143227e-01
9.876545827349922924e-01
9.921183266125276345e-01
9.746062110220611308e-01
9.651570851268099771e-01
9.595440004812249013e-01
9.913334398387346758e-01
9.965654262978257405e-01
9.868263191833289705e-01
9.481067194945331789e-01
9.794716570121235755e-01
9.831212945412153292e-01
9.760522879820813236e-01
9.810834168056669080e-01
9.791324856894914053e-01
9.732290598948593052e-01
9.923072888158639415e-01
9.840124233147523602e-01
9.822530237501906347e-01
9.730184697801766980e-01
9.730043692783366671e-01
9.803061050037819024e-01
9.950634304816637909e-01
9.753093184254802983e-01
9.630148503288866735e-01
9.694546083884858501e-01
9.820407129348202036e-01
9.797466704676586202e-01
9.710559848202039435e-01
9.940164011705288072e-01
9.898691103985716166e-01
9.801089795605204547e-01
9.532103237474044422e-01
9.943000090379936484e-01
9.757494988727868357e-01
9.864954839050343871e-01
9.760091128166954455e-01
9.657043878791263802e-01
9.678910488403738022e-01
9.816908497749596840e-01
9.443946192726271338e-01
9.710020438607830373e-01
9.498198745231056783e-01
9.908578953722952942e-01
9.689125086108371088e-01
9.843579717576064203e-01
9.933099865248899984e-01
9.881152118518846672e-01
9.704497500879134542e-01
9.810586452972573923e-01
9.533727676219297953e-01
9.895200834386573829e-01
9.911539858449072149e-01
9.919825402398761982e-01
9.852024095139350068e-01
9.834233675445985812e-01
1.003585138383191744e+00
9.787072371322589337e-01
9.912872581370898439e-01
9.826427894462002044e-01
9.909967104453887288e-01
9.655657637275725236e-01
9.839897682618927721e-01
9.891188155173807894e-01
9.876361907048887279e-01
9.844914487762693733e-01
9.818582062198196736e-01
9.858602199305438463e-01
9.676230628910935661e-01
9.649855612107971492e-01
9.920175962707770134e-01
9.834245718652674384e-01
9.709913931682589983e-01
9.922553794566675300e-01
9.862662441257127321e-01
9.705529781963920799e-01
9.913006020129574436e-01
9.712635612870684776e-01
9.696752746079162488e-01
9.445664648870608637e-01
9.828103145290139064e-01
9.835334475308973312e-01
9.829786458234971436e-01
9.631078615404378152e-01
9.897912003267703707e-01
9.716390183102938671e-01
9.978447756663665347e-01
9.628516043242271172e-01
9.872007154046026356e-01
9.986744915158268787e-01
9.497154753863932264e-01
9.818414691353654078e-01
9.739457495307053403e-01
9.726853784592064400e-01
9.733864068063844410e-01
9.723436514027508082e-01
9.907486455624691102e-01
9.919772830799068464e-01
9.518005289110467171e-01
9.784417722384188831e-01
9.777711068854137988e-01
9.887994475828565388e-01
9.550581709462991897e-01
9.739903484177433457e-01
9.772729339759326228e-01
1.008731536993431543e+00
9.891631893816598131e-01
9.434187155045519191e-01
9.805583091517786620e-01
9.717005030485303951e-01
9.616741617515131013e-01
9.605317257922140195e-01
9.866863346033580839e-01
9.800710595545162329e-01
9.808762306730207658e-01
9.907919830068503408e-01
9.935883918433784379e-01
9.711840459279829085e-01
9.833644930593412603e-01
9.527895157623020861e-01
9.627517590543435144e-01
9.669611234560244739e-01
1.001656362583149384e+00
9.834656640256245197e-01
9.916059670799106662e-01
9.836175261112646284e-01
9.607182693045149824e-01
9.779482936674245286e-01
9.792746088670860605e-01
9.878836258003450554e-01
9.341669657427066342e-01
9.911459255215915309e-01
9.854748467642683307e-01
9.698654610008259347e-01
9.846713706862814108e-01
9.773543954794997601e-01
9.801560307985485165e-01
9.861636290575644948e-01
9.817487757964898920e-01
9.823757689012518890e-01
9.796521913638196466e-01
9.868830808405870680e-01
9.775464846710203437e-01
9.682570392673487403e-01
9.784645425052881373e-01
9.841092071728538837e-01
9.863017263308146987e-01
9.864627280069937498e-01
9.799820808068956390e-01
9.651683867452661714e-01
9.662772634839149610e-01
9.869639804819863027e-01
9.556976285382948744e-01
9.649311194011556125e-01
9.637089108657533876e-01
9.671760598317602486e-01
9.704175775664023451e-01
9.537929749737621421e-01
9.656988997865451063e-01
9.815852184704266792e-01
9.840187045968696866e-01
9.905572579208776762e-01
9.572480572271582222e-01
9.626960363972338897e-01
9.740706259091651553e-01
9.739402214339729635e-01
9.864296335381739222e-01
9.817246227451968954e-01
9.935557675698376556e-01
9.957936432982067432e-01
9.693614034041461158e-01
9.858988200444743777e-01
9.719917257354893092e-01
9.846748767304419614e-01
9.698253114059723901e-01
9.523582069204473699e-01
9.759482254169874471e-01
9.830373504505784954e-01
9.828321009284575194e-01
9.823216853277755289e-01
9.835789453039176511e-01
9.720451404298666720e-01
9.858122123614376786e-01
9.690056337744732406e-01
9.843137497754219645e-01
9.665039039052467640e-01
9.873139091275244805e-01
9.938179931094947017e-01
9.867389982317309460e-01
9.739361655041733901e-01
9.870138055753315820e-01
9.831025303950027272e-01
9.956518789570233396e-01
9.828989322419390273e-01
9.810918523983832573e-01
9.869418513241593471e-01
9.749819952192860795e-01
9.626546220099437834e-01
9.874680996201896654e-01
9.846813063441194336e-01
9.600588141866662761e-01
9.707104745623861275e-01
9.701918589648726998e-01
9.875956347082902598e-01
9.621728747976752150e-01
9.598961620391694982e-01
9.714274721379462241e-01
9.855047816923359072e-01
9.570770829571998428e-01
9.916084921248193851e-01
9.533426749137753342e-01
9.811741974618835016e-01
9.785872114225824259e-01
9.835937733108920389e-01
9.774212063387253124e-01
9.535042105183005878e-01
9.914869630205068729e-01
9.938621125286121183e-01
9.643386380921730172e-01
9.798203716852155187e-01
9.940505297816967234e-01
9.948316060307640374e-01
9.758686390038306957e-01
9.848152740964120078e-01
9.357108462608317856e-01
9.849567007951494091e-01
1.009580338222965112e+00
9.832987522727574259e-01
9.882308746182278947e-01
9.828847004453485914e-01
9.799423634953531304e-01
9.836449305178108782e-01
9.907596634658292212e-01
9.547061114145399818e-01
9.829468303296111653e-01
9.836625740156836883e-01
9.882314019592897125e-01
9.980260394446281991e-01
9.841512712887200420e-01
9.642973328643321684e-01
9.805069806432736845e-01
9.911386069255344600e-01
1.000140708690761659e+00
9.762513933362971796e-01
9.979838087157656412e-01
9.941103458923977731e-01
9.829454574179034010e-01
9.900941649218619744e-01
9.831341446399824990e-01
9.883006891436578734e-01
9.867502410728952178e-01
9.794900596536945114e-01
9.910688190452896507e-01
9.512243792319726721e-01
9.633044686025660219e-01
9.307484644335888291e-01
9.747398028102387535e-01
9.894632131571513556e-01
9.774233369610659805e-01
9.828675684232144327e-01
9.924438098016113985e-01
9.852697235929542829e-01
9.640624403623606620e-01
9.912475346641942409e-01
9.601958035837812044e-01
9.631689821279741937e-01
9.813100786660152730e-01
9.894142840856398058e-01
9.814592733726261731e-01
9.880552387846186502e-01
9.946535142988964795e-01
9.810505301914052012e-01
9.975424586846723951e-01
9.824425110164629604e-01
9.876945095885639736e-01
9.902026565478374565e-01
9.909869233285176771e-01
9.497084605027438231e-01
9.802913198860577770e-01
9.865610799219983740e-01
9.722093600294586802e-01
9.757230224128868867e-01
9.800910334859863626e-01
9.956772884326638984e-01
9.951376165891782088e-01
9.891944100051555111e-01
9.466582873450468671e-01
9.820222352262947263e-01
9.724155768918202325e-01
9.833272142860296494e-01
9.622887261246783064e-01
9.902763935166365439e-01
9.694011957015915559e-01
9.842097673982898032e-01
9.977878487075918512e-01
9.705513613653790062e-01
9.728998229285190646e-01
9.835115410041505024e-01
9.843292530438426668e-01
9.726067942150327106e-01
9.794074046312751802e-01
9.914715522456327701e-01
9.941915962168407228e-01
9.932988440418449860e-01
9.838820719887628741e-01
9.914685549409467669e-01
9.868709133849464799e-01
9.571031222366476188e-01
9.842238009255211972e-01
9.673357094321711758e-01
9.677997424157078754e-01
9.660698254463317980e-01
9.898911072573847170e-01
9.646129870286865859e-01
9.862320441828671402e-01
9.615527158137462393e-01
9.711082630648795178e-01
9.779770740551364527e-01
9.720650222774543936e-01
9.788544353547888877e-01
9.719051330139816258e-01
9.999573818059497299e-01
9.752818994719422152e-01
9.719264357404484578e-01
9.582008673008094446e-01
9.805897278931527961e-01
9.899324303773854306e-01
9.833792448999394420e-01
9.793286134686469691e-01
9.736153412922849970e-01
9.720530091586162547e-01
9.869577845035605312e-01
9.821479698757734633e-01
9.868269867653131078e-01
9.921439860721049664e-01
9.732400969906712662e-01
9.531727047782257989e-01
9.954467657290073657e-01
9.808302070690702035e-01
9.918941729357877435e-01
9.927075996490748455e-01
9.605778070269423985e-01
9.851250024927871163e-01
9.614744893052135088e-01
9.677685825598908442e-01
9.502991431815948076e-01
9.838385357248998764e-01
9.998592320899893915e-01
9.719138791529214894e-01
9.772554997460706216e-01
9.840204469649631580e-01
9.994021569232814928e-01
9.731258954806809580e-01
9.569053391068077508e-01
9.410886868018881746e-01
9.756724670136376343e-01
9.746441115988052628e-01
9.661346648155847427e-01
9.992601856318421572e-01
9.923973461400792395e-01
9.967028887890315714e-01
9.661107686619857526e-01
9.893455216079356518e-01
9.944515478043394197e-01
9.728483973303310162e-01
9.688397412542876230e-01
9.230894239161684389e-01
9.863789720366488156e-01
9.490078844121214718e-01
1.000982433953123030e+00
9.973224263894036046e-01
9.861000441310507902e-01
9.701244277173203256e-01
9.916998897986685213e-01
9.886040270450842105e-01
9.540659386672712960e-01
9.747276520219844143e-01
9.856400385824296562e-01
9.523845328533064869e-01
9.701331145137200851e-01
9.803102332090660731e-01
9.803700614747693498e-01
9.873969139981018106e-01
9.938476992754093908e-01
9.794323604911479020e-01
9.707179396920191383e-01
9.481495378319313438e-01
9.824952974792531268e-01
9.806605747208116952e-01
9.829065439749615773e-01
9.887184026445361429e-01
9.789586991003941252e-01
9.825725478881440766e-01
9.789507537012199778e-01
9.739950066306395371e-01
9.717336376343258530e-01
9.834664592680699702e-01
9.697429819618219593e-01
9.662541569579898848e-01
9.645639479379433112e-01
9.665890843407578537e-01
9.821356627464075117e-01
9.816312399946468537e-01
9.727469461392710404e-01
9.914780516003133259e-01
9.858928906283918048e-01
9.719890556040187146e-01
9.650316065010664524e-01
9.924298365321120308e-01
9.613017938633966475e-01
9.600180052926743368e-01
9.897626521841131897e-01
9.443740012354665536e-01
9.847321818183081277e-01
9.703693012117760031e-01
9.429294986182731320e-01
9.875188045008919113e-01
9.855236070447637164e-01
9.652375862066923107e-01
9.807161139557651897e-01
9.656642250046348908e-01
9.845334882511559416e-01
9.536210678267552643e-01
9.833070452326139188e-01
9.611290282748385927e-01
9.622564434995203309e-01
9.890161116907825178e-01
9.450038371514659641e-01
9.694144530771577895e-01
9.891101853811534728e-01
9.405426728059254060e-01
9.964249439896327720e-01
9.496589630459796316e-01
9.830395794096720152e-01
9.985974833979599508e-01
9.803505754602562794e-01
1.007470175327817685e+00
9.784209786820318167e-01
9.853913398180217387e-01
9.778374930358139094e-01
9.476535484791562824e-01
9.499746521196090754e-01
9.883998483765606968e-01
9.828347318241767994e-01
9.726679617778913878e-01
9.359245365834168995e-01
9.790480962117299457e-01
9.779867162783801859e-01
9.800097476700451171e-01
9.718790493356477267e-01
9.914135879336675172e-01
9.816414386968900230e-01
9.853035580776537961e-01
9.642554542843229104e-01
9.833662430782742492e-01
9.841009747025981635e-01
9.830126953744429130e-01
9.661618021909916809e-01
9.807585889041401384e-01
9.844268058792112752e-01
9.831994013191569515e-01
9.704336954965055995e-01
9.702647750738738752e-01
9.772897761032272035e-01
9.744129468996644006e-01
9.895581758219336166e-01
9.542731890940358008e-01
9.838198833677184174e-01
9.950939918353962632e-01
9.506382611025294693e-01
9.772205791276452613e-01
9.834295995380158972e-01
9.526023455884772284e-01
9.797682584021211172e-01
9.682184811032095162e-01
9.585688455599188362e-01
9.896039552635736980e-01
9.790963660691734960e-01
9.742621766578117848e-01
9.575998062012914813e-01
9.852202532381516553e-01
9.700962413081555269e-01
9.932686366283627333e-01
9.865458515077569768e-01
9.838029862787264213e-01
9.943538229393850125e-01
9.812681980812544280e-01
9.865775288767144602e-01
9.889203592580236846e-01
9.603006697503856381e-01
9.576825776900658171e-01
9.944340239813538318e-01
9.904865725025481238e-01
9.593492780477473891e-01
9.684670077049272185e-01
9.845096680661640232e-01
9.986440609478649533e-01
9.760116761022417098e-01
9.773543108085742670e-01
9.850294396225585114e-01
9.701222443463753953e-01
9.906666035562211592e-01
9.894397037431937880e-01
9.524090164210837761e-01
9.653475180119804877e-01
1.001213234697490906e+00
9.866571165074812244e-01
9.888407116459932977e-01
9.164914995662568620e-01
9.777046040647792147e-01
9.737726576853048543e-01
9.650343037642815647e-01
9.636403612233733762e-01
9.904674956120921303e-01
9.993932568218166779e-01
9.903226548515648986e-01
9.883746241864965754e-01
9.882264758194404530e-01
9.941008736374910004e-01
9.713047948782517205e-01
9.766514696738106682e-01
9.951323903188408204e-01
9.873528591107727514e-01
9.960208053505444914e-01
9.764029024369902388e-01
9.830232729987085083e-01
9.944660531834168538e-01
9.794101336942730995e-01
9.954358474689943836e-01
9.750882467728438918e-01
9.948391891761151351e-01
9.916267773663208773e-01
9.597024184344435938e-01
9.987028499681738225e-01
9.786251722841056155e-01
9.905616053094451479e-01
9.587375206264193706e-01
9.613707399538522491e-01
9.799688902862609963e-01
9.780850017366560234e-01
9.896323095569503625e-01
9.778604438217004535e-01
9.653358314638614823e-01
9.879913594639379015e-01
9.864351496502005157e-01
9.807612946752404248e-01
9.582971957830741516e-01
9.854079955805689073e-01
9.901642607737131119e-01
9.782790859696892660e-01
9.875062379888062125e-01
9.881656854769920173e-01
9.741293478144636975e-01
9.892106101248515637e-01
9.959678510832524756e-01
9.884745292774540504e-01
9.828478623436699424e-01
9.656331963334543467e-01
9.811163230725674644e-01
9.893179594079920536e-01
9.879603029012955506e-01
9.613537611675827543e-01
9.918288892851878646e-01
9.929846356276574859e-01
9.865052801648581671e-01
9.807764054778971285e-01
9.700714382880152309e-01
9.866551071644676929e-01
9.877831180214813322e-01
9.930550591250358883e-01
9.729829963243077362e-01
9.627820556299812038e-01
9.854464174538432042e-01
9.747333489994889355e-01
9.836737269524540306e-01
9.832034971995201600e-01
9.869140467948274154e-01
9.731950506131393785e-01
9.844055877861033199e-01
9.694777350514539593e-01
9.840975540271280630e-01
9.737893829650388078e-01
9.913967303943788112e-01
9.653452865685031581e-01
9.662066300122502671e-01
9.784559109499137985e-01
9.958902943518902484e-01
9.846388495440532296e-01
9.886650653318937998e-01
9.828544207578232550e-01
9.596755525615151550e-01
9.758331124581243188e-01
9.934781226600100101e-01
9.874153760703786586e-01
9.843520304017648881e-01
9.635547480867294734e-01
9.917300741133910913e-01
9.912127355457859279e-01
9.813056616850180935e-01
9.851186719800272273e-01
9.858874899148767357e-01
9.674135623456759925e-01
1.006423369187174899e+00
9.890520418984029005e-01
9.833317954581194398e-01
9.644035739006121544e-01
9.603173067767810656e-01
9.881432802950376182e-01
1.007898812118274590e+00
9.568882984422429905e-01
9.704664419493485017e-01
9.794940682660905340e-01
9.588779068386708015e-01
9.522362587222870101e-01
9.613649106938726430e-01
9.918764037755481988e-01
9.872785069133305225e-01
9.708856413523199169e-01
9.912541828633036900e-01
9.882471774192431724e-01
9.970492555928818224e-01
9.863576604290673622e-01
9.659464472900189946e-01
9.897405524893896356e-01
9.840067381820527537e-01
9.798830286267075085e-01
9.752782319245815179e-01
9.778508937814648361e-01
9.911384565329799390e-01
9.703046159202830534e-01
9.895819842424139479e-01
9.811113649688438798e-01
9.877447024150465271e-01
9.601731305187286569e-01
9.887902120260200212e-01
9.897540651155686264e-01
9.838224207706015578e-01
9.879077563280347363e-01
9.791137828930391862e-01
9.974358521337758354e-01
9.810566012596072527e-01
9.579250699033708960e-01
9.863001759187266515e-01
9.726334458917407222e-01
9.711479196786498846e-01
9.844029499283980522e-01
9.906338004703049149e-01
9.976345716148236065e-01
9.460547113308616085e-01
9.818981481322606175e-01
9.873758784474788719e-01
9.810723273527159893e-01
9.798266706542168025e-01
9.823575486184625838e-01
9.803181813126619071e-01
9.932613049298899544e-01
9.654960718587913826e-01
9.794376724513915722e-01
9.474899057252603729e-01
9.762499828095085874e-01
9.621281048797629687e-01
9.697437517216558334e-01
9.895909187376583649e-01
9.871098423299522473e-01
9.665635576974346277e-01
9.859356729870806246e-01
9.661442301291091050e-01
9.808126863471027246e-01
9.741790731938700931e-01
9.907449573188120695e-01
9.747496596809679392e-01
9.825025218217168232e-01
9.620180225431856913e-01
9.764835675781730062e-01
9.852792844294296914e-01
9.720947647125199875e-01
9.903174004282371268e-01
9.838189840438485989e-01
9.719585074164607263e-01
9.770804432859172550e-01
9.596345260973274671e-01
9.809159316757848357e-01
9.846877548722585693e-01
9.728124371830694228e-01
9.567392734951554178e-01
9.897548870077816918e-01
9.713534837026536195e-01
9.643752540327875655e-01
9.578317823304788314e-01
9.811744789158938218e-01
9.800364044135335684e-01
9.505196805880892219e-01
9.774402867342821821e-01
9.693127016496391191e-01
9.857952586950368135e-01
9.802770896795953703e-01
9.859961590155653655e-01
9.878959178612601866e-01
9.592286344166836010e-01
9.802189533470915261e-01
9.499547669714676346e-01
9.791794572387020335e-01
9.892396823239693049e-01
9.898013633280083878e-01
9.597018755153177150e-01
9.809707325857625060e-01
9.809729167133836025e-01
9.849851078083904365e-01
9.800343465210606952e-01
9.566175163928801739e-01
9.736532258651580118e-01
9.871982079566086199e-01
9.852242798604078367e-01
9.884913046335153108e-01
9.566170004992489151e-01
9.728263290179407496e-01
9.823322392641746781e-01
9.852320912772444261e-01
9.743081221364137123e-01
9.896639769026087663e-01
9.693232081176128556e-01
9.716733460086178775e-01
9.907894061045681156e-01
9.846076127333166506e-01
9.761418332177834722e-01
9.750170746005932809e-01
9.888378080373387835e-01
9.634861624263629798e-01
9.804333156998553678e-01
9.820773430528072501e-01
9.892901292898834686e-01
9.762698129261955238e-01
9.625782295736711180e-01
9.756510166995387978e-01
9.742470108781592364e-01
9.649761606640281375e-01
9.968044815779508738e-01
9.830556697093262297e-01
9.784162346727860449e-01
9.917340524333536633e-01
9.747917531154463022e-01
9.759717497081333848e-01
9.679398887148672470e-01
9.772236520037532737e-01
9.897241461815070585e-01
9.517926312009076240e-01
9.866340013638106310e-01
9.867434202290962242e-01
9.820890587847419528e-01
9.804879943229530825e-01
9.593996680703308355e-01
9.730992826422137920e-01
9.952645434742178887e-01
9.838218695755894805e-01
9.659704383460560040e-01
9.712151841411115205e-01
9.575661045625454282e-01
9.730474863762549331e-01
9.870864246224920757e-01
9.891568434550976896e-01
9.891608362741773908e-01
9.896476160015668100e-01
9.899327003397819791e-01
9.881715563999211582e-01
9.864837091891893728e-01
9.828605382830145620e-01
9.841801670735382812e-01
9.577362661813161315e-01
9.772473476283491944e-01
9.854147018424748161e-01
9.951905328044647892e-01
9.628667825781176415e-01
9.858209510220100613e-01
9.698460607070878980e-01
9.897851209709584985e-01
9.946106460197620125e-01
9.954283545412849765e-01
9.721874108277216431e-01
9.766030704648805960e-01
9.992418570073581252e-01
9.946560883468749115e-01
9.736830999694292554e-01
9.826596981919619722e-01
9.979947397630704042e-01
1.001029548328583596e+00
9.903272190866612146e-01
9.658830374791530504e-01
9.695283338702026521e-01
9.989739721345264334e-01
9.834846724516593808e-01
9.596015539691359342e-01
9.759422712506443665e-01
9.705369916545026898e-01
9.775112432415751229e-01
9.883129795639050696e-01
1.004437476613388336e+00
9.796258633897690915e-01
9.676899624916563969e-01
9.866056427227660741e-01
9.727930323706197591e-01
9.787250306516740439e-01
9.698858948321865681e-01
9.853134804077368081e-01
9.671968175925013123e-01
9.505647519313341620e-01
9.862211639064459856e-01
9.318893497540461368e-01
9.801728552236843584e-01
9.713097391945466619e-01
9.760847553363422024e-01
9.659443190243414135e-01
9.857422487861878801e-01
9.820013005529589778e-01
9.678169532658259522e-01
9.930157240273759234e-01
9.967375668991740323e-01
9.762897557203634724e-01
9.861541083808158525e-01
9.833389033039663385e-01
9.984058635864588860e-01
9.859927904918918129e-01
9.867140162776412149e-01
9.839012431909716083e-01
9.914086194638108696e-01
9.921844368046166540e-01
9.850632027973010851e-01
9.768076272563057660e-01
9.688586779222964074e-01
9.840499535393066877e-01
9.875873517986660799e-01
9.864374660761819902e-01
9.731492720581743638e-01
9.863372020450555944e-01
9.902396697066000453e-01
9.670884446689669289e-01
9.919693270079259495e-01
9.697393620170012829e-01
9.864335387796357990e-01
9.773107869713580920e-01
9.931154733363357634e-01
9.780656864890444613e-01
9.737334054054441745e-01
9.626691568994184545e-01
9.849714951105755789e-01
9.903199551807821965e-01
9.448288406250556770e-01
9.350599177635120496e-01
9.896705842204291947e-01
9.721746201528556064e-01
9.623634762319959179e-01
9.868850881616416659e-01
9.748324135583750216e-01
9.784349257135613875e-01
9.694383401847920245e-01
9.845060673467169732e-01
9.865788097798569023e-01
9.641782221540483588e-01
9.911023118383663899e-01
9.751348052952683032e-01
9.647407078195724406e-01
9.906052776545363203e-01
9.776308162480884523e-01
9.891618468371496942e-01
9.331070337892124478e-01
9.777197616145985037e-01
9.926457896212327325e-01
9.797746372206317389e-01
9.753741029601052936e-01
9.766500909496187433e-01
9.841195876213408855e-01
9.862261643928190713e-01
9.924148655048675716e-01
9.813751908316936667e-01
9.804867419557584673e-01
9.807473614069711632e-01
9.918593617724765776e-01
9.983956202145255476e-01
9.628471415178387893e-01
9.745685033253544960e-01
9.367975037456459653e-01
9.874131661569132135e-01
9.834227157732802205e-01
9.766713800924398114e-01
9.951552082169787816e-01
9.762597414094255077e-01
9.747056025937779200e-01
9.777843086756192736e-01
9.857754341991373792e-01
9.831082033743695492e-01
9.632060133692782466e-01
9.767019026242077517e-01
9.871839587956958706e-01
9.810322339453607654e-01
9.663228001546591006e-01
9.589776208569168459e-01
9.711338485728702175e-01
9.781187597632052810e-01
9.593042859734878247e-01
9.840707678304873030e-01
9.814610493448920892e-01
9.955279568262305201e-01
9.666788780770928513e-01
9.907348020503792263e-01
9.939630051526653354e-01
9.844790535755074679e-01
9.826731375664169432e-01
9.864979001116277457e-01
9.583665691884498683e-01
9.507099165881968128e-01
9.823508625977048769e-01
9.915546157287489226e-01
9.884868013440980539e-01
9.734772127605870740e-01
9.797776436484931795e-01
9.872424957330853124e-01
9.760211290491881408e-01
9.699754108144640341e-01
9.673684581373156455e-01
9.965508383403564041e-01
9.687176683150809930e-01
9.671472144506065849e-01
9.756908795525689460e-01
9.813200084330391260e-01
9.645123365389874914e-01
9.692358932777481728e-01
9.558855660166384327e-01
9.652287038096596383e-01
9.459167496716703871e-01
9.731911324517316109e-01
9.859597797652490669e-01
9.618679279289144013e-01
9.467300382373273759e-01
9.899656297102762403e-01
9.846715339842995185e-01
9.944021575836569093e-01
9.719052377407404464e-01
9.685366730070673613e-01
9.613003437423545128e-01
9.541292821572713301e-01
9.868172815164927281e-01
9.880243602150913240e-01
9.702598313867863977e-01
9.862823580211985686e-01
9.717861536457550464e-01
9.800378561758379403e-01
9.783802402275841859e-01
9.864479146294191647e-01
9.823044581283540966e-01
9.731110752003108155e-01
9.904858734411828847e-01
9.784687727568022186e-01
9.786399248669529483e-01
9.869631650233892106e-01
9.925627678615182026e-01
9.751776040437026838e-01
9.878838935225482398e-01
9.369657368959651844e-01
9.959182578507362882e-01
9.647329624160809747e-01
9.896095135916929131e-01
9.875979985589792287e-01
9.851556786339193961e-01
9.793585316365492899e-01
9.778204371898406855e-01
9.717577756808872813e-01
9.883137456600353810e-01
9.588758370048636737e-01
9.752809176411627590e-01
9.616410828563870528e-01
9.738419090244858634e-01
9.874254677650915468e-01
9.580551162000020549e-01
9.899783682529720297e-01
9.939713975825265058e-01
9.711040117832624441e-01
1.003362054825938099e+00
9.709197446959660915e-01
9.813529486553965731e-01
9.932877822252953459e-01
9.794589200165781939e-01
9.660131000423533010e-01
9.821879681411340712e-01
9.763151523348929661e-01
9.552416383175605930e-01
9.977131388356440533e-01
9.757917329898027070e-01
9.898321792055412294e-01
9.732069315272777743e-01
9.763106919283772722e-01
9.872560282405405951e-01
1.001062397750881461e+00
1.009599350774291526e+00
9.865821370395836398e-01
9.735726846373796706e-01
9.754051874850393489e-01
9.548304476529657636e-01
9.509887742113773967e-01
9.524606306428219371e-01
9.760832717914416090e-01
9.833884250219351308e-01
9.681893358423276919e-01
9.572420014511098252e-01
9.822363588779614574e-01
9.941629332467890601e-01
9.896702391170276725e-01
9.757736588296233027e-01
9.827508180095390067e-01
9.835926197197363274e-01
9.862632300822063991e-01
9.753228872393338023e-01
9.611852068848429909e-01
9.977611367663895559e-01
9.849851930514251785e-01
9.755909831139081279e-01
9.451809283470604672e-01
9.519862250909206791e-01
9.838902591585582114e-01
9.631542005036886067e-01
9.937435003465634464e-01
9.826263103018428868e-01
9.821405032052447082e-01
9.777680911861225121e-01
9.751201545031017437e-01
9.618777502909944266e-01
1.001609911522904239e+00
9.741309694552453546e-01
9.848680352644637592e-01
9.792622527892609341e-01
9.575187809365911518e-01
9.699963282785921681e-01
9.814455649878774945e-01
9.859758902588824370e-01
9.738298580449699093e-01
9.713646269264961663e-01
9.756283832979431025e-01
9.575263269039007152e-01
9.521541189006459405e-01
9.779463972833071228e-01
9.755115215331314760e-01
9.601814266779902241e-01
9.763244935528140322e-01
9.969165370971755369e-01
9.738347291250076809e-01
9.833041665172873591e-01
9.456902290551050250e-01
9.610892336760120669e-01
9.778102041467137129e-01
9.788371773404105358e-01
9.597564052160421078e-01
9.908547601375443659e-01
9.849147887064304552e-01
9.850037718221601457e-01
9.763419024311423833e-01
9.488468154469195115e-01
9.740680419278879842e-01
9.948479018053849599e-01
9.194941428698003572e-01
9.775343006828511871e-01
9.957665619162835435e-01
9.782918401489513194e-01
9.666967530421909371e-01
9.461881971644882094e-01
9.855094940531909931e-01
9.853287692505208195e-01
1.000003832614535959e+00
9.943619163780387238e-01
9.822215616891951662e-01
9.718636780821189314e-01
9.706350825524449055e-01
9.506561398335936497e-01
9.760617346089046631e-01
9.838895341010610585e-01
9.703738738616336512e-01
9.655327535067714795e-01
9.608171236139280147e-01
9.764683522813778493e-01
9.855660288001525382e-01
9.781820873521661630e-01
9.858597840973011284e-01
9.622344739940622560e-01
9.884793324902076961e-01
9.844226765661781009e-01
9.781508875896391952e-01
9.835840081091657972e-01
9.939991775720735667e-01
9.818952008727167557e-01
9.516327379302260692e-01
9.771781607117748791e-01
9.878563423670019272e-01
9.966114635481155837e-01
9.725224483802792363e-01
9.913088009447744708e-01
9.828126846420938145e-01
9.773677654987097396e-01
9.827082960890746177e-01
9.941142037934674880e-01
9.944025079826428470e-01
9.885557315780706400e-01
9.652772072632580524e-01
9.646912169947220450e-01
9.566061135795915771e-01
9.902959755855617052e-01
9.869899532126508168e-01
9.999536028334097271e-01
9.615029359992789404e-01
9.698646938875342682e-01
9.406947540597551116e-01
9.753319660374950573e-01
9.811847589878516240e-01
9.835181238045974661e-01
9.772409673974851163e-01
9.724698233635765687e-01
9.866578108124877122e-01
9.682379194298313951e-01
9.869996872452464487e-01
9.841872434169998130e-01
9.749818782557774233e-01
9.843864800549307903e-01
9.882832767398923579e-01
9.966121628720442382e-01
9.827532707416214430e-01
9.956058601196270397e-01
9.934794708360391580e-01
9.689292602997312542e-01
9.709902740459861459e-01
9.761004484701908401e-01
9.881037096500041583e-01
9.572178747909135810e-01
9.810869975167720858e-01
9.614792965358707200e-01
9.684888872156273143e-01
9.948504672142313154e-01
9.894818108238986332e-01
9.941068127272771893e-01
9.228670103376364064e-01
9.845709197986721728e-01
9.779409158500635968e-01
9.841621886791384055e-01
9.822822361919602008e-01
9.635018966177812949e-01
9.803848896130935575e-01
9.743902198947005378e-01
9.889685358752012823e-01
9.956818639055347031e-01
9.504638985499032078e-01
9.800697192329612673e-01
9.597385706856074172e-01
9.769163643824573251e-01
9.769359514116129350e-01
9.764888821664781116e-01
9.723719831660931900e-01
9.881141585079996625e-01
9.575874229280235683e-01
9.747461309974251309e-01
9.765613868326414870e-01
9.819554637035391442e-01
9.877598059232690630e-01
9.860360703930747261e-01
9.972888771454256895e-01
9.542151551453282865e-01
9.890890609193627725e-01
9.679313607960178256e-01
9.600918917486824800e-01
9.786264257159902336e-01
9.884408032568396951e-01
9.936007654008678358e-01
9.898328656627778388e-01
9.832203290582824939e-01
9.517900842648462367e-01
9.923853717644295358e-01
9.826128919508946291e-01
9.585257034601570858e-01
1.001255470105439027e+00
9.869199259440669669e-01
9.397271071138139087e-01
9.882020587114049848e-01
9.862151120912514557e-01
9.867550336396658794e-01
9.903609498412919709e-01
9.850418496042123717e-01
9.780990765773296403e-01
9.860286571814156353e-01
9.918781579177915475e-01
9.455525183442745618e-01
9.672857789121740435e-01
9.924932364683155539e-01
9.744346383061823769e-01
9.993445230649773414e-01
9.868399460258748812e-01
9.845293738535905170e-01
9.888788154990506563e-01
9.880173370497037366e-01
9.690504350916318010e-01
9.748675332294395313e-01
9.696100999709814650e-01
9.919394039979205768e-01
9.773641855543658830e-01
9.619812166271164422e-01
9.789586951197160047e-01
9.768658332641619868e-01
9.775696168104713868e-01
9.496797237251659585e-01
9.954441197217812620e-01
9.828520362969684898e-01
9.877308852889137292e-01
9.754253700463981769e-01
9.594577203968347456e-01
9.945797081514634597e-01
9.627272013593967115e-01
9.666521854842478056e-01
9.718184453462277439e-01
1.004403066994651539e+00
9.907151114743467657e-01
9.684747587880373487e-01
9.912582719763710637e-01
9.696864167803115331e-01
9.900751345227611910e-01
9.887372619696744858e-01
9.928406062214372163e-01
9.820596075560944493e-01
9.935530265595270416e-01
9.886910989622270662e-01
9.445373941560525344e-01
9.824628609922262390e-01
9.779122104816765360e-01
9.683377324044208923e-01
9.830010187785592768e-01
9.712332224218943599e-01
9.732287608294305503e-01
9.981265753462836843e-01
9.880466784316915829e-01
9.837755980502435049e-01
9.702767017104639846e-01
9.808378836772820852e-01
9.832806878129194406e-01
9.833250314212074183e-01
9.846204098098649826e-01
9.737740255126278166e-01
9.767963486827327957e-01
9.763503799646334746e-01
9.891551597881729219e-01
9.633420052051033800e-01
9.789250266341492646e-01
9.908628831235805068e-01
9.707432143227984200e-01
9.778105638666602095e-01
9.772300549430814609e-01
9.856507579915755324e-01
9.623235168041086585e-01
9.754064683436876049e-01
9.968192527610625353e-01
9.948092946343114473e-01
9.594895703375905249e-01
9.550068766329115055e-01
9.977148947435520165e-01
9.759688370974525240e-01
9.741953464261031703e-01
9.915754256392151911e-01
9.929365851503125784e-01
9.883589848118328192e-01
9.873801209089300146e-01
9.845557725666245208e-01
9.651077362066421417e-01
9.702205384239280805e-01
9.839631449354870885e-01
9.706981028764760655e-01
9.536922765583858430e-01
9.839455336200719771e-01
9.677757988426661795e-01
9.801783879523412457e-01
9.800683394650135938e-01
9.861551640845703792e-01
9.668000509685445998e-01
9.862745752419834755e-01
9.697674202714595681e-01
9.888917797810280463e-01
9.902257217398644507e-01
9.785491813345446044e-01
9.893414395186761467e-01
9.731769067493661884e-01
9.622787950879119201e-01
9.866364495173176596e-01
9.690445910787389705e-01
9.920341038663247346e-01
9.842182364858486077e-01
9.483405149782151433e-01
9.533020327546440909e-01
9.702988564012476891e-01
9.846944617944816125e-01
9.611245173003701847e-01
9.992765168240353990e-01
9.898976958211390675e-01
9.841890459173211481e-01
9.767279440202197849e-01
9.963602684660531894e-01
9.900969174799237882e-01
9.408778864352920213e-01
1.003577443433569805e+00
9.823785145838817012e-01
9.713228023790309029e-01
9.878762651222700031e-01
9.721736732610229970e-01
9.732564934204747109e-01
9.905900706929466892e-01
9.694775719677161119e-01
9.942570142447131332e-01
9.821124790136470661e-01
9.736002947055834023e-01
9.714507405193217870e-01
9.846290175876507567e-01
9.869365458697528792e-01
9.872014782079230333e-01
9.738118166489783123e-01
9.653901364213124392e-01
9.803614572369109270e-01
9.626938995394598297e-01
9.641989463118972870e-01
9.815873082927966120e-01
1.000542321279869640e+00
9.952113506732546133e-01
9.906824635159920955e-01
9.825321989961437463e-01
9.791741503565360993e-01
9.645981116119960452e-01
9.436806164843641875e-01
9.956469917317543050e-01
9.780576254350481502e-01
9.974868177605318298e-01
9.836367664922384124e-01
9.699068246728742571e-01
9.777697187022138525e-01
9.882575713907674198e-01
9.778065683351044868e-01
9.740851562726853263e-01
9.818025093521162150e-01
9.957048374890525855e-01
9.969598550663592018e-01
9.825558191662092655e-01
9.986125090077373478e-01
9.792044946803009076e-01
9.861732629554179619e-01
9.672000494521632019e-01
9.892619130730230248e-01
9.625896963395762507e-01
9.784256370205414166e-01
9.780672449831137039e-01
9.616130483193467970e-01
9.644617028861685037e-01
9.736039269662853934e-01
9.775608519706419086e-01
9.998768273577316457e-01
9.835684876861725545e-01
9.648785618034131373e-01
9.983879196177805060e-01
9.801141009612394095e-01
9.928617521276343894e-01
9.805476934780379406e-01
9.881539823154988911e-01
9.815446188683135675e-01
9.638151227346652972e-01
9.554337403997354983e-01
9.728815057019960522e-01
9.945677422195946527e-01
9.783272609887572191e-01
9.884973226000089985e-01
9.815965495089533643e-01
1.012467311740995246e+00
9.615634443715269652e-01
9.672123091394331240e-01
9.539366104212213537e-01
9.440688186470876930e-01
9.780522379911831266e-01
9.844006429225784505e-01
9.455263636757409440e-01
9.934066782161959930e-01
9.746466013099109871e-01
9.822353348576697840e-01
9.659506865868261460e-01
9.776488948949293434e-01
9.838424152861448002e-01
9.877121039352997345e-01
9.539444378526766855e-01
9.868888281184003963e-01
9.885647984147645229e-01
9.604359954652759157e-01
9.684013957149183449e-01
9.776979231656276470e-01
9.656256010811915536e-01
9.540737829024013017e-01
9.569144752101699236e-01
9.654242300925626186e-01
9.887059882031871139e-01
9.903538798984804492e-01
9.699545374472475778e-01
9.844925846953994641e-01
9.995471789082233105e-01
9.946595365315595849e-01
9.821323740837647476e-01
9.858395425694950198e-01
9.934574218746277108e-01
9.821508417017396075e-01
9.860824281160517346e-01
9.842038476749972453e-01
9.959183918085996456e-01
9.669994709112171849e-01
9.902550044519260464e-01
9.863472725790294326e-01
9.761887310734533862e-01
9.739719423482701144e-01
9.767237942063159428e-01
9.679894728771832879e-01
9.612482190912254865e-01
9.774028483878076656e-01
9.843573172134731930e-01
9.735136583381519548e-01
9.774804893169367626e-01
1.000841321152959651e+00
9.727162177555709333e-01
9.520159644881303063e-01
9.842910339186839996e-01
1.008706750385110373e+00
9.816758991413122581e-01
9.817977743376574695e-01
9.939205178470046365e-01
9.722801411715595865e-01
9.858382123613861348e-01
9.676989515629987881e-01
9.676126286265825938e-01
9.730906548254161237e-01
9.804093511819257367e-01
9.706938742281373544e-01
9.791264123358887073e-01
9.830060608695108115e-01
9.937066120045513484e-01
9.781165845527534097e-01
9.737018306929098310e-01
9.637516849080713932e-01
9.840817878643405292e-01
9.870171636208253663e-01
9.878474106413760447e-01
1.005356791667425753e+00
9.706898165578164983e-01
9.825252462290156030e-01
9.861975534236976371e-01
9.819846210784837215e-01
9.599715484080505457e-01
9.725962392235689702e-01
9.804593381071448066e-01
9.924200521093881067e-01
9.844876832177641424e-01
9.796334611977438600e-01
1.001261882760569044e+00
9.828207694438667597e-01
9.645699365063561403e-01
9.895217559139308783e-01
9.805044860718395983e-01
9.988563368602311199e-01
9.843448765206341822e-01
9.731697770844720541e-01
9.785309026439182878e-01
9.577069258621427883e-01
9.966163296554438888e-01
1.007454061925682653e+00
9.887311154273535907e-01
9.849736433707276806e-01
9.781128007618627995e-01
9.763832808659943518e-01
9.863481978929364846e-01
9.881087930957811460e-01
9.787021304667842259e-01
9.671358974244483875e-01
9.742354698932281787e-01
9.720616561410906353e-01
9.858170984410967730e-01
9.838478060442208406e-01
9.872168312146151203e-01
9.920652141961673331e-01
9.763410306677746675e-01
9.914012493073471877e-01
9.870990465695055338e-01
9.826118286227449872e-01
9.830413076688641061e-01
9.566702966552472764e-01
9.892006418421943614e-01
9.617368424902208446e-01
9.774632202745526799e-01
9.867375307380984450e-01
9.468032065304153866e-01
9.847105713726784781e-01
9.997133941353050224e-01
9.679594378187703629e-01
9.840529290796448114e-01
9.846483523284187411e-01
9.881674686769023053e-01
9.816311499566048315e-01
9.516088420484815069e-01
9.845589974001170974e-01
9.801391663881650063e-01
9.847532196098279789e-01
9.845800860145406119e-01
9.923621520886689584e-01
9.500714051510236180e-01
9.487663366888625660e-01
9.874413496007981017e-01
9.710213766863184937e-01
9.633969356937759354e-01
9.938189661497475180e-01
9.889904568279810348e-01
9.841131980220042541e-01
9.862019942754066681e-01
9.757693365103370375e-01
9.637245812496515462e-01
9.757902282119427229e-01
9.855271255115393148e-01
9.802471187007608666e-01
1.005439798576049926e+00
9.739347966744203999e-01
9.922190470135123785e-01
9.907570068776666572e-01
9.886128328388933406e-01
9.848596555697469723e-01
9.928376703932909608e-01
9.831124626801305277e-01
9.960301792915440267e-01
9.732798622806445588e-01
9.411246683950804659e-01
9.756358867786647515e-01
9.975238000681341255e-01
9.984194619891205713e-01
9.810967904328522504e-01
9.822238840641284163e-01
9.821394982834905640e-01
9.922525963088177914e-01
9.811447707874212387e-01
9.871464017923384793e-01
9.723482949088491090e-01
9.768347437272036915e-01
9.853216591874900399e-01
9.871504660246059881e-01
9.887292582469151547e-01
9.891892970972493426e-01
9.837981497565149169e-01
9.913810142043530949e-01
9.618053986501625685e-01
9.890081582380263470e-01
9.746491095375358071e-01
9.676341473016657480e-01
1.002855594342315859e+00
9.900162574740033472e-01
9.993170116963667748e-01
9.922086379484708063e-01
9.504583473564076623e-01
9.945714837958553600e-01
9.799185749942407320e-01
9.604192846419160601e-01
9.718468218748478327e-01
9.639466179686656533e-01
9.774627121802631491e-01
9.923955542805635854e-01
9.864877592627377956e-01
9.557547392612663062e-01
9.448036387138974979e-01
9.606894211990478771e-01
9.920759464876410805e-01
9.766427671954714951e-01
9.825272218996534690e-01
9.687587481927079081e-01
9.506997980157537720e-01
9.910317092465952271e-01
9.613272910132948379e-01
9.802183798646135759e-01
9.849942427107906129e-01
9.888113607368131941e-01
9.918725453750304455e-01
9.879953237966280222e-01
9.650657116830687610e-01
9.857681857385801605e-01
9.843103242604517300e-01
9.800587210963933593e-01
9.809422581137898778e-01
9.978277141472293721e-01
9.658874936352808138e-01
9.905924783740740480e-01
9.802576480326244956e-01
9.792371516760159933e-01
9.895910540247684350e-01
9.617459742309345527e-01
9.758307902699215886e-01
9.752648226652156360e-01
9.450980628581030496e-01
9.807936478081940024e-01
9.724784399813195535e-01
9.650908111819378465e-01
9.885177035396419676e-01
1.009189212598146312e+00
9.875312383413168416e-01
9.884752080663403717e-01
9.794722744752270005e-01
9.900115967598467348e-01
9.907848618545228581e-01
9.843900863805111756e-01
9.915015408112283213e-01
9.799865004965756521e-01
9.750909977239946569e-01
9.683174423021648769e-01
9.813206379237897625e-01
9.870274360718354068e-01
9.486425255162010961e-01
9.811691411464361634e-01
9.583249715245067968e-01
9.846631489317473340e-01
9.784880217307975192e-01
9.758324025145183045e-01
9.981020849750407153e-01
9.843233070337200630e-01
9.714726215500744111e-01
9.682955087447586706e-01
9.849633245212209287e-01
9.880185948856009537e-01
9.847872482602412214e-01
9.958092997541767577e-01
9.574327572636850414e-01
9.615407250462395528e-01
9.819830172577570515e-01
9.382074298370791654e-01
9.589036390970321344e-01
9.656050821540298479e-01
9.622379550324521302e-01
9.700193441793700799e-01
9.778124423534779730e-01
9.777029149438390965e-01
9.888789886010002084e-01
9.871931836467223720e-01
9.726069781868875719e-01
9.487675169829400401e-01
9.849647354448769487e-01
9.749069905426360760e-01
9.683353373784090445e-01
9.923615735982511676e-01
9.683785207405090079e-01
9.921084059131889399e-01
9.822355114725852543e-01
9.810396800111975679e-01
9.734217659896551300e-01
9.857685438119018206e-01
9.777660629245352730e-01
9.815650735431776797e-01
9.797975501220387295e-01
9.471566169995830897e-01
9.723459925440560703e-01
9.814274884013678424e-01
9.722016942457412103e-01
9.957667517932846657e-01
9.718122720685768989e-01
9.927624814630559014e-01
9.684338458803887217e-01
9.822258093504718790e-01
9.853127181992147321e-01
9.818704118117015378e-01
9.719066662010913404e-01
9.831823077991183046e-01
9.931508608509683755e-01
9.704212236326885677e-01
9.749790682231779249e-01
9.818996468251400822e-01
9.844503855374998613e-01
9.469393316324320464e-01
9.609438935329641662e-01
9.954119206346153659e-01
9.807988923598527364e-01
9.686192423611850177e-01
9.776744056804469452e-01
9.804768159160691665e-01
9.665159492700422517e-01
9.824003988817104904e-01
9.845672464624874998e-01
9.799569179211722325e-01
9.913828167649788581e-01
9.603933314955601652e-01
9.362988547137984785e-01
9.696361758177729495e-01
9.676169613853435880e-01
9.704029827266656971e-01
9.771204711896859241e-01
9.626341467366489324e-01
9.722097867144756655e-01
9.876780668966592680e-01
9.817425157907131439e-01
9.919704894458207800e-01
9.844834480970913182e-01
9.794776247761983745e-01
9.576264871154895886e-01
9.616140413693718969e-01
9.754414722401465454e-01
9.781899724503295701e-01
9.781064704527072662e-01
9.746330276612177324e-01
9.694501542506945846e-01
9.843292980945035353e-01
9.627499428017126659e-01
9.972036628768565780e-01
9.903685660487753228e-01
9.907639076559910940e-01
9.816441490681554471e-01
9.866192324912012035e-01
9.778257427006008529e-01
9.626961021725064516e-01
9.835130620584364713e-01
9.966255649732839172e-01
9.768208580422566012e-01
9.677233211320267481e-01
9.905961767353261838e-01
9.914493509172566110e-01
9.912157487378279175e-01
9.721562127165179756e-01
9.872229802435247281e-01
9.830710592394771297e-01
9.811636743360785395e-01
9.615342436285814198e-01
9.856394765260694246e-01
9.750491960046269169e-01
9.931744750556781298e-01
9.872916813466673380e-01
9.563436153358594316e-01
9.828390400160589291e-01
9.834828276933064162e-01
9.897710870430351804e-01
9.891949420610126609e-01
9.779848180843958572e-01
9.885542881066257115e-01
9.891232650125454384e-01
9.853374715659427574e-01
9.691187874783054879e-01
9.820150721909913782e-01
9.800240470725802844e-01
9.853266365830711804e-01
9.471443540871745670e-01
9.701066606469068709e-01
9.805012203684525529e-01
9.748764757441302775e-01
9.863295829213597488e-01
9.580996641492988131e-01
9.671684848817920788e-01
9.432901272592985054e-01
9.869637586474279134e-01
9.864833654108264849e-01
9.831862574603320581e-01
9.822123628815894181e-01
9.816498536333145841e-01
9.848459316097095684e-01
9.708247908468681242e-01
9.503159535663195934e-01
9.788430521973610077e-01
9.834429946509550824e-01
9.504324115665768735e-01
9.903739022358980515e-01
9.922204451398177749e-01
9.641069223224644213e-01
9.737042496977004191e-01
9.937048688057665835e-01
9.583707123704024999e-01
9.787970646317916135e-01
9.956950726668117868e-01
9.988856848564622304e-01
9.502284526067660275e-01
9.384184543890873309e-01
9.870422156806999414e-01
9.818102614489930824e-01
9.845301879219436891e-01
9.822404502600184939e-01
9.798180513754672916e-01
9.887999131260353236e-01
9.821140335113257569e-01
9.755339928210862155e-01
9.760768753852874235e-01
9.917030112082930726e-01
9.976770294003840522e-01
1.005979869352229938e+00
1.002457291732531175e+00
9.722984451487056701e-01
9.799880916438760137e-01
9.728725889571682162e-01
9.702800503244690677e-01
9.590731925440862948e-01
9.747066227954991335e-01
9.781178733124898939e-01
9.916236264014366419e-01
9.899414414548415309e-01
9.682131120586994211e-01
9.705865882047421955e-01
9.897113270272073215e-01
9.850122751409879918e-01
9.593105475096328494e-01
9.566687700453193610e-01
9.840462046093918502e-01
9.825099358037284736e-01
9.748467086363336032e-01
9.731946700347426926e-01
9.958742031637937142e-01
9.872717611230311663e-01
9.907509925331006162e-01
9.783230926574217889e-01
1.006924827293902203e+00
9.835310768899898637e-01
9.803699314992672109e-01
9.716503674172868310e-01
9.829775291702991247e-01
9.833019780871787852e-01
9.618133954343102143e-01
9.839195699582339305e-01
9.638701156296117789e-01
9.886737393569305921e-01
9.670896206115067173e-01
9.751977910373007541e-01
9.944882148536042799e-01
9.957648384969203237e-01
9.472261000031499956e-01
9.815419003674088483e-01
9.778523520562565352e-01
9.819278337957940694e-01
9.865801050642293291e-01
9.663030921326591915e-01
9.759676106623286218e-01
9.808412104461151637e-01
9.857848006010151432e-01
9.823213575036028322e-01
9.926875035469502340e-01
9.807732826390217484e-01
9.862215727449781255e-01
9.806479837597382732e-01
9.972544996401566664e-01
9.754676112910393160e-01
9.832511623829522929e-01
9.835194345925517556e-01
9.829111278263785723e-01
9.670126379199256439e-01
9.799384064064103894e-01
9.872104372476470102e-01
9.787811732626728878e-01
9.665732036662766369e-01
9.924718789534271446e-01
9.682073392782792887e-01
9.509306187456346704e-01
9.801888514066853242e-01
9.758467510933784839e-01
9.899874992456509926e-01
9.905781145274459298e-01
9.904120364212256611e-01
1.013727518351811074e+00
9.872671455535262375e-01
9.914774700192596768e-01
9.844962869231218550e-01
9.940961409575774788e-01
9.676374295285270488e-01
9.832853516296177210e-01
9.699686845579174044e-01
9.494696585080856233e-01
9.852927542749130296e-01
9.653503643975734905e-01
9.973632017792438686e-01
9.781519856227951504e-01
9.792327082095292345e-01
9.923218300392699920e-01
9.839894154617546684e-01
9.965467470797177985e-01
9.807181734190258959e-01
9.740744430789954889e-01
9.847116017794824705e-01
9.736095641860238459e-01
9.911540509780579766e-01
9.733642273479734541e-01
9.890897332000607722e-01
9.823060179948750470e-01
9.720308626483946668e-01
9.603780042864773492e-01
9.825520759145831562e-01
9.721362852269557209e-01
9.671376017398627400e-01
9.842995729701017327e-01
9.695161042598235968e-01
9.925396155550803012e-01
9.821154001707995684e-01
9.916095056095205473e-01
9.774033630615498458e-01
9.862713556797967351e-01
9.502596557337621430e-01
9.762389382506992952e-01
9.501435396922091048e-01
9.837849379077884260e-01
9.703671913797637938e-01
9.774791033734254730e-01
9.764412503537646115e-01
9.474251548903059872e-01
9.913349305625441810e-01
9.831625742550076374e-01
9.870496380954455473e-01
9.601506619990242131e-01
9.712926553400533791e-01
9.870076516311008241e-01
9.769016293662518002e-01
9.815383557495359623e-01
9.826813567972727537e-01
9.798959074498843069e-01
9.872181790465073270e-01
9.877656432949366572e-01
9.841651400312877440e-01
9.684904628159447526e-01
9.643111215028653538e-01
9.535133700625944009e-01
9.849586783287480607e-01
9.805043676412886766e-01
9.344830287923542311e-01
9.873835173855336489e-01
9.866520554898329243e-01
9.874226770403963238e-01
9.461148840006621263e-01
9.667723232187581672e-01
9.834709945790819363e-01
9.812940273799346524e-01
9.699280234176587134e-01
9.633568680354193114e-01
9.681939790589040307e-01
9.699355984494162364e-01
9.824113624387919019e-01
9.575058398352229716e-01
9.872950782636371603e-01
9.932634171424089553e-01
9.651566951984975606e-01
9.923260006204698280e-01
9.367972203081726956e-01
9.921441067889907872e-01
9.812070117254211299e-01
9.871033727339215691e-01
9.917981819047440029e-01
9.942300919282691662e-01
9.714514333098589471e-01
9.809481833849909016e-01
9.854697609566014371e-01
9.788020973586472051e-01
9.948004441942662757e-01
9.751866320525107712e-01
9.876871011541498158e-01
9.771723111430223874e-01
9.791767475499242313e-01
9.674644007077490837e-01
9.563549351064796200e-01
9.773280970041969828e-01
9.823492740577278726e-01
9.730837325308987484e-01
9.876472523308676976e-01
9.844966905797059020e-01
9.674210516915953129e-01
9.864910122623207211e-01
9.888577957870073876e-01
9.587507513663211522e-01
9.675070879648459687e-01
9.841143119358108926e-01
9.412979076449473625e-01
9.871547450930628909e-01
9.906220863474669569e-01
9.636666844553631872e-01
9.932025225246076117e-01
9.884678259015962087e-01
9.626193673629249714e-01
9.812646712499744073e-01
9.980675807804670896e-01
9.796690371668539399e-01
9.754338594078283409e-01
9.777497492831530579e-01
9.684534462322950121e-01
9.745996591860585090e-01
9.576960849681598331e-01
9.693094593537090464e-01
9.687756244915070036e-01
9.704389031555501477e-01
9.433410637130144050e-01
9.892254820556379835e-01
9.991456705681995842e-01
9.836131847517397553e-01
9.947867311993673356e-01
9.658522546582546386e-01
9.507371496084804363e-01
9.816500118582149881e-01
9.766716147506916412e-01
9.882594654161344083e-01
9.574169454750169894e-01
9.643781145695812240e-01
9.778842820519005885e-01
9.818000678038306672e-01
9.685987938897376859e-01
9.790654665595758255e-01
9.857385013201560575e-01
9.631671737448295190e-01
9.789841617227019732e-01
9.784813640397328482e-01
9.875062690182743186e-01
9.770875584306466521e-01
9.467806132283209664e-01
9.621966685718208456e-01
9.826289761912085918e-01
9.891727162242089921e-01
9.856418748338515723e-01
9.669342759041836821e-01
9.594009422463701808e-01
9.611431525454655622e-01
9.990634062563112927e-01
9.876581857606867576e-01
9.584804293112021423e-01
9.805383616362265409e-01
9.880521310736160023e-01
9.716405653555780786e-01
9.842595776380969053e-01
9.604790182473842419e-01
1.001388119273331379e+00
9.671701082190895526e-01
9.829499098786450562e-01
9.996707017750855462e-01
9.759346652882793238e-01
9.869427528988161669e-01
9.553122830481964867e-01
9.739942330060562536e-01
9.889689918099400234e-01
9.738419035564257475e-01
9.906378416722836366e-01
9.840458853871287825e-01
9.939332584605533594e-01
9.633603314478104140e-01
9.956971636813707338e-01
9.841200566521282056e-01
9.834479839188107198e-01
9.863168494070819747e-01
9.981887937503989283e-01
9.993100612275943595e-01
9.906191478658964433e-01
9.795429229566166018e-01
9.959186154514757527e-01
9.802651132982097559e-01
9.555759005257352667e-01
1.011289572131469638e+00
9.890414112554676285e-01
9.953856435331462915e-01
9.913057080865083082e-01
9.569049176031506621e-01
9.807712401331450947e-01
9.709746077388862195e-01
9.640057896366227563e-01
9.754903068504012786e-01
9.790075246323290958e-01
9.867624799324884455e-01
9.815867826562049148e-01
9.830119531736778438e-01
9.825829093704788741e-01
9.906013705174233630e-01
9.867115843496513383e-01
9.791530938830438346e-01
9.906008837251180088e-01
9.928662766169731313e-01
9.668891727696742322e-01
9.698454386547569195e-01
9.754559030147600396e-01
9.780236687332078960e-01
9.767637508379912736e-01
9.818389610518973853e-01
9.910991191010637413e-01
9.708476572911873825e-01
9.943194127856099795e-01
9.905803829276836892e-01
9.915787575195618153e-01
9.742676294720873376e-01
9.795895081847433294e-01
9.851606008428611672e-01
9.856575918866359309e-01
9.622677003856536793e-01
9.672866379205985465e-01
9.907426299669161995e-01
9.681886907149593879e-01
9.908149213834482882e-01
9.698541565125385899e-01
1.000318304595729124e+00
9.513290856071375812e-01
9.823950763954003573e-01
9.549661732788182755e-01
9.811194947084322937e-01
9.858180622855755582e-01
9.909950465159264033e-01
9.842066062209576804e-01
9.829270791585376088e-01
9.747032109131725797e-01
9.952795872699718993e-01
9.692270064978224520e-01
9.639776136379307747e-01
9.689864530553110589e-01
9.818464854671342668e-01
9.920114249913275506e-01
9.544663652030692669e-01
9.484209979276095881e-01
9.699991951476216734e-01
9.959102488143533050e-01
9.809900145941321536e-01
9.947787641580547735e-01
9.831017904810065433e-01
9.213320466642828110e-01
9.762151455598481187e-01
9.800747220820485994e-01
9.879268099087609167e-01
9.715318692929183486e-01
9.889616807378575070e-01
9.859565276407437073e-01
9.849345254988686182e-01
9.758506969855502700e-01
9.948628850679849256e-01
9.775798809738598383e-01
9.864805510707037595e-01
9.940941771553952755e-01
9.859235829742629686e-01
9.796443039787113838e-01
9.458919608992223393e-01
9.868126343353291752e-01
9.600130626543811330e-01
9.871290827961540781e-01
9.813671074361585145e-01
9.897844135963084211e-01
9.946664998902757793e-01
9.809883869370780163e-01
9.722827189015713634e-01
9.894643624950971716e-01
9.906557090413248279e-01
9.541175315861430972e-01
9.676431679075897518e-01
9.634545142811214991e-01
9.864628077690836827e-01
9.830829005473881166e-01
9.703364231113247307e-01
9.525384287971588870e-01
9.825223289674612781e-01
9.652897975408319953e-01
9.617315551568023091e-01
9.823778903721170908e-01
9.537526066331784014e-01
9.825470310490170833e-01
9.735356744916014993e-01
9.634786441570957205e-01
9.767380071739341085e-01
9.921640044290656046e-01
9.926295194332640515e-01
9.569491898141168074e-01
9.882408925165494518e-01
9.890318179415420463e-01
9.960968968664063450e-01
9.902431834058235127e-01
9.832373196935721982e-01
1.000698692911262455e+00
9.839544433621300046e-01
9.881790550174481824e-01
9.829050562089505227e-01
9.586654951208856135e-01
9.813327428803190200e-01
9.793974195821366635e-01
9.529642985263234722e-01
1.003636833288890529e+00
9.841720463237583205e-01
9.850073405419689232e-01
9.964987834190051075e-01
9.719656401501231002e-01
9.861247537761858029e-01
9.878653881104737522e-01
9.844671451933364459e-01
9.877505127305298283e-01
9.955675840863799086e-01
9.770824374447811822e-01
9.857515593333374682e-01
9.450934983153628233e-01
9.795005641302771959e-01
9.852661324825684463e-01
9.886985337342981683e-01
9.892544678533602420e-01
9.777021060805770603e-01
9.848042213308602078e-01
9.785280718653096566e-01
9.726252419049981057e-01
9.689042268075895858e-01
9.966839822047242059e-01
9.427636096595377602e-01
9.555278847402282061e-01
9.819219333628660396e-01
9.733539645812335772e-01
9.867548016879928996e-01
9.468201048738037473e-01
9.640365702949201809e-01
9.810666255131189617e-01
9.814136960851534974e-01
9.934149742673311634e-01
9.845765384751369309e-01
9.898581667735942835e-01
9.725761722292188827e-01
9.762160019239728426e-01
9.794432701124000662e-01
9.881510585478066044e-01
9.883534218959746376e-01
9.588603272613522854e-01
9.656899019394206141e-01
9.728958226291118949e-01
9.605543181502922412e-01
9.787629618264430675e-01
9.544654363125391061e-01
9.753837902190599651e-01
9.803093313576769496e-01
9.791916281312460502e-01
9.891278415888750120e-01
9.770189433047895555e-01
9.836381782002728835e-01
9.821394714638070900e-01
9.906318857228997299e-01
9.731692094678489058e-01
9.980155009888860285e-01
9.643966866127767767e-01
9.616375622567331360e-01
9.766891544841944661e-01
1.005588038313955268e+00
9.879411139807102726e-01
9.883465955679194836e-01
9.776473605288479307e-01
1.000720010113017144e+00
9.817020450019797728e-01
9.938943260500155974e-01
9.796208674592751242e-01
9.825287757134402167e-01
9.853825579498041165e-01
9.700860466357714706e-01
9.828910910506666321e-01
9.882029696965820564e-01
9.733485543061413114e-01
9.984480377795580397e-01
9.885617715433756558e-01
9.745666923371498758e-01
9.808402153737750817e-01
9.830964153840459074e-01
9.859059503048022144e-01
9.811577957404907790e-01
9.886525965329762133e-01
9.813484620878010212e-01
9.895874290751949243e-01
9.776968203482157005e-01
9.802172854258406343e-01
9.874996853199478064e-01
9.662372088574066042e-01
9.659688290964585367e-01
9.713381954388803363e-01
9.488813931170260174e-01
9.658227693832321936e-01
9.759864146303777188e-01
9.694690196463240373e-01
9.875451265084015384e-01
9.648773940846947506e-01
9.837185048914726115e-01
9.531989713718184154e-01
9.582542265302541606e-01
9.834542163739559140e-01
9.556417616898352785e-01
9.796428266083084813e-01
9.779872005092254961e-01
9.941136475831994224e-01
9.964115393390485798e-01
9.850614648080289193e-01
9.744483378645930616e-01
9.920160543858919100e-01
9.732720888776212886e-01
9.881774442612731857e-01
9.802974193648564816e-01
9.740824521552737814e-01
9.866092546898256321e-01
9.684166861284211336e-01
9.743471577568375563e-01
9.744551217997763359e-01
9.831724629699919449e-01
9.847082547662974195e-01
9.724985769176972550e-01
9.694118195566258089e-01
9.845357510061663042e-01
9.824979816328589521e-01
9.795077080281101578e-01
9.737681705070816429e-01
9.632209140239456069e-01
9.930802979579611556e-01
9.892988205308140826e-01
9.787857030940112502e-01
9.900241229701643997e-01
9.852713094614623524e-01
9.833754002841891273e-01
9.952629076966622579e-01
9.670517832072927922e-01
9.886922845685105488e-01
9.855851938566005943e-01
9.803228989272017024e-01
9.700639667221270246e-01
9.781720611530292375e-01
9.863889588601025826e-01
9.810557432180035953e-01
9.914561741296390451e-01
9.850796030515529544e-01
9.846585504516676135e-01
9.940317887650576001e-01
9.665703532345444327e-01
9.881756815090315671e-01
9.879258442611973390e-01
9.799696041500997046e-01
9.688840638211519973e-01
9.704632266591444179e-01
9.710579188771806258e-01
9.800949128932909815e-01
9.503621576776972724e-01
9.877342622532075955e-01
9.618322924758567760e-01
9.923539111868900919e-01
9.642857070105181894e-01
9.878145336925118203e-01
9.689348767306368293e-01
9.834764875962275221e-01
9.885128285463283815e-01
9.933323345806055471e-01
9.825371765709632887e-01
9.830765130928789119e-01
9.805213230554867820e-01
9.568653608828525670e-01
9.970579844369329425e-01
9.676099651064254958e-01
9.836395747964841174e-01
9.901362928725598866e-01
9.871642753910007118e-01
9.549019941350963547e-01
9.673794253860066306e-01
9.804218565649120976e-01
9.903050078342438001e-01
9.705392803403992685e-01
9.867290754171832434e-01
1.001185847796519646e+00
9.915930155759106190e-01
9.668846326542582803e-01
9.873558937806879987e-01
9.841187252322772805e-01
9.925364620616718980e-01
9.695610586938375741e-01
9.621732297822868096e-01
9.683738246244919523e-01
9.741507351452565189e-01
9.846982882230047585e-01
9.821161801708917505e-01
9.886759848838371223e-01
9.707067431987271844e-01
9.708063222248518587e-01
9.574483212534189436e-01
9.736590730078240608e-01
9.851634483471386483e-01
9.857838152112545771e-01
9.952197833032033758e-01
9.945605569392280687e-01
1.005149791665927106e+00
9.816391966921985679e-01
9.857564158720517611e-01
9.501067460014110955e-01
9.808962426521203870e-01
9.741291702236406502e-01
9.845625279442548061e-01
9.868085259044430124e-01
9.753157873769818798e-01
9.511726313119229781e-01
9.796145572167223037e-01
9.892318855712852743e-01
9.944909037384129791e-01
9.904505240470128369e-01
9.647697809736769381e-01
9.853719849352382543e-01
9.556763008356247147e-01
9.901025411913026986e-01
9.782350014041326647e-01
9.782450167857580370e-01
9.863047033555644161e-01
9.804154578885840854e-01
9.827236469381173123e-01
9.786512056127184556e-01
9.877811280068683475e-01
9.891049922021327712e-01
9.757204998289507047e-01
9.703276819111564810e-01
9.825031394644276883e-01
9.841527385881225776e-01
9.443720709614205067e-01
9.873404506051476348e-01
9.747979356601537138e-01
9.679198430445929979e-01
9.567623940108008762e-01
9.784295262023516848e-01
1.005502466617114399e+00
9.829625068383703868e-01
9.811789185614032682e-01
9.774921296139434945e-01
9.840828400013328370e-01
9.696957938420674994e-01
9.730191605499131091e-01
9.577973817115310595e-01
9.935839284275118644e-01
9.946104523018441945e-01
9.678400379441916002e-01
9.845746616452851763e-01
9.717422901801910928e-01
9.952257787969662761e-01
9.818522532426956495e-01
9.804930886507745580e-01
9.834354054168671366e-01
9.824707058966710704e-01
9.478648383631269603e-01
9.869693236315646434e-01
9.734620421714723637e-01
9.824746333464022818e-01
9.820179274014009252e-01
9.746329668047508665e-01
9.862921953613005277e-01
9.817432888828619975e-01
9.697353963720592995e-01
9.875017210059711115e-01
9.860000839516657178e-01
9.742071177242344060e-01
9.837283749596180682e-01
9.767641941593858679e-01
9.881646827920247400e-01
9.764236768694847246e-01
9.751892480246999728e-01
9.840915290534630877e-01
9.649267087951964861e-01
9.768545429103611122e-01
1.003777608586791770e+00
9.963235941549357655e-01
9.700174248014852285e-01
1.000055842709843379e+00
9.435033572007430758e-01
9.845174580832842803e-01
9.834653710767512491e-01
9.982751188632650319e-01
9.785803371719465904e-01
9.836796729096977110e-01
9.691665876291212234e-01
1.000226612200908916e+00
9.813283905570429067e-01
9.718176007000117744e-01
9.754588365406394734e-01
9.466076169864379164e-01
9.809959366997748065e-01
9.680927069574360999e-01
9.618862248667238157e-01
9.672284609233690045e-01
9.910296985813699111e-01
9.855622675427636592e-01
9.793978071498133930e-01
9.799312843777725490e-01
9.904218090871175217e-01
9.849916680603583163e-01
9.665054867128974880e-01
9.800951409184112118e-01
9.949789173464669290e-01
9.911097519323827099e-01
9.703772072099451362e-01
9.651400182155218666e-01
9.907484152890846385e-01
9.736798203840997257e-01
9.861237357711002405e-01
9.893981271297761504e-01
9.753870089776304209e-01
9.834606965198781081e-01
9.906891468792481392e-01
9.597427382113428163e-01
9.772904053794503332e-01
9.651057594641091475e-01
9.791979947073701229e-01
9.923664628332991011e-01
9.826530582102203093e-01
9.945873707200727498e-01
9.940703606555276739e-01
9.762914032813096998e-01
9.675712401352917214e-01
9.761541594610332329e-01
9.433892183038505852e-01
1.004556726551601997e+00
9.782927069645731555e-01
9.843667343428332828e-01
9.869655229649562100e-01
9.617152798731641861e-01
9.849476770610198217e-01
9.824759538284898452e-01
9.633247035420410276e-01
9.893979555909365731e-01
9.892614365356375838e-01
9.904255739831867578e-01
9.642522279909743199e-01
9.712446343768346146e-01
9.881910222088734486e-01
9.987588827788315138e-01
9.714157106807655984e-01
9.695642754873129432e-01
9.939893890365780749e-01
9.605734406505426204e-01
9.886868725429265314e-01
9.748871341407007174e-01
9.755733385692910709e-01
9.559035987722300787e-01
9.848245355051926664e-01
9.784609197481289877e-01
9.571988949164007554e-01
9.936569485473435437e-01
9.842313571944388828e-01
9.873914333497522122e-01
9.970760634486643958e-01
9.694810770447900294e-01
9.827390556269081090e-01
9.705919021282481962e-01
9.715766015042204273e-01
9.893632359284850741e-01
1.000747189110924307e+00
9.902214620993567973e-01
9.743952662873994752e-01
9.657530414998748425e-01
9.776193672743741514e-01
9.706617326334906481e-01
9.759570348662556238e-01
9.746549493725040758e-01
9.808550707279480863e-01
9.945973596496966440e-01
9.666053381856450910e-01
9.635589487088083160e-01
9.830856343486360505e-01
9.695217176866811615e-01
9.902422888531760004e-01
9.717471662354042472e-01
9.929309463215368892e-01
9.863031031686348982e-01
9.716643175915584685e-01
9.912884095295677600e-01
9.640647639931826385e-01
9.796496109387348161e-01
9.789888724270084941e-01
9.690750077392997763e-01
9.759554664841992855e-01
9.859963145108856519e-01
9.774596797554317984e-01
9.771463540856453189e-01
9.843393751551875459e-01
9.719436974514200633e-01
9.880794178942978734e-01
9.511333566045810928e-01
9.696553073880121998e-01
9.895454559293049845e-01
9.739251290622127355e-01
9.733133404283790258e-01
1.000544221089686436e+00
9.887695401746339208e-01
9.783029828359591784e-01
9.914468532843654369e-01
9.887705006064496649e-01
9.789643482280235842e-01
9.593172253212401968e-01
9.916603721900171253e-01
9.477202614419940607e-01
9.858917755754439405e-01
9.917758958167273153e-01
9.780522208995787725e-01
9.863532406286974474e-01
9.837388474041164343e-01
9.863013440575129076e-01
9.771792323791557155e-01
9.859431421983567700e-01
9.647325816242837693e-01
9.667285793734800015e-01
9.920703601081147793e-01
1.003596094722714716e+00
9.646814725651534639e-01
9.770649271857489992e-01
9.693002879826743134e-01
9.603584363150917680e-01
9.778024872340451701e-01
9.867954346085880957e-01
9.603077774162217528e-01
9.807282483484754954e-01
9.734762370677786381e-01
9.852733530709187892e-01
9.885428503413228318e-01
9.513330197424829660e-01
9.735899821485455297e-01
9.879916754921359567e-01
9.807552349603686492e-01
9.997823393303038042e-01
9.585077044806499247e-01
9.914272360266938033e-01
9.761030176452915041e-01
9.844581111773295090e-01
9.814775781041210623e-01
9.880564172265442480e-01
9.662566616498535765e-01
9.866566466507616928e-01
9.751094128342236989e-01
9.815251706654855024e-01
9.623813813405975859e-01
9.881573583445933950e-01
9.754028093566701196e-01
9.922973828980579114e-01
9.835031467562737051e-01
9.867583528648277147e-01
9.855648440784875453e-01
9.834230506485415191e-01
9.767295942062889091e-01
9.667930666041689713e-01
9.859683905360657752e-01
9.662987119991712781e-01
9.720725466331763265e-01
9.678619910853645258e-01
9.709337804221610524e-01
9.788990785547514450e-01
9.866761071274994244e-01
9.803141641413962715e-01
9.736759601317028778e-01
9.827013089596857709e-01
9.826707342082610097e-01
9.803512191520040719e-01
9.763389581563659547e-01
9.783775557156408897e-01
9.704724317857189586e-01
9.645701565194851890e-01
9.850788980662292804e-01
9.528553322342759868e-01
9.829422512683702040e-01
9.863368892461918946e-01
9.540007169081304861e-01
9.972644533100682995e-01
9.818745989029437071e-01
9.764472950739013779e-01
9.882475335155139762e-01
9.714336231192448601e-01
9.807633891536935433e-01
9.501702271471097472e-01
9.819314217078065621e-01
9.911121735379015973e-01
9.543736739123952484e-01
9.742152153884165999e-01
9.772869661113642303e-01
9.410217522245341026e-01
9.718048424699807786e-01
9.832888704847048134e-01
9.624756236910173568e-01
9.762222113333332008e-01
9.680172172398618935e-01
9.541018577618745056e-01
1.003549130572039427e+00
9.825296723104375296e-01
9.863539609432503408e-01
9.795967356673082049e-01
9.876320684153331309e-01
9.835201683009630047e-01
9.776892079232883948e-01
9.902297120658367646e-01
9.894023447150314121e-01
9.636725142503914654e-01
9.816931850505394852e-01
9.844113673581040835e-01
9.864957324562885210e-01
9.814478983856651517e-01
1.000233834446512038e+00
9.374421040154212736e-01
9.825580781575318223e-01
9.969723639873389054e-01
9.633735014706205080e-01
9.816657181113441766e-01
9.896644924665424226e-01
9.718929602546643176e-01
9.814866317636955495e-01
9.722442926498839899e-01
9.895684735421453881e-01
9.804644665829091998e-01
9.914228170512999760e-01
9.699416044990106789e-01
9.807597618851168209e-01
9.956554333669338508e-01
9.736102665764965192e-01
9.852203845413962657e-01
9.875053082766881429e-01
9.724919533212230682e-01
9.927233257977035041e-01
9.789500643358282073e-01
9.881129390047698191e-01
9.871472432770063143e-01
9.786384120479301174e-01
9.946594449391857884e-01
9.752367906873236070e-01
9.760301000520849035e-01
9.674953684803893061e-01
9.830582660279156837e-01
9.831212825744723993e-01
9.860529316605300965e-01
9.707138511202977327e-01
9.936188779042863795e-01
9.900016317067178440e-01
9.851517708220849379e-01
9.740780677326711379e-01
9.675696694427857736e-01
9.983890348284463201e-01
9.756859469105765292e-01
9.876836841806067024e-01
9.542725733219599160e-01
9.901315141356784588e-01
9.776280742521163969e-01
9.665102590706298180e-01
9.733339970976494504e-01
9.516426889770595032e-01
9.678105443801846564e-01
9.877596208158447855e-01
9.754550384955513742e-01
9.910352559300464881e-01
9.865912723701786291e-01
9.592239773638215894e-01
9.552883821980658885e-01
9.984651500981054362e-01
9.621621325187458273e-01
9.893597756754338723e-01
9.905970624837887595e-01
9.713008878401157009e-01
9.867143494051370256e-01
9.832268070490743916e-01
9.879111514055981536e-01
9.860713962585644365e-01
9.907013252096481537e-01
9.875755333558765559e-01
9.835463538017089613e-01
9.824831559139221016e-01
9.950615818779698918e-01
9.925405234827910927e-01
9.729319283064302715e-01
9.887630864016011545e-01
9.894338325142186807e-01
9.679293550546322900e-01
9.816305624869937629e-01
9.671173771163449340e-01
9.771824611687711659e-01
9.752507713872888839e-01
9.805332451035213559e-01
9.811934728559249530e-01
9.648882497089422694e-01
9.838894581104949966e-01
9.647301527014647826e-01
9.394837524027971343e-01
9.676566471334769881e-01
9.570837360792909809e-01
9.932790428011415429e-01
9.691072791338528614e-01
9.667104686323289009e-01
9.799467619106223548e-01
9.869131009936368271e-01
9.729384823216900013e-01
9.721747513262770646e-01
9.872544965762172220e-01
9.677223204146209179e-01
9.926625921109996087e-01
9.786132902869149053e-01
9.934177928596578111e-01
9.971743598396674013e-01
9.844374920277053631e-01
9.721542038071533387e-01
9.896567756116814163e-01
9.820302973164085625e-01
9.940533178121688795e-01
1.002308345253977828e+00
9.975870059612658158e-01
9.707935712947032281e-01
9.956843434533194648e-01
9.962554258599370938e-01
9.839720242372762549e-01
9.998613905006763503e-01
9.843571126293668705e-01
9.718564981528943214e-01
9.656850170867292693e-01
9.711334997894723875e-01
9.908788946108896267e-01
9.694603416800728901e-01
9.588773483227782668e-01
9.903337376050346252e-01
9.550932061094589143e-01
9.489364246801261782e-01
9.615474824065014525e-01
9.864415334749158104e-01
9.609262569577801116e-01
9.802649476761826630e-01
9.957226388309572407e-01
9.634465671782055374e-01
9.628661868772261379e-01
9.807351029074199422e-01
9.622408593591550430e-01
9.780326958062306453e-01
9.845754528100254532e-01
9.857879955192671018e-01
9.964962848120366701e-01
9.907635469396397498e-01
9.748976018532042875e-01
9.707528812952008757e-01
9.841987620861107899e-01
9.854719835359359026e-01
9.851113672542185506e-01
9.868380771002821517e-01
9.828483720163454507e-01
9.787923167306187278e-01
9.855773680676763737e-01
9.310773118872407439e-01
9.719686256526751666e-01
9.521992744098380923e-01
9.641329577267491180e-01
9.752774985675116692e-01
9.802919006060705209e-01
9.920378396337591331e-01
9.829118623369395014e-01
9.983255859651949393e-01
9.952466015453395043e-01
9.741282280306836627e-01
9.830831691389604332e-01
9.723040408626416609e-01
9.802003150057194691e-01
9.874610723062350326e-01
9.780049714617596868e-01
9.587312000944785417e-01
9.657429415540348394e-01
9.792908212129586287e-01
9.619078328157065760e-01
9.739940874799287718e-01
9.644239806348251509e-01
9.833743006962001321e-01
9.543898692604452227e-01
9.961984623163624430e-01
9.691827309052227779e-01
9.836769887593325157e-01
9.933155124893242593e-01
9.662110326899439050e-01
9.730709238359206426e-01
9.855150522883642239e-01
9.813427263200756867e-01
9.888280426212952001e-01
9.767037160583577071e-01
9.565400537716747253e-01
9.614937023031686625e-01
9.880929643747483615e-01
9.693237087481588743e-01
9.924109906375261358e-01
1.001322297198354194e+00
9.842542592166805271e-01
9.964693126413178836e-01
9.914707240700730839e-01
9.871362793488538401e-01
9.658983114529733349e-01
9.844193157794298710e-01
9.636674920103602826e-01
9.679421501840682618e-01
9.833963782281832655e-01
9.685402022062671312e-01
1.000459634102938145e+00
9.679191167153617936e-01
9.464626728349100349e-01
9.972067870436289727e-01
9.908375752986194884e-01
9.842933563824447507e-01
9.814036503335547001e-01
9.754555046056467837e-01
9.776257333012375872e-01
9.476759888907672069e-01
9.991262337299552376e-01
1.000417701122859881e+00
9.816624854369753184e-01
9.840944814224775739e-01
9.691062482647616605e-01
9.912807601916646671e-01
9.697598537773713945e-01
9.652878219289541262e-01
9.916468919230639889e-01
9.805406751892630224e-01
9.802648468570154261e-01
9.877941043346492034e-01
9.803941041446980753e-01
9.860819663550152159e-01
9.871322490032187202e-01
9.769928021367876303e-01
9.729242923036980351e-01
9.561464450147835192e-01
9.605887855120145424e-01
9.782153667830097987e-01
9.829394972982008483e-01
9.862338274217472556e-01
9.871942331972802798e-01
9.989093180262506033e-01
9.768268929939004641e-01
9.756758986679481271e-01
9.727881667382168862e-01
9.728692036146101563e-01
9.824305952776980488e-01
9.623720644818872794e-01
9.782764059271819024e-01
9.821248988151440873e-01
9.726255214074415179e-01
9.805895348547931656e-01
9.816684557616688345e-01
9.915713954360496629e-01
9.674401776427882238e-01
9.711453004300406588e-01
9.575596562523980282e-01
9.825027126134192601e-01
9.710306280999313477e-01
9.852154876836393127e-01
9.686176531726087280e-01
9.921804286714233090e-01
9.995636668190818197e-01
9.980897432331141683e-01
9.798519069823172778e-01
9.683320217131796692e-01
9.701361241894392862e-01
9.902043862281111331e-01
9.559201888243683554e-01
9.786108012192851202e-01
9.741254391098308485e-01
9.676010740660624387e-01
9.936154013021881726e-01
9.733480561538826459e-01
9.385390673823217345e-01
9.845378988780794094e-01
9.839568083468417381e-01
9.821144562076093987e-01
9.721296822897783629e-01
9.770616948811694513e-01
9.865071036751280609e-01
9.576869587853976684e-01
9.884961523926140137e-01
9.766214053598409883e-01
9.913812707756947118e-01
9.890590809754015167e-01
9.694323723923889968e-01
9.879124031908610437e-01
9.788456525848379108e-01
9.831598669314829397e-01
9.799900352222282729e-01
9.878891173223066646e-01
9.971284826578642457e-01
9.895923177402377036e-01
9.707930736034996455e-01
9.730291445647347714e-01
9.878195332389315686e-01
9.828575410688623615e-01
9.687751213402752137e-01
9.755886831579151375e-01
9.811036554957368594e-01
9.619943110264868036e-01
9.939520594743270765e-01
9.897389503828885049e-01
9.770306444877193686e-01
9.822108769567629016e-01
9.962512685833098125e-01
9.811745172277537286e-01
9.762009394383295291e-01
9.712328602302769953e-01
9.481550071796948087e-01
9.675966598140699482e-01
9.792625315300799160e-01
9.714821467758144591e-01
9.853072427327339566e-01
9.886170483788795371e-01
9.730073709949779159e-01
9.794532234557491446e-01
9.781173255967238189e-01
9.899560298558861549e-01
9.797241633122862892e-01
9.551568624623874015e-01
9.826759992982131431e-01
9.766354201540047297e-01
9.783188951846955028e-01
9.846408225392803137e-01
9.919412263200900748e-01
9.943199856840438944e-01
9.765551006072714646e-01
9.948954396181257653e-01
9.822029025051457474e-01
9.647132999646318430e-01
9.811121416105237358e-01
9.782246356537178666e-01
9.866471718675068336e-01
9.768663394570767933e-01
9.673592933197818766e-01
9.838850370043110694e-01
9.636961835394008968e-01
9.544501119819479573e-01
9.852150284569939354e-01
9.744434145225558952e-01
9.777995354812691886e-01
9.869083702562005955e-01
9.794782007767252052e-01
9.773748411721284723e-01
9.637763038746980371e-01
9.771138409158398597e-01
9.556807584223985241e-01
9.941537473826373983e-01
9.816951777829953096e-01
9.593072968021062463e-01
9.906513909177885324e-01
9.887903033332191560e-01
9.794219166361938234e-01
9.702843172621454793e-01
9.904063498874021709e-01
9.882798832814881917e-01
9.764851362507790400e-01
9.829785373649811975e-01
9.889867179139766318e-01
9.759851122366426379e-01
9.937304005278397856e-01
9.708621211012504748e-01
9.571865796582463837e-01
9.919822478336307592e-01
9.846858608017639014e-01
9.702897271154020675e-01
9.923546528454690874e-01
9.863224447161390573e-01
9.851146831335052534e-01
9.904391892850543666e-01
9.967404261019456868e-01
1.002330994387161001e+00
9.905091430127933583e-01
9.671517438955554713e-01
9.895387218112786654e-01
9.615990060869334943e-01
9.860067883345460249e-01
9.778440718116557795e-01
9.840052432432930818e-01
9.868168738036866561e-01
9.803966417355829410e-01
9.736941688083615709e-01
9.761160066416760817e-01
9.929868651035859139e-01
9.892713316783573463e-01
9.761012840114086098e-01
9.673701194021298022e-01
9.695511749153596925e-01
9.917248681100830909e-01
9.807519300955267472e-01
9.598103195604285043e-01
9.812697857730320328e-01
9.995985859223178727e-01
9.798274685376702209e-01
9.812761730856853770e-01
9.516580494879374186e-01
9.863879474814462034e-01
9.883243359370117442e-01
9.671062214881732677e-01
9.769628372216025980e-01
9.840388949555639586e-01
9.858031450463805578e-01
9.786260963849786609e-01
9.744790938351622911e-01
9.790254635199350242e-01
9.604525824622954788e-01
9.874160191607085357e-01
9.938638650283970755e-01
9.629406644568512252e-01
9.962955912238012912e-01
9.915359938791649119e-01
9.779375834708139426e-01
9.539133128749781587e-01
9.469367209030815635e-01
9.382004376486736685e-01
1.010740872117608102e+00
9.820341764223206038e-01
9.947595370650470503e-01
9.506109886190745595e-01
9.755093535200448640e-01
9.776995589360254479e-01
9.664881570649639375e-01
9.732236592845044942e-01
9.837340571681273405e-01
9.775426788192563832e-01
9.901526898790919962e-01
9.762399825182117574e-01
9.827205174877703397e-01
9.813487523760947573e-01
9.796774051422855178e-01
9.630661073108244263e-01
9.855641829564000256e-01
9.709760772020213926e-01
9.875578859745987037e-01
9.797377114229958162e-01
9.918038985304022948e-01
9.824882681741079482e-01
9.692536146993786517e-01
9.877096247854640909e-01
9.834472257829218744e-01
9.937454537439469604e-01
9.882537798014883190e-01
9.748254885925891067e-01
9.603661616884388019e-01
9.785325511500462259e-01
9.833019422854335501e-01
9.885737728062499174e-01
9.733816685868610374e-01
9.812293891402259494e-01
9.583733492736862258e-01
9.712226362800416846e-01
9.937137957175325997e-01
9.725105461560801245e-01
9.936557868143014449e-01
9.881476060270625306e-01
9.963269703042805236e-01
9.795199369447245008e-01
9.879901391797705212e-01
9.878294052423797211e-01
9.956173558929649614e-01
9.899285414812127870e-01
9.612401668666712418e-01
9.646929256768448369e-01
9.941045176312853782e-01
9.814561892144909594e-01
9.535849920446368699e-01
9.862776185291876052e-01
9.724373950377047660e-01
9.756327691642650013e-01
9.790155415222878688e-01
9.852710609159087696e-01
9.854739911386819484e-01
9.738768254979367489e-01
9.523740888911541580e-01
1.002526717580263904e+00
9.833001508190805096e-01
9.654159410239907535e-01
9.462225457007783502e-01
9.813618101247654213e-01
9.756914540892691612e-01
9.825784471517935437e-01
9.780984636259033582e-01
9.936291611353395004e-01
9.604903960004536057e-01
9.680650042227181284e-01
9.692994636829529442e-01
9.803979469052707119e-01
9.664946725319503162e-01
9.759428472292697165e-01
9.712227359627511047e-01
9.705584088550407440e-01
9.773465509576658716e-01
9.835699863349153249e-01
9.715567721776846577e-01
9.854578856268676468e-01
9.894431974168091948e-01
9.896190428519997528e-01
9.901527222365429370e-01
9.975047554360089164e-01
9.758280205526939088e-01
9.792757849431739103e-01
9.727305537224228971e-01
1.002845172393400430e+00
9.878763526548672846e-01
9.871844589399459968e-01
9.768250618077691794e-01
1.002061322050176173e+00
9.885177213900310234e-01
9.835884010104094521e-01
9.616570678669653649e-01
9.946273237101872500e-01
9.724289831366447201e-01
9.799820642719619945e-01
9.787547039092147072e-01
9.795154280638280753e-01
9.781899899987899216e-01
9.488344804554770251e-01
9.822847673861805351e-01
9.627627179863068596e-01
9.500063463791729168e-01
9.879371378099899292e-01
9.930481887549049702e-01
9.903799287968023668e-01
9.819569259962858121e-01
9.681552525380945351e-01
9.689501394164403703e-01
9.794703955003004614e-01
9.898381712259892717e-01
9.461693236271986329e-01
9.623805288112986522e-01
9.838371165155916920e-01
9.797301139347288634e-01
9.901239040173110961e-01
9.922726058202507859e-01
9.946847178091662300e-01
1.001274984003015289e+00
9.774524430456004165e-01
9.846979035282189541e-01
9.868571468797479040e-01
9.716633874964424322e-01
9.723811783132458864e-01
9.893925594791260769e-01
9.770165568127778810e-01
9.755905326793460342e-01
9.879022923816836999e-01
9.889207222480882464e-01
9.622488977022901624e-01
9.745781773737555165e-01
9.922816874570873358e-01
9.487370809420651030e-01
9.808553839228276727e-01
9.897195538641760937e-01
9.929424953233635387e-01
9.865712636379163625e-01
9.762605087818633232e-01
9.337692480554478092e-01
9.891786180698651787e-01
9.842854129824393228e-01
9.655736798268778065e-01
9.982501560734112767e-01
9.700257905482989607e-01
9.966434945973010606e-01
9.712509170439345141e-01
9.885431931302327557e-01
9.701995175173970809e-01
9.783364584920557494e-01
9.717106596216257275e-01
9.659075429042146554e-01
9.777761192487975928e-01
9.996142604826226963e-01
9.823167200307741931e-01
9.778608204408623106e-01
9.710853408401988185e-01
9.720734535340432858e-01
9.590741907594203530e-01
9.621542151981987701e-01
9.724132641693670198e-01
9.803493473180967532e-01
9.798873274591712867e-01
9.833687350701779684e-01
9.932327955973759837e-01
9.804560007473518413e-01
9.608585375326064160e-01
9.945147834701749678e-01
9.823804932980320093e-01
9.970052758910170621e-01
9.771588037707571450e-01
9.820052854772208795e-01
9.919649469258604579e-01
9.826069053732194858e-01
9.758952083802415745e-01
9.682337914853363925e-01
9.889586348950817341e-01
9.867028859393109919e-01
9.633786853757700941e-01
9.751239815300626335e-01
9.663456924936794090e-01
9.562694790255303889e-01
9.870791151330546853e-01
9.839295049391501014e-01
9.355444926993520260e-01
9.857942865279283318e-01
9.707843269484430770e-01
9.800385023460805867e-01
9.765657040108817188e-01
9.416316836585916228e-01
1.000919913932726280e+00
9.728736937612549873e-01
9.651437458360970778e-01
9.412918245725327981e-01
9.702162156046391095e-01
9.460837820015367550e-01
9.673218965724601492e-01
9.685267101429356762e-01
9.973021296350806919e-01
9.878483174337298056e-01
9.667171358937699521e-01
9.825825143341528900e-01
9.674852498381191213e-01
9.666281801333425072e-01
9.879743942756260555e-01
9.697870066063025707e-01
9.890477581707447507e-01
9.694546770862845220e-01
9.943853750958239202e-01
9.640009653319724370e-01
9.681898635769634609e-01
9.549933733895125121e-01
9.417404574692951336e-01
9.885828044209571397e-01
9.839323922806065825e-01
9.970131612679030697e-01
9.899089032147698752e-01
9.850770991930342113e-01
9.726894790173394867e-01
9.992075471211151472e-01
9.790214774668886122e-01
9.815493784542291822e-01
9.840620739796551719e-01
9.902526218791085633e-01
1.001069909066032659e+00
9.746757148759339628e-01
9.890966531905067693e-01
9.928989644448953378e-01
9.815662373651545813e-01
9.735803629060121311e-01
9.738346861062923132e-01
9.852990961747868370e-01
9.835894786500748443e-01
9.369755036643314661e-01
9.904737456881139712e-01
9.838267141611107824e-01
9.839094831432352306e-01
9.774414610455097741e-01
9.814365068947186188e-01
9.828226935700262734e-01
9.862121482824719454e-01
9.307292202325750941e-01
9.824169345217841354e-01
9.682635566649915315e-01
9.689416637628945894e-01
9.469743257832921035e-01
9.893734061207416497e-01
9.720655501793543651e-01
9.867938464646435204e-01
9.755723231695888620e-01
9.802099535390205176e-01
9.923762336913700688e-01
9.901316409955643882e-01
9.904862948893992103e-01
9.747068247554554477e-01
9.940253410142410040e-01
9.850238499119667868e-01
9.862739490955820809e-01
9.588118655353328190e-01
9.851815353721776747e-01
9.887437353240277060e-01
9.900580391752857867e-01
9.843668748327383256e-01
9.848178461581519327e-01
9.857245796324543008e-01
9.593351414889456086e-01
9.823179728418509615e-01
9.929143187141442617e-01
9.902369977201951334e-01
9.932914924765345877e-01
9.895479851285972073e-01
9.910217199694769663e-01
9.833446292097053343e-01
9.764695490167064618e-01
9.677177344481415755e-01
9.828044160277917829e-01
9.747234681624259434e-01
9.863919237757144964e-01
9.832015143321934936e-01
9.828422701535806105e-01
9.818584272178438876e-01
9.969046025654717536e-01
9.871848636291898904e-01
9.593216603894388905e-01
9.952687695172014459e-01
9.831881035710755556e-01
9.791229326087964591e-01
9.643564617864479604e-01
9.799168369714886806e-01
9.911221244921696316e-01
9.672687351317189597e-01
9.894614342808949470e-01
9.668918372154344798e-01
9.766215002224117869e-01
9.603167625540269814e-01
9.859748956994259794e-01
9.788358672358303814e-01
9.816171929712647071e-01
9.649518087335209326e-01
9.651704132415571680e-01
9.444978493905321626e-01
9.717796356221143350e-01
9.870507055027234466e-01
9.729208243114586541e-01
9.818875486546564391e-01
9.531226369677650023e-01
9.644619267612265512e-01
9.852813550734245140e-01
9.881036288114872779e-01
9.603601674450910064e-01
9.617289735311163046e-01
9.667426735253062953e-01
9.865330668232320521e-01
9.933000914749859911e-01
9.784031485993777144e-01
9.850104578609888417e-01
9.673156203404680298e-01
9.702197302733516215e-01
9.898653957767949985e-01
9.793792228369678776e-01
9.916992209929802460e-01
9.491821373874861356e-01
9.837813819015336358e-01
9.622394782691118253e-01
9.843886751624639775e-01
9.641186537154670111e-01
9.734017821381700797e-01
9.784961412087095356e-01
9.605464920030647447e-01
9.881039644802548372e-01
9.825686468818362052e-01
9.597467641568073748e-01
9.896001759115484742e-01
9.635241590095700026e-01
9.887683847872476006e-01
9.760991470951252413e-01
9.662037798363385388e-01
9.509461420773264173e-01
9.758258122419056768e-01
9.873598863784098789e-01
9.646371972047734777e-01
9.749546509395184968e-01
9.799022038210423169e-01
9.523142625062676059e-01
9.320564827477800796e-01
9.650649858143636184e-01
9.696980837672034559e-01
9.983526856572068064e-01
9.893925451045155750e-01
9.425362228326054082e-01
9.836573172715823432e-01
9.534934207625198610e-01
9.772787366463293601e-01
9.886774176563245531e-01
9.884333378843863649e-01
9.899724274513771460e-01
9.842751799986514394e-01
9.839223050307120966e-01
9.680542182212198421e-01
9.854371940143265007e-01
9.760731541284110024e-01
9.884609520186341536e-01
9.871242121493701838e-01
9.686981742878008061e-01
9.927986444765602991e-01
9.668762725037182149e-01
9.840523740028495059e-01
9.628145277360981025e-01
9.913048290106656335e-01
9.797873762932679531e-01
9.797969326713413807e-01
9.662337648918324362e-01
9.521449089107342223e-01
9.765047974563881850e-01
9.671544815197161693e-01
9.884964982488291252e-01
9.884542577930854890e-01
9.579524719066949690e-01
9.806168870618002797e-01
9.861005607983110988e-01
9.795389479241524144e-01
9.945916447635100299e-01
9.859344010322454999e-01
9.840705554250640530e-01
9.724201673987622474e-01
9.494902980668504799e-01
9.861214522076103828e-01
9.807253645632828531e-01
9.906337262068662941e-01
9.687108778994515390e-01
9.912308545071817356e-01
9.833634113116007658e-01
9.895929620097037027e-01
9.622481204952452183e-01
9.817239251300530212e-01
9.675417372971516494e-01
9.577587237173635915e-01
9.751581310404533465e-01
9.824219192057659367e-01
9.848198669046863696e-01
9.918082165338624190e-01
9.856055638095423399e-01
9.814452748978387264e-01
9.727005996364705975e-01
9.765411453099447359e-01
9.377625889048970542e-01
9.841590169613783079e-01
9.770174745667715710e-01
9.737762288847139347e-01
9.821257640214530182e-01
9.887635408842799789e-01
9.846718761454227309e-01
9.686833070384058830e-01
9.819987390367924673e-01
9.914900912064887883e-01
9.673371943536385187e-01
9.648611055260799541e-01
9.747648260518240182e-01
9.750886546146287914e-01
9.951147366881485379e-01
9.564357553609879048e-01
9.855787419105233038e-01
9.896819658303208644e-01
9.703899637622542818e-01
9.918900232197824796e-01
9.804505333292647951e-01
9.858614347292340430e-01
9.871224316147129141e-01
9.717710473544844962e-01
9.764218699158475623e-01
9.695540778809177418e-01
9.703408805445150609e-01
9.786031119050090377e-01
9.811630199868296431e-01
9.779535852303392618e-01
9.802304660867476871e-01
9.785424260484320014e-01
9.826136045247730877e-01
9.689333832459203766e-01
9.785199015401359057e-01
9.866180169471749917e-01
9.906532504750932278e-01
9.750088914478393098e-01
9.964963116723466463e-01
9.819904913910424415e-01
9.798158683298862082e-01
9.731278521114020696e-01
9.801268268305449727e-01
9.951414246547739539e-01
9.842042310547252093e-01
9.790373828830801761e-01
9.699840808941476711e-01
9.891110065146340169e-01
9.619924706513737211e-01
9.698428813871056153e-01
9.732544944439850410e-01
9.990879308137387005e-01
9.869183305596327394e-01
9.884430389786105220e-01
9.840274282612903045e-01
9.865193476129326955e-01
9.796141659928868650e-01
9.523631985432847724e-01
9.720119225658266915e-01
9.891025004746941685e-01
9.705076257494450465e-01
9.881595527563299397e-01
9.701768039370931573e-01
9.884428438725049171e-01
9.848022635400468516e-01
9.794520106257675884e-01
9.699453672064365373e-01
9.687259541564267051e-01
9.875113982288957759e-01
9.882139295553361569e-01
9.493312867247781783e-01
9.818875871876429073e-01
9.824149437123427253e-01
9.864309053342272815e-01
9.385847951961718838e-01
9.850520480064738349e-01
9.641067086135584052e-01
9.888034038388306968e-01
9.785728216857839667e-01
9.908965966616308796e-01
9.944824979302506751e-01
9.846396306943127064e-01
9.738617835343573725e-01
9.922352035182744334e-01
9.819372944287042548e-01
9.827251691893316154e-01
9.645233175420394600e-01
9.902806233737394548e-01
9.982731819991248479e-01
9.745375589178397746e-01
9.745952701226547887e-01
9.919450579207126362e-01
1.003515605896114327e+00
9.820481964202740777e-01
9.787402172897194941e-01
9.812240054653008636e-01
9.725248728596078696e-01
9.781909080544580748e-01
9.819989937434040472e-01
9.899514906130266745e-01
9.626337524033923287e-01
9.666806138925087000e-01
9.753524376677319419e-01
9.885309854205741598e-01
9.887501353510149693e-01
9.934711856868438939e-01
9.885388697673658243e-01
9.675461572848543801e-01
9.728947992331514749e-01
9.767144212757373767e-01
9.836236119346505324e-01
9.419628039664300623e-01
9.817583288630910010e-01
9.832642041496763019e-01
9.803655218068113575e-01
9.948171009950339538e-01
9.754974259125487324e-01
9.739601085808080594e-01
9.954649270695516972e-01
9.862457687978548604e-01
9.884547270264958385e-01
9.670219495859622150e-01
9.839215537441838855e-01
9.611283725139654344e-01
9.846122548383688944e-01
9.820730025260494545e-01
9.764556394622007085e-01
9.852145541710853882e-01
9.602657250374211362e-01
9.909186649008868697e-01
9.749123694823561559e-01
9.949598192831955457e-01
9.829362026001864372e-01
9.922721123873543547e-01
9.888023954550665406e-01
9.829330319143571026e-01
9.823778343897913157e-01
9.710430273963807091e-01
9.821059524124566842e-01
9.914701617510069953e-01
9.777704995344845829e-01
9.841584559205808214e-01
9.895678995448634607e-01
9.799501233838268099e-01
9.756848887112331559e-01
9.746781510387091396e-01
9.633445804142439783e-01
9.870887788317124212e-01
9.811876413102977867e-01
9.831658369264227870e-01
9.799355206972012455e-01
9.839953006841539729e-01
9.817412238881602082e-01
9.833002943155636499e-01
9.980609293915436719e-01
9.647278444711390177e-01
9.809709860217439292e-01
9.619837612526138670e-01
9.676384457818338891e-01
9.733509002632630969e-01
9.733513626639272998e-01
9.805800351798743542e-01
9.675333594054127406e-01
9.875592588460772037e-01
9.875733595157019096e-01
9.786267665067207577e-01
9.615828529016926529e-01
9.865920821618902048e-01
9.585828600310285497e-01
9.556413302396232767e-01
9.813654491017760328e-01
9.593529996843422891e-01
9.859611618779734465e-01
9.774555912690137127e-01
9.950779835176869481e-01
9.895132319538385568e-01
9.851474606088355124e-01
9.865203873010971458e-01
1.009278248279877888e+00
9.705985638721925657e-01
9.622578994144769249e-01
9.789496422789336627e-01
9.763769833009449117e-01
9.790729808833721348e-01
9.840513211996670950e-01
9.696457326769735152e-01
9.987104752579797351e-01
9.691756385339511670e-01
9.565422070491885753e-01
9.822772696704310524e-01
9.873569010861351636e-01
9.806685813970645871e-01
9.377983370382494410e-01
9.708188948019464970e-01
9.843298970462108777e-01
9.702804772861801652e-01
9.793208275116302985e-01
9.836256748151028795e-01
9.903902948741257761e-01
9.891779563042754075e-01
9.771179596475281226e-01
9.905742703758017020e-01
9.729447835289585234e-01
9.813089429610366565e-01
9.950205496656978621e-01
9.573700977513667221e-01
9.954123248305831728e-01
9.936465278170705240e-01
9.669077738446583137e-01
9.820937837845523655e-01
9.887476120805135382e-01
9.907092268943900049e-01
9.775706324056243623e-01
9.781188867748613625e-01
9.871214525849328902e-01
9.414342534978135113e-01
9.829711783007332171e-01
9.922722005689128544e-01
9.737263559148306991e-01
9.820860942074414179e-01
9.856437662906590846e-01
9.769297827562659631e-01
9.754391438391293301e-01
9.471239985651491722e-01
9.815167354407643430e-01
9.850742206121115840e-01
9.672121340919264121e-01
9.925410037878042990e-01
9.846139624411153202e-01
9.612644382845036972e-01
9.915276470610236981e-01
9.651893843340260126e-01
9.868236650648043451e-01
9.687017507323641974e-01
9.616725662546430353e-01
9.835853102728647768e-01
9.874316425744649184e-01
9.745476247104197798e-01
9.788421149572640312e-01
9.387100969767742109e-01
9.776091906839293744e-01
9.813503810214392331e-01
9.331411848603942127e-01
9.847265960903224258e-01
9.866155831861758152e-01
9.899867234076197287e-01
9.441775842969836186e-01
9.918517304664870027e-01
9.732444821472284735e-01
9.836226078519850757e-01
9.842260875192846425e-01
9.900941754282753804e-01
9.714769123460018641e-01
9.730346421569255888e-01
9.832503537922263614e-01
9.841319831760304560e-01
9.872737727821764286e-01
9.741273819076078366e-01
9.885310426028248720e-01
9.842257066112743980e-01
9.631036060870442617e-01
9.757908809078031931e-01
9.881733587123247009e-01
9.899302426031434399e-01
9.673702178252846506e-01
9.920002115621397998e-01
9.880929575468858639e-01
9.647556713234631820e-01
9.924726043012475074e-01
9.792045144207592866e-01
9.785008316419938623e-01
9.854557727191928240e-01
9.781481701689720420e-01
9.853378680973174930e-01
9.913518009566573141e-01
9.670074254326384011e-01
9.854558111950312282e-01
9.854698948072750930e-01
9.852669824413698985e-01
9.810749741623343567e-01
9.807699278748664984e-01
9.866962399311933751e-01
9.800345641006703579e-01
9.577177798322299429e-01
9.605583115175778675e-01
9.481583487955855816e-01
9.957861994351000501e-01
9.857407365161003909e-01
9.638991810457848697e-01
9.821275625385774699e-01
9.679677826063742829e-01
9.896209644713791498e-01
9.786783486454966319e-01
9.756639551026179413e-01
9.708592765635416511e-01
9.824626151662800844e-01
9.977449857488012164e-01
9.694175803337289343e-01
9.907465902060443863e-01
9.485466532884350155e-01
9.525204114507010988e-01
9.552556326144726606e-01
9.901985753486300945e-01
9.852483964613794054e-01
9.733396743738534918e-01
9.815568660319889949e-01
9.667355260709178388e-01
9.793847291922517240e-01
9.697559291804102033e-01
9.792949411499525247e-01
9.931414757346812561e-01
9.570005323255851293e-01
9.830940089339398336e-01
9.846278954599622102e-01
9.707521375890519888e-01
9.558810783503989272e-01
9.959528665248993384e-01
9.545352597683378626e-01
9.745964169624734552e-01
9.714009694995817679e-01
9.937069748690288140e-01
9.795188263837195652e-01
9.773735639357827854e-01
9.864352964808651425e-01
9.626915702607263814e-01
9.668881166226878099e-01
9.693174976094165451e-01
9.812943261395742356e-01
9.745611567040797230e-01
9.832931612979672886e-01
9.909177422858110873e-01
9.853928521618423586e-01
9.931281513951459861e-01
9.700506336616578906e-01
9.806677989306812337e-01
9.983561992680127783e-01
1.002890110797203471e+00
9.790696954579390932e-01
9.671058962680063598e-01
9.737648146582263964e-01
9.933675877503819196e-01
9.857325324189187832e-01
9.621893992083485614e-01
9.924790809349022247e-01
9.491164626925442382e-01
9.805429481085503607e-01
9.782865277445216279e-01
9.582642535798311378e-01
9.860349487453210493e-01
9.734710075459226397e-01
9.671231786056357915e-01
9.908534386942070560e-01
9.319960695025036879e-01
9.664961324328690262e-01
9.718767626078542721e-01
9.907232743213828519e-01
1.012834356196493202e+00
9.815099640523053948e-01
9.943969848442577586e-01
9.824269754797738674e-01
9.473528541682688653e-01
9.810949136448893215e-01
9.673432200148825988e-01
9.698570520326017519e-01
9.900277313559586734e-01
9.817261048131055157e-01
9.596368699858960349e-01
9.775972349037642672e-01
9.788132239069156082e-01
9.801716344737954056e-01
9.742665383330140205e-01
9.874262689655980418e-01
9.654731108850478360e-01
9.790422329617998187e-01
1.002549049720854235e+00
9.948197399936313801e-01
9.882449399022947834e-01
9.783478525422946159e-01
9.945917762913039084e-01
9.723425598032370276e-01
9.830489438245291201e-01
9.606921465333340127e-01
9.436168995983792440e-01
9.841036721965188416e-01
9.824127885793467740e-01
9.551333420525955908e-01
9.791794396303841186e-01
9.890865194276465822e-01
9.799085650171728279e-01
9.684104723029517414e-01
9.840480397990462036e-01
9.710120500060397397e-01
9.676098098000807113e-01
9.765880222806803124e-01
9.893597315150646221e-01
9.715058200657925580e-01
9.383972206308076602e-01
9.720294260966892974e-01
9.909453520486085631e-01
9.869507515670975506e-01
9.843179390059857425e-01
9.912169265145488461e-01
9.893091687258955824e-01
9.940864300687207722e-01
9.733409381184701115e-01
9.933002612833661260e-01
9.803544500161061048e-01
9.590050273882435583e-01
9.680972501868277957e-01
9.854229616544668557e-01
9.752829107499069172e-01
9.917124076973671265e-01
9.870995008250154079e-01
9.806596019544766563e-01
9.771777430395791608e-01
9.861777597714932453e-01
9.821182524166379713e-01
9.649459125364194811e-01
9.864496901556276676e-01
9.772409322644002305e-01
9.760705533210797258e-01
9.743074089255278070e-01
9.588738829400005326e-01
9.684997710014241479e-01
9.863260161462973352e-01
9.642189648619384768e-01
9.962194663664842853e-01
9.542374745382877776e-01
9.864653720293202754e-01
9.733811844812372271e-01
9.573714478694385077e-01
9.579460750356905141e-01
9.773206099738080965e-01
9.933052839788990562e-01
9.826006606769448481e-01
9.508471973843555247e-01
9.896666616262781435e-01
9.881562637960680240e-01
9.565553263065592615e-01
9.896736730993379583e-01
9.850294681792637341e-01
1.001815904255717982e+00
9.833490073715679403e-01
9.958860960804341023e-01
9.761364985538886208e-01
9.958876886452979749e-01
9.841716343102138165e-01
9.809074371990113006e-01
9.747307206455646522e-01
9.529627455509327438e-01
9.749692269562206803e-01
9.788107960939748109e-01
9.924605831060163696e-01
9.827569817300285671e-01
9.960403857001077776e-01
9.999789674632303393e-01
9.683443314594013529e-01
9.683186104038213893e-01
9.943511697195855925e-01
9.713283902575347017e-01
9.498120861202645759e-01
9.638478844514587474e-01
9.873925223036733589e-01
9.729922073566930063e-01
9.683179848711744864e-01
9.829882407976391345e-01
9.862181637727722716e-01
9.780371972749348775e-01
9.759055180948762453e-01
9.851099212814702355e-01
9.715501660885503821e-01
9.895613672191345689e-01
9.874111927757475149e-01
9.812879950570853049e-01
9.990600750932354668e-01
9.824576495327445036e-01
9.863083317137111283e-01
9.893244241494371094e-01
9.853560210588571122e-01
9.790113122041906868e-01
9.611496067556091205e-01
9.924757502743803972e-01
9.760246305107729281e-01
9.626415875115953424e-01
9.781709809170753278e-01
9.795217255638650755e-01
9.821702485067816957e-01
9.794958587529799532e-01
9.933076827155399302e-01
9.943493411293129469e-01
9.904295969614462791e-01
9.835451639944656765e-01
9.586985366276643550e-01
9.841143835114156690e-01
9.426757187291143758e-01
9.906213450663248210e-01
9.866138969070749054e-01
9.773374967696578652e-01
9.904315833059638141e-01
9.544714053073553028e-01
9.802991527316090581e-01
9.740675728419031509e-01
9.854644850153548852e-01
9.765624421639417241e-01
9.645923402182901008e-01
9.919292115485599526e-01
9.713729066312264404e-01
9.825001605781825686e-01
9.582692909367576117e-01
9.669502482635294882e-01
9.859462271576187042e-01
9.600424073445021911e-01
9.773828085939897381e-01
9.605903341724912892e-01
9.795317440538221510e-01
9.925515180935856607e-01
9.879456127731481851e-01
9.897755672033262675e-01
9.629296342086760552e-01
9.827141645453710828e-01
9.852055142400528709e-01
9.968916188403512679e-01
9.685982931995107403e-01
9.841862286947858918e-01
9.740792960244275545e-01
9.810122254069623127e-01
9.720026376105853627e-01
9.804259843074883962e-01
9.503865497263869200e-01
9.858914824716229486e-01
9.829939797191609152e-01
9.924835615908994546e-01
9.880864165012284150e-01
9.834757333362802445e-01
9.822917135399200639e-01
9.880030165638552520e-01
9.941156365001915240e-01
1.012491443070150154e+00
9.834292078145890903e-01
9.867712379286692759e-01
9.798951362663389508e-01
9.622754414844024717e-01
9.821945023848586143e-01
9.907334332813640954e-01
9.606954753900516231e-01
9.689000554137213728e-01
9.855273403372577512e-01
9.780636033491343362e-01
9.898193005590747440e-01
9.867578324869151762e-01
9.849862579827430853e-01
9.966545251887853896e-01
9.495945418319347020e-01
9.859274794659966812e-01
9.811975603184999173e-01
9.960120184526143339e-01
9.903891572609121452e-01
9.925438801723789339e-01
9.519706671352937688e-01
9.754757079394119623e-01
9.872514261804821167e-01
9.564746627322159300e-01
9.910157335814228086e-01
9.607848480160835480e-01
9.723109814899005832e-01
9.919360945248102412e-01
9.841614449645004203e-01
9.933861929013989567e-01
9.842380807498256612e-01
9.723382010851862045e-01
9.797929908320638370e-01
9.797532472223278166e-01
9.796350293429290090e-01
9.836480657656638815e-01
9.671367021015975229e-01
9.760471776851237236e-01
9.703065534359560651e-01
9.997668164014227310e-01
9.749154835882940517e-01
9.500643002731223863e-01
9.794272422706720160e-01
1.005170404811556617e+00
9.919189979041713734e-01
9.938289133442871348e-01
9.857410656322983522e-01
9.906619934671344607e-01
9.556380776800296184e-01
9.716034629420808866e-01
9.829410410268918374e-01
9.802550294631450223e-01
9.851838048158327865e-01
9.857654492923945133e-01
9.794530297306882627e-01
9.948547355416793581e-01
9.873145586445631894e-01
9.834470848609405680e-01
9.930560531686670744e-01
9.761095495761760166e-01
9.591343981410791475e-01
9.368553982959904047e-01
9.943965298682369003e-01
9.933518934048019000e-01
9.933436536963269337e-01
9.649586594242193227e-01
9.673707135947657854e-01
9.876268265790822953e-01
9.828594292968427792e-01
9.756641035315091193e-01
9.843405734378921634e-01
9.398281242611387087e-01
9.868796444380493194e-01
9.693912932635168067e-01
9.782283448481308152e-01
9.805260876736604514e-01
9.911175947122227159e-01
9.904719664791338252e-01
1.000842700586805467e+00
9.895908714624670477e-01
9.787438099076616327e-01
9.530128189387573334e-01
9.822604670136745320e-01
9.825281145792641446e-01
9.834410005194473836e-01
9.940740744037748211e-01
9.727329897757089894e-01
9.877899063812178859e-01
9.782014197492545637e-01
9.668118896695466757e-01
9.546097302064132650e-01
9.886100054641314694e-01
1.000884402254312633e+00
9.781731920104634881e-01
9.842190537988980692e-01
9.788071533733825325e-01
9.720660648862372577e-01
9.814871722673131904e-01
9.782128526726940887e-01
9.668217250041802879e-01
9.879163069872696212e-01
9.855876442993203312e-01
9.810696434621597462e-01
9.844412053083760883e-01
9.865128408004755212e-01
9.470658413267744047e-01
9.692413410334927981e-01
9.906195420232076776e-01
9.663151373492904206e-01
9.842285522855497293e-01
9.768750148643561282e-01
9.687897956056346072e-01
9.650477904723864242e-01
9.812948715515906750e-01
9.721530138852075842e-01
9.576668759824352728e-01
9.703175280049703977e-01
9.544730829331187216e-01
9.856532379572138236e-01
9.786674507134031087e-01
9.609899277390232530e-01
9.833689518489812098e-01
9.735159604642175113e-01
9.288149156761378311e-01
9.627994620399971115e-01
9.912282633718858538e-01
9.890530796463298246e-01
9.884193230525054608e-01
9.698025382737974764e-01
9.779162919093105089e-01
9.885724734595564556e-01
9.654615802422403803e-01
9.710502303781175515e-01
9.685511896169295420e-01
9.422724469237141465e-01
9.620201567547705945e-01
9.779445412516017955e-01
9.795587040663316092e-01
9.836293370546661530e-01
9.651451684528148389e-01
9.761035798950145059e-01
9.957911410552396925e-01
9.738872746593718599e-01
9.834733981995144037e-01
9.643589208664700152e-01
9.827373925174733849e-01
9.798709333841559843e-01
9.833090974546737639e-01
9.685474219220158165e-01
9.882770809779398702e-01
9.888156148256685984e-01
9.513934347312891227e-01
9.791037194861299531e-01
9.805771589408867062e-01
9.695232591743763173e-01
9.866821127875192721e-01
9.842483208591326083e-01
9.729293448099678443e-01
9.593367126848115767e-01
9.722322183249754168e-01
9.816703140730762556e-01
9.885161369608369553e-01
9.724819693425428291e-01
9.911027924276550882e-01
9.839096037311708676e-01
9.718069731251337551e-01
9.689233158203218732e-01
9.810845084809687311e-01
9.560604215637892311e-01
9.652232159208311568e-01
9.802075890081684006e-01
9.627696658795642515e-01
9.716970526414856479e-01
9.833085326571912033e-01
9.870832982255726140e-01
9.856208568595262731e-01
9.933650545409310473e-01
9.913817901812015387e-01
9.845558542096266574e-01
9.916331535682908482e-01
9.816638276881121117e-01
9.824022057532997287e-01
9.892288800233075552e-01
9.666330417897082139e-01
9.720729416950655288e-01
1.003185062245378179e+00
9.812926907832936196e-01
9.780164331683269818e-01
9.767591327394667955e-01
9.881169999111869551e-01
9.680791865577409450e-01
9.850149716676136480e-01
9.999741480955159911e-01
9.865474914414927854e-01
9.822350450938992505e-01
9.913080120604403911e-01
9.674748356994529175e-01
9.802533765635288443e-01
9.864136248313423172e-01
9.742531181661479023e-01
9.750751611069113922e-01
9.970888007816511855e-01
9.804540415283474752e-01
9.857620832195812532e-01
9.953993392075612956e-01
9.849885323320438646e-01
9.864075151086120208e-01
9.810906665013610084e-01
9.789528119686473628e-01
9.629481954024758927e-01
9.848658986585949737e-01
9.722213440955312924e-01
9.958766135194320190e-01
9.888515268408851755e-01
9.615905257861213640e-01
9.690267766897115997e-01
9.827377524242929541e-01
9.683701199129468584e-01
9.943656206838630274e-01
9.755612891996391367e-01
9.886781879652593030e-01
9.173325777776575318e-01
9.911261096701813322e-01
9.914355998045797369e-01
9.838103934233971559e-01
9.704066631304542057e-01
9.944942517656921721e-01
9.845233726918879436e-01
9.802464460408235603e-01
9.902105045435658504e-01
9.768814204207560969e-01
9.837501967343531550e-01
9.916588175414294826e-01
9.902970279391972719e-01
9.770858718034455270e-01
9.828280883400954959e-01
9.721269376648272731e-01
9.726844784993476933e-01
9.874852073188787882e-01
9.564787494595103912e-01
9.728578231214820571e-01
9.876937558563302355e-01
9.779163063771711961e-01
9.881830309349995956e-01
9.611471747047889425e-01
9.634656575178747184e-01
9.896124387630478303e-01
9.899016786662943046e-01
9.575194117799079585e-01
9.823560596147102864e-01
9.952871506931924017e-01
9.817857454153002816e-01
9.912975821261971188e-01
9.672893009390092223e-01
9.756088632799347904e-01
9.801768705359666933e-01
9.855934654878601986e-01
9.937489404125956494e-01
9.926716948269761476e-01
9.857293247421885507e-01
9.621789428110572029e-01
9.793275407134279797e-01
9.548704982664574237e-01
9.696246469048001027e-01
9.714296424136732444e-01
9.690271335453444213e-01
9.868299276643982543e-01
9.833437424425720552e-01
9.923883182448062223e-01
9.751829151753311775e-01
9.575048930380541945e-01
9.888728403889321950e-01
9.710116462790157055e-01
9.935420698850533361e-01
9.792154507554287068e-01
9.841552519659808596e-01
9.810627334928524457e-01
9.633535622076018212e-01
9.824865124278397976e-01
9.803462261180718729e-01
9.852564659564808647e-01
9.797770386388466868e-01
9.577643876661954270e-01
9.873896140020463896e-01
9.938514207645126053e-01
9.731041465690584147e-01
9.841392626872017546e-01
9.888635782548812481e-01
9.898835597337650727e-01
9.861145031671856298e-01
9.812695413505027053e-01
9.695556016392237186e-01
9.787681191690018601e-01
9.928629974776790323e-01
9.636288402522987795e-01
9.668447861142516198e-01
9.936796366069713393e-01
9.951396778165798596e-01
9.743787847953625514e-01
9.683661610971392442e-01
9.628563181795734005e-01
9.664281328182523501e-01
9.840428952385766870e-01
9.829401075547453681e-01
9.695816864534185786e-01
9.532367091889790700e-01
9.741417457486578613e-01
9.967718211960460151e-01
9.881040590134329005e-01
9.845927186973164602e-01
9.745631184903774669e-01
9.490869824400494092e-01
9.786178732364578803e-01
9.639887037985451768e-01
9.756456293812054703e-01
9.514384762306974386e-01
9.557312983074809365e-01
9.958243528291301772e-01
9.690766942410422580e-01
9.523769541787017179e-01
9.692449886999154884e-01
9.774215499534885110e-01
9.810259632760202075e-01
9.633284918344209302e-01
9.807598478325960656e-01
9.916546849940102160e-01
9.902341871010581498e-01
9.905688928596527720e-01
9.903824460710574096e-01
9.913587301071850044e-01
9.798924750077921964e-01
9.816983521594688789e-01
9.914185281464406030e-01
9.828019823204587890e-01
9.800288235379915891e-01
9.650650706353973707e-01
9.465203124749912433e-01
9.974029940751282242e-01
9.769657697289342302e-01
9.881579679553130768e-01
9.918381555118519488e-01
9.842757481984408807e-01
9.800109164473813639e-01
9.753643442507999861e-01
9.829571053389247748e-01
9.923106612900922663e-01
9.758341839204592860e-01
9.866790015586256457e-01
9.618740433864660933e-01
9.808934236999971024e-01
9.844226685879173822e-01
9.733638203802692512e-01
9.955976433380880897e-01
9.871700483062941789e-01
9.898895167630508141e-01
9.801612205505370046e-01
9.708174469174777332e-01
9.882889766368144757e-01
9.793505973010032672e-01
9.460667235511678319e-01
9.820919608322334904e-01
1.005549143598918782e+00
9.756215126190888043e-01
9.802709082053349121e-01
9.480857320126271359e-01
9.584221843060426460e-01
9.904274821173374432e-01
9.802642876792200255e-01
9.827156350788188721e-01
9.909147522252906848e-01
9.998163376220072784e-01
9.968616023463079401e-01
9.250408423198669405e-01
9.883098516057645666e-01
9.984673167205694311e-01
9.658159386269380420e-01
9.770157318902608079e-01
9.805579282175340694e-01
9.656479674465757723e-01
9.828225006672649533e-01
9.810876438604916316e-01
9.711188408295147179e-01
9.589802553869958279e-01
9.802361992533576984e-01
9.799607530443817938e-01
9.726762691063086663e-01
9.581591689110386945e-01
9.910587278714376724e-01
1.000417881106023366e+00
9.782372938055693412e-01
9.437689777415215753e-01
9.926776738359843755e-01
9.708892500101294898e-01
9.723370039274307208e-01
9.885926258831322366e-01
9.857479224383806082e-01
9.923439478038326156e-01
9.810480558742642465e-01
9.941314554743655441e-01
9.449083100445722083e-01
9.838551942118183291e-01
9.766218202961726158e-01
9.611721922781313321e-01
9.936694472053823057e-01
9.727129657239730331e-01
9.791002160970349033e-01
9.688343347375492076e-01
9.777148790424743385e-01
9.647345638346255248e-01
9.754603546853843898e-01
9.297708573756463535e-01
9.883912890344667135e-01
9.540979746868406552e-01
9.624552859431474428e-01
9.849836126741857711e-01
9.813325704510836855e-01
9.901621629601445873e-01
9.946547450643814514e-01
9.749404385136147821e-01
1.004458686002851930e+00
9.840672548888335092e-01
9.455111896448576969e-01
9.686067526530136584e-01
9.874339675925174475e-01
9.648814500692058926e-01
9.810406006491063646e-01
9.896936505536885198e-01
9.957678464202890378e-01
9.739113400388101915e-01
9.740670550776677761e-01
9.790589448754166702e-01
9.717450587115568084e-01
9.963123062589114287e-01
9.609478156195220278e-01
9.968127241918350867e-01
9.350698004518730455e-01
9.925877658860019492e-01
9.814196924649095655e-01
9.674681378607475901e-01
9.835603332295848045e-01
9.691335849143444259e-01
9.760242429634857775e-01
9.878528927772267654e-01
9.776229952298336467e-01
9.887757513901374029e-01
9.843713681780111857e-01
9.882002888388451423e-01
9.851226001390241960e-01
9.889290834134445429e-01
1.005195999925382999e+00
9.986092798318315644e-01
9.861894635849326463e-01
9.878421201581203404e-01
9.992184115360158714e-01
9.743263701400983745e-01
9.632581403067373982e-01
9.811750984583079704e-01
9.903869997640029066e-01
9.700355851496080817e-01
9.994636928311434465e-01
9.841422854661667774e-01
9.904100444456022112e-01
9.609137117943520323e-01
9.767018519467302040e-01
9.755322259075350777e-01
9.931601805966405738e-01
1.002283777583387048e+00
9.705587252111964602e-01
9.835730432854021821e-01
9.772494972863902118e-01
9.850466005402453984e-01
9.730489253697374163e-01
9.763034337976774779e-01
9.565507479320211059e-01
9.585733733638097664e-01
9.767364912070306548e-01
9.714122916054922507e-01
9.657135176600639692e-01
9.732797553142749081e-01
9.859498100434782586e-01
9.651026279398994268e-01
9.715329084836578089e-01
9.617252166732235263e-01
9.866045489837665938e-01
9.907062979394266611e-01
9.641720103953324017e-01
9.814077248092277772e-01
9.856278950985076781e-01
9.875268551495637315e-01
9.879509055373741910e-01
9.872914834534245454e-01
9.739350948324656532e-01
9.868107651248985146e-01
9.796257194023102466e-01
9.877504003108994457e-01
9.826342574674432617e-01
9.297842860987810543e-01
1.002881830516279438e+00
9.726319015966673476e-01
9.616502865484385376e-01
9.850230771959680443e-01
9.778100380979188877e-01
9.870109559932815912e-01
1.001763667212621112e+00
9.660144495687635890e-01
9.991675099245340697e-01
9.853311587787322301e-01
9.735798902808043831e-01
9.625499939658480608e-01
9.903994796106199150e-01
9.799717336982629590e-01
9.892720685828325644e-01
9.911230001172138815e-01
9.512892951074768400e-01
9.869143653539786953e-01
9.835396296086598156e-01
9.965866096229978321e-01
9.898735494798808210e-01
9.781015300758508779e-01
9.859546988464827910e-01
9.425587625550674309e-01
9.850478196585006341e-01
9.868176923588444227e-01
9.768188068577401406e-01
9.832244157762275449e-01
9.975589278129102233e-01
9.951029776869957377e-01
9.492877198224953794e-01
9.798668761322034682e-01
9.568546837361426860e-01
9.661079560577964243e-01
9.801786754846059102e-01
9.922906624140754861e-01
9.799473027437528572e-01
9.791441868989975150e-01
9.838610510493137618e-01
9.885492217764360046e-01
9.796192483681119834e-01
9.835005387082088602e-01
9.578078730153042342e-01
9.642136258509089730e-01
9.850561822140997403e-01
9.861780555425831984e-01
9.771477789540720105e-01
9.869254077854097140e-01
9.882888487277847744e-01
1.000517978852344392e+00
9.930078251124430100e-01
9.908786961103304147e-01
9.943849901329304686e-01
9.902801074834014505e-01
9.920104318082092476e-01
9.695493545801797675e-01
9.763010510965949296e-01
9.831468377737803133e-01
9.814437973879348576e-01
9.897942478986618831e-01
9.640807017124006784e-01
9.813744074936374684e-01
9.846847983379771740e-01
9.781449938212741779e-01
9.942094648583188476e-01
9.870142001248449759e-01
9.933301486065880814e-01
9.924784141278554239e-01
1.001390476714338229e+00
9.867360047410335122e-01
9.718467613849302023e-01
9.784757022361417755e-01
9.828542554296387790e-01
9.473600575750925623e-01
9.928253070689772031e-01
9.891874617184440721e-01
9.624642541704994114e-01
9.963079092777857859e-01
9.541541380431605157e-01
9.560609059361067086e-01
9.871551587615765566e-01
9.787212866110283072e-01
9.931728508458940174e-01
9.844597214984013300e-01
9.684427961860071488e-01
9.779785223221494350e-01
9.823173310005707259e-01
9.878324717619675344e-01
9.917585897750152979e-01
9.719566354696772548e-01
9.840886906662009714e-01
1.001996274978778523e+00
9.827765950562062924e-01
9.882604910389867214e-01
9.838411947998388918e-01
9.885014648103181978e-01
9.815840349229676409e-01
1.010268612357411833e+00
9.859756868798190688e-01
9.785442124341271475e-01
9.989380974272457081e-01
9.750795487562372577e-01
9.803952956731751822e-01
9.917784522469544894e-01
9.911512572717251501e-01
9.783379109054469724e-01
9.723380138204682499e-01
9.813281193539608038e-01
9.984618064673120852e-01
9.764242731779326778e-01
9.616812179449562015e-01
9.875112471598975761e-01
9.759735525974314596e-01
9.759028037751357187e-01
9.779203442463971774e-01
1.001242874537089378e+00
9.673838120749238545e-01
9.865247174127007579e-01
9.832353612189407288e-01
9.740951187198897410e-01
9.857166290384805629e-01
9.659105208567437817e-01
9.865051024308250094e-01
9.889197863478652595e-01
1.002220092642385207e+00
9.842575876721089134e-01
9.870081760733204757e-01
9.793439246589566993e-01
9.966223267416201015e-01
9.846343665931789335e-01
9.749499571995005054e-01
9.804530556510980821e-01
9.842500780472991373e-01
9.973192017717517066e-01
9.695858083680002348e-01
9.671978533681393486e-01
9.823355141296069570e-01
9.886413998381601287e-01
9.899764542249895882e-01
1.015180969132768896e+00
9.639378062354646559e-01
9.994965225186300817e-01
9.787393311268635099e-01
9.835171262522620639e-01
9.830292981581261191e-01
9.750610739991135700e-01
9.926284397521200065e-01
9.641335975629327093e-01
9.889706980642336553e-01
9.660468142170831607e-01
9.818801339561729069e-01
9.746639866150127451e-01
9.935166230282079791e-01
9.617042110196507565e-01
9.944147136555943067e-01
9.825437850395857264e-01
9.427517366249235087e-01
9.846609762285341017e-01
9.672368820566167313e-01
9.665024075786549096e-01
9.919133125231631709e-01
9.772560013358341235e-01
9.935273837364863025e-01
9.682754361111635122e-01
9.898060024211794428e-01
9.853472851992223225e-01
9.843182927913650682e-01
9.722983549701433859e-01
9.948563168229044296e-01
9.744765475139335331e-01
9.800968722603942140e-01
9.894996391890739096e-01
9.646017931194580397e-01
9.856231994575412880e-01
9.966581278552156808e-01
9.809362727843433660e-01
9.947230795024968319e-01
9.768263632616247527e-01
9.539466802846541249e-01
9.486772510837054861e-01
9.732619108850009138e-01
9.487660018780428306e-01
9.530680166881159154e-01
9.543928038067790443e-01
9.907834535797854780e-01
9.896880228577223937e-01
9.886246047373972168e-01
9.493109235569042736e-01
1.000301443876503660e+00
9.633615239087321980e-01
9.909408191972612912e-01
9.913970492868171558e-01
9.415331888337911126e-01
9.833902368681849415e-01
9.885061815375212335e-01
9.829988476010886878e-01
9.906447105393414443e-01
9.731225394675246942e-01
9.865504607665519510e-01
9.800505156624514935e-01
9.858749829286259647e-01
9.786860861718701399e-01
9.578544063992809887e-01
9.748470885883698811e-01
9.810739673364949898e-01
9.876511700521654058e-01
9.780423871569061678e-01
9.808346749334845294e-01
9.914230909276984249e-01
9.896300698150044539e-01
9.740633133033076430e-01
1.003002426787179546e+00
9.605149970439261775e-01
9.870950183549376256e-01
9.874875536639787788e-01
9.772504504175628659e-01
1.008316601525068412e+00
9.881495929432591030e-01
9.890479767768531882e-01
9.836686652473558556e-01
9.803773711654873990e-01
9.880186512704165480e-01
9.790211549060384710e-01
9.970537807250620110e-01
9.785242252766468418e-01
9.897929729124488318e-01
9.392161438624216929e-01
9.783096086030323990e-01
9.926530885094047019e-01
9.898505660392440397e-01
9.948549457025419596e-01
9.594284725758348564e-01
9.958990684750061995e-01
9.828020341301187957e-01
9.929404186722738945e-01
9.672409042656358036e-01
9.876921240006538705e-01
9.802459342767059214e-01
1.000336364931449618e+00
9.906449169446390757e-01
9.927743498431497171e-01
9.910843453042310625e-01
9.653869760307689507e-01
9.131127652675128381e-01
9.901838654081014379e-01
9.977568135252498083e-01
9.974760527836408208e-01
9.782857646238340976e-01
9.706015134537991917e-01
9.691399029349955230e-01
9.618942317264644881e-01
9.829111725962452750e-01
9.656730588163857654e-01
9.808380362601449853e-01
9.669011739095446645e-01
9.773064783186564686e-01
9.846491909507633089e-01
9.667313927095509962e-01
9.709621907380526773e-01
9.917734589453955918e-01
1.002440666891147636e+00
9.701560129127465570e-01
9.802297337394105803e-01
9.804864229859794333e-01
9.917921143320584942e-01
9.731935292636713086e-01
9.733060749146709156e-01
9.822061848459306965e-01
9.665454582456660670e-01
9.892984220573867171e-01
9.824260339671165854e-01
9.965888836369680703e-01
9.867349186503512337e-01
9.833065064114077103e-01
9.856735272465227959e-01
9.841674912825751909e-01
9.742136449447265090e-01
9.712828172409114780e-01
9.858892217715876649e-01
9.848954756248345932e-01
9.873295208706265313e-01
9.734422006069843869e-01
9.512397425490963787e-01
9.437543811694999452e-01
9.796754082298203548e-01
9.924587462165332941e-01
9.777830152630966332e-01
9.736924440594767471e-01
9.650849156600884715e-01
9.980766170439389073e-01
9.490509565918564538e-01
9.617881638765183316e-01
9.884366630140657417e-01
9.695616810728497903e-01
1.002308178754799162e+00
9.857199164890197984e-01
9.823720780093685434e-01
9.911077701098515158e-01
9.845558514991324950e-01
9.867486725818368498e-01
9.801188602315157317e-01
9.827679282721314413e-01
9.828077308519213018e-01
9.691930117324155658e-01
9.871858693050608036e-01
9.889636102206765811e-01
9.700625901093107295e-01
9.788769392141598580e-01
9.644362984339761580e-01
1.001522838461686549e+00
9.752293797375941597e-01
9.710459330977483372e-01
9.327834229349515338e-01
9.662647905594669018e-01
9.700907874190337621e-01
9.743587683576032665e-01
9.757081133124136940e-01
9.917723122998390872e-01
9.925374480275372946e-01
9.606763540784162281e-01
9.880698082962622308e-01
9.781855367143390545e-01
9.850992524840492814e-01
9.906261833726760502e-01
9.891439119909281041e-01
9.725092582988064116e-01
9.874118465631199770e-01
9.654982714736705107e-01
9.605557277808947081e-01
9.679092680255417802e-01
9.779204030232816480e-01
9.783268944027672109e-01
9.583738351839521386e-01
9.826175656764520872e-01
9.658146414875306007e-01
9.780659091160818219e-01
9.806385346922710244e-01
9.860218675874585781e-01
9.553644564137263595e-01
9.916422163423390668e-01
9.856157022231890608e-01
9.815302805199122016e-01
9.905498231240016382e-01
9.639110917348877594e-01
9.862668221398491752e-01
9.826092911659453089e-01
9.858460015783869768e-01
9.861412847036115092e-01
9.757074915075397703e-01
9.636271340395815566e-01
9.565560864053508361e-01
9.864906176165035845e-01
9.617265906467848957e-01
9.700845742769009794e-01
9.955062644573989816e-01
9.627548484669782303e-01
9.925252624026242865e-01
9.824042733489360968e-01
9.897451605382437956e-01
9.672937593947776858e-01
9.827629606606458346e-01
9.736372100313427369e-01
9.667534081840606364e-01
9.725311435646077918e-01
9.849785713066219195e-01
9.865565371718020282e-01
9.807239649610068888e-01
1.005172324661131933e+00
9.741540041515712733e-01
9.929665381222425591e-01
9.972748037178653657e-01
9.864196971542853465e-01
9.715007575204872570e-01
9.698881183329643996e-01
9.893049087177188117e-01
9.850652030154217753e-01
9.879090169098959651e-01
9.599983174078886572e-01
9.773046253125393656e-01
9.485670346389025731e-01
9.647448177060803376e-01
9.815611225485753044e-01
9.869200309737493626e-01
9.712805345847733696e-01
9.591517617534923712e-01
9.813743569417323620e-01
9.816850944736003060e-01
9.898782274492071709e-01
9.892670935115606135e-01
9.781752626540712869e-01
9.696630600595709248e-01
9.769577799721851363e-01
9.908884851113680670e-01
9.869063321360138641e-01
9.864085924882382006e-01
9.695087717358549240e-01
9.768976276718235319e-01
9.923319628569534645e-01
9.894516178491079561e-01
9.957691478801398155e-01
9.856739203801677673e-01
9.755520074359095295e-01
9.925260734322329803e-01
9.834352313824088476e-01
9.859203221315765431e-01
9.714616080714156832e-01
9.912686052215278210e-01
9.411075719286052799e-01
9.853278182359581638e-01
9.708575726092709690e-01
9.863532996611930059e-01
9.715495941010691139e-01
9.624040430253840706e-01
9.619047838284253693e-01
9.737027923238068539e-01
9.809953340465469296e-01
9.917817400209895107e-01
9.758940060154400742e-01
9.870146538174541240e-01
9.750091921836816500e-01
9.781140045443549313e-01
9.843029528044455745e-01
9.882842138109444452e-01
9.801714630842662812e-01
9.856421255105187740e-01
9.488755903934769087e-01
9.883539977340157767e-01
9.978851525460651350e-01
9.871591813471036758e-01
9.920857573894918957e-01
9.682183044872264555e-01
9.316525154726115199e-01
9.755490855938537820e-01
9.854743511993623306e-01
9.887511037915983625e-01
9.570213017223502261e-01
9.891133468845872967e-01
9.786192521336470884e-01
9.865703301322309438e-01
9.687056229599546597e-01
9.948406140355098293e-01
9.802825273488651181e-01
9.754459402670750956e-01
9.782865601693282454e-01
9.939900445214816527e-01
9.815591151835876271e-01
9.775160904043145305e-01
9.777900508678086799e-01
9.661314432091294702e-01
9.872618936530306311e-01
9.410462191913322449e-01
9.822102191959576345e-01
9.937068733429892387e-01
9.906920916799695220e-01
9.847437572647506077e-01
9.901782469132996978e-01
9.903386200099253411e-01
9.884476900844539893e-01
9.784473709557641730e-01
9.827902917266956306e-01
9.700542460976377956e-01
9.371179618041968196e-01
9.863691459144015017e-01
1.004004406992874410e+00
9.800666297399917015e-01
9.750675563369328724e-01
9.994859584314671475e-01
9.701311623107506943e-01
9.840631917948521323e-01
9.774614970429461591e-01
9.660738717145328502e-01
9.594468731392420402e-01
9.750270380994090491e-01
9.875791666737484542e-01
9.910098032640846100e-01
9.643510668357123672e-01
9.754362283562498792e-01
9.355208499115532650e-01
9.631656287503354008e-01
9.908056493158037270e-01
9.869236821719826747e-01
9.759160890258298249e-01
9.695627252518059791e-01
9.976945370929690693e-01
9.586402849705154550e-01
9.887802124433308082e-01
9.643010777024537683e-01
9.832345820058651098e-01
9.856249857840467810e-01
9.737995271959845045e-01
9.748300264084838185e-01
9.935655885237723028e-01
9.785512790490729085e-01
9.727566706914421157e-01
9.653608517706634418e-01
9.810677341730020817e-01
9.833175978663332151e-01
9.633111604187766241e-01
9.910592458340214961e-01
9.391925959953096870e-01
9.843210249435055959e-01
9.860850567706688219e-01
9.958413801367164142e-01
9.964727194082806383e-01
9.849744163160801813e-01
9.318084839308330425e-01
9.866117749564797812e-01
9.667723300787464114e-01
9.823353703325079511e-01
9.658884160956855425e-01
9.691372363931851641e-01
9.808413871837692311e-01
9.883915020966036469e-01
9.891675502765316930e-01
9.550803371230498495e-01
9.684866212599508861e-01
9.840303112100791116e-01
9.834951383427975591e-01
9.553810002540310542e-01
9.757450083094432181e-01
9.756757880611588440e-01
9.777835104934099464e-01
9.785520246725707416e-01
9.854136417610616094e-01
9.889207421135653986e-01
9.597467105328894021e-01
9.804500879887203535e-01
9.920610243541656548e-01
9.882400955090198114e-01
9.808649877825776908e-01
9.859760234796001166e-01
9.868544557384136828e-01
9.703033456202890816e-01
9.942875650461681092e-01
9.753093691596577131e-01
9.799283550551662891e-01
9.554643798693408518e-01
9.450131411326473385e-01
9.970647563273067338e-01
9.927997318213175326e-01
9.697118052535341759e-01
9.751174387990342307e-01
9.739211610973592670e-01
9.926419688951523268e-01
9.587764527135040904e-01
9.835019981660002575e-01
9.904116106561753341e-01
9.963406084187735878e-01
9.529148400028648602e-01
9.970802015794311135e-01
9.913477619912280936e-01
9.850718608004143118e-01
9.894370036372830413e-01
9.664354782898730845e-01
9.450525209932520987e-01
9.733897638314885636e-01
9.874912810863584189e-01
9.892732284741330151e-01
9.815179964696920667e-01
9.667494204296523952e-01
9.862619607627752805e-01
9.871476278304421870e-01
9.805473823883803508e-01
9.928955162298994663e-01
9.517318470541823450e-01
9.664868733797350453e-01
9.776312213143695251e-01
9.617719407955773736e-01
9.853419397354377107e-01
9.784422027036514535e-01
9.867685084960853281e-01
9.874405632395272248e-01
9.821260137960576841e-01
9.759762993180515211e-01
9.916492740954988561e-01
9.759924757667558515e-01
9.840942587050113266e-01
9.862773828087788575e-01
9.815459236433941026e-01
9.786134849031731253e-01
1.012677824299619056e+00
9.381096791395724388e-01
9.572018403693052235e-01
9.892742802044649508e-01
9.819676098073745196e-01
9.925885032602043134e-01
9.898010884706204271e-01
9.918821660642092031e-01
9.686046661904644806e-01
9.754740927029169617e-01
9.788519958925021580e-01
9.756424486224436476e-01
9.787285797166268564e-01
9.789808566612837604e-01
9.891687478692895441e-01
9.291574542999542219e-01
9.572832871079014483e-01
9.838302420469354770e-01
9.855254883614821271e-01
9.862933632204051726e-01
9.761982730261914432e-01
9.929575604545048950e-01
9.914510661659138302e-01
9.810188918625987187e-01
9.657729064940268060e-01
9.918190689783215053e-01
9.392556325195977607e-01
9.949970965740493334e-01
9.918157950261956568e-01
9.628689229506216529e-01
9.677224814517829676e-01
9.882885455833764210e-01
9.755034914288799319e-01
9.847754324177137031e-01
9.868690533675329446e-01
9.566710071082737965e-01
9.931565650324775119e-01
9.956970802501977635e-01
9.775624927348773863e-01
9.743295450128799384e-01
9.814383248656258774e-01
9.882203281442560883e-01
9.689751186547947981e-01
9.645480717420651384e-01
9.867036764008132455e-01
9.831399895282432189e-01
9.781946183827759933e-01
9.836684728497846475e-01
9.837820794108387279e-01
9.802661853865621833e-01
9.952555763182848736e-01
9.843040380702127168e-01
9.715120833358804608e-01
9.864088506881955043e-01
9.900624346576787360e-01
9.774448099899710751e-01
9.700731949735169612e-01
9.824506638726508978e-01
9.768345988506110800e-01
9.985730241851679123e-01
9.676206982396921008e-01
9.929184401666041326e-01
9.761618283207266211e-01
9.805648293805161453e-01
9.948809377879078708e-01
9.922049225368898551e-01
9.669722352619413153e-01
9.649473518349255263e-01
9.824605891843689598e-01
9.848355449861979638e-01
9.768771606226785975e-01
9.752661672648124114e-01
9.726711273304551320e-01
9.822755032942113163e-01
9.703435068691803611e-01
9.993118015569778523e-01
9.786125472054246766e-01
9.672366259489760809e-01
9.913926851430255871e-01
9.851070591117233599e-01
9.890637932916358510e-01
9.650644147406236550e-01
9.648747340742401812e-01
9.709870205429435019e-01
9.829176210618757459e-01
9.902184151106769860e-01
9.998521501168468051e-01
9.784996619718997479e-01
9.766051741379009332e-01
9.776970727486949952e-01
9.525508568466779513e-01
9.808186542347888670e-01
9.943116375375271598e-01
9.742858491068109306e-01
9.872122387219463002e-01
9.832376278538278447e-01
9.660581242223249543e-01
9.822624760020393087e-01
9.917990109753884731e-01
9.674549097580561474e-01
9.637883435234674279e-01
9.818544855763571277e-01
9.844722491910006257e-01
9.886886599867537040e-01
9.742671764729953221e-01
9.805942087015115938e-01
9.545178045523411425e-01
9.721194675039145361e-01
9.584368564477783181e-01
9.821445958266201703e-01
9.717577416502816146e-01
9.841428226937911639e-01
9.521732066668451289e-01
9.762216210113799919e-01
9.507130619848676023e-01
9.870176596240901601e-01
9.833215942878640314e-01
9.875312149073454115e-01
9.729210324603586590e-01
9.770156805683772872e-01
9.843430584807810746e-01
9.503872527051572261e-01
9.775740400297682209e-01
9.891608702317463697e-01
9.542041289756770794e-01
9.907906652141452719e-01
9.837322970985205028e-01
9.796205866408662644e-01
9.749240792544882073e-01
9.544407618531779436e-01
9.811417335838004128e-01
9.715154104884778929e-01
9.807879504105392332e-01
9.921294405912399750e-01
9.839984621466728587e-01
9.499815200897000489e-01
9.871797687897952978e-01
9.710125474957173042e-01
9.547873722823534415e-01
9.870545612120141810e-01
9.553058749679361750e-01
9.871941007152825742e-01
9.752779194614193958e-01
9.767691071105365497e-01
9.736513138621736285e-01
9.500487115319335985e-01
9.695130461728742599e-01
9.686637081509134051e-01
9.870316058318275854e-01
9.734743142183482911e-01
9.663338341267954101e-01
9.361842597694006729e-01
9.789007674282202975e-01
9.934629602360535161e-01
9.528256622495140382e-01
9.855231307490232018e-01
9.790236248485040260e-01
9.924104671403950473e-01
9.828355698499410265e-01
9.827341043075963345e-01
9.736247375229865053e-01
9.828281125076789859e-01
9.780966241566766417e-01
9.899548633060781810e-01
9.893061347747273970e-01
9.675844888371618602e-01
9.785791111115180740e-01
9.906150439728861334e-01
9.860430816826405431e-01
9.962791189244016854e-01
9.564215933139134096e-01
9.808683422159208964e-01
9.770321493333062879e-01
9.821216378737307462e-01
9.775781885570260510e-01
9.831217685926040284e-01
1.000191319260628431e+00
9.657687022113683462e-01
9.793063853210123293e-01
9.626020041290888063e-01
9.868647519943660740e-01
9.853700428939431433e-01
9.701918912751411606e-01
9.803822792081826609e-01
9.720266633720132665e-01
9.837740427731120896e-01
9.818419941335690959e-01
9.923169627070491661e-01
9.825821590953252027e-01
9.711183750816612115e-01
9.757472649367983086e-01
9.769845783753630108e-01
9.595078071273811515e-01
9.949634965846437806e-01
9.934728547954513322e-01
9.862134222437014541e-01
9.765579779144484274e-01
9.950357993849884286e-01
9.799286325089139327e-01
9.881015141679141411e-01
9.791195940879354742e-01
9.765633671450282272e-01
9.740648065341981354e-01
9.638566403425867790e-01
9.450704963851173090e-01
9.707678225104415803e-01
9.909675867801777116e-01
9.737486069577135916e-01
9.673335870357385735e-01
9.597294485743647074e-01
9.879096987227722337e-01
9.666123336732198590e-01
9.725664379342483512e-01
9.773615070061425492e-01
9.885145090226403752e-01
9.684177014088681812e-01
9.851766134119207541e-01
9.757352318860007534e-01
9.853968245429068906e-01
9.510710945807965278e-01
1.002461423575977228e+00
9.854611482353978769e-01
9.751231798603554601e-01
9.767697343050830705e-01
9.869290748593095852e-01
9.789832254321428895e-01
9.768025381854615885e-01
9.776899041781649258e-01
9.861024021356860070e-01
9.798858235977742082e-01
9.620189389510301892e-01
9.756769419487039130e-01
9.551426876370220365e-01
9.835873242270752881e-01
9.494007961466826018e-01
9.894509251030264574e-01
9.792372081331293110e-01
9.338445549226620512e-01
9.899063636052618520e-01
9.939456312192840315e-01
9.936601646942849753e-01
9.800343823039140423e-01
9.863426243278042849e-01
9.678260145011892135e-01
9.943477791892897377e-01
9.570041538285163352e-01
9.839306608183665537e-01
9.890389104253912711e-01
9.752957972437777956e-01
9.501560346495921960e-01
9.960453159230331366e-01
9.803907313210962204e-01
9.647125673295544601e-01
9.305146647346218547e-01
9.707933847161518415e-01
9.869402881044108122e-01
9.659476594161651164e-01
9.789352920674100345e-01
9.814760632353285441e-01
9.928951843307650682e-01
9.932779431714962026e-01
9.904096720516054608e-01
9.745816192660633481e-01
9.664564711882068782e-01
9.925745447963095769e-01
9.691952523020116450e-01
9.844818194183571070e-01
9.769036196120439719e-01
9.760086436666389753e-01
9.933946691452110178e-01
9.825138123265535484e-01
9.926996097896598759e-01
9.745314736257176813e-01
9.907658849069270746e-01
9.900968684025465150e-01
9.830093307710829897e-01
9.882581102891977443e-01
9.790935191684365657e-01
9.758308141681768522e-01
9.555538188650729570e-01
9.772630678032152574e-01
9.747623896015409350e-01
9.752198852808726670e-01
9.852785990322997511e-01
9.979945694482508234e-01
9.891502417685132942e-01
9.915394754377212516e-01
9.579861078044569211e-01
9.819502342531233330e-01
9.732045308183202570e-01
9.789656921999784212e-01
9.955093068961238245e-01
9.499025351538168405e-01
9.951877409832955435e-01
9.863443614539822990e-01
9.869666282303865001e-01
9.838011817550348370e-01
9.847577089018576535e-01
9.728785670466145730e-01
9.914167601060951407e-01
9.574916864827849317e-01
9.670488290140795140e-01
9.871211621884968812e-01
9.924255005638313865e-01
9.943386613054012724e-01
9.658173284470810138e-01
9.905925942769613357e-01
9.768711925880131375e-01
9.871249228388294661e-01
9.838647534286776297e-01
9.966104700268846317e-01
9.980609021470154829e-01
1.000692764903793774e+00
9.933135724944346379e-01
9.616154214590244553e-01
9.852956561793494439e-01
9.905732922033214649e-01
9.747234917570559709e-01
9.780682849893980180e-01
9.821284721447531840e-01
9.684879795647149958e-01
9.776705135411902781e-01
9.674161824307087043e-01
9.952107237981375754e-01
9.832102006432352770e-01
9.765408807981902362e-01
9.742487815887663771e-01
9.877703567785325323e-01
9.673719297220658708e-01
9.882202286223363830e-01
9.966905365629451508e-01
9.860482038495579360e-01
9.870609878661937842e-01
9.685666161700955401e-01
9.808909630929384393e-01
9.835862874307006454e-01
9.719857276150514203e-01
9.616681159469832041e-01
9.787029119706190938e-01
9.863253709963738514e-01
9.798953000950992864e-01
9.847955407138909711e-01
9.873207197357284359e-01
9.897402996122599550e-01
9.850960055107215174e-01
9.959731970062992712e-01
9.776825785307147187e-01
9.786620588609625804e-01
1.008202298925179541e+00
9.939662734880302386e-01
9.824420915631039142e-01
9.967713186816251625e-01
9.731643331454665757e-01
9.719835512880189432e-01
9.824929405435677277e-01
9.930655432118525860e-01
9.637916874477396867e-01
9.571073845766853161e-01
9.814166751894296548e-01
9.821444880422536272e-01
9.781907975620414142e-01
9.623330348551266678e-01
9.884868000102843277e-01
9.838107441799761599e-01
9.741669279251994329e-01
9.789821116405037493e-01
9.816111038553824164e-01
9.818711254538604605e-01
9.918348645568895172e-01
9.885941827338726728e-01
9.775918375491573498e-01
9.922721429151927230e-01
9.795797014219687071e-01
9.904090898195532233e-01
9.711079529593138471e-01
9.852575042685318696e-01
9.837762680552433192e-01
9.831014302269742711e-01
9.798170755796160591e-01
9.627757306955381233e-01
9.844295897780190874e-01
9.648976284065867715e-01
1.003978681205165202e+00
9.831746412427937454e-01
1.010507296257646681e+00
9.583104565278522946e-01
9.940374020193372129e-01
9.913952358606773485e-01
9.884021171694897800e-01
9.707836670598402051e-01
9.868303873466994780e-01
9.875739490308156343e-01
9.815764067570424967e-01
9.478382835443793786e-01
9.859541144875965113e-01
9.447641819556412690e-01
9.750264349014128307e-01
9.763823835562394082e-01
9.850619795077225627e-01
9.406140551640517211e-01
9.798391279173890300e-01
9.820616880391206394e-01
9.782062630749549514e-01
9.836580769587932593e-01
9.826139925342033399e-01
9.708397395404879671e-01
9.669269846234641586e-01
9.708999744334243509e-01
9.924935069487280659e-01
9.425642530643240091e-01
9.710032846761352809e-01
9.745367939950139169e-01
9.781912048438941021e-01
9.779209030784307144e-01
9.907658519369395567e-01
9.856619932062349321e-01
9.945573742839036724e-01
9.731335216996209736e-01
9.852641597986045996e-01
9.960023398486396173e-01
9.617185717897021036e-01
9.847473168035140167e-01
9.684582930897827069e-01
9.915868282398406786e-01
9.840715127028187847e-01
9.671902007509206589e-01
9.997091308497136897e-01
9.906358660832513818e-01
9.678235319673353931e-01
9.888626994009031002e-01
9.629040518132998550e-01
9.570873352750901564e-01
9.655099732056842132e-01
9.981197920339713869e-01
9.687302530494686925e-01
9.680615088770064824e-01
9.705202525497997890e-01
9.941071862107172530e-01
9.552875107958648249e-01
9.738827283198002727e-01
9.851287761898546158e-01
9.817038586153868929e-01
9.791221418298884371e-01
9.898567111874188029e-01
9.552664023499857215e-01
9.694131995623466169e-01
9.795667139224399911e-01
9.836391252284039100e-01
9.904195581019125116e-01
9.865047825923362046e-01
9.935497687240938403e-01
9.828267365422153068e-01
9.939776807913717205e-01
9.875989773891963308e-01
9.869407585668354965e-01
9.783304119146524203e-01
9.736513973461937699e-01
9.727574052738797716e-01
9.816357519282588040e-01
9.689925165496351411e-01
9.818496145189244961e-01
9.796532517174182386e-01
9.737269592353157144e-01
9.905110355618476081e-01
9.938496814174431204e-01
9.858094428216672700e-01
9.598937478196517548e-01
9.971677648384636994e-01
9.715386524752381847e-01
9.894306520785971504e-01
9.634791319377150609e-01
9.781156591430915093e-01
9.929058104583310396e-01
9.764578309668383582e-01
9.867377212530085151e-01
9.576980707076616639e-01
9.582702689373038263e-01
9.927868528277971061e-01
9.875482939340864963e-01
9.927320412990062737e-01
9.897968744353885517e-01
9.961856226278212878e-01
9.856363537493548765e-01
9.893133576310282340e-01
9.953362854905931645e-01
9.529161021272504195e-01
9.928078618770770358e-01
9.859759098316309700e-01
9.844998656255748992e-01
9.842476504691380912e-01
9.738707004041634585e-01
9.957271522467130431e-01
9.869464828355125618e-01
9.881295592994545629e-01
9.850763128201652785e-01
9.809965098929512850e-01
9.929359794931011951e-01
9.934563413670098875e-01
9.755923610603501883e-01
1.006559860522167726e+00
9.866425543063230830e-01
9.847100903468809507e-01
9.829205518960737464e-01
9.917540080411743064e-01
9.831162351987082770e-01
9.836829406538166731e-01
9.559303735735544816e-01
9.547031726990461431e-01
9.592789361448221808e-01
9.898769216504165191e-01
9.916079207417164421e-01
9.884785915867050354e-01
9.869571730083802619e-01
9.892212753965834438e-01
9.625584606590119607e-01
9.814025149004657056e-01
9.808439174017365980e-01
9.744163767645056540e-01
1.000600322239030504e+00
9.764085907744591841e-01
9.925791446598168921e-01
9.809756483196351295e-01
9.758707466739955372e-01
9.570774328570713640e-01
9.634355924228470425e-01
1.001013817370121961e+00
9.768455642278000006e-01
9.957549907315828008e-01
9.440404915785534090e-01
9.898649929240957990e-01
9.893701136759420756e-01
9.851841870252119326e-01
9.454333537739074700e-01
9.841216726638706280e-01
9.546043617491614119e-01
9.617978934767575927e-01
9.917391960912573801e-01
9.866244603997371687e-01
9.764790647874126428e-01
9.755621441065182031e-01
9.789096381725207463e-01
9.632912180465915686e-01
9.772303707813571050e-01
9.874129089074703547e-01
9.849855631905927167e-01
9.537828779412330649e-01
9.722755827879168145e-01
9.761227513808062861e-01
9.807954150849654829e-01
9.869638709649326547e-01
9.825384485371014831e-01
9.767261112701870474e-01
9.358141300199397383e-01
9.541997839824714056e-01
9.693201576326598845e-01
9.856602790966142447e-01
9.837570586710879805e-01
9.637400652014496139e-01
9.756344921410455839e-01
9.679144171100697580e-01
9.802384943158664043e-01
9.801405130017109002e-01
9.621696455371506751e-01
9.501311661950118115e-01
9.679485453676630602e-01
9.775749042237468212e-01
9.892002068745008314e-01
9.640229830735956851e-01
9.857929249683123896e-01
9.959530001531724519e-01
9.821912643007936206e-01
9.845268681628405183e-01
9.535403798907176043e-01
9.830006378579765336e-01
9.865642966873925390e-01
9.867373395345580001e-01
9.781608842061587650e-01
9.886430134892326693e-01
9.876932369832264191e-01
9.872713360900357005e-01
9.847374088385435487e-01
9.709428369251880131e-01
9.442526736699605738e-01
9.797152186785978989e-01
9.872153015487286076e-01
9.812436746858156367e-01
9.829929943896946742e-01
9.907437740526429115e-01
9.557433776242115764e-01
9.836080276249964394e-01
9.810327663067871518e-01
9.738380078651387439e-01
9.377809417284815874e-01
9.751535231176503560e-01
9.815687803832178204e-01
9.832055256197398396e-01
9.823235402369611124e-01
9.795492025587825280e-01
9.659171910851968024e-01
9.846320992638941672e-01
9.885739767806505096e-01
9.763402666474506608e-01
9.947468058418632575e-01
9.688261748871775936e-01
9.871189437395985200e-01
9.708531541334726178e-01
9.920772965823280165e-01
9.712297583795052036e-01
9.722286813212438483e-01
9.893759748867428927e-01
9.617130496157276776e-01
9.862210182065183073e-01
9.806945291400391840e-01
9.715902077165924355e-01
1.005829785800407938e+00
9.950969868420075359e-01
9.856728716963973902e-01
1.005605998429381254e+00
9.692718911360810319e-01
9.605711738581382830e-01
9.908643456912705760e-01
9.961300198381125570e-01
9.686189541273719783e-01
9.609106035789993783e-01
1.001624013049197126e+00
9.816517657564870492e-01
9.821760643438146587e-01
9.959511254667899882e-01
9.722724559815479894e-01
9.871467972667926638e-01
9.926800933539844385e-01
9.740694363624458063e-01
9.851503157128785881e-01
9.882319844001611342e-01
9.791029424800697933e-01
9.809966231090294642e-01
9.937977826225213862e-01
9.844344955004714626e-01
9.863042740896611482e-01
9.848022076837318339e-01
9.837021583295417759e-01
9.920777531724391807e-01
9.790746758699818697e-01
9.798163900606952081e-01
9.925410113618863273e-01
9.621947136767778908e-01
9.915630547866591815e-01
9.830700248251121875e-01
9.807020241037709418e-01
9.457265018334884976e-01
9.706631591122835134e-01
9.587717043326902111e-01
9.849019653849142575e-01
9.920283660608043563e-01
9.888525117751961746e-01
9.857119766382663739e-01
9.719833006932911967e-01
9.788672762926173831e-01
9.857612568252342999e-01
9.851087524152374320e-01
9.704449745420683504e-01
9.644322972606933497e-01
9.834197603724927905e-01
9.777327904563630767e-01
9.910840469592127056e-01
9.864749793370586328e-01
9.751132467815458726e-01
9.931292120677164270e-01
9.652429032429049593e-01
9.657386180524522024e-01
9.574436663743306486e-01
9.769280491017299228e-01
9.798218345330443890e-01
9.806668975586945169e-01
9.873223762606930798e-01
9.881287079801069906e-01
9.891750491890802799e-01
9.829096836394692893e-01
9.683590255412740655e-01
9.839424342125769885e-01
9.824006029976037890e-01
9.541992385806644661e-01
9.608315881945003190e-01
9.835010610473281512e-01
9.717037682183835567e-01
9.840444461739523696e-01
9.541370486662220651e-01
9.831446878116218979e-01
9.855921020476654526e-01
9.829482474589000818e-01
9.535844326912138458e-01
9.910306640278387924e-01
9.761259047435113523e-01
9.683034222997844997e-01
9.861051651250409833e-01
9.770330526887510691e-01
9.830911395181559653e-01
9.882834741079161711e-01
9.685101313952315660e-01
9.932647371534633063e-01
9.885309902816992178e-01
9.709729010150139894e-01
9.797938371397532098e-01
9.770560678770199292e-01
9.679697102800650654e-01
9.827185154876281192e-01
9.822725431187351308e-01
9.656662235475108602e-01
9.752659989759807635e-01
9.809393388836371575e-01
9.737903902732113481e-01
9.919604786010658426e-01
9.533433679764717894e-01
9.810045717585791358e-01
9.905732596850231886e-01
9.912084763423465450e-01
9.844316252700727743e-01
9.691028088395388096e-01
9.818450517603191097e-01
9.852124994066857600e-01
9.795445256489858643e-01
9.660565559872117403e-01
9.545580630528257560e-01
9.578532167990805313e-01
9.868752428913175612e-01
9.945385938365557399e-01
9.905610334145326101e-01
9.767330582145399287e-01
9.869976515301225328e-01
9.836140665554402585e-01
9.872600496457022423e-01
9.671536998592247247e-01
9.857064342260353218e-01
9.866316880078332963e-01
9.754218659901027211e-01
9.838552739236343658e-01
9.745148142876495223e-01
9.867707274905411774e-01
9.740179645182103219e-01
9.889349315037567756e-01
9.924049142554198788e-01
9.556106954035462620e-01
9.703547524986360084e-01
9.713101245318472854e-01
9.616513385984981621e-01
9.505540375021130917e-01
9.912779421598473251e-01
9.847661913530644240e-01
9.708868355033287711e-01
9.808406855920049905e-01
9.720175951228590128e-01
9.860425485948126623e-01
9.888376352964329818e-01
9.747702830757297709e-01
9.918276840682517248e-01
9.664498724124245266e-01
9.908280182157244154e-01
9.537980773323017081e-01
9.559776616732799104e-01
9.915813869763815402e-01
9.593996343233468505e-01
9.810911253465636195e-01
9.950313656908262860e-01
9.959563804466915471e-01
9.846969945565750004e-01
9.672894306886570259e-01
9.833666024374935200e-01
9.653969740781168651e-01
9.963107585574737524e-01
9.722281835496402458e-01
9.779795190952663697e-01
9.701031579462209287e-01
9.722187519640381748e-01
9.833128228788643455e-01
9.930748088550268582e-01
9.808522180304867222e-01
9.820508488411072712e-01
9.820228260662497988e-01
9.788906802051573486e-01
9.826460410320636552e-01
9.928434639051449961e-01
9.842181743081070966e-01
9.916651169006924782e-01
9.711674567071273412e-01
9.453762082850257764e-01
9.919442483525064969e-01
9.794511468222200090e-01
9.679516236435640186e-01
9.848242529867103912e-01
9.926809744093852972e-01
9.827923338863686631e-01
9.768328973473475729e-01
9.628006028842357455e-01
9.975809767267629358e-01
9.815280756972506460e-01
9.668181671961196821e-01
9.613898079191086632e-01
9.884895365324535277e-01
9.665999599988435165e-01
9.874448247479087337e-01
9.474314222010483677e-01
9.640214400107628423e-01
9.798958469252156966e-01
9.815837609816843168e-01
9.862588780738343885e-01
9.906075910720771871e-01
9.790743206005956267e-01
9.876510681485549670e-01
9.621865114213667969e-01
9.615526606416366917e-01
9.792938196262600536e-01
9.693568828157518302e-01
9.650108007218181072e-01
9.875018561082253843e-01
9.780837354915112858e-01
9.604958495868046731e-01
9.886649056240610633e-01
9.708712620525904446e-01
9.843324620177472672e-01
9.854459683772845979e-01
9.956354017096480380e-01
9.969481862334704791e-01
9.854903981511756728e-01
9.510046159139921018e-01
9.773422673967835372e-01
9.719415097030272843e-01
9.675378463470533097e-01
9.789832985966782086e-01
9.910406313716179083e-01
9.629285997970072897e-01
9.835884648350741166e-01
9.723266920143206482e-01
9.719200660377398382e-01
9.625203653112405222e-01
9.446798006993254448e-01
9.960382672483251154e-01
9.844666330164791868e-01
9.605769954673656352e-01
9.813456658151032963e-01
9.504848572624250425e-01
9.702055455122169381e-01
9.847907176215349168e-01
9.852944317462027923e-01
9.685733110404257662e-01
9.852066428727970226e-01
9.955129838691434419e-01
9.912672771206760824e-01
9.537767689994426368e-01
9.720558640076033541e-01
9.962239455467134519e-01
9.813418451388014052e-01
9.880724139466874334e-01
9.753919969680227009e-01
9.869161963836905471e-01
9.695944480374810714e-01
9.668151931625087458e-01
9.888283560868618149e-01
9.948010456596926288e-01
9.871514331971523726e-01
9.895186534831804659e-01
9.309683148607034164e-01
9.701759552378452778e-01
9.703374295963917984e-01
9.617649055628292309e-01
9.853392816202876103e-01
9.710404020680574178e-01
9.854996800399961066e-01
9.829596312205324260e-01
9.817627956232167774e-01
9.509782219103288803e-01
9.775285938255970919e-01
9.648467138946006383e-01
9.934509525334046520e-01
9.784247642033579995e-01
9.640607322233134546e-01
9.614045896827869697e-01
9.839487391384508230e-01
9.797155267231481002e-01
9.879543722999776234e-01
9.784229053267965437e-01
9.765303206941272629e-01
9.617529423828836688e-01
9.825238324172375082e-01
9.785342057212158551e-01
9.968136284576185613e-01
9.857060428004674746e-01
9.803266221868728314e-01
9.697312651941613071e-01
1.006504586781711952e+00
9.970672177311339368e-01
9.672370318227576647e-01
9.788528840785506446e-01
9.729074535500589205e-01
9.842266716821223005e-01
9.819994916937547780e-01
9.854175175925138364e-01
9.824907700175575798e-01
9.765061368423119115e-01
9.580415922659870631e-01
9.861699323688961627e-01
9.720175396732191331e-01
9.860467858428909604e-01
9.888875029899714120e-01
9.769988553334977288e-01
9.762927828586002166e-01
9.929184721905807143e-01
9.626192778849798071e-01
9.806585799342205645e-01
9.658813309674759706e-01
9.708192738414244127e-01
9.788568479637727027e-01
9.742275200145199543e-01
9.831491239142861049e-01
9.703927290565457220e-01
9.538113862071574411e-01
9.682409904484914343e-01
9.581252176547931931e-01
9.524593962084142440e-01
9.922351793908068540e-01
9.769719694121569153e-01
9.845215718068913713e-01
9.619790870217292955e-01
9.741730975892453070e-01
9.727094272009546572e-01
9.604243987391993809e-01
9.587551786261834241e-01
9.828627368963843702e-01
9.828174955603018459e-01
9.797833450985351522e-01
9.780373821171354232e-01
9.784993435962134889e-01
9.880231985173629772e-01
9.832394825173463859e-01
9.827879162990165174e-01
9.821580056262692038e-01
9.776544078588590425e-01
9.846185187518776694e-01
9.632659566836990761e-01
9.804853816337948391e-01
9.914796426202228119e-01
9.932613941302750327e-01
9.819783255421313806e-01
1.001029913884023514e+00
9.844245492271862519e-01
9.878755250391614284e-01
9.692136438802833043e-01
9.515422332507021963e-01
9.773329795599311476e-01
9.858129750148562076e-01
9.855581546145323335e-01
9.611166991965788275e-01
9.556934813034828613e-01
9.955773787476145387e-01
9.880781819833911461e-01
9.852746544460073697e-01
9.767203109375108827e-01
9.780718491468886056e-01
9.863892476261593156e-01
9.768150884242469134e-01
9.751988996195477544e-01
9.868954718446332208e-01
9.661793195259853473e-01
9.853596526599324168e-01
9.867732372585177325e-01
9.777291463477458811e-01
9.960315945942861404e-01
1.001250043822170754e+00
9.858992225720500935e-01
9.958344062809426633e-01
9.902096701311632332e-01
9.656354649472219664e-01
9.818438368107120784e-01
9.711930792198664175e-01
9.783737109907176821e-01
9.858141960920557834e-01
9.497709995216220280e-01
9.772058844691833279e-01
9.360359313926389646e-01
9.483560393437968639e-01
9.971784984851811418e-01
9.553031151227625584e-01
9.601613209852308817e-01
9.888252808052500065e-01
9.799715524640277842e-01
9.886773343148840265e-01
9.721128467694017949e-01
9.712087684234441687e-01
9.818159833719178886e-01
9.669152163250710474e-01
9.718134902496565752e-01
9.881114938424665484e-01
1.004229539400445015e+00
9.700513247077602319e-01
9.758528254997550500e-01
9.804091856654906234e-01
9.187541024789348532e-01
9.853516754707453140e-01
9.696764886914561732e-01
9.930098044302076987e-01
9.829920199908518397e-01
9.855345411114385668e-01
9.873334183315116697e-01
9.866603503937758646e-01
9.739717890199124373e-01
9.860544773070756275e-01
9.846543347547029867e-01
9.796935612466841636e-01
9.940589610910128826e-01
1.001677995891787853e+00
9.828859175236220880e-01
9.682777808077488446e-01
9.726372902352810046e-01
9.774846285332972062e-01
9.682913838793257844e-01
9.917400472262687394e-01
9.832802077352862380e-01
9.863121513388012351e-01
9.787086635795604339e-01
9.680104017525599236e-01
9.400312449383939617e-01
9.894889441935550423e-01
9.811598349844040667e-01
9.716768204506518458e-01
9.817137161155937708e-01
9.864064589204072364e-01
9.802457390504309975e-01
9.669711747703548799e-01
9.963151979262326874e-01
9.742116257572730476e-01
9.884069643014044004e-01
9.799956124802780000e-01
1.003191820754028463e+00
9.763754772268441462e-01
9.869303789853537401e-01
9.948341948771263210e-01
9.755203631581285117e-01
9.784276671818157300e-01
9.749658189972753020e-01
9.586877258593351492e-01
9.825525456480365127e-01
9.688969920140824144e-01
9.677545402268906694e-01
9.513477759018589275e-01
9.476279460560725898e-01
9.859557424181580876e-01
9.768877370224685608e-01
9.807888130680763039e-01
1.008608569338015570e+00
9.851254208318189765e-01
9.770108884503136970e-01
1.004346597849763656e+00
9.883897855060692628e-01
9.807716787507220202e-01
9.805339982730164605e-01
9.535165626593827826e-01
9.757480855004109221e-01
9.493351654845849641e-01
9.770840737797741316e-01
9.744373337717291417e-01
9.624851996865110282e-01
9.824113874934234936e-01
9.651215209201045031e-01
9.721033650283895655e-01
9.803981792283981145e-01
9.754668260801711011e-01
9.757665312573636784e-01
9.664538458909099905e-01
9.891034618291072444e-01
9.792141655931958510e-01
9.863507718195474450e-01
9.695905961816083662e-01
9.757580201902863459e-01
9.809927874812068849e-01
9.731874130811565271e-01
9.930921349936525644e-01
1.000275087947843256e+00
1.010381012442248538e+00
9.720310152830439199e-01
9.766754652869015230e-01
9.919977603493204121e-01
9.873684652276245588e-01
9.902558081227698095e-01
9.665519749336772826e-01
9.765809993123371058e-01
9.377201668103125609e-01
9.913928511200986726e-01
9.869552610714560359e-01
9.669578127922667798e-01
9.822957331816916104e-01
9.806026769623654715e-01
9.491833931085271736e-01
9.768017637660053598e-01
9.686619909234421844e-01
9.596062439972297131e-01
9.912347658429896402e-01
9.742802991605881147e-01
9.874307729373875686e-01
9.657035033245268130e-01
9.746051138198731367e-01
9.628052550052570435e-01
9.874820411282493327e-01
9.813513748895381639e-01
9.907424853628898909e-01
9.689587062083947488e-01
9.906401385100952472e-01
9.943955248653767454e-01
9.860017810124385162e-01
9.889346757860333348e-01
9.656482780431424606e-01
9.637926427419444275e-01
9.576662913630004104e-01
9.837366493039763071e-01
9.577536425514849849e-01
9.741363449058304536e-01
9.856072777858013723e-01
9.862481233134445802e-01
9.873680046502740781e-01
9.982541396246862320e-01
9.923349146625143335e-01
9.946783284419299376e-01
9.924761789859096739e-01
9.741949049269201799e-01
9.709529074670294468e-01
9.669713280020169055e-01
9.847714833880965024e-01
9.750813619083422701e-01
1.002981073656247224e+00
9.923384443718598069e-01
9.695813019368525465e-01
9.889398646270295412e-01
9.674686866901716087e-01
9.827045270415578626e-01
9.687776012619234711e-01
9.712374368126029944e-01
9.860926239816377725e-01
9.854682696895940008e-01
9.909581821812776248e-01
9.660241043757008539e-01
9.831867963825821066e-01
9.792935673361358173e-01
9.534770341933871407e-01
9.660217220560517459e-01
9.989095604294301323e-01
9.836996893882333781e-01
9.735036273182113842e-01
9.762208882113089237e-01
1.013751606412402584e+00
9.632214715121010240e-01
9.618985084226981952e-01
9.993223607597228053e-01
9.887877079390088308e-01
9.880342033854578876e-01
9.682516232648461507e-01
9.878563839564830085e-01
1.014651623843801476e+00
9.824109356119642422e-01
9.792691846675530831e-01
9.826056033036993931e-01
9.799712154360364913e-01
9.946482998163187483e-01
9.647135836009290699e-01
9.703005298529830958e-01
9.960544526322243630e-01
9.870004043718551001e-01
9.517369692722508212e-01
9.930652760792639810e-01
9.664392098135430320e-01
9.815944407290094764e-01
9.788999614847918584e-01
9.785808219614350323e-01
9.580816120681866499e-01
9.841901806687557430e-01
9.786039835966633404e-01
9.546027003812465050e-01
9.907676770109143938e-01
9.821565721947570493e-01
9.751074095012209897e-01
9.964845121560226282e-01
9.921177738641890897e-01
9.916566601504891443e-01
9.643114077402777928e-01
9.730482890421152664e-01
9.739323033620297387e-01
1.006724076735920903e+00
9.816366610649062130e-01
9.801455901440714324e-01
9.860353009859973428e-01
9.755678654887107726e-01
9.887081701630870967e-01
9.964360992003611361e-01
9.796564938974312575e-01
9.694616101497491867e-01
9.613403914167534259e-01
9.921914306238617254e-01
9.899150295025226365e-01
9.867215227663707067e-01
9.600617185088818895e-01
9.849395870436747913e-01
9.766165953194770877e-01
9.859106866524270929e-01
9.910127407486126749e-01
9.810032123164210693e-01
9.849658527436041533e-01
9.854352376620020282e-01
9.880771316178498243e-01
9.832728713201115411e-01
9.670151436046819926e-01
9.829566963539481117e-01
9.723105250643586661e-01
9.791438486028067878e-01
9.683324034969600369e-01
9.847125751156108331e-01
9.866211398935385013e-01
9.725241341590465938e-01
9.867911771298282231e-01
9.691579268522794166e-01
9.859769473371668980e-01
9.923242682504656020e-01
9.870902833199116655e-01
9.808860367527596491e-01
9.746958486899133245e-01
9.751545469826949919e-01
9.864024971350513482e-01
9.984482511560477391e-01
9.788437641109557497e-01
9.871560740201448247e-01
9.631437979986532394e-01
9.801747422504053509e-01
9.676179670936221333e-01
9.744994345798263513e-01
9.920862707318992557e-01
9.991970739414314240e-01
9.795184140172281673e-01
9.823124977655789403e-01
9.579240817105089123e-01
9.875796413749403646e-01
9.762723186131242459e-01
9.848382127099809535e-01
9.847726662645243101e-01
9.992118519300359214e-01
9.837703617237975040e-01
9.627374966549313573e-01
9.805137801044722101e-01
9.918673579847737676e-01
9.864343680976047635e-01
9.896499461632318750e-01
9.922309307613103035e-01
9.634417116432223427e-01
9.841236395767216649e-01
9.760055896994898061e-01
9.943824040547791787e-01
1.001451726375583107e+00
9.644757086390541856e-01
9.736206492373649102e-01
9.585148132819730771e-01
9.642066461948869405e-01
9.655536332465924909e-01
9.791711134002436534e-01
1.004076364131123444e+00
9.982798127580202463e-01
9.870961028152602790e-01
9.691233219526138587e-01
9.661230664156228443e-01
9.681078180758179164e-01
9.770739854187939777e-01
9.823329194756101890e-01
9.816088331171840542e-01
9.699478447029640238e-01
9.630125980758376114e-01
9.981993796771325700e-01
9.907814209462871835e-01
9.729578732234562821e-01
9.949673542352530653e-01
9.768431815286734432e-01
9.788082155993342859e-01
9.594462481179023561e-01
9.588106472019274351e-01
9.749018524398076480e-01
9.715416960345930608e-01
9.855413037355703620e-01
9.791934730010616317e-01
9.907280197596993743e-01
9.802511624358898334e-01
9.983923262776701613e-01
9.819250220314524880e-01
9.492141678663925664e-01
9.913480551244413519e-01
9.720579288863036016e-01
9.852925582309115526e-01
9.522926664349626868e-01
9.805801838231714695e-01
9.809614180265977534e-01
9.829106104270548538e-01
9.647133028029164503e-01
9.925830937680867327e-01
9.782495327720294176e-01
9.702978414915457428e-01
9.948972118104372209e-01
9.766617995721864620e-01
9.882596010674210563e-01
9.780496876774928960e-01
9.780307091098918715e-01
9.821898370292074798e-01
9.758069372568887179e-01
9.820866105334900009e-01
9.811183891944409430e-01
9.867564297949080743e-01
9.831845402739356476e-01
9.900571642749353973e-01
9.874375047480553613e-01
9.903734233931004161e-01
9.868544375472918517e-01
9.767297511470209859e-01
9.791088602783717398e-01
9.846653329682676370e-01
9.526769371735722691e-01
1.000676527907960356e+00
9.804223979353335894e-01
9.604223131122947565e-01
9.696869274515609316e-01
9.948097920618991230e-01
9.714411221216675552e-01
9.934128004181046467e-01
9.965187925124240342e-01
9.669759039955936331e-01
9.842324246495490758e-01
9.830139069521495188e-01
9.883085123867447752e-01
9.779955421126581561e-01
9.900876288465523256e-01
9.501947030199777711e-01
9.835967559793761250e-01
9.864136465183351854e-01
9.804479854763682445e-01
9.842817023490694206e-01
9.983613985943163849e-01
9.658145776971164276e-01
9.781839020801188500e-01
9.945019432368806811e-01
9.947062402568926931e-01
9.958492527373654646e-01
9.689360564954053734e-01
9.877801838650571709e-01
9.936716526898197177e-01
9.841291143536005093e-01
9.890497581010291306e-01
9.721744713272556515e-01
1.006850134268401531e+00
9.722156945386675186e-01
9.733988354858532643e-01
9.678124857960166416e-01
9.704304421602139019e-01
9.818091928567898030e-01
9.942551387575212507e-01
9.821973341275813674e-01
9.859514217380254131e-01
9.845629100060679928e-01
9.896549343578007196e-01
9.775954960364556801e-01
9.897779091895481107e-01
9.859288695536975178e-01
9.778570599994537149e-01
9.930284129906954416e-01
9.916028888655719076e-01
9.866673671511685395e-01
9.854941693227992072e-01
9.826336934954075231e-01
9.891142838251097968e-01
9.834304196457952507e-01
9.863919391120629099e-01
9.867342321588494780e-01
9.734147886702322339e-01
9.731890431611147640e-01
9.702421672816862186e-01
9.834200037081467505e-01
9.799249203003163045e-01
9.752307443071196458e-01
9.627684335111629244e-01
9.709225291539838043e-01
9.464437834642520642e-01
9.899496553890827499e-01
9.885605672583812620e-01
9.819349102850410960e-01
9.943728768696992182e-01
9.538249640123425133e-01
9.851201522374650743e-01
9.892081778000320069e-01
9.927101437133527551e-01
9.917723613259218363e-01
9.817607799795957657e-01
9.912717260557412091e-01
9.782168374666833088e-01
9.701000814709834774e-01
9.878886562110646974e-01
9.873273860987288320e-01
9.479609323318480829e-01
9.862543521949684866e-01
9.879998550141495528e-01
9.919592783450127405e-01
9.730940348566852194e-01
1.001036588987238352e+00
9.822773958796728877e-01
9.600510814214694433e-01
9.940827098515240268e-01
9.879173121319855255e-01
9.943069524686529714e-01
9.857984211018336884e-01
9.866248550942470219e-01
9.624029911694544914e-01
9.649159586202600281e-01
9.880396460636990952e-01
9.860346500852535945e-01
9.638945094691335758e-01
9.278284176481597090e-01
9.781881230723503684e-01
9.937412995049841324e-01
9.998060698596391571e-01
9.785670669591420845e-01
9.755311096732733889e-01
9.825958284618063754e-01
9.949139901473029735e-01
9.996303363318312929e-01
9.785961678403524155e-01
9.508352158458963643e-01
9.860167694849287789e-01
9.877748353215982657e-01
9.610715782108436578e-01
9.797564405533870646e-01
9.450324459097138030e-01
9.707201993419848352e-01
9.838334643698761761e-01
9.655639279625972682e-01
9.723744960867611864e-01
9.570858369947345956e-01
9.866922634771793099e-01
9.768231636817396035e-01
9.796840937854814912e-01
9.738413742576140786e-01
9.945212930312220534e-01
9.804680427899287176e-01
9.852272929472760676e-01
9.675002265254506462e-01
9.869840650435041107e-01
9.856139222091688801e-01
9.751654694844370530e-01
9.883677393034668857e-01
9.927277040666691033e-01
9.867291168031097071e-01
9.893673974136144578e-01
9.742458150238246795e-01
9.707636204855316642e-01
9.850251356770106659e-01
9.765595431354028300e-01
9.670357510749666430e-01
9.596712913605885964e-01
9.943067026993789304e-01
9.931675639804402600e-01
9.578341397027758664e-01
9.572371638691072881e-01
9.827431689329766407e-01
9.949691567062706188e-01
9.840822619635535284e-01
9.930852506039656857e-01
9.790983460828222018e-01
9.673395143223250114e-01
9.797587196044764690e-01
9.837861930819786771e-01
9.936324370070021006e-01
9.935696597222730686e-01
9.650171636282796062e-01
9.528190270563942077e-01
9.870757197453019494e-01
9.741430385878407927e-01
9.907265163234010297e-01
9.718395593746705918e-01
9.814501157794917052e-01
9.748366219032422730e-01
9.847170400450933059e-01
9.855468995637559626e-01
9.924277416951068354e-01
9.463561196349227211e-01
9.629357818353673215e-01
9.863473178168606914e-01
9.650843990575506126e-01
9.772794120100235515e-01
9.873355587547480994e-01
9.920361287853316501e-01
9.778388841542015042e-01
9.934074369470939914e-01
9.610244843942050696e-01
9.755337173932830952e-01
9.666239837205371499e-01
9.623608069120097586e-01
9.800284048142754445e-01
9.825295565333758141e-01
9.838528740407960216e-01
9.887448699634482363e-01
9.892526085807262781e-01
9.794778691187364661e-01
9.865774211141736805e-01
9.703196586486499964e-01
9.848188506232817829e-01
1.003404440885459215e+00
9.826472349076210699e-01
9.604404013050951150e-01
9.832265595012921189e-01
9.872413273762898900e-01
9.832600071253437823e-01
9.760777443828807520e-01
9.866279536186264298e-01
9.614324862435640329e-01
9.744437848803789715e-01
1.000142550183625634e+00
9.840023306786525037e-01
9.885631713275248034e-01
9.690546886683854000e-01
9.765585668867120539e-01
9.933688497837448450e-01
9.662786161883635261e-01
9.657216438615086052e-01
9.854354180303017685e-01
9.858220282461204187e-01
9.605189902563120441e-01
9.679856440316628730e-01
9.714520081152753228e-01
9.926610331556080524e-01
9.849955355971986570e-01
9.917174187825348319e-01
9.817032535384306868e-01
9.823295773397887620e-01
9.836694867751816229e-01
9.960682565206895323e-01
9.723369124049991985e-01
9.481364747900574708e-01
9.894010792471240601e-01
9.906922727087489333e-01
9.779225916698844889e-01
9.789669471881112806e-01
9.720327913982841350e-01
9.710402561996314130e-01
9.802767663880512794e-01
1.004562258286388010e+00
9.699705806099895300e-01
9.866954941330179363e-01
9.551750148643486371e-01
9.817162457355864680e-01
9.761334728155161011e-01
9.536730477861072863e-01
9.874894408874445029e-01
9.809403975521564512e-01
9.796135510328136675e-01
9.790927966526898896e-01
9.720668981501966455e-01
9.578743160556367764e-01
9.844904421732958433e-01
9.838816215906547313e-01
9.868731176468116262e-01
9.866476865320122913e-01
9.720473090317826026e-01
9.777273058976436726e-01
9.813516922954430566e-01
9.831640257873294209e-01
9.878289764421782637e-01
9.559959762690389828e-01
9.870718102007355332e-01
9.716798598461420244e-01
9.474625290764547847e-01
9.829569858891994416e-01
9.831322010404281997e-01
9.792674337546113383e-01
9.919532347622026514e-01
9.850847539090291649e-01
1.002756741395507634e+00
9.933774849465707435e-01
9.712069052781882039e-01
9.823534261460552530e-01
9.763672349967317254e-01
9.833744160381070465e-01
9.986427412117082625e-01
9.704799834569772798e-01
9.903468937106176817e-01
9.856377982795075932e-01
9.777637502226848021e-01
9.809488052203563235e-01
9.812762839547259919e-01
9.915783711337994299e-01
9.858771247702335927e-01
9.816807579575952403e-01
9.663727049145844905e-01
9.899978026414217869e-01
9.734175268176563645e-01
9.701314971172778634e-01
9.737738552905841338e-01
9.363869928259906938e-01
9.823516157009529737e-01
9.896301356078621714e-01
9.709893210817923670e-01
9.778650639360567665e-01
9.642147708414067209e-01
9.965511046604621503e-01
9.931409154801436046e-01
9.653636751136529526e-01
9.610585686642874048e-01
9.863463161174669258e-01
9.758385160462033081e-01
9.870387631738016809e-01
9.754983888843767881e-01
9.793687050774487757e-01
9.790532281330525111e-01
9.660355288409994134e-01
9.624297763257433358e-01
9.821710593984974702e-01
9.417228963320474211e-01
9.667804820254549680e-01
9.904603454649887340e-01
9.662947319081287567e-01
9.614016590981518950e-01
9.868814198482047662e-01
9.827670232510111736e-01
9.806923189918349548e-01
9.741212421616327610e-01
9.702148440001577834e-01
9.851154862861145611e-01
9.815681275632658354e-01
9.905371088876900876e-01
9.878471276553820735e-01
9.889729259345545476e-01
9.835490640565583975e-01
9.948535233590123372e-01
9.921862085074437676e-01
9.794593763106578255e-01
9.751822206016863559e-01
9.819277863018738284e-01
9.443593970491140910e-01
1.002454656512773878e+00
9.876492861020221836e-01
9.570408543705974935e-01
9.729874314150755987e-01
9.915251045800985708e-01
9.908861861989936015e-01
9.672662047691277243e-01
9.824276187377111169e-01
9.892431451292226230e-01
9.695427788601547192e-01
9.882397196896604008e-01
9.317682034577479122e-01
9.726270654755474476e-01
9.822064552566647233e-01
9.852971824575400550e-01
9.680250097952352029e-01
9.893813345179021113e-01
9.908364017171109595e-01
9.847889370268315679e-01
9.705268478402728771e-01
9.925656336940666957e-01
9.965147374684162340e-01
9.826162576023284023e-01
9.657274302112709430e-01
9.789292424492822553e-01
9.904278676941514759e-01
9.868427115321667387e-01
9.696108456270602360e-01
9.706723504049991069e-01
9.912284280347979371e-01
9.748370574968746594e-01
9.943895855200928224e-01
9.800357152494592050e-01
9.908894460569542817e-01
9.564421655370167752e-01
9.796135203920937062e-01
9.821860169721029488e-01
9.726621286167488334e-01
9.919385506413693765e-01
9.816756453975492569e-01
9.883152521668603363e-01
9.895523125981173784e-01
9.844041855742833302e-01
9.784946954799423890e-01
9.898992077694162006e-01
9.775367279876082671e-01
9.870563424190984536e-01
9.937457040557109433e-01
9.781359569879715110e-01
9.775343477074671661e-01
9.793908794847053789e-01
9.819660480041987327e-01
9.804946045619441497e-01
9.744164787982086962e-01
9.828784483379126025e-01
9.749162790281138413e-01
9.702506586183183845e-01
9.859125459882072118e-01
9.530522338120965831e-01
9.641221096419472225e-01
9.726046678943285340e-01
9.959193640359013111e-01
9.627932724146371912e-01
9.795701406026231517e-01
9.854335567619756375e-01
9.868298950663156877e-01
9.687336870646260367e-01
9.877137017944873643e-01
9.769546873384211683e-01
9.863481680508370264e-01
9.837185394509304626e-01
9.718663397124156500e-01
9.695010616727531838e-01
9.765220067358243439e-01
9.818195515509452465e-01
9.341629583794126557e-01
9.765190386289217539e-01
9.728853978364285782e-01
9.844236739777573186e-01
9.845941711003426411e-01
9.565931542834821277e-01
9.873899445207127146e-01
9.859148815215282857e-01
9.891397355782896028e-01
9.911900820763361875e-01
9.738273795234008157e-01
9.567119457432183838e-01
9.802822487766420512e-01
9.871361699193504924e-01
9.947172908671185754e-01
9.906127304261088673e-01
9.875719781932976726e-01
9.614094778856995260e-01
9.848298428597728194e-01
9.754687850915806369e-01
9.656238111050489126e-01
9.771253771441160696e-01
9.704702476927860033e-01
9.577660913999500591e-01
9.715861199546685922e-01
9.848612013848021540e-01
9.937959132421784192e-01
9.695538307590426674e-01
9.840699538189686679e-01
9.544685116842097639e-01
9.665356965852065496e-01
9.744827413213156264e-01
9.827456428089363927e-01
9.736754174378609017e-01
9.897958960798890482e-01
9.864092063303631086e-01
9.796649206692891187e-01
9.700720908929780784e-01
9.960178829798441713e-01
1.000742057154359044e+00
9.711985088896289975e-01
9.838320902837012216e-01
9.728935836549200689e-01
9.872618859777005929e-01
9.923340793376841384e-01
9.443886802471395114e-01
1.000810631361732428e+00
9.824503002727008605e-01
9.668015980522857156e-01
9.896142551163582546e-01
9.845203373747206665e-01
9.754104683971764889e-01
9.444204519195114056e-01
9.605557031375393517e-01
9.925833147381186716e-01
9.484285769434280811e-01
9.927897316785436743e-01
9.819971919372408875e-01
9.681797911078020569e-01
9.862243008314161008e-01
9.798461129595100738e-01
9.748859922407475675e-01
9.656084414506507230e-01
9.874401159220528301e-01
9.905171163528081468e-01
9.853441904165034515e-01
9.851472431816327147e-01
9.883801789766245571e-01
9.899308135822473265e-01
9.784200708694988924e-01
9.902262527269487524e-01
9.634302113156445468e-01
9.680579485418645547e-01
9.841280594721103503e-01
9.792889992361836216e-01
9.728381981080823637e-01
9.881701585164838209e-01
9.884615804400606054e-01
9.782168403111946020e-01
9.889463002054115215e-01
9.579106576903163583e-01
9.871929882244003807e-01
9.866218842406174749e-01
9.875704299622061200e-01
9.738401752742328332e-01
9.610087879855183646e-01
9.595614321186408668e-01
9.894319091002312661e-01
9.832701332486439849e-01
9.957655926476249864e-01
9.471460273572160915e-01
9.883355306354281167e-01
9.775945956029201689e-01
9.873033385383235272e-01
9.894107518595641748e-01
9.521207108508086270e-01
9.644483528117496762e-01
9.859360599157949157e-01
9.862184801472213547e-01
9.836876913994302418e-01
1.001414779599398619e+00
9.731157500855591724e-01
9.994097843478435550e-01
9.847639718078192717e-01
9.898255375302736914e-01
9.654043696657179652e-01
9.889071811522746058e-01
9.712228957594006840e-01
9.880268531226839013e-01
9.663133034511202091e-01
9.576255880629199746e-01
9.716758102010419895e-01
9.916280014944455212e-01
9.913042024896213666e-01
9.879032169860449963e-01
9.775042331915895222e-01
9.876915401498586045e-01
9.848411832610659555e-01
9.795109923576599265e-01
9.838609734933412287e-01
9.582541230326531156e-01
9.904263269767290545e-01
9.793645759806994811e-01
9.767079635656430447e-01
9.840014144776650928e-01
9.710981295534764079e-01
9.807762922217828638e-01
9.383246069919124466e-01
9.796066343617813033e-01
9.848106471967690290e-01
9.808300351857058841e-01
9.826360127227274921e-01
9.890031792857875148e-01
9.947806531170504396e-01
9.807554856641982344e-01
9.801252421580031182e-01
9.648576558723307439e-01
9.380784013078612427e-01
9.889627378950390790e-01
9.673049083671242387e-01
9.793246518171688786e-01
9.854525283956050430e-01
9.935826948863737407e-01
9.815244422349611586e-01
9.824279000801380279e-01
9.735685373966702638e-01
9.749806224388390952e-01
9.570204446362066131e-01
9.845588375010617677e-01
9.808633174416147016e-01
9.708830296112302971e-01
9.735573331768545557e-01
9.843233751318704039e-01
9.719307668307562986e-01
9.813960681222774207e-01
9.873627307973478207e-01
9.727477008892110311e-01
9.611892531546984975e-01
9.597860246249111382e-01
9.822338177846609009e-01
9.793706736693433834e-01
9.794266964003784937e-01
9.682489176553188415e-01
9.825127287831487699e-01
9.566633792155312399e-01
9.646369430634559317e-01
9.810287626748024348e-01
9.914983087919747584e-01
9.967348688518893329e-01
9.690275400246030069e-01
9.760121544364506185e-01
9.708458367748895590e-01
9.618146315341434827e-01
9.786783239396374956e-01
9.759225478247361973e-01
9.528174481349825919e-01
9.681143071541125078e-01
9.800743581092391521e-01
9.885163546824123904e-01
9.801373237997883514e-01
9.952809502035149247e-01
9.710964906591189605e-01
9.744161483796347500e-01
9.835182047809085670e-01
9.831103794104322224e-01
9.858063555377641896e-01
9.879996572847021818e-01
9.866007904596401090e-01
9.621985105396065885e-01
9.738435253746169362e-01
9.973559718249006556e-01
9.881219480128817789e-01
1.002750510219102553e+00
9.999652331682324924e-01
9.812693183467212643e-01
9.913235473842371137e-01
9.958978332340422401e-01
9.747281375112947233e-01
9.894332007735611167e-01
9.721714129681801042e-01
9.615436888286607031e-01
9.787220683451289815e-01
9.815446789667831018e-01
9.866255307274955921e-01
1.009317869831098502e+00
9.543350649752039283e-01
9.587868739900572423e-01
9.912718316582577183e-01
9.641613209285881947e-01
9.849132732870471418e-01
9.994013601462143903e-01
9.759400327459147872e-01
9.722095142801948642e-01
9.858099647972858870e-01
9.865245102456761117e-01
9.693195567324434103e-01
9.920935991436256041e-01
9.567580379802775870e-01
9.759250998221261630e-01
9.887149678782810591e-01
9.760418593212809579e-01
9.744205692889711390e-01
9.879494666370653988e-01
9.827128738108436012e-01
9.854305800122851178e-01
9.881195623907669257e-01
9.769146935063139914e-01
9.869337753524197732e-01
9.754542251710011103e-01
9.706689417054009672e-01
9.627249359944041185e-01
9.897472193692002929e-01
9.984535614710124962e-01
9.725777467957016365e-01
9.886901665316127907e-01
9.542620677597855039e-01
1.000771061656705374e+00
9.625359229866177202e-01
9.602439000976744632e-01
9.803830069836290129e-01
9.920770222487411694e-01
9.778770929000053513e-01
9.681708778354989331e-01
9.799081426122918659e-01
9.641443555518552921e-01
9.822866355720646370e-01
9.806699766371073101e-01
9.890302836923724472e-01
1.000385743890682466e+00
9.959540555918728888e-01
9.784332876009305124e-01
9.793793471085132651e-01
9.689241526983073394e-01
9.764227376422157656e-01
1.002208384785012729e+00
9.824741061694218791e-01
9.895700361986601301e-01
9.869833656112466658e-01
9.788072113354918669e-01
9.660911195504349180e-01
9.908492698991228087e-01
9.974087158488648130e-01
9.913234038682116056e-01
9.665152044569624845e-01
9.818868529234898723e-01
9.928993696811844183e-01
9.905475125105883683e-01
9.663689215996772441e-01
9.634927885242516865e-01
9.903906421713744024e-01
9.461363556943944708e-01
9.704839882956070030e-01
9.824222492408095642e-01
9.480791729997865014e-01
9.843500722633679034e-01
9.317139929695579248e-01
9.513074397929511816e-01
9.730769759928600271e-01
9.817886195314152742e-01
9.630184075806479393e-01
9.839323912922381954e-01
9.831294067122996472e-01
9.882817948261547469e-01
9.598978006808998042e-01
9.723499031521105618e-01
9.737811625321181053e-01
9.831188977817856278e-01
9.753104614218360835e-01
9.814949556031815625e-01
9.465471443145190289e-01
9.808779339042366097e-01
9.681864811233591439e-01
9.761707631408750308e-01
9.884506898337523939e-01
9.964050878778840659e-01
9.816862758127711253e-01
9.794988211296754566e-01
9.825237922621395947e-01
9.776059065581602647e-01
9.632771680777822976e-01
9.804578505274528233e-01
9.844859300104685795e-01
9.880021578564297524e-01
9.793749126904213176e-01
9.989047532091984705e-01
9.831936535738647898e-01
9.747960077213070340e-01
9.957813717675023657e-01
9.587929582980080356e-01
9.926742293380961257e-01
9.731219657834511150e-01
9.681636566260174437e-01
9.711064109115696841e-01
9.891549707645619360e-01
9.853943725575828871e-01
9.664337800206941331e-01
9.582514755655879846e-01
9.812503526517714070e-01
9.913341980293711719e-01
9.720159302703258453e-01
9.810785241670693102e-01
9.841465880475001038e-01
9.709822679700484960e-01
9.702771874027900090e-01
9.866277625943058460e-01
9.778221776383342334e-01
9.681871680892800702e-01
9.736903549464726026e-01
9.920851055674394514e-01
9.942482650574523406e-01
9.800581803715746609e-01
9.455903729398512647e-01
9.885339320905448535e-01
9.876672677985943727e-01
9.813786611577962615e-01
9.921862973634043570e-01
9.806456929136829759e-01
1.014104149789329279e+00
9.867036766366615863e-01
9.972927494384136171e-01
9.988512992741341856e-01
9.222700869241593491e-01
9.895523139894496500e-01
9.910670269929927612e-01
9.903016996891870205e-01
9.765450728956501791e-01
9.585608749154180819e-01
9.996320998807364244e-01
9.771241351245422146e-01
9.769165573146431081e-01
9.749685283367798272e-01
9.926077307512719550e-01
9.728131802183387355e-01
9.862204102902862868e-01
9.774494955586496836e-01
9.859924075137620481e-01
9.769272908448360937e-01
9.561794029227120850e-01
9.824528608538752872e-01
9.827435924752249141e-01
9.842289337057924525e-01
9.825927516368626602e-01
9.903346179822748452e-01
9.796512482865491478e-01
9.932441288340276841e-01
9.688308941151427822e-01
9.819902347747003768e-01
9.881333664210589784e-01
9.868807095267532192e-01
9.977715733705022627e-01
9.626437478645343271e-01
1.000844140256209602e+00
9.809315574451793474e-01
9.875068996508123975e-01
9.876437096337463695e-01
9.906044260321276163e-01
9.827951989635854702e-01
9.685559977180587810e-01
9.778935239302111171e-01
9.726772200398750012e-01
9.883542796259614516e-01
9.479353961603992351e-01
9.918142571821256803e-01
9.846339241110141360e-01
9.745491876621824590e-01
9.700320893741465333e-01
9.668291933099758539e-01
9.911780130724892057e-01
9.846284289212356988e-01
9.980850344181534384e-01
9.878917633992996272e-01
9.757777890269866417e-01
9.626348269731015428e-01
9.425679135097694283e-01
9.491598934168503643e-01
9.801485426865974571e-01
9.954945027764419141e-01
9.893603984038171761e-01
9.838169118981471284e-01
9.850160657192528202e-01
9.530951767957926979e-01
9.847799453429794125e-01
9.635306683429232244e-01
9.763885226098708570e-01
9.751520253533180194e-01
9.530937763554561126e-01
9.898941091162184458e-01
9.826829977278850325e-01
9.733539654566453203e-01
9.756328433961479751e-01
9.975031006144237100e-01
9.534420333089822508e-01
9.751631691232971466e-01
9.889191307830449418e-01
9.854497923491944977e-01
9.862552060031052337e-01
9.948855503570246395e-01
9.917376185006334666e-01
9.862970939933832781e-01
9.889762145424179085e-01
9.772734476625536404e-01
9.672243974747027906e-01
9.837128202556650880e-01
9.835531660764689210e-01
9.747806347094946089e-01
9.828625468811325039e-01
9.804701123049078815e-01
9.837837864392359188e-01
9.910989163782191191e-01
9.634201988290295171e-01
9.571625804826640049e-01
9.739561989648365392e-01
9.931096550861164829e-01
9.765361888870111029e-01
9.739107480440638565e-01
9.653041788500078546e-01
9.748566261784883391e-01
9.768041882196557557e-01
9.672382332075750710e-01
9.869009203713944300e-01
9.810472905327829451e-01
9.854076394698695340e-01
9.876482632518762683e-01
9.891069998862094259e-01
9.789665410295831371e-01
9.824878817734309377e-01
9.859558051677058677e-01
9.811440248510567841e-01
9.758940906990652975e-01
9.714022279105949398e-01
9.813578627123671350e-01
9.867679231987895871e-01
1.005425969579966772e+00
9.780359415596435735e-01
9.892815578508338259e-01
9.721997542841993578e-01
9.841059784343459960e-01
9.632155416119531077e-01
9.796927933044432546e-01
9.814105908362762420e-01
9.675608516292393269e-01
9.781903332235827309e-01
9.761304403939516927e-01
9.927388746461552893e-01
9.872673502454443195e-01
9.831874175397055104e-01
9.610028517505367907e-01
9.810509630789825408e-01
9.604640836313457219e-01
9.936052616969802687e-01
9.763383180470366351e-01
9.989105466499883512e-01
9.749291422962008680e-01
9.758068881132273553e-01
9.933330251178600356e-01
9.632897751714828427e-01
9.736767652091387060e-01
9.627002645986971752e-01
9.608463643660273279e-01
9.882772047929621051e-01
9.887153692167465202e-01
9.789814979602123879e-01
9.918915257666324203e-01
9.780492530437875365e-01
9.752639937426983430e-01
9.880941153310806024e-01
9.899932320933998442e-01
9.706721885014790718e-01
9.703613353970088617e-01
9.647418468980404338e-01
9.794042648501027903e-01
9.724207552775933072e-01
9.814477645129550121e-01
9.859201576347210727e-01
9.899820478914820310e-01
9.644228809053770890e-01
9.709587899347021933e-01
9.859375612372135445e-01
9.926004953143054976e-01
9.952617421814198284e-01
9.835355122389366489e-01
9.813406638964000672e-01
9.766581222925673211e-01
9.882229502946178190e-01
9.798652807569376844e-01
9.530220951621359848e-01
9.979019681842880019e-01
9.771688410901969712e-01
9.621390794389649281e-01
9.979445674087716878e-01
9.899144799058005040e-01
9.807225027604417056e-01
9.787417945343660497e-01
9.839140412326037310e-01
9.878415708295829045e-01
9.809129757956095430e-01
9.836584671915067357e-01
9.932942502696369136e-01
9.547111571103313876e-01
9.770830104750223288e-01
9.913678989690785093e-01
9.932907372476037500e-01
9.738995333325976000e-01
9.781253063369084177e-01
9.843449556421713931e-01
9.830137152243796361e-01
9.500756867026387553e-01
9.881034677392251941e-01
9.714728032333198593e-01
9.896927261748367233e-01
9.628515059042919155e-01
9.833098987671154978e-01
9.675210204003552583e-01
1.001692315880531092e+00
9.898938734974372933e-01
9.809054757518205214e-01
9.581908924913797865e-01
9.813675565687950408e-01
9.716122834377508566e-01
9.847621612657861956e-01
9.836709568210364463e-01
9.797414475073156215e-01
9.874084445029244206e-01
9.767201950316850567e-01
9.985849300094311598e-01
9.754186503195169111e-01
9.749064363209024586e-01
9.651576005083580823e-01
9.424023572388248171e-01
9.701147738373283591e-01
9.732577633866034139e-01
9.791045891514490451e-01
9.870032827176334900e-01
9.556855186311279393e-01
9.707230139672476943e-01
9.923161505751582068e-01
9.908515485868015782e-01
9.720321146914980837e-01
9.717606119710504586e-01
9.805901566551380455e-01
9.704459364844084668e-01
9.776329612102866440e-01
9.555337916950421562e-01
9.354683920122200957e-01
9.752053783243477270e-01
9.807582864784432086e-01
9.633918824812248705e-01
9.866229713266935208e-01
9.912451421244866667e-01
9.924039993977084029e-01
9.868243228099217168e-01
9.803858487806308419e-01
9.837393504638022312e-01
9.861165678614126628e-01
9.893359552504624732e-01
9.278360687800923934e-01
9.699842428829876795e-01
9.795985692583240034e-01
9.781845836450236975e-01
9.785693819799334836e-01
9.920867297686603026e-01
9.898081618993656017e-01
9.806935372256762040e-01
9.915935402426458989e-01
9.820781762773531653e-01
9.825769944700367686e-01
9.679123184691796888e-01
9.721037358478228363e-01
9.740877986830482893e-01
9.797090198530730154e-01
9.646515760237591719e-01
9.894644589522614275e-01
9.985030167613537788e-01
9.714585012794831886e-01
9.640046949047882396e-01
9.701364965210822477e-01
9.839998189016850860e-01
9.930759793858986439e-01
9.769904818424413051e-01
9.929746741016717282e-01
9.851393182280180350e-01
1.001335444146804754e+00
9.928351772657404428e-01
9.727267588930242903e-01
9.634030676802333160e-01
9.757674970940042325e-01
9.800080544054041720e-01
9.760367418171758125e-01
9.490859761492200786e-01
9.727464979142710355e-01
9.638197009120932357e-01
9.469821573838057560e-01
9.524193034433681149e-01
9.658277153126044734e-01
9.919638455001539290e-01
9.836755743242353578e-01
9.793880047091361174e-01
9.637277836970072897e-01
9.722511115381117230e-01
9.932487933675675507e-01
9.710412942640848089e-01
9.877321218419584659e-01
9.880940039426550081e-01
9.761170983691923597e-01
9.739430462992196835e-01
9.778549481242420072e-01
9.930853382438321608e-01
9.839196368890877897e-01
9.668425128792575984e-01
9.644405309793303571e-01
9.602183683438094697e-01
9.742090375268415148e-01
9.889195596521763720e-01
9.871119257064405739e-01
9.366350006538100015e-01
1.000287484875074684e+00
9.558769898587885505e-01
9.772820042977939936e-01
9.807259630796044680e-01
9.806344687852778241e-01
9.644695987008234939e-01
9.845172488600012484e-01
9.943133981587428671e-01
9.492864410157897392e-01
9.831995795163676055e-01
9.827689517668735109e-01
9.643153844171465927e-01
9.791085077356294075e-01
9.873796529370095776e-01
9.985483087875665076e-01
9.923343300247869925e-01
9.695743151246979386e-01
9.681659434615471627e-01
9.794855806389483055e-01
9.920809480249697110e-01
9.750981851519741062e-01
9.829050937745571481e-01
9.948064140606676098e-01
9.493151277298376156e-01
9.946659513857974977e-01
9.717378287995113162e-01
9.854126905014406468e-01
9.712909233903771478e-01
9.736870139698329263e-01
9.965916285583686918e-01
9.730068148579473775e-01
9.694070468639651716e-01
9.551227949546596818e-01
9.794846893710199565e-01
9.696254764275195059e-01
9.770192329538969211e-01
9.726943715892841791e-01
9.878087746464445651e-01
9.888183596436094236e-01
9.920177524494849797e-01
9.902899506658535689e-01
9.954245012721868457e-01
9.714042027730430684e-01
9.781673495405411867e-01
9.819370222625144473e-01
9.703330747440230830e-01
9.847064594997092524e-01
9.800792431452903797e-01
9.907433418986407725e-01
9.936601216215896759e-01
9.670094510002524846e-01
9.894184821805127594e-01
9.804110155106748881e-01
9.831596834247960937e-01
9.887830724692968642e-01
9.833739852651744995e-01
9.936175195561576245e-01
9.877166502256665703e-01
9.775422391529028365e-01
9.826456271235832762e-01
9.906264999551944728e-01
9.903498995963633256e-01
9.746150291996563686e-01
9.656240296820749469e-01
9.924034818496817456e-01
9.717795356248870586e-01
9.820000404756065171e-01
9.425734213207815904e-01
9.675970054481918270e-01
9.542536577598094150e-01
9.557927323713286683e-01
9.765703970938883760e-01
9.899500273058216004e-01
9.771308930627531364e-01
9.825048435333421093e-01
9.509140865160178313e-01
9.675268571464511469e-01
9.934907752936833480e-01
9.874819022018050951e-01
9.780563662334519348e-01
9.794447772387798734e-01
9.923630803456289229e-01
9.712287947578924774e-01
9.854493202771873461e-01
9.919155466989978409e-01
9.946330703765784431e-01
9.720041355909776470e-01
9.511472732435587440e-01
9.816620350009997997e-01
9.669162901697895274e-01
9.909054090158825323e-01
9.802631558584804505e-01
9.689201794391980593e-01
9.880105014911931827e-01
9.768650768245245031e-01
1.002907329837820161e+00
9.606061472474988205e-01
9.913242483423918561e-01
9.788983288194778032e-01
9.889757807351746699e-01
9.879885887609469730e-01
9.784069564636306282e-01
9.844211624667974503e-01
9.913563785814990537e-01
9.858925953905430806e-01
9.727553273431891467e-01
9.901241387184602782e-01
9.889308435269740238e-01
9.630948191061580177e-01
9.858280165024151387e-01
9.829768663908239335e-01
9.556927326187477645e-01
9.873181913921290631e-01
9.841332010232058947e-01
9.856308095765657917e-01
9.663351311011079137e-01
9.725221643430294050e-01
9.898114886001809776e-01
9.732148246262078972e-01
9.807657843482138205e-01
9.742570049936974952e-01
9.871066263711145705e-01
9.798745043715904046e-01
9.595468048632946889e-01
9.920190620731073050e-01
9.664112034199869861e-01
9.607200003521271237e-01
9.886148494682768240e-01
9.842189969480108491e-01
9.823182639646494962e-01
9.735587375064639337e-01
9.771304972160312907e-01
9.703177380164788035e-01
9.859223581236393752e-01
9.687936131084683433e-01
9.853819127544753975e-01
9.919196208800834524e-01
9.721745753878718865e-01
9.577125364673639840e-01
9.863967544493251749e-01
9.916671776303759289e-01
9.713541492548597445e-01
9.760077268192557387e-01
9.676822967255332975e-01
9.660725314942335551e-01
9.871445011480419751e-01
9.782504058676593228e-01
9.939014323375523485e-01
9.873240136688333779e-01
9.769358902407829781e-01
9.925046515516324774e-01
9.814054896116484183e-01
9.795326458661185454e-01
9.888677244444961101e-01
9.864485047015317809e-01
9.885469213762941854e-01
9.806474380698980697e-01
9.846865494003163022e-01
9.910952899149183537e-01
9.819114978631439117e-01
9.859612735028249197e-01
9.731120074445841484e-01
9.739222787010722859e-01
9.848002344881965353e-01
9.480626680945053453e-01
9.975262563144572381e-01
9.858724206279979585e-01
9.751798395356834348e-01
9.826925244698169193e-01
9.871341909349297117e-01
9.858614402388365949e-01
9.838862982143349312e-01
9.809881640643302037e-01
9.749638290664545126e-01
9.696776639891575567e-01
9.871486228311689981e-01
9.526467795322433041e-01
9.857021480336366492e-01
9.911740814023733970e-01
9.799158669183675174e-01
9.729982985528699002e-01
9.879081623383568767e-01
9.800099194906302102e-01
9.915357256543889664e-01
9.764141055416031278e-01
9.782508523439038539e-01
9.772091633576441838e-01
9.444229471717489055e-01
1.004803026945509048e+00
9.828757119970562561e-01
1.002341969826824331e+00
9.924192714683894856e-01
9.950138029588306843e-01
9.838107584276890583e-01
9.876041837501086107e-01
9.885091654266798811e-01
9.717374055209478945e-01
9.819481406315504479e-01
9.991332950409810287e-01
9.711557550874028166e-01
9.610567162217811266e-01
9.862182338793518133e-01
9.862111630214501767e-01
9.805878242435966952e-01
9.593379398126029578e-01
9.700978355770683015e-01
9.715006106550434506e-01
9.596462794725413303e-01
9.888395563899079477e-01
9.591972505397653448e-01
9.713315416122949575e-01
9.780855185532321139e-01
9.928835333560971366e-01
9.769090023657561739e-01
9.802832278236730534e-01
9.917272972340003268e-01
9.754685338813919859e-01
9.845537191819448974e-01
9.895924263923033815e-01
9.922626380741944585e-01
9.642720159050943707e-01
9.867460240297248886e-01
9.677458436514555506e-01
9.915481956153735510e-01
9.767284007356928921e-01
9.915638650516839236e-01
9.600765697822943867e-01
9.840055284364397359e-01
9.736786605608013234e-01
9.516311425152160774e-01
9.436159362071545598e-01
9.835766820858381498e-01
9.510326367441701567e-01
9.728964139397396904e-01
9.852583016505126468e-01
9.917222513550686402e-01
9.634231610112073962e-01
9.640618938798665161e-01
9.936928521157535332e-01
9.905849218770367282e-01
9.950340445397065636e-01
9.949529650903504718e-01
9.890765984119613830e-01
9.872972309298853055e-01
9.668643704515345050e-01
9.884995963939866570e-01
9.932115193604543757e-01
9.503087655033641834e-01
9.824438702855680106e-01
9.767935092018856791e-01
9.842877161837472189e-01
9.867525491833428752e-01
9.677935920934307434e-01
9.556460592952673583e-01
9.499009868438196280e-01
9.956583368556456426e-01
9.872912453918885056e-01
9.857708959770840051e-01
9.563883786912070750e-01
9.898356362449272083e-01
9.775999958059417017e-01
9.811130521314412878e-01
9.536086274734258961e-01
9.682371916426051328e-01
9.972063524029425308e-01
9.855116709634681449e-01
9.746690063671645810e-01
9.862321608994439881e-01
9.817497318448532573e-01
9.854024730365829043e-01
9.730053502479001359e-01
9.906766091712633227e-01
9.766656259007842067e-01
9.714493890790329989e-01
9.903823454127448356e-01
9.636208169866765649e-01
9.768371394976269606e-01
9.975888742439587009e-01
9.866085582615053973e-01
9.922338657913253313e-01
9.907329847280994528e-01
9.911720846503806470e-01
9.950524206066552191e-01
9.591215245705860815e-01
9.876854811424237157e-01
9.846395062768031892e-01
9.689431254403306770e-01
9.600833794965235590e-01
9.657241099627765779e-01
9.843269211216593151e-01
9.802657153546227020e-01
9.520797090596626600e-01
9.931513009030790151e-01
9.913702264481435433e-01
9.753019584117347263e-01
9.832600155776741735e-01
9.885633439779459852e-01
9.896982989309407452e-01
9.820378163795712156e-01
9.871667029323653031e-01
9.852787762902492918e-01
9.935465269149719170e-01
9.864377187280907178e-01
9.571595682083213763e-01
9.925707820681762827e-01
9.867024527247716392e-01
9.887124356689888094e-01
9.633006809985005248e-01
9.765525480692575089e-01
9.731437689919937295e-01
9.876753684910084541e-01
9.883565412758086310e-01
9.777006829454856218e-01
9.930504943822884290e-01
9.909395690022666514e-01
9.653739642708887292e-01
9.882851402429215781e-01
9.795373244930557499e-01
9.846987867969598796e-01
9.631559753337558538e-01
9.794245740557416813e-01
9.840596275208380872e-01
9.880935417683935906e-01
9.934565377538551179e-01
9.683979419187396243e-01
9.694940593750943636e-01
9.809677261551409400e-01
9.715875156497775222e-01
9.834671509462028505e-01
9.728448622737770890e-01
9.724379859856869812e-01
9.635142801753651121e-01
9.830433591998556375e-01
9.824803804694736131e-01
9.874979525632274768e-01
9.521906442980051510e-01
9.655536363387793308e-01
9.711480756312130813e-01
9.839000961236923359e-01
9.841952766370047900e-01
9.962791660030203555e-01
9.876537986555588011e-01
9.579539534075457441e-01
9.882411928210188545e-01
9.756446373255330817e-01
9.773284451272122864e-01
9.636211765626335746e-01
9.945729895015223976e-01
9.769943752772599632e-01
9.796024150400343133e-01
9.940229115124105119e-01
9.568437351254109879e-01
9.865691318259145470e-01
9.859122318331136059e-01
9.918042417217636242e-01
9.784977818205614630e-01
9.596949849087814677e-01
9.534806162265654361e-01
9.726731000092283530e-01
9.959341948743301032e-01
9.893718016153223438e-01
9.859691737724268767e-01
9.860115787093444162e-01
9.794021541135911058e-01
9.882937749672949801e-01
9.965208235012967819e-01
9.794967615182668119e-01
9.242166058172439635e-01
9.879978188451123966e-01
9.978273837375893907e-01
9.881452272545246940e-01
9.646052165082480423e-01
9.765622063072056935e-01
9.456779280159113288e-01
9.768746130800275429e-01
9.813754769143053780e-01
9.830523377610271840e-01
9.965494302872351939e-01
9.900967834214287056e-01
9.910650503423725777e-01
9.645892221765824948e-01
9.862011293953977242e-01
9.746639348909156286e-01
9.631336719974604721e-01
9.751084188292274968e-01
9.856220274997129493e-01
9.988880755391421618e-01
9.602180888709157536e-01
9.829708360043403204e-01
9.808394139304108528e-01
9.723452228519910978e-01
9.878427120292233576e-01
9.904828784988207735e-01
9.450268901487199891e-01
9.989224414152455545e-01
9.967163797404615666e-01
9.888478002446364767e-01
9.647758045992093079e-01
9.899222111397465440e-01
9.913859106055511461e-01
9.948740441282677427e-01
9.760018757443060800e-01
9.642126896578468997e-01
9.965966337965257438e-01
9.770210880462542047e-01
9.918655869307446693e-01
9.730967614191684545e-01
9.602916294088620353e-01
9.805236863800071978e-01
9.859741176762749637e-01
9.843980326303449768e-01
9.838503487099218292e-01
9.934431011905562325e-01
9.804560413033703847e-01
9.579221798752544093e-01
9.894853863000592220e-01
9.790175294189936706e-01
9.810797908323242167e-01
9.780457182497118707e-01
9.753575481749825471e-01
9.678615245650310506e-01
9.836584880035585954e-01
9.963673809362066924e-01
9.937785684032737210e-01
9.930116110708611110e-01
9.777064205069228020e-01
9.963843829219410919e-01
9.905738043953775662e-01
9.703707590721941667e-01
9.937782173131359809e-01
9.868642869145847207e-01
9.873680432212867952e-01
9.814858485518447306e-01
9.565600697875762393e-01
9.786825312585457626e-01
9.905163009492372606e-01
9.809256823213248211e-01
9.596355950889866593e-01
9.947676694637874739e-01
9.843232032702933232e-01
9.772072421241435602e-01
9.863765133423672005e-01
9.868011133308640659e-01
9.743930720800626499e-01
9.708434903802363181e-01
9.817189540842137241e-01
9.710909376097984769e-01
9.634900478816319502e-01
9.712250095286878437e-01
9.562409099744367813e-01
9.690980941484406141e-01
9.767356933327913104e-01
9.710094723041913234e-01
9.772273513129832168e-01
9.968096531451549058e-01
9.798426452380309959e-01
9.564494974527422144e-01
9.856560493616786101e-01
9.787270823805809261e-01
9.778750939415210564e-01
9.882931932979851508e-01
9.894784109442662512e-01
9.602342098803464676e-01
9.690792524453168966e-01
9.846060482907068589e-01
9.840465209366213717e-01
9.859443511913000835e-01
9.937542108366835825e-01
9.884244345517378960e-01
9.948379918281492484e-01
9.802016130437345431e-01
9.827837631546717523e-01
9.763777995738655013e-01
9.847875603218619878e-01
9.828667482262277710e-01
9.728569935952261494e-01
9.911958235583792076e-01
9.834799866258605583e-01
9.676512612063599139e-01
9.636742122397455867e-01
9.818965436344989639e-01
9.873126256174628024e-01
9.568766788464738715e-01
9.727481525570862431e-01
9.921104918297534159e-01
9.913477831540702390e-01
9.418722795970266848e-01
9.698711267485402576e-01
9.889189234516628790e-01
9.683683354376076968e-01
9.614862436364264298e-01
9.741894402742921066e-01
9.588905709783699383e-01
9.856271618823846392e-01
9.860789627505958110e-01
9.838312404452840276e-01
9.810010656541383600e-01
9.623751498039442298e-01
9.845416617267157555e-01
9.835077120631574576e-01
9.773906813193488086e-01
9.758141838427395465e-01
9.757122919012427564e-01
9.860779129987469194e-01
9.931420916696547252e-01
9.726753195616215653e-01
9.940849773366339237e-01
9.801084365514129981e-01
9.406328361138627248e-01
9.856336760781178041e-01
9.832779899289127989e-01
9.408323079644126397e-01
9.568890953196478311e-01
9.926341391322137664e-01
9.517867501116463735e-01
9.817384040309757864e-01
9.759998005646647323e-01
9.718202888265292660e-01
9.761598410501882706e-01
9.793787116299353945e-01
9.616368929782944663e-01
9.849357806616024780e-01
9.883380780187916992e-01
9.906257313674794451e-01
9.874316992738398913e-01
9.800335535126817321e-01
9.659659411773778848e-01
9.976680632303278617e-01
9.893423822692707370e-01
9.892975066087921210e-01
9.712467692387127816e-01
9.725200565821506826e-01
9.702348614600128096e-01
9.901841235781457806e-01
9.876533316247726457e-01
9.446487419038986921e-01
9.795561415712131792e-01
9.881510419986984095e-01
9.717174492719170553e-01
9.721271151113887177e-01
1.005587954693341057e+00
9.701855263048294598e-01
9.757889584441071795e-01
9.613580608297042085e-01
9.925881301931278600e-01
9.844317022196162892e-01
9.707314068169060617e-01
9.858290923879916567e-01
9.863066794716767172e-01
9.873690333090422433e-01
9.739407794211560887e-01
9.895314384569147137e-01
9.677918819603000822e-01
9.909803290896922467e-01
9.625558249143423284e-01
9.913672780303133258e-01
9.879421960185984508e-01
9.594938141310644930e-01
9.956828458057107589e-01
9.740842213552909357e-01
9.660065364065553162e-01
9.555903226337607581e-01
9.811110941454117551e-01
9.888433769824600539e-01
9.835304637480619672e-01
9.541173200608397131e-01
9.912015631526555071e-01
1.001613587355025592e+00
9.970570076023423933e-01
9.953505964736946154e-01
9.924146902696936445e-01
9.739670999273561947e-01
9.902235996210229096e-01
9.892750464382310538e-01
9.905816710619796961e-01
9.692102835259375215e-01
9.730613460300424622e-01
9.871717380567647249e-01
9.774118757460771301e-01
9.923486430563565053e-01
9.819698874982865089e-01
9.612970676612303533e-01
9.831931139946363807e-01
9.498926489923739114e-01
9.843074784588004000e-01
9.526565243050321152e-01
9.787972718195735444e-01
9.852373869151438424e-01
9.918694425954132088e-01
9.816094432169688577e-01
9.972878635080678622e-01
9.913014845043632839e-01
9.799299578636407881e-01
9.814385630630205748e-01
9.872391273397604916e-01
9.477204437357891198e-01
9.760829191303341812e-01
9.658744214968869590e-01
9.723685358019794611e-01
9.692087158153261939e-01
9.903466866596212226e-01
9.709050606089371094e-01
9.788441948133035364e-01
9.742548165541569105e-01
9.895598012679959199e-01
9.526198202446056751e-01
9.816314505367477183e-01
9.983590025710644689e-01
9.826900985922062404e-01
9.861570182240462223e-01
9.682152234164712601e-01
9.866253508288038709e-01
9.798345367684976326e-01
9.674748627066852569e-01
9.683318951428196986e-01
9.661091474936253087e-01
9.705915042152924999e-01
9.902809068859794728e-01
9.601173556826817501e-01
9.816107859950188308e-01
9.858074804489591614e-01
9.867411539390015252e-01
9.981558890133221951e-01
9.861763648862434950e-01
9.769501621658034374e-01
9.669941417571490394e-01
9.966354475731780127e-01
9.819338350327275755e-01
9.819423770381005001e-01
9.852286811384305398e-01
9.606300226801440800e-01
9.882662156249248930e-01
9.905894424070014193e-01
9.853948857814933682e-01
9.771421990795009505e-01
9.809813992882372435e-01
9.869425723587745836e-01
1.002610493098315070e+00
9.632757172596118078e-01
9.754552334015086368e-01
9.703261167292510647e-01
1.000844664714891197e+00
9.874564353638655145e-01
9.890544069796349813e-01
9.579719903608168163e-01
9.995520998547959834e-01
9.832331865853263242e-01
9.859262187628083929e-01
9.650470942658230245e-01
9.643303612707656569e-01
9.893996539003208079e-01
9.619420069946786889e-01
9.951926710877960769e-01
9.826515489341339782e-01
9.789018516009533322e-01
9.651391983444591594e-01
9.803891636312309643e-01
9.514690945606263384e-01
9.870725332001138996e-01
9.713991143065795475e-01
9.542355400214385108e-01
9.854256744222963382e-01
9.833325100791548978e-01
9.620900517099705285e-01
9.765555543733218657e-01
9.784233303054333808e-01
9.630672258983004053e-01
9.591769284001865348e-01
9.737409187520037479e-01
9.790608927498452019e-01
9.861674633726142947e-01
9.789840338294540922e-01
9.813331762857436802e-01
9.912828355052193396e-01
9.797267756097931546e-01
9.926897868010922110e-01
9.795621968722910688e-01
9.868009178672380033e-01
9.753568109130762442e-01
9.876115154034970089e-01
9.825130949837090899e-01
9.713410464500878971e-01
9.893255844781773112e-01
9.645492854550942186e-01
9.814838026469662191e-01
9.867810939155834404e-01
9.932408532360097464e-01
9.937923542859273818e-01
1.003605982917134876e+00
9.820837518311612557e-01
9.709143841671066255e-01
9.860268387743491569e-01
9.824648142177154764e-01
9.837976126128025189e-01
9.780636724631491807e-01
9.818600279143160359e-01
9.611964913781744224e-01
9.744105767481017200e-01
9.854464236311913927e-01
9.890089394219366836e-01
9.641801707839361413e-01
9.803893072358368377e-01
1.005839098653923624e+00
9.957486584074803915e-01
9.619163343250400899e-01
9.546240369284085814e-01
9.652977805133017286e-01
9.852207954621307051e-01
9.920534822274162945e-01
9.851359071094142328e-01
9.835954649640357150e-01
9.846539217958453216e-01
9.592419639383900076e-01
9.855727468388036927e-01
9.554582333292841456e-01
9.809820381263641975e-01
9.912254377307345710e-01
9.719111495626188146e-01
9.890994971125744994e-01
9.724895144916669842e-01
9.680697191022934467e-01
9.725398845869261955e-01
9.957782297630985990e-01
9.310088607607239775e-01
9.761767311560115568e-01
9.798773178787228977e-01
9.731193421348670602e-01
9.753520814274685424e-01
9.818387832057665632e-01
9.829821010648877033e-01
9.526597285714114571e-01
9.931388144439595722e-01
9.850909066474482501e-01
9.751908005513219013e-01
9.518674377059792580e-01
9.769534881345184330e-01
9.952207693246321041e-01
9.809102727798062471e-01
9.768569314066033460e-01
9.792259918595263013e-01
9.690490328305176870e-01
9.734565759069523372e-01
9.681298624773775341e-01
1.002257273206745403e+00
9.943127426359863463e-01
9.960213074071661010e-01
9.817530700615396677e-01
9.822369797675822856e-01
9.487420374286319458e-01
9.897993276468249890e-01
9.818467581014362899e-01
9.898593791733556468e-01
9.690017055806763313e-01
9.976228158085577169e-01
9.848832750072923359e-01
9.874766420621287066e-01
9.652059954100893346e-01
9.924055658407566760e-01
9.930747324135773546e-01
9.718903732745203250e-01
9.770828056454643473e-01
9.817409826617373714e-01
9.759524213870917064e-01
9.686898952763954851e-01
9.947635973439078461e-01
9.803845113299285430e-01
9.625500170170134817e-01
9.648378977985244687e-01
9.877011782481672775e-01
9.943006271761289927e-01
9.731054584604298396e-01
9.967159634344456842e-01
9.932350997388529334e-01
9.340514697920687670e-01
9.997768215058970842e-01
9.354068375247369671e-01
9.891627402450227091e-01
9.874839657880758459e-01
9.685010807488022566e-01
9.652515995696967499e-01
9.798090028612115310e-01
9.828041752782019636e-01
9.868853465558586890e-01
9.797053335277542407e-01
9.762483132254727858e-01
9.846226744628125971e-01
9.608918636665065849e-01
9.998350375489609698e-01
9.811333920390632457e-01
9.842697050331455921e-01
9.879567045935961911e-01
9.870730938122667109e-01
9.752521716865737433e-01
9.821480318876699700e-01
9.791287257391873000e-01
9.762766394900137534e-01
9.839076486413449452e-01
9.649603280788486837e-01
9.733125283377845882e-01
9.647197799320884615e-01
9.594526449261585599e-01
9.887665691937190804e-01
9.716931741396951372e-01
9.855143065162805804e-01
9.698948341579257670e-01
9.905637348441840295e-01
9.612078125891627689e-01
9.904540312182719131e-01
9.840288165997869152e-01
9.789949487097708847e-01
9.548890045503707347e-01
9.715293109425842122e-01
9.616453253482512009e-01
9.862794854250818144e-01
9.810205948690995381e-01
9.833930280246221400e-01
9.731155051140901735e-01
9.639267884473065040e-01
9.797013741063750336e-01
9.674068307979915016e-01
9.188723517780476024e-01
9.689960205527807791e-01
9.667489930797229514e-01
9.843273145458911744e-01
1.015519024251085867e+00
9.484791233067875194e-01
9.828084390643623269e-01
9.933797047447074924e-01
9.674172839821013614e-01
9.696421122456434505e-01
9.909356333161989383e-01
9.753243074150038661e-01
9.670847319180745361e-01
9.935975887407092477e-01
9.822468763529127456e-01
9.759304406815376698e-01
9.755331426439222131e-01
9.878364283431086967e-01
9.949069484681830611e-01
9.431416566817026892e-01
9.989566279530569526e-01
9.826849180051444588e-01
9.863830928074031057e-01
9.577782782920434279e-01
9.908142556085938191e-01
9.862639282226223214e-01
9.758172618871489012e-01
9.942848800525758701e-01
9.770336818861150574e-01
9.965247382634720985e-01
9.819133808961543197e-01
9.786900070124098239e-01
9.830022051319505794e-01
9.932246677278671054e-01
9.811089411466744625e-01
9.991501468054968527e-01
9.829244885217692795e-01
9.955169155382690427e-01
9.880461386020811254e-01
9.886991673287814919e-01
9.780298673523865061e-01
9.839011448727259523e-01
9.873975882580728891e-01
9.877489392027618553e-01
9.932287215761940180e-01
9.787136489224106395e-01
9.915344605137982326e-01
9.822523565195327988e-01
9.687195448823056054e-01
9.798705777156091479e-01
9.858613404302807304e-01
9.485662396590680556e-01
9.765390624413741172e-01
1.018539501433388228e+00
9.865161042561044757e-01
9.881389502367001754e-01
9.730322520856093949e-01
9.899859850543197837e-01
9.780999720542246090e-01
9.829347455013102142e-01
9.627756324196025117e-01
9.755551408864805429e-01
9.528040350071970144e-01
9.841462195134639268e-01
9.774369410404050162e-01
9.799096502081319215e-01
9.568281673354609440e-01
9.642227363543161012e-01
9.857222090347574905e-01
9.964144144275323134e-01
9.874272311726487450e-01
9.695783959018787757e-01
9.761293081140266503e-01
9.493127210258340831e-01
9.834247913756110071e-01
9.684855559519344181e-01
9.831654229906854336e-01
9.923869270772178730e-01
9.951310812884188728e-01
9.735416277644769467e-01
9.547179657821119880e-01
9.645472587368244533e-01
9.959969412650790943e-01
9.939070539254162284e-01
9.692590786103097988e-01
9.676327588369849630e-01
9.869579354834863150e-01
9.837582713436962001e-01
9.507536172955989295e-01
9.624298915487997652e-01
9.749709896155612787e-01
9.591822097794000523e-01
9.885430737471549989e-01
9.771463846341993387e-01
9.841255717728999430e-01
9.902378119705684822e-01
9.703210824782402266e-01
9.745206311829670565e-01
9.833352939503264833e-01
9.646103090130151436e-01
1.002563856344072191e+00
9.743237677861510404e-01
9.782174664419830412e-01
9.724504174758649144e-01
9.839803216814703157e-01
9.668761784397257308e-01
9.905354967688996259e-01
9.840898283984608197e-01
9.667340652253473277e-01
9.857175970826300704e-01
9.741780327980434917e-01
9.954123310093507815e-01
9.640412882142267437e-01
9.716232405808498118e-01
9.766215751793762001e-01
9.938489666282249724e-01
9.874524439368478346e-01
9.719001848412089917e-01
9.777685729078431365e-01
9.828857130000246967e-01
9.921818459235710597e-01
9.647103814179759373e-01
9.874063212569551551e-01
9.514115032917513926e-01
9.803503675452889254e-01
9.660116663888285160e-01
9.543822897107387959e-01
9.737200279129749614e-01
1.010714225630939156e+00
9.805112072386955591e-01
9.668736684124723535e-01
9.770220173682527820e-01
9.607432249832742466e-01
9.895395805820064172e-01
9.936902519022673408e-01
9.894744209043671024e-01
9.819127145976974669e-01
9.578024975980957700e-01
9.800246806392360899e-01
9.904630214969970536e-01
9.969833386336415249e-01
9.784718061272881240e-01
9.895502839640908377e-01
9.891474969363054370e-01
9.640645246026037229e-01
9.878101059550652430e-01
9.780930143969518431e-01
9.799011244063557946e-01
9.879549954935112899e-01
9.865682005195973714e-01
9.860901495252036852e-01
9.530946762850079912e-01
9.974014602302224697e-01
9.870961267024306318e-01
9.806409490113706662e-01
9.865463776925900152e-01
9.764667025444204729e-01
9.595286608182330701e-01
9.792584228989690276e-01
9.716890801638682351e-01
9.920961042885400039e-01
9.845145230350931254e-01
9.981605306234634378e-01
9.411635363865419324e-01
9.538961185540766330e-01
9.801020144546576107e-01
9.952872682172532182e-01
9.837638640837658155e-01
9.759917256100839600e-01
9.920690967500712665e-01
9.801739725258453717e-01
9.786902971841006105e-01
9.884067085222644211e-01
9.748736871253298464e-01
9.891480632136254725e-01
9.981909322093294179e-01
9.891401262328147759e-01
9.676941417143204438e-01
9.628202896296473856e-01
9.770722975873908922e-01
9.741079357882621581e-01
9.668244863505343067e-01
9.856697536339267263e-01
9.768688792743401850e-01
9.866725391754972430e-01
9.836515395610895274e-01
9.866490318877518817e-01
9.949569603687616892e-01
9.874466552761973492e-01
9.715367484188289771e-01
9.916308307548619139e-01
9.938005008867182299e-01
9.744297503822096918e-01
9.891326923423271467e-01
9.753656435889795917e-01
9.925001225390338577e-01
9.930122908098746315e-01
9.895942719572096147e-01
9.976785283708381469e-01
9.785196796547208642e-01
9.775554478465077191e-01
9.615018957602587957e-01
9.905145046753636162e-01
9.715670184803428810e-01
9.788869020644593855e-01
9.778542119876242333e-01
9.923800256383846774e-01
9.830889886785431075e-01
9.881730005084469193e-01
9.766495999111249882e-01
9.690696333897386161e-01
9.696989580654730156e-01
9.797984254536215021e-01
9.817104997609891193e-01
9.858053767585509553e-01
9.743893671106765852e-01
9.784284310313532407e-01
9.719332127508023556e-01
9.705972731028328360e-01
9.707789046429079471e-01
9.820485685796835895e-01
9.782238012460139354e-01
9.870873572521841055e-01
9.811361590015553746e-01
9.880784578672514584e-01
9.508165485867566824e-01
9.840696771830986789e-01
9.889032200441619791e-01
9.795656561432183329e-01
9.901922230917912238e-01
9.940146000802743131e-01
9.652060499750361178e-01
9.894487294513636400e-01
9.828129644324039571e-01
9.791630914577169609e-01
1.004518918435141517e+00
9.519648231662455329e-01
9.578835671700434151e-01
9.611165729047735917e-01
9.772307573031209227e-01
9.888358045892686743e-01
9.899705401950338324e-01
9.691824799712284166e-01
9.891971237409702411e-01
9.720461074159535420e-01
9.710620403293760416e-01
9.901853695062408089e-01
9.848919563186413484e-01
9.831267599279032154e-01
9.920667517814200087e-01
9.648034113008229218e-01
9.850662002016908891e-01
9.863802351093992060e-01
9.909382959656309886e-01
9.878527006007015165e-01
9.923642064355129300e-01
9.904750235593203778e-01
9.747232865733035378e-01
9.860412693355777858e-01
9.909322268281949286e-01
9.845990837037278398e-01
9.693540205139642429e-01
9.842565932973431631e-01
9.805542326931107056e-01
9.867638062723935732e-01
9.639063068216708885e-01
9.910205488761547610e-01
9.732294711004828569e-01
9.735610413113556794e-01
9.834947154614465115e-01
9.996871000255076467e-01
9.800873095186179995e-01
9.915796807970418403e-01
9.915645528705251399e-01
9.915075883085826547e-01
9.776926952167486196e-01
9.854220284816682662e-01
9.768862614349905771e-01
9.625492369112370605e-01
9.702342574968206845e-01
9.893066662356737595e-01
9.885071240069501775e-01
9.588890172208879292e-01
9.851287467616280935e-01
9.820687044038483027e-01
9.935946487930666926e-01
9.866598074938750518e-01
9.747596955257646911e-01
9.802472225075710144e-01
9.923291915348479986e-01
9.898885326339716961e-01
9.747237298900651714e-01
9.789931595266273545e-01
9.774668196491318461e-01
9.623028500470152125e-01
9.637511311739620501e-01
9.875143360811079463e-01
9.817341150372523861e-01
9.714803095407912314e-01
9.767237471520965331e-01
9.867274883551715448e-01
9.726414859692474879e-01
9.765709372400592780e-01
9.768604400386642350e-01
9.617269958739996794e-01
9.676693544021476301e-01
9.915368153935868456e-01
9.711823457554626948e-01
9.795773134394017978e-01
9.753069076407002713e-01
9.808718111189848043e-01
9.828176641443046035e-01
9.858024626738578489e-01
9.707651944889870155e-01
9.873343298390896416e-01
9.816417546306727138e-01
9.845232367944671825e-01
9.944529957236882822e-01
9.794250442333306550e-01
9.845052977426661522e-01
9.818528297091725365e-01
9.868438002377487583e-01
9.655227651304234548e-01
9.671344736282753152e-01
9.821170194863872993e-01
9.917022123472694073e-01
9.620967002431385362e-01
9.506895130041833619e-01
9.939522155136987225e-01
9.738097723222849389e-01
9.795267778670698755e-01
9.877845439818527806e-01
9.799201300709270424e-01
9.678773706024702550e-01
9.774342131939341982e-01
9.824554442624050532e-01
9.640884984210184028e-01
9.830384655946523553e-01
9.633103892423913184e-01
9.610500241504835728e-01
9.859787608595285135e-01
9.756591643875377473e-01
9.863811946642264683e-01
9.849429764162727086e-01
9.964145933615946582e-01
9.989502796298260767e-01
9.862364955541755851e-01
9.769268927569204619e-01
9.897937281964573897e-01
9.715673335761498830e-01
9.969955986362430966e-01
9.757616982414043516e-01
9.733090680150923157e-01
9.902345338454696666e-01
9.925642716725833203e-01
9.904980517684294217e-01
9.777596603580599455e-01
9.647864941678458983e-01
9.931651492750318555e-01
9.871702772591712804e-01
9.891006274259216413e-01
9.666430003622135114e-01
9.854220176935062359e-01
9.845627403855179427e-01
9.870369443480800919e-01
9.756774952539952750e-01
9.868221100772458509e-01
9.795477719990829391e-01
9.370457907763393157e-01
9.542987573969285986e-01
9.654889925655344429e-01
9.975057909734309503e-01
9.914713209877039635e-01
9.821259940540376654e-01
9.815145843332984121e-01
9.732502969191734188e-01
9.689188732569603557e-01
9.844108579329231556e-01
9.853810019525066632e-01
9.670106001785372385e-01
9.882902081363280633e-01
9.684052840290500175e-01
9.741568103609986595e-01
9.916925157312752592e-01
9.609504035404129452e-01
9.608207375397482819e-01
1.003838305386597129e+00
9.906087465962335470e-01
9.855640952186456305e-01
9.986556798631056608e-01
9.531224644917910549e-01
9.857724305445857427e-01
1.009759306435814574e+00
9.920851351241238847e-01
9.502986620399015427e-01
9.853244402749539166e-01
9.432140366019525768e-01
1.008122192845581688e+00
9.703318398692061253e-01
9.756104560699181416e-01
9.926322903093200978e-01
9.536469068911856972e-01
9.560881444571870391e-01
9.617033780445526370e-01
9.574660063975904967e-01
9.861959916955682637e-01
9.788694493645794248e-01
9.676110461801061824e-01
9.677207383694784726e-01
9.662637978117559756e-01
9.688062905585633766e-01
9.954656937716886977e-01
9.810129561884252114e-01
9.709668795046036971e-01
9.794143144531353151e-01
9.890960043353339559e-01
9.751770685649224779e-01
9.914241879321024076e-01
9.882673108108280813e-01
9.955321033638676598e-01
9.771847010319900662e-01
9.836466535090424568e-01
9.967767318185398739e-01
9.693367780215115248e-01
9.821681401768933561e-01
9.826613923489726510e-01
9.949834138456161714e-01
9.714517591415606779e-01
9.873875517382825207e-01
9.908569521830493665e-01
9.803593825909239223e-01
9.780953513854259151e-01
9.807820652946384055e-01
9.750529305572503969e-01
9.631606723237337020e-01
9.728907769462971089e-01
9.591239277149398168e-01
9.757441829016967327e-01
9.862613096791078560e-01
9.584975792457655075e-01
9.730179721601819320e-01
9.378666376965366647e-01
9.805341266743553552e-01
9.817359388057972369e-01
9.459357890473293340e-01
9.814161019318923262e-01
9.683157189300034551e-01
9.792500458691786314e-01
9.875899088084072464e-01
9.919394744898317740e-01
9.290825538747263801e-01
9.863428125865788543e-01
9.673273567349531810e-01
9.810561807421402936e-01
9.771246059703413422e-01
9.839860870084276012e-01
9.817165989004840165e-01
9.872067654012355309e-01
9.767676972771901500e-01
9.854766771371846756e-01
1.001589986838020030e+00
9.779208944183189756e-01
9.882974567102787988e-01
9.975690100812930616e-01
9.805615053264870040e-01
9.821666857802111572e-01
9.946216648647427938e-01
9.896546450581616972e-01
9.909591424452443009e-01
9.670581601825040119e-01
9.512849569174324227e-01
9.661787960331956748e-01
9.803199496550898395e-01
9.854883828183956807e-01
9.924894199772088532e-01
9.786742532790799753e-01
9.877604604540946021e-01
9.648353341414925843e-01
9.862955554779603284e-01
9.592908027985469488e-01
9.843447052247978890e-01
9.878372234863777024e-01
9.877625226612105624e-01
9.754263565060374841e-01
9.841024850014016279e-01
9.821382357001608998e-01
9.855748503902695967e-01
9.944523076332119071e-01
9.836382460308373821e-01
9.604517860878649671e-01
9.643889982161615304e-01
9.774366632481028550e-01
9.662855304786625021e-01
9.698158694305212268e-01
9.569435895829082606e-01
9.799982935669953044e-01
9.760788765840180403e-01
9.853172314328787484e-01
9.924512160359603152e-01
9.911298696886495785e-01
9.837063990288069659e-01
9.833105648355690009e-01
9.737232680188299128e-01
9.672718113636767923e-01
9.845553726911618897e-01
9.740968676488335198e-01
9.612393305313656766e-01
9.865235024210093906e-01
9.889847122136630198e-01
9.633268858016351688e-01
9.908691599180744491e-01
9.830480177045284318e-01
9.864653286272104804e-01
9.805096192927343912e-01
9.827566474001931951e-01
9.726374286949260872e-01
9.820081664994710913e-01
9.766876112792107767e-01
9.687631874116150454e-01
9.852430115159592772e-01
9.850915196259003581e-01
9.724105520189123553e-01
9.820246331741613321e-01
9.939604197383523632e-01
9.915482825460449900e-01
9.816532989366687501e-01
9.831713653585715251e-01
9.870722125689905813e-01
9.892058906662481998e-01
9.719910486282106188e-01
9.793951189806352486e-01
9.725194943003481196e-01
9.887523115557855791e-01
9.904322609231891450e-01
9.572167903198712802e-01
9.740340857873799330e-01
9.778103161049990222e-01
9.739784506397591857e-01
9.813591141823182484e-01
9.522402941603070881e-01
9.697702294362976483e-01
9.967400809068877043e-01
9.844685283036404000e-01
9.757176562491770566e-01
9.807452711337126816e-01
9.772399688925983430e-01
9.915755060082848127e-01
9.397454746657951663e-01
9.880344022166375195e-01
9.886733275298932311e-01
9.991670331965523122e-01
9.777561966313991215e-01
9.859111833375530098e-01
9.900756678565063584e-01
9.750047993220969378e-01
9.913053439172119230e-01
9.962227024014600474e-01
9.835533267052514184e-01
9.923685325973545801e-01
9.726022036424946116e-01
9.989883172131867051e-01
9.706357468254663834e-01
9.968518292866507258e-01
9.926563735316807913e-01
9.593065798584624604e-01
9.841242619727645913e-01
9.905980935154439226e-01
9.862483473534349177e-01
9.777733767148983901e-01
9.716158415254906311e-01
9.943614067820919500e-01
9.954470911406724243e-01
9.718010299131565333e-01
9.900597051386010872e-01
9.652287304908296894e-01
9.826873507894264836e-01
9.680117684364040187e-01
9.551661325894930110e-01
9.993925403598270529e-01
9.789972646336005946e-01
9.944962486130239920e-01
9.732771657709968771e-01
9.671274668866818303e-01
9.850981083746437328e-01
9.734108436581060397e-01
9.840891929737393129e-01
9.777476192923975074e-01
9.766350263902499051e-01
1.000581389478115923e+00
9.843967520893754930e-01
9.777427243597240913e-01
9.332291420759569744e-01
9.839621561847972098e-01
9.643915719318298940e-01
9.855424856841036307e-01
9.879839634220136668e-01
9.749145123218760922e-01
9.853058071802806017e-01
9.361036570465320894e-01
9.648076573326080929e-01
9.608430947506937381e-01
9.913156802176549265e-01
9.837322052442758480e-01
9.601422831749234499e-01
9.738289463137537183e-01
9.783278451463714998e-01
9.781616203036939128e-01
9.631371809127468042e-01
9.824174055259707883e-01
9.700907017188028503e-01
9.761340705745783497e-01
9.742901515640840504e-01
9.782296728743299363e-01
9.998413449040836065e-01
9.478336199409812535e-01
9.934734540050846885e-01
9.911697186063936904e-01
9.668335605641168451e-01
9.175714139623076804e-01
1.000088559230981389e+00
9.690535407959065539e-01
9.718505296681758665e-01
9.390543900651253661e-01
9.524573345194681240e-01
9.819802129901228360e-01
9.648786925655717939e-01
9.821077280508846430e-01
9.778511110421851393e-01
9.769499746174753474e-01
9.941714697497600062e-01
9.926123495699473720e-01
9.818016107922862279e-01
9.839556248169749608e-01
9.651593764741887016e-01
9.766336731101786794e-01
9.871673598752011003e-01
9.929681804647582100e-01
9.782967852692460164e-01
9.911302977147372628e-01
9.789068621299836792e-01
9.682119396814721224e-01
9.836250899356032695e-01
9.741998960845572597e-01
9.549191416534501542e-01
9.711049248350965835e-01
9.733396286829505417e-01
9.839188578274156161e-01
9.634250144369650437e-01
9.693776403324377844e-01
9.759046986891335429e-01
9.855051921239887935e-01
9.901042263911807861e-01
9.600778263899931719e-01
9.733296139360952948e-01
9.782608110188025785e-01
9.368739969959902769e-01
9.821596078459319257e-01
9.723492865771722338e-01
9.907696895671683768e-01
9.686662761325086635e-01
9.946663592341583593e-01
9.844877933369142742e-01
9.893171574405799085e-01
9.875002509099899406e-01
9.867952869525639104e-01
9.882445447546057693e-01
9.968343678178460676e-01
9.854610925698691348e-01
9.832300315980311289e-01
9.859602528370832175e-01
9.763570598643843690e-01
9.816254734717582142e-01
9.844615795458212526e-01
9.630033890519384965e-01
9.813818638893735402e-01
9.707702780627750494e-01
9.851500101721116787e-01
9.811546200122580608e-01
9.618041247785956704e-01
9.786440755614271847e-01
9.717815490762842234e-01
9.476636023628290939e-01
9.905808498202388623e-01
9.868744441024713820e-01
9.624792278858097516e-01
9.831018705127634316e-01
9.732371952691195593e-01
9.876611842717518686e-01
9.913835786842185582e-01
9.201017310643532232e-01
9.790747492164392218e-01
9.867303860150286043e-01
9.592891682327028269e-01
9.745173036474729100e-01
9.693911421475103207e-01
9.786733859895102583e-01
9.836576358563172695e-01
9.848588162811564573e-01
9.661511945170171423e-01
9.519516844044868531e-01
9.859469609740698637e-01
9.824003891960219059e-01
9.601346757369808582e-01
9.608144586535892762e-01
9.220676270800439722e-01
1.003800898491008953e+00
9.807589523508651874e-01
9.893760836421566784e-01
9.607195673215479514e-01
9.538257231883990883e-01
9.754685531432818468e-01
9.690189168923571961e-01
9.943937421873200178e-01
9.906502396164448276e-01
9.680889973230397683e-01
9.861377374849111810e-01
9.931243860426716141e-01
9.851191086949586673e-01
9.943166435167634098e-01
9.837493079072862079e-01
9.727545305747271609e-01
9.764901744823045737e-01
9.459913421336447747e-01
9.863570308528925024e-01
9.683902722390889117e-01
9.885023304547571055e-01
9.656042101577069214e-01
9.904727959309346241e-01
9.630042533936871152e-01
9.853078403147100817e-01
9.960629525860391631e-01
9.811118969688246150e-01
9.970355937885323483e-01
9.818852657822416674e-01
9.818306523572449818e-01
9.751284818180171454e-01
9.553214792772388719e-01
9.755750337894132374e-01
9.943006457056342562e-01
9.554390885702367386e-01
9.957568450675999827e-01
9.867064643052159134e-01
9.752723407002215072e-01
9.835398858408115341e-01
9.758331934028280363e-01
9.651370133369745474e-01
9.735637164602045646e-01
9.723749959262030229e-01
9.932424546669360588e-01
9.899326815679485581e-01
9.827267748069343778e-01
9.782684521549676049e-01
9.817593255378566086e-01
9.681140552437480506e-01
9.787617088774127616e-01
9.911478774948802029e-01
9.972653474349889580e-01
9.838379300003597949e-01
9.698046401934047323e-01
9.741280234088789403e-01
9.825744379062456568e-01
9.868349027260593376e-01
9.619191672509027624e-01
9.874721803499266759e-01
9.753850297314401452e-01
9.599846407960493933e-01
9.827663655502947293e-01
9.746443393289565549e-01
9.859038580842294230e-01
9.784541293930206773e-01
9.773468805983045460e-01
9.837683044128839871e-01
9.807654829798838625e-01
9.692286366853606339e-01
9.372044886622200588e-01
9.860036520710770969e-01
9.681018644894762160e-01
9.767585629781038170e-01
9.607459322318602224e-01
9.766088224630199432e-01
9.700209826313604955e-01
9.904293929137905073e-01
9.963250151926985598e-01
9.958419672493108443e-01
9.653449465288429510e-01
9.788367690342247851e-01
9.848162819415294811e-01
9.808326621117182675e-01
1.000266485026012786e+00
9.538835787266796151e-01
9.857568555683180467e-01
9.745548873694335201e-01
9.922316426164466963e-01
9.594755391721925264e-01
9.900396579580841294e-01
9.587099941819905435e-01
9.720073875150749831e-01
9.595162047865605226e-01
9.507427423843433090e-01
9.893038505842520758e-01
9.798144091727767346e-01
9.926871088613146155e-01
9.863497858991968625e-01
9.794386913085344482e-01
9.834524587475989010e-01
9.498249298304853871e-01
9.817726474912564782e-01
9.885300912188312861e-01
9.796229908060525293e-01
9.721105921744017664e-01
9.830641964603924476e-01
9.820693490299984285e-01
9.617440258570892908e-01
9.744986364405973100e-01
9.585719366390644813e-01
9.785383407811252265e-01
9.643063054502534204e-01
9.814943606152718436e-01
9.841345995717750705e-01
9.859002730087088606e-01
9.800750190081116697e-01
9.841471898168614452e-01
9.474143570247393065e-01
9.664204863007388457e-01
9.894418503538222609e-01
9.788089556245743728e-01
9.832204371012783772e-01
9.831278319561352896e-01
9.713968104433376993e-01
9.493362399031691767e-01
9.891789436750959563e-01
9.853662206528176482e-01
9.622741651199619994e-01
9.717335956317060264e-01
9.842381945459537373e-01
9.638391858888846198e-01
9.785494743953156993e-01
9.820445373567195935e-01
1.007078345447761203e+00
9.783923211132860009e-01
9.827101213223615739e-01
9.867054389913832990e-01
9.462835179552936404e-01
9.934218887800851938e-01
9.879548879007007400e-01
9.808619101032001186e-01
9.751888693106083306e-01
9.847879164142522290e-01
9.904949339352122628e-01
9.810640745395315943e-01
9.735463857881343497e-01
9.731747084396609182e-01
9.916126330348430384e-01
9.687902478981393894e-01
9.892561307356939615e-01
9.500254311606382007e-01
9.709849694506618167e-01
9.363175926213912481e-01
9.775393082313487136e-01
9.605001483585701161e-01
9.935659617102358121e-01
9.713964075194968517e-01
9.898711619340212486e-01
9.955521911959522852e-01
9.888213175788523879e-01
9.748149844457633106e-01
9.572242181618108026e-01
9.672998260088377931e-01
9.851395290404173499e-01
9.860452143872041608e-01
9.954399661696794466e-01
9.729837792136823982e-01
9.854451028434979554e-01
9.609090898375448608e-01
9.712080217151550787e-01
9.607578949747010988e-01
9.760084858736541857e-01
9.923286345698496547e-01
9.857515928248344883e-01
9.896913699835387934e-01
9.581562572500488262e-01
1.002881066480450389e+00
9.889961526067471143e-01
9.840304341928296505e-01
9.774628636940052573e-01
9.454417189647013053e-01
9.892394816383569545e-01
9.396070631176144383e-01
1.000706189245708977e+00
1.000034893163006089e+00
9.678721699479406748e-01
9.863485703649172986e-01
9.892785460778539264e-01
9.886735159906800963e-01
9.752758437553813442e-01
9.819618854072920122e-01
9.631039823757978624e-01
9.861260116284789046e-01
9.574615260180971976e-01
9.795387905770845949e-01
9.751347381411096249e-01
9.623215771010629194e-01
9.781585058802163557e-01
9.932315782424491202e-01
9.626154220745205548e-01
9.824753907573752221e-01
9.451095119201258221e-01
9.815560425234532982e-01
9.745836571072790111e-01
9.909974451282476116e-01
9.802297307301058860e-01
9.726666882493131272e-01
9.962244905756467706e-01
9.658109584021135063e-01
9.535622683012546785e-01
9.759029285058192782e-01
9.929254633643327388e-01
9.658698452779789223e-01
9.783182810414919883e-01
9.680767167257351424e-01
9.879317677671383136e-01
9.803216026873565747e-01
9.871109038309445749e-01
9.946616656445442795e-01
9.829012834324687420e-01
9.786928316408557427e-01
9.805905029947870055e-01
9.721055892226259099e-01
9.649231595652855153e-01
9.846452750046542635e-01
9.458120150192877995e-01
9.896763417784915084e-01
9.666060804281767505e-01
9.972807883973697773e-01
9.978182834813809077e-01
9.438784351134887896e-01
9.566506207221566749e-01
9.902385256600972907e-01
9.652078571717143118e-01
9.885547374768282047e-01
9.665984045139112135e-01
9.813386710623359654e-01
9.865882146029033573e-01
9.722456118950703052e-01
9.790859947861132451e-01
9.872204590160750248e-01
9.682205508703007890e-01
9.798708664289688119e-01
9.725811098288965617e-01
9.765400529787919837e-01
9.876057331313510268e-01
9.809311605400814482e-01
9.782751283312258739e-01
9.790361182287093955e-01
9.886621527183130365e-01
9.713872757184620621e-01
9.918764488730853479e-01
9.890338448652535863e-01
9.839947509598522268e-01
9.883593502877601189e-01
9.930666950852423680e-01
9.779588182505420946e-01
9.703934755587929617e-01
9.816608614023296653e-01
9.808988050120203139e-01
9.744552669943081780e-01
9.930041681340678883e-01
9.878635435473571702e-01
9.805908839410454325e-01
9.721779764486284670e-01
9.801771053711191284e-01
9.672937717147214176e-01
9.849219423403271501e-01
9.760078967956931084e-01
9.616824682848874595e-01
9.810236613447697041e-01
9.855074659411831028e-01
9.902566560865321277e-01
9.587499871857223521e-01
9.741846318270904748e-01
9.857691743592997824e-01
9.858629066434917432e-01
9.886216429772777259e-01
9.793338440136859502e-01
9.892932019208784400e-01
9.840059486092146424e-01
9.863010063232940938e-01
9.736482970819970717e-01
9.685158026631104367e-01
9.849197171626353775e-01
9.933659605413379667e-01
9.696101086377998390e-01
9.699411145136582757e-01
9.870146121426158770e-01
9.567726814286769965e-01
9.816096503011372265e-01
9.601628176936362058e-01
9.804466122275657947e-01
9.850555894493545628e-01
9.866646677091660544e-01
9.859264231660613831e-01
9.702234788636781015e-01
9.703896795647126705e-01
9.584946434060033216e-01
9.932936445164745054e-01
9.815228639105952890e-01
9.899563301830999196e-01
9.953738699995345884e-01
9.808552575253558503e-01
9.856426677194300989e-01
9.766799141961294284e-01
9.668906303593632900e-01
9.796736384769237915e-01
9.873935858494508055e-01
9.459783154381024017e-01
9.781799329901035289e-01
9.677033680205534560e-01
9.853014870661284119e-01
9.855383613102919327e-01
9.765705707651645140e-01
9.786928383852085966e-01
9.929930796398386272e-01
9.687150554532883984e-01
9.701423640097117662e-01
9.698519903352260663e-01
9.940083805807259365e-01
9.882011973517452752e-01
9.564392474540156508e-01
9.589990192287691784e-01
9.871763148001160282e-01
9.251350755750658017e-01
9.947673136308726738e-01
9.980960642527616500e-01
9.810143542493410251e-01
9.615902297847638280e-01
9.648488043385663460e-01
9.850551068579416203e-01
9.944530379828592226e-01
9.597552049572636301e-01
9.798721446539586655e-01
9.969376697348495409e-01
9.873322845751911769e-01
9.859316283590054963e-01
9.703155472740979670e-01
9.852184078887694652e-01
9.674140842982978938e-01
9.589685027181983346e-01
9.719197330499955712e-01
9.734783405926644706e-01
9.864404097333235866e-01
9.820949504446079281e-01
9.885587300052575133e-01
9.491006090110004623e-01
9.667635008040678102e-01
9.833014632136358735e-01
9.905160562158402682e-01
9.859937082819684173e-01
9.877563629422968505e-01
9.795044602856479710e-01
9.877585718631616274e-01
9.920050447920528702e-01
9.805676096544916343e-01
9.842141086208001655e-01
9.783882976769631146e-01
9.774998714132738797e-01
9.676464824473123283e-01
9.407611253020650155e-01
9.609527966554334277e-01
9.574186045445943760e-01
9.862327051059617267e-01
9.909084977048553400e-01
9.832919565129997208e-01
9.676268118440265464e-01
9.856198589475358984e-01
9.902402360893809430e-01
9.506924129723174355e-01
9.854729608292722709e-01
9.989630260492387004e-01
9.852264288554729577e-01
9.851854000249129495e-01
9.832968743782178889e-01
9.653350873902308837e-01
9.501278834105920668e-01
9.871138146590835438e-01
9.920646842581943847e-01
9.748974085261520317e-01
9.964009919523350023e-01
9.909008638679802639e-01
9.648855328347034632e-01
9.518921971013523109e-01
9.859083257325886862e-01
9.677380960634356377e-01
9.820547980401430621e-01
9.740848402402351169e-01
1.002940591778244572e+00
9.757986715432280800e-01
9.875790732945606276e-01
9.952488427907962842e-01
9.921738697532709317e-01
9.919139768982273564e-01
9.880794668363452882e-01
9.582892106381748487e-01
9.853038479127177451e-01
9.852452206460229345e-01
9.753715231820739850e-01
9.678069751967692813e-01
9.910208907830809766e-01
9.779880798718665336e-01
9.825719247373347898e-01
9.733255879249630427e-01
9.836064216090886214e-01
9.879277842036228163e-01
9.701059216132524865e-01
9.600609889725123525e-01
9.759408319984475000e-01
9.858726146021926651e-01
9.672248512020023004e-01
9.834472331357780872e-01
9.759047677419288025e-01
9.746886093043238830e-01
9.853173591848713997e-01
9.847210961236276816e-01
9.754078081126297262e-01
9.941541182181942160e-01
9.938617474030687626e-01
9.943171881388532807e-01
9.699023652840650378e-01
9.890641124084634805e-01
9.857894766213123328e-01
9.709779436852298273e-01
9.625422211689688146e-01
9.819545705551795400e-01
9.781372220882951218e-01
9.904710505482376970e-01
9.826402761184948043e-01
9.826062793449094057e-01
9.765477601924630324e-01
9.906483284777691800e-01
9.686219687994873651e-01
9.870517270233851725e-01
9.866327473287859195e-01
9.881629790712940231e-01
9.807014354697608516e-01
9.812838301394483098e-01
9.825941404997183826e-01
9.864183193038308373e-01
9.731945216905200091e-01
9.635375791789597688e-01
9.828069948909863296e-01
9.703066734972783935e-01
9.836803732272225709e-01
9.873528734249928940e-01
9.574318280781788371e-01
9.744155400398452072e-01
9.798811067055542834e-01
9.840798081982662371e-01
9.800985620933624354e-01
9.619664297559000765e-01
9.832746239516513276e-01
9.863027569682499829e-01
9.879125737406475594e-01
9.697264057576601148e-01
9.735437632159309462e-01
9.669523163059656756e-01
9.597441153877337428e-01
9.965458050925579681e-01
9.842092890327609478e-01
9.853620561455639359e-01
9.773197173217772482e-01
9.975892281119091987e-01
9.855939514342034746e-01
1.004306732727441087e+00
9.918433219528314249e-01
9.844691718062141828e-01
9.928886434815374917e-01
9.792376370020214882e-01
9.658560323535347880e-01
9.803877103502013357e-01
9.708867323759002854e-01
9.791311478651395506e-01
9.625030626733150907e-01
9.893268671844380746e-01
9.805832515496902824e-01
9.846413804815025150e-01
9.859057820312472353e-01
9.555421935398107358e-01
9.700190705767998134e-01
9.872254272238546458e-01
9.733527543817830363e-01
9.329735781126567984e-01
9.962518305089989035e-01
9.825564740771342009e-01
9.733181339714669367e-01
9.624495571147300144e-01
9.906730091359919887e-01
9.799526523132614519e-01
9.429850456471184916e-01
9.852241665735331777e-01
9.425478366390576124e-01
9.769685903107581115e-01
9.849051974282867494e-01
9.881564598934894361e-01
9.812366534902734472e-01
9.896225539724718967e-01
9.837615797725214328e-01
9.856198214130282853e-01
9.900276213632573930e-01
9.910204567793434727e-01
9.632969545901912678e-01
9.472017970088743022e-01
9.628075503842915550e-01
9.662754564617058728e-01
9.857803529474091775e-01
9.758546248095771869e-01
9.763234093005903613e-01
9.612821881602058305e-01
9.812160239330490752e-01
9.770463492287680962e-01
9.562502052493149218e-01
9.768323774198486298e-01
9.711951864482594177e-01
9.905990738180070476e-01
9.862126917944387117e-01
9.535707599514119392e-01
9.883810987024451711e-01
9.776084783976741743e-01
9.683412413983708555e-01
9.744260403237915424e-01
9.875160886208990130e-01
9.800130833028048993e-01
9.757777126400161150e-01
9.676558554510161780e-01
9.847958139604530148e-01
9.630922818240531535e-01
9.923945576525883272e-01
9.657861529225602037e-01
9.803995621900999380e-01
9.507669285821370719e-01
9.779676767299609885e-01
9.764118422492011895e-01
9.846652311354088249e-01
9.720121310498416323e-01
9.812168026271004262e-01
9.808475407141453717e-01
9.804864413743085150e-01
9.427425765602056584e-01
9.773148223908602050e-01
9.882152529664999241e-01
9.809058734075115638e-01
9.796300896685974369e-01
9.856131304190446363e-01
9.735765231213081572e-01
9.851331262287367219e-01
9.833643153203687204e-01
9.653658602173197378e-01
9.797140148434085871e-01
9.712693814712475282e-01
1.004205499612932373e+00
9.809304551796126370e-01
9.888620837772532646e-01
9.712607119886262907e-01
9.751628503871104803e-01
9.875496406157050489e-01
9.933497349288795686e-01
9.566215971946787633e-01
9.835585682110647987e-01
9.807772925169506717e-01
9.859906792517664220e-01
9.941149052031768019e-01
9.909675843333157763e-01
9.752463823085538719e-01
9.576333603118213356e-01
9.708129438005735912e-01
9.847564946194048430e-01
9.920747722487716080e-01
9.518182192237428785e-01
9.643042701542881012e-01
9.731265522051325556e-01
9.889542433732519955e-01
9.762958946629202162e-01
9.852719160128283749e-01
9.760853773729024629e-01
9.514984550158324117e-01
9.940100622373705397e-01
9.839173620704753098e-01
9.864830129912190992e-01
9.801153372093088789e-01
9.808088156672480906e-01
9.761071658784696847e-01
9.907604766816494601e-01
9.559397883915490279e-01
9.814854326946340635e-01
9.791234327972002660e-01
9.857497612930538056e-01
9.779200438421296049e-01
9.769612434732209971e-01
9.915709716722493905e-01
9.897307192045960988e-01
9.870388236638500956e-01
9.969106302120811502e-01
1.004438236147436880e+00
9.918943756654835520e-01
9.572700311385720084e-01
9.698721674297418049e-01
9.835245342379770328e-01
9.499937718618614024e-01
9.638485584481827351e-01
9.894499016155888782e-01
9.716283908170538774e-01
9.900647745202417749e-01
9.732000494407719859e-01
9.915885760271980764e-01
9.755207385104226470e-01
9.946264842486999269e-01
9.900637027391304690e-01
9.726698473007290291e-01
9.660426998995319536e-01
9.807496940339711644e-01
9.819867765240661850e-01
9.985880481370995598e-01
9.976576234092771056e-01
9.833525916549844537e-01
1.000146025884859569e+00
9.864095331808732103e-01
9.797059682221395116e-01
9.971461492964874829e-01
9.781148776126263877e-01
9.703220293843597410e-01
9.907661480289750022e-01
9.954220128514912336e-01
9.949209538460874747e-01
9.918088835683476212e-01
1.005829987039185358e+00
9.746873062450193137e-01
9.893239100031554489e-01
9.656074958398123131e-01
9.842355369272346444e-01
9.768723142381565694e-01
1.006641793959362374e+00
9.942554580543279119e-01
1.001663307756226917e+00
9.836346915476955610e-01
9.867518723189260266e-01
9.715884361275282100e-01
9.899270404730435846e-01
9.793787983597654900e-01
9.627806492687799311e-01
9.796861364312630105e-01
9.741452558660369521e-01
9.732508612372733348e-01
9.603724974286671490e-01
9.658556519543942676e-01
9.622966285523458785e-01
9.840044370757605741e-01
9.826382884185469457e-01
9.715701862852607062e-01
9.685500298224332116e-01
9.759679664672845645e-01
9.905243301987718407e-01
9.902277502199460235e-01
9.809603722072941512e-01
9.354327514196887350e-01
9.906229026649270297e-01
9.852030861163837416e-01
9.770672448348081129e-01
9.879154554813529554e-01
9.613565656931885028e-01
9.839869118296880046e-01
9.862410053360073370e-01
9.797681485998488427e-01
9.844672414936017635e-01
9.788112845347697322e-01
9.760251088038393030e-01
9.833366396380173180e-01
1.000165456441483469e+00
9.954775090512779645e-01
9.965827494833644495e-01
9.902351438940399930e-01
9.626237923783110828e-01
9.613281992498261541e-01
9.768403710875980250e-01
9.710538144290884466e-01
9.725113981195308011e-01
9.822073857579868283e-01
9.766896058955973903e-01
9.922112479292507503e-01
9.855367761415287919e-01
9.820661787656788100e-01
9.610175624993979593e-01
9.829034391075878174e-01
9.758910761716286242e-01
9.588613434255870427e-01
9.761033131548195740e-01
9.757872843258389439e-01
9.887046859405377308e-01
9.997771166174783675e-01
9.793913660038472413e-01
9.727048592200643329e-01
9.748164174989578656e-01
9.799583901368125183e-01
9.946261070491471123e-01
9.704713449952471205e-01
9.719470138003943882e-01
9.872605272415934108e-01
9.897693695162749217e-01
9.928338985994669130e-01
9.769011391889259599e-01
9.549408118342543883e-01
9.804588093700850049e-01
9.560009337431031318e-01
9.873230239908514783e-01
9.706350450359646498e-01
9.761219464105372889e-01
9.741115265700087678e-01
9.766055904723301984e-01
9.909735766567639992e-01
9.924164392901535514e-01
9.694635450826869505e-01
9.875289114819063574e-01
9.774981648455298711e-01
9.842466149875965797e-01
9.887349714883827412e-01
9.462888529091277867e-01
9.835653496515089911e-01
9.804816025776547095e-01
9.855891290779009717e-01
9.699254700723628497e-01
9.665838326040491202e-01
9.602450669518657334e-01
9.448115708695628001e-01
9.899582035051972539e-01
9.861194596926468048e-01
9.604760317051703744e-01
9.960400240728854993e-01
9.704452591226960800e-01
9.852929407028715447e-01
9.816558234904113611e-01
9.975947060369185770e-01
9.678374943977815503e-01
9.867930668868732935e-01
9.745287329983495228e-01
9.886139408866050360e-01
9.944816618437167799e-01
9.706810456816933330e-01
9.755743505318412723e-01
9.836622533208611019e-01
9.873888435054554158e-01
9.837298751062881763e-01
9.497123197042515175e-01
9.867419153454101144e-01
9.593232410168928137e-01
9.892668708254305221e-01
9.623237077167118292e-01
9.712715791491807193e-01
9.754209795667398986e-01
9.765293159819100621e-01
9.648631586184940323e-01
9.749417780625735386e-01
9.832395602081523966e-01
9.889516064335504009e-01
9.947198737577838124e-01
9.695785636027905996e-01
9.746445411232640410e-01
9.524842066395866613e-01
9.813387597659498640e-01
9.754976090821182444e-01
9.862708544875686822e-01
9.826512212578825123e-01
9.593862028472798231e-01
9.627670554391858371e-01
9.824390988644091660e-01
9.820613149167484179e-01
9.652368944145087726e-01
9.894904441343879142e-01
9.918731814072287989e-01
9.807694115073263275e-01
9.773740323756675563e-01
9.641824596613346454e-01
9.895881268935925457e-01
9.617143826233253145e-01
9.771820229621057674e-01
9.828421345808380227e-01
9.877905967172891932e-01
9.938605233997284127e-01
9.855849967761489694e-01
9.673024075633035457e-01
9.690481462486247866e-01
9.915139026673353007e-01
9.686729867026162566e-01
9.956297900079168484e-01
9.935799116309894652e-01
9.343519206248995790e-01
9.730578604066121295e-01
9.541947882645741563e-01
9.756755961552336931e-01
9.866981906984547690e-01
9.938350839667691172e-01
9.853594081226870749e-01
9.766783186810009676e-01
9.863184405438439883e-01
9.764351769470505094e-01
9.649083971488862099e-01
9.902647893702634097e-01
9.652645083539036497e-01
9.472887807243077773e-01
9.867071870795043331e-01
9.832763957324467397e-01
9.729018170451301240e-01
9.726547005466712470e-01
9.614993985280193556e-01
9.773363312804912439e-01
9.796665137815783186e-01
9.869305654283042628e-01
9.802041830479321094e-01
9.451059910004989684e-01
9.608512967065881982e-01
9.932586298199522767e-01
9.838669992888786631e-01
9.853221708335595519e-01
9.892601536222772607e-01
9.671658346794346217e-01
9.879350389183321202e-01
9.530547420868037412e-01
9.794341872461662657e-01
9.782937008749604813e-01
9.691864861419510202e-01
9.964415429380579781e-01
9.851838789927498397e-01
9.916137458161082829e-01
9.897256578815578631e-01
9.661693924096413921e-01
9.887547933265855571e-01
9.634056258596777056e-01
9.741016395462682720e-01
9.762839936267280194e-01
9.973934747817115865e-01
9.854734789838414111e-01
9.787813548420917220e-01
9.678072185354048562e-01
9.899646709699490010e-01
9.792226281478230154e-01
9.848303110265929083e-01
9.885568268497572086e-01
9.855892185485853885e-01
9.626955151261320509e-01
9.835523448454953632e-01
9.715637477612776296e-01
9.885347047827653943e-01
9.706024857700008557e-01
9.844628166888441667e-01
9.813359704899999869e-01
9.949666923393661877e-01
9.556175563282839347e-01
9.779344101942867296e-01
9.884544820970641021e-01
9.794709206595537676e-01
9.822443586357797463e-01
9.945581707521927717e-01
9.611472164433609855e-01
9.925520394606206498e-01
9.410233931774484306e-01
1.004172713584737808e+00
9.889606210360126770e-01
9.946714538142036321e-01
9.799025320512763093e-01
1.009077796254724380e+00
9.868419768965065453e-01
9.792929469184179503e-01
9.699489377457757300e-01
9.970449717774834131e-01
9.560639966682760171e-01
9.910098678466314759e-01
9.849022231189513699e-01
9.800473103186925217e-01
9.956238674955614210e-01
9.823934976488014614e-01
9.876192883452269422e-01
9.903006040328068416e-01
9.920107519199935497e-01
9.703229283477966538e-01
9.934846004764856797e-01
9.860064799240458866e-01
9.803512671242871068e-01
9.801573487492780679e-01
9.836209507134443530e-01
9.785144516898429679e-01
9.880414950852399736e-01
9.845977389786022549e-01
9.827893446838334990e-01
9.699680808472579407e-01
9.823118101829320103e-01
9.719836166630859697e-01
1.002494755952401562e+00
9.814739397568386092e-01
9.981801590744495689e-01
9.698556002420032351e-01
9.900834502189090891e-01
9.557724499011305275e-01
9.453040969717478870e-01
9.847296034525598873e-01
9.741701442241762487e-01
9.759609350399370831e-01
9.796047610501604774e-01
9.922279021550102218e-01
9.773804707082202059e-01
9.897746798915770805e-01
9.716966372547293229e-01
9.607895814811252544e-01
9.730622972722098307e-01
9.849501473884977321e-01
9.905486695435175015e-01
9.824946974271143718e-01
9.917537539741284602e-01
9.706604681780082178e-01
9.807078533994969538e-01
9.859753456648036041e-01
9.465449392999706335e-01
9.866928636122820340e-01
9.875622321970717321e-01
9.979420415677453526e-01
9.865416537238038686e-01
9.805634047083816585e-01
9.901144478785953718e-01
9.745282837937077058e-01
9.766603797677524401e-01
9.993649564327610202e-01
9.748877650206492218e-01
1.011015965345313017e+00
9.736646280054666036e-01
9.809705121620654333e-01
9.858316959595430085e-01
9.765693307798597456e-01
9.896786474535631539e-01
9.773768514687558584e-01
9.765372486243087957e-01
9.896187928640338693e-01
9.793204445098486755e-01
9.730313759414813690e-01
9.845398515450584087e-01
9.723568920122297454e-01
9.786258324089237570e-01
9.888813988161755386e-01
9.797893989885840815e-01
9.760319512714191736e-01
9.986043866139374670e-01
9.785235383754981031e-01
9.791256272782545844e-01
9.774316680678145630e-01
9.837716468029666927e-01
9.864234927941274433e-01
9.859671250189743219e-01
9.564468807499511005e-01
9.542463539631891312e-01
9.899397013047310789e-01
9.420663871363185171e-01
9.841995062254887960e-01
9.696256419429244433e-01
9.931650980686864694e-01
9.958260765717806828e-01
9.796979294313117315e-01
9.780061482125452788e-01
9.852636458486185855e-01
9.865571642596127067e-01
9.670261554068488863e-01
9.886534118854025666e-01
9.798741295955734065e-01
9.924151406684231791e-01
9.816252211769033176e-01
9.839022711258631482e-01
9.750726651582046767e-01
9.685742315208201170e-01
9.722399690005839590e-01
9.775982573958426070e-01
1.002171809981813100e+00
9.728004562053932380e-01
9.902545145988422837e-01
9.384628796971290488e-01
9.806489915019747095e-01
9.814600730069320544e-01
9.848138582974708122e-01
9.780158474702752569e-01
9.848897444142911128e-01
9.782225651439204750e-01
9.738972090871265141e-01
9.715594446585256172e-01
9.835921732399606210e-01
9.776518705424649403e-01
9.905620454788599538e-01
9.635486393103306346e-01
9.960180142133328030e-01
9.841670932966807284e-01
9.631383446668827508e-01
9.776388860622398091e-01
9.853490164459322020e-01
9.900621200372573538e-01
9.740510002433444559e-01
9.589940557949981903e-01
9.866362821090164381e-01
9.840997041711168070e-01
9.876376242421731622e-01
9.881778043019376900e-01
9.788871681350995724e-01
9.964382375221966237e-01
9.643641695034244066e-01
9.881423516223235559e-01
9.790819786202846764e-01
9.839131610473574874e-01
9.763973928645924838e-01
9.700773249928903441e-01
9.486882205390397838e-01
9.834505986137344058e-01
9.804512154670683710e-01
9.945088962176620306e-01
9.890658771689913031e-01
9.618820633869479275e-01
9.816729561622214995e-01
9.940308288569392747e-01
9.909608910123727243e-01
9.824493997294432290e-01
9.780562211909943349e-01
9.895120540246727936e-01
9.936556166062461282e-01
9.751693319837143603e-01
9.751453355542908374e-01
9.705322885874373418e-01
9.827555852287337412e-01
9.893728495677995838e-01
9.811397743114989023e-01
9.818959941499594279e-01
9.932171545375771959e-01
9.781256556557842430e-01
9.726842708631209256e-01
9.895091137159559569e-01
9.856116605904927663e-01
9.955654280875880779e-01
9.788698442403250821e-01
9.759969476518912668e-01
9.644122184488200800e-01
1.001941211616810046e+00
9.627059649173074218e-01
9.623212175058400986e-01
9.898188702647597870e-01
9.969886611442103641e-01
9.806199848700153376e-01
9.858973978962801699e-01
9.830465906701606471e-01
9.888677774841099222e-01
9.579194683743228467e-01
9.624915263264912646e-01
9.885287064630641218e-01
9.781297142590587024e-01
9.993761844466602096e-01
9.817200162078874026e-01
9.835745550768560941e-01
9.824260282088832508e-01
9.837512646185893050e-01
9.811860936769478680e-01
9.702379906846001489e-01
9.777323765673964218e-01
9.657498746631103526e-01
9.687966596907893191e-01
9.875896713697608353e-01
9.686969309235402559e-01
9.856574652366417721e-01
9.797459054063143435e-01
9.838226014901524374e-01
9.878321995008592094e-01
1.002981663214484787e+00
9.749101307754098888e-01
9.772150271164685709e-01
9.757453276072468595e-01
9.842839240952677704e-01
9.928265408707627193e-01
9.440115365363617173e-01
9.884180139875170523e-01
9.928865663221880800e-01
9.921398545453804507e-01
9.344115764051712514e-01
9.851724344001346889e-01
9.837333943597669217e-01
9.257344432173753024e-01
9.930972799720022559e-01
9.954764187342395321e-01
9.477000843374512318e-01
9.763473132456285120e-01
9.810674853829213227e-01
9.827465626545325295e-01
9.819852904828233475e-01
9.881067845989358611e-01
9.816141799415355473e-01
9.750360726125025801e-01
9.714131339875818894e-01
9.794994110216572736e-01
9.723547085670374290e-01
9.488381184647536326e-01
9.821874828250457545e-01
9.787103887368037158e-01
9.747866061189937037e-01
9.864880853154736062e-01
9.932997298945489550e-01
9.789195524404067372e-01
9.418017869912055362e-01
9.847066034120505185e-01
9.286113209426674064e-01
9.826437594288015553e-01
9.909364388788558520e-01
9.525072535312842925e-01
9.750338496407124911e-01
9.740170105865783023e-01
9.801011643676424967e-01
9.862458901826224311e-01
9.815566436578092580e-01
9.691248658700148955e-01
9.778384594234715843e-01
9.832190428322419296e-01
9.441301994291281252e-01
9.823915646375408484e-01
9.765225102356341891e-01
9.172782300602854155e-01
9.784101957083312096e-01
9.766653513835156231e-01
9.861679422238358583e-01
9.883030311991881645e-01
9.901104001896399165e-01
9.812626366419989754e-01
9.897972042285946292e-01
9.693854916353843443e-01
9.859397169828687524e-01
9.837429239211644694e-01
9.863926478062643444e-01
9.784558204290200178e-01
9.816185467203142334e-01
9.736515998293048257e-01
9.840522918707287348e-01
9.667932887525584329e-01
9.806141672284255373e-01
9.737528455435240371e-01
9.304097559343731394e-01
9.771148788088226400e-01
9.874256273350097146e-01
9.571447532444765649e-01
9.604178867627527483e-01
9.802677093985782131e-01
9.588996905196395248e-01
9.767212659609948444e-01
9.366855598943842898e-01
9.831421669583860767e-01
9.796919404012632837e-01
9.540385986705656185e-01
9.828380152284490467e-01
9.852762092849270958e-01
9.696666068961475871e-01
9.843354018475500844e-01
9.848094673765961371e-01
9.763452699093964071e-01
9.813419488128616308e-01
9.631920822862477527e-01
9.797982960469184821e-01
9.804501508548494337e-01
9.733056959485988369e-01
9.761707052906637427e-01
9.856973068911659697e-01
9.631897405755572850e-01
9.775761853535405166e-01
9.926197514402216315e-01
9.833563405044901673e-01
9.770789460919926395e-01
9.616832290010760564e-01
9.756198387379108050e-01
9.517545499637102280e-01
9.809376023783882292e-01
9.860942076980671045e-01
9.913187510278285153e-01
9.758241425658653601e-01
9.813248974493373744e-01
9.955174063643770221e-01
9.901017819825556066e-01
9.556724794710167448e-01
9.717866043437118906e-01
9.863787000773243108e-01
9.936552960731160899e-01
9.875374817797949456e-01
9.537986494635439794e-01
9.801105705886742347e-01
9.345748366523152217e-01
9.879193682120578357e-01
9.942014720516629822e-01
9.935545598878432472e-01
9.914673401091663729e-01
9.581232390778386954e-01
9.923265279957307339e-01
9.827143989696854876e-01
9.835394502155054841e-01
9.611786118922824862e-01
9.627805399370928940e-01
9.874053889528966454e-01
9.722001202089916028e-01
9.899097227048239134e-01
9.795616726032249089e-01
9.848281636056946953e-01
9.790866166762127731e-01
9.823013124736573731e-01
9.593126606547641710e-01
9.824311118854982539e-01
9.548338408581095171e-01
9.530437426808622270e-01
9.522623673331883642e-01
9.892423977270432545e-01
9.653747068650057050e-01
9.730913206754088218e-01
9.349770961388246260e-01
9.737717420660442214e-01
9.655635371939431666e-01
9.681376305263951210e-01
9.828120626595031606e-01
9.883152764667880730e-01
9.775645579946922181e-01
9.594779274635808486e-01
9.713103193080749875e-01
9.772320964581979741e-01
9.826135642532627390e-01
9.828197628590681356e-01
9.812880670499103397e-01
9.653797406871790221e-01
9.733563984320898754e-01
9.780873580498319342e-01
9.660067215570209420e-01
9.863875920264782993e-01
9.737899014350636095e-01
9.482907363750757712e-01
9.610712384044554080e-01
9.708042804408105741e-01
9.809317368864148845e-01
9.894239508791629056e-01
9.454715110343879791e-01
9.646007166568971725e-01
9.691165835251605021e-01
9.832160684319307675e-01
9.825285877807907742e-01
9.808853353815248921e-01
9.901620503543731022e-01
9.935133430617886230e-01
9.914545780137692388e-01
9.685479073156219032e-01
9.919514263356498107e-01
9.911806359222755658e-01
9.828825203256194021e-01
9.774316662580126991e-01
9.888599522581288381e-01
9.726500400411474123e-01
9.765609953094916973e-01
9.921640920288308241e-01
9.668370879237099258e-01
9.893977163525481400e-01
9.729403862229084599e-01
9.600164883124601145e-01
9.808183095385543115e-01
9.857479363949824824e-01
9.900241700058312055e-01
9.754378451272044392e-01
9.928780000025086983e-01
9.668522449262472174e-01
9.701901399504716528e-01
9.938902536497362661e-01
9.734349252351484072e-01
9.579343941068184654e-01
9.836329379636467030e-01
9.700518374837784341e-01
9.886647939073508473e-01
9.803791983006967525e-01
9.958230360248885304e-01
9.843976286089188843e-01
9.829378857461357200e-01
9.922229977933313405e-01
9.929067634777702933e-01
9.940477663123629126e-01
9.627501676641344597e-01
9.727628991460930408e-01
9.845246484856881031e-01
9.892271148381087675e-01
9.884643551314516996e-01
9.840237121917907448e-01
9.793007390243104737e-01
9.619063190861171231e-01
9.663126818853751132e-01
9.974732152830647625e-01
9.886628661655630923e-01
9.897338641511254087e-01
9.880146884371358018e-01
9.752938924828196132e-01
9.586541069776869373e-01
9.433089073615072984e-01
9.770117083816579617e-01
9.893530532519613230e-01
9.630679485042691335e-01
9.774630376408989241e-01
9.868787904196902883e-01
9.781673279180560510e-01
9.887643783004375075e-01
9.705842575879707335e-01
9.741122224180996936e-01
9.979886251517866569e-01
9.809031236784188090e-01
9.686032657245203792e-01
9.558319974255420348e-01
9.595658587377415838e-01
9.641946760625660362e-01
9.876035069722576276e-01
9.756792872000755734e-01
9.698685672812253911e-01
9.918977956326371359e-01
9.865951720286820770e-01
9.825671512743181513e-01
9.760409094317836765e-01
9.904002625143392136e-01
9.848443858398945316e-01
9.924669615194487982e-01
9.875011709419919681e-01
9.953062968669700306e-01
9.810041377210492186e-01
9.918433155613111118e-01
9.927966875590520379e-01
9.858257601826799776e-01
9.480865608925345134e-01
9.880998505586051639e-01
9.989397553007290931e-01
9.155224352003727972e-01
9.832525289035076721e-01
9.838717417476415816e-01
9.729188692134782546e-01
9.702481673205161083e-01
9.707833604563514962e-01
9.956883391361636138e-01
9.920666739295938008e-01
9.832633529305916387e-01
9.733065591886970180e-01
9.903440029891124041e-01
9.768157799076450098e-01
9.984763637608832232e-01
9.920999106714618598e-01
9.781110703611490820e-01
9.842122206961295694e-01
9.497323151989524037e-01
9.585483546536253119e-01
9.937328512374973277e-01
9.948906645068762433e-01
9.795571805013680855e-01
9.747793070058918818e-01
9.892416167988028475e-01
9.765845430087340961e-01
9.770943004231424922e-01
9.826191566473898575e-01
9.804911452495339574e-01
9.920129555697075885e-01
9.864153076323356473e-01
9.693949330221586225e-01
9.822087570282540536e-01
9.859626065743394285e-01
9.734563621212788398e-01
9.456650330797756743e-01
9.650373805750143141e-01
9.879715337970121913e-01
9.895010485610418183e-01
9.951847490328891155e-01
9.904343793175413024e-01
9.857323473914386680e-01
9.849156987060885271e-01
9.918147356512233559e-01
9.814275313769166287e-01
9.527295481476286687e-01
9.585307443709616404e-01
9.465036873540154660e-01
9.842767241581542592e-01
9.916689361749572162e-01
9.858762143657407995e-01
9.736755598011114232e-01
1.000463391085762099e+00
9.593403427657419824e-01
9.911732246832297699e-01
9.758333120830765539e-01
9.732979097860939843e-01
9.883594620967862676e-01
9.700949050268846685e-01
9.754144475534886061e-01
9.682661602037457849e-01
9.764988635410503104e-01
9.664103686951788230e-01
9.870032719109820274e-01
9.891304116184017614e-01
9.829333151753867348e-01
9.810811503818850365e-01
9.836998781632132482e-01
9.760261785981886318e-01
1.001662557093241368e+00
9.656269187985487834e-01
9.863229859640879615e-01
9.837304682542475920e-01
9.674552763619705953e-01
9.620068515348637606e-01
9.586320519365660875e-01
9.773183450245114257e-01
9.903460432315470685e-01
9.820824247755000069e-01
9.808179403385313133e-01
9.945457157315417129e-01
9.742087940058736795e-01
1.004822245741835207e+00
9.867606205050146739e-01
9.772684522758736669e-01
9.689940187076304667e-01
9.370627039341414832e-01
9.813870648176247213e-01
9.822117305680828636e-01
9.719108947287742328e-01
9.910552175343717574e-01
9.626104091401501694e-01
9.668282498409809245e-01
9.953262339384729707e-01
9.829301577242880450e-01
9.781654759415309153e-01
9.881025794302402687e-01
9.862473107687623752e-01
9.725767007598781211e-01
9.881375210090529437e-01
9.720166310588606029e-01
9.829294424467633906e-01
9.774997935861459153e-01
1.000166064889743911e+00
9.630603503038862589e-01
9.815036871402013086e-01
9.371619350411487526e-01
9.822792985029491497e-01
9.571040675343462922e-01
9.864534097323524042e-01
9.859910099679369822e-01
9.920227728210746498e-01
9.967554301263805705e-01
9.892904855941019315e-01
9.806593527089493278e-01
9.780860410001324112e-01
9.823898810377045265e-01
9.915808418033875693e-01
9.861318060708140765e-01
9.926171521836426592e-01
9.877501364411636064e-01
9.798159701584288062e-01
9.947030925828296288e-01
9.722739074643859114e-01
9.871576201300129583e-01
9.788604942057559377e-01
9.908747871131001750e-01
9.725479084641548422e-01
9.872150885186181668e-01
9.915857514960065844e-01
9.850957268168778480e-01
9.650929603731953632e-01
9.569616763724585473e-01
9.901726512718940221e-01
9.602824841058953398e-01
9.673387075463939500e-01
9.607139927948441516e-01
9.957453009381866949e-01
9.830159118429671050e-01
9.827549792121037520e-01
1.000451386272971810e+00
9.886224959423534075e-01
9.701238930184085119e-01
9.940716974608151402e-01
9.650588472966342701e-01
9.918012022061921673e-01
9.888107456769308357e-01
9.606567487930758320e-01
9.805338070831339792e-01
9.691246977464920143e-01
9.606136602188065643e-01
9.798498477975693399e-01
9.518792437104840465e-01
9.796402727615297623e-01
9.869491323338484001e-01
9.610281842998538160e-01
9.960835336030133824e-01
9.766283045595118839e-01
9.810553860864925646e-01
9.876226086558119732e-01
9.773829088776218033e-01
9.765344307272747493e-01
9.732979920152909914e-01
9.752585146225076773e-01
9.854530126178434601e-01
9.783954312881892879e-01
9.780050382718261659e-01
9.905679148076873552e-01
9.769059750342102832e-01
9.845576310035772938e-01
9.801741839281087332e-01
9.713069523197439548e-01
9.787796032016436998e-01
9.730054507752969872e-01
9.806230845690848685e-01
9.683438382234592634e-01
9.916046888509173485e-01
9.771154572964028118e-01
9.793259789392976256e-01
9.733821530468952377e-01
9.787579190812391028e-01
9.983994938890555781e-01
9.725962006081424471e-01
9.853644569426815991e-01
9.942878428172994276e-01
9.742688315356307083e-01
9.937079812555738023e-01
9.694787908841187019e-01
9.509224489440163408e-01
9.684987826437754244e-01
9.538319048428375302e-01
9.699150827075485592e-01
9.848012849103509048e-01
9.566499140532956913e-01
9.712441576243263652e-01
9.890704016668701026e-01
9.640661966539200156e-01
9.667592361962635827e-01
9.771085983486017534e-01
9.650796116812503378e-01
9.871379542636189441e-01
9.809751616250320660e-01
9.634477157381008405e-01
9.768719176816645922e-01
9.769865803716921704e-01
9.724404053417236016e-01
9.796951835295080180e-01
9.825337926845310044e-01
9.779354891016173168e-01
9.647022211377938028e-01
9.793767331128140352e-01
1.007846914097145996e+00
9.751611605914642933e-01
9.827124269829643488e-01
9.868712644007118229e-01
9.877857752160533744e-01
9.752566869720320497e-01
9.786299517838458195e-01
9.823022412719875085e-01
9.725606485847585470e-01
9.863037973276274073e-01
9.950342392228620492e-01
9.880536759590387019e-01
9.677774758704433822e-01
9.859239864493289929e-01
9.761706359399423549e-01
9.837311126273923234e-01
9.727858964726590063e-01
9.834030714835738651e-01
9.726502802627671196e-01
9.853419825057830872e-01
9.821380356805103906e-01
9.681590651768324784e-01
9.870272794759793467e-01
9.864896386014064822e-01
9.802384636207185364e-01
9.851639297090875047e-01
9.886550406078462583e-01
9.438482905995492223e-01
9.938380060887943568e-01
9.724002149351055335e-01
9.860983765816028201e-01
9.782307679678755585e-01
9.837295512974798539e-01
1.005369214813247591e+00
9.930982724429432418e-01
9.833455572191900362e-01
9.807893572997422593e-01
9.593949421307120806e-01
9.770991052266476684e-01
9.691510541645699250e-01
9.569454577648971449e-01
9.738061493510923317e-01
9.831050645605797778e-01
9.894511701657827674e-01
9.871848770383654381e-01
9.778863716392826033e-01
9.803044193961272246e-01
9.639008827099565524e-01
9.779202824408137484e-01
9.853261827533706940e-01
9.735371590557945209e-01
9.668013709323441951e-01
9.904589924205754459e-01
9.777069762729492242e-01
9.932673984119616550e-01
9.735545083703609492e-01
9.714994139860833045e-01
9.538963510266823542e-01
9.923704005962524777e-01
9.531797580706105055e-01
9.817534994793841729e-01
9.901461523989856239e-01
9.677862021220702271e-01
9.950401002909559089e-01
9.891049550700730109e-01
9.868725496845863754e-01
9.822047631252703859e-01
9.587367059499714017e-01
9.858317920753844055e-01
1.003713203926730912e+00
9.992979184388605107e-01
9.797908517339710688e-01
9.856987644201307130e-01
9.943901183934068522e-01
9.808663296389972253e-01
9.718941338898396953e-01
9.796686438845385592e-01
9.643493327457298703e-01
1.000351851069962050e+00
9.848210806689208230e-01
9.918684319252580872e-01
9.859512354976730508e-01
9.963115754427780413e-01
9.866854226615120460e-01
9.725825978082771606e-01
1.004705081454988269e+00
1.000858288566527365e+00
9.819381861353445595e-01
9.941683103898419915e-01
9.761894561304568230e-01
9.773720944124393295e-01
9.884182046287788292e-01
9.847790304183949850e-01
9.814128743021970358e-01
9.667313387688523107e-01
9.879331392703322168e-01
9.595493503479548547e-01
9.682358112924197568e-01
9.873715973822814185e-01
9.634442618673086933e-01
9.925407708969404830e-01
9.741848783352019536e-01
9.576771592312556258e-01
9.759445725498261393e-01
9.816148434879609086e-01
9.818923958473002589e-01
9.752021777304711314e-01
9.817371777263178556e-01
9.693721929799326009e-01
9.487807463919885054e-01
9.736684515565210418e-01
9.661833213951592780e-01
9.798077172839196880e-01
9.646548316769479881e-01
9.939378110152783385e-01
9.823003565798658077e-01
9.788270897217502542e-01
9.619583292488362858e-01
9.680448245296243703e-01
9.936423778481926483e-01
9.883667171932003503e-01
9.727917268081627267e-01
9.885150561355681154e-01
9.593565383948930991e-01
9.919140460796075365e-01
9.988532846472873983e-01
9.802586186174673255e-01
9.711907123823428911e-01
9.709980305163289360e-01
9.567526503080706624e-01
9.671973282868375765e-01
9.813744050838231203e-01
9.850890753313534809e-01
9.694192712883263896e-01
9.818578244812612432e-01
9.655996664010081387e-01
9.871853627806070897e-01
9.612266252636242347e-01
9.723171972096561477e-01
9.550387629192538252e-01
9.613269154026909957e-01
9.913623653547334325e-01
9.880171971886672067e-01
9.694812970108123151e-01
9.797142815234630708e-01
9.810803260216744981e-01
9.826884964065893957e-01
9.820338197849718398e-01
9.906628708018551110e-01
9.958477919993825589e-01
9.769744165030612715e-01
9.486074315389390055e-01
9.831799478205927034e-01
9.341138760016691744e-01
9.416550984152493031e-01
9.675255060747744995e-01
9.731637641864094856e-01
9.900694644154510726e-01
9.697287217701039408e-01
9.479093916591706526e-01
9.654879924092832910e-01
9.778549978888185779e-01
9.890545798743370920e-01
9.744564742559511661e-01
9.703574570625983498e-01
9.656605580614651130e-01
9.644093941936926484e-01
9.933408221958652806e-01
9.840493637649014858e-01
9.885319433078847418e-01
9.838605706143335183e-01
9.854095150968402717e-01
9.732123548642155342e-01
9.605158570258107709e-01
9.889217828580350034e-01
9.850504285746989330e-01
9.804421790805836201e-01
9.557873454475326325e-01
9.903203922254166791e-01
9.897596319197299319e-01
9.769112036726470549e-01
9.833389599052778651e-01
9.853543727034069777e-01
9.704134645887457777e-01
9.782826418395799140e-01
9.892359086751264519e-01
9.829450940162842709e-01
9.689148796504724048e-01
9.409122232268986030e-01
9.394427708769027552e-01
9.581697857403601581e-01
9.563314355820704549e-01
9.797044683308924196e-01
9.832752294142789173e-01
9.687119693985929425e-01
9.889980665667741366e-01
9.706251102400423880e-01
9.863642944930440803e-01
9.914986791106041863e-01
9.897243088390114130e-01
9.846302230603829475e-01
9.844738530004532029e-01
9.737017974324777558e-01
9.714416822166520582e-01
9.903168074250607855e-01
9.620171499237716306e-01
9.842442125524725194e-01
9.656172901423120125e-01
9.804118534263124296e-01
9.644829232196314717e-01
9.930702251909568901e-01
9.821204686269341400e-01
9.790597833121302829e-01
9.783145424444171789e-01
9.913849379502518433e-01
9.798322559763510409e-01
9.816360094434964934e-01
9.880430582863561906e-01
9.713022206968692229e-01
9.734631696469916440e-01
9.812785146091065336e-01
9.855125229171175505e-01
9.705887474903104328e-01
9.619907808309378083e-01
9.572797758413836844e-01
9.800235889867053851e-01
9.875060811940264971e-01
9.903779522490619991e-01
9.910337579044771195e-01
9.975531655000220432e-01
9.690253319679229538e-01
9.825204604282347098e-01
9.778099113884927140e-01
9.714270194053443719e-01
9.902492111772341898e-01
9.819257889676165085e-01
9.866570167645846157e-01
9.808056244535013901e-01
9.749214556622100014e-01
9.890444133722882114e-01
9.641660575090432728e-01
9.861632670516494725e-01
9.601368504054400566e-01
9.951518984416625191e-01
9.870828943003141509e-01
9.825625323936957312e-01
9.907566573279129596e-01
9.694555238547534204e-01
9.714170265731005838e-01
9.871229152373397486e-01
9.906383726520160415e-01
9.848329504794828271e-01
9.838258506205267429e-01
9.518584525311680755e-01
9.994250769780411714e-01
9.890891262585989052e-01
9.812540643325862177e-01
9.797438693691319367e-01
9.897371748542832526e-01
9.850026607198791861e-01
9.930677484252522502e-01
9.632427335486567488e-01
9.940617298228944243e-01
9.810544603746526038e-01
9.766715523704512236e-01
9.734754524112176899e-01
9.673717649132193008e-01
9.865792610838468590e-01
9.797990053693620416e-01
9.883953684855956157e-01
9.715927733971542191e-01
9.721597474553331786e-01
9.762974837111036974e-01
9.751399205862297803e-01
9.741816473375196628e-01
9.860508255598711136e-01
9.778537183151108092e-01
9.701329297256274797e-01
9.866977075643220685e-01
9.871986118328163196e-01
9.948571883329726528e-01
9.815823814053159513e-01
9.602999028119324487e-01
9.845912696109421214e-01
9.915828178520725844e-01
9.836328856216443040e-01
9.849403164544000555e-01
9.929537903743748117e-01
9.980829918543964174e-01
9.703004871803162512e-01
9.906873573488628182e-01
9.953167190557168365e-01
9.946882561700656211e-01
9.473529048873534641e-01
9.794254608221559799e-01
9.860955034725887858e-01
9.860411179530352843e-01
9.898008182529791643e-01
9.775934976860037873e-01
9.803014902064808300e-01
9.914360275478580897e-01
9.640952807399822966e-01
9.728117350328194801e-01
9.726405861336505643e-01
9.768627506409550687e-01
9.675929726535448250e-01
9.586684601786993332e-01
1.010785295574119447e+00
9.335434562761940613e-01
9.575363407570836038e-01
9.887742629777694914e-01
9.828056843259163067e-01
9.828044317175521627e-01
9.527386873202932094e-01
9.888117933957027983e-01
9.852527299995482712e-01
9.840367565112208004e-01
9.759174870484574882e-01
9.911214585913428188e-01
9.833911286751200187e-01
9.800478928173785853e-01
9.777562323937383226e-01
9.862597687341473351e-01
9.841809931617121476e-01
9.858933877990909700e-01
9.858463081240965709e-01
9.784709729821164936e-01
9.686167446208262533e-01
9.956940500256199478e-01
9.858238001090463554e-01
9.807645381735377033e-01
9.789595912232119668e-01
9.834043923406649013e-01
9.825420838415103164e-01
9.588173033427450642e-01
9.794119647687117292e-01
9.948464397945300242e-01
9.921690979969720603e-01
9.786992179738928099e-01
9.625123045117095488e-01
1.002765735351057730e+00
9.934566982068658847e-01
9.551437817669474750e-01
1.000584853829094234e+00
9.356771578816401869e-01
9.741472522527373501e-01
1.012118150898011493e+00
9.834580842817430835e-01
9.736781808037381358e-01
9.640740239209243390e-01
9.927653199714091548e-01
9.810963758101052257e-01
9.864459037437270927e-01
9.883809148259692368e-01
9.650593654776994379e-01
9.930624727826219411e-01
9.737418205222351242e-01
9.708119484556465562e-01
9.665472389815633614e-01
9.467393665106745848e-01
9.950420037678986418e-01
9.927831750007584111e-01
9.830056760645005109e-01
9.690363995225573790e-01
9.951799974410971972e-01
9.737626809754734714e-01
9.748569140607280525e-01
9.741520111018885375e-01
9.887656702885851967e-01
9.853043426086380840e-01
9.626413164845993853e-01
9.743011557051239890e-01
9.935005752229737475e-01
9.686236619686202642e-01
9.785047484340494428e-01
9.477647815169673029e-01
9.909510402232669657e-01
9.819329755617365318e-01
9.715858494338489582e-01
9.818619022876430291e-01
9.634922142186356231e-01
9.719332222168300950e-01
9.423908650473771242e-01
9.806697266587721673e-01
1.002287514340767238e+00
9.701309353483119624e-01
9.749325504232667639e-01
9.968015431726815478e-01
9.779823959866212890e-01
9.624225985339236455e-01
9.744305757382624167e-01
9.707312305351878390e-01
9.785595179125688992e-01
9.833664889643318752e-01
9.748292291363901407e-01
9.705998393298900240e-01
9.589622870206686578e-01
9.821941833906375763e-01
9.771924927618363954e-01
1.003154342138546928e+00
9.883376491591904234e-01
9.704162454501352730e-01
9.847316777927536124e-01
9.746555580242561856e-01
9.971020265868603127e-01
9.803883602974050593e-01
9.662164389510656815e-01
9.793459231492970263e-01
9.885690896570050734e-01
9.627382626496732154e-01
9.726875526673629535e-01
9.772550234457146878e-01
9.758655129845049681e-01
9.789065334746056557e-01
1.000101010262746781e+00
9.952360720216814061e-01
9.884336485492538626e-01
9.881018204480519485e-01
9.670429923198666788e-01
9.661412519434462443e-01
9.751659600435348407e-01
9.811756796928874369e-01
9.781590679077865058e-01
9.902477099604860555e-01
9.873935069567998379e-01
9.864784694572670265e-01
9.911860530490379517e-01
9.768770903535437533e-01
9.794301858023067853e-01
9.917009792450213190e-01
9.810500730808090486e-01
9.830066593863173718e-01
9.923995308516183611e-01
9.977988587008668198e-01
9.974345510497863998e-01
9.872586014706169477e-01
9.877443326158770187e-01
9.795337920608734317e-01
9.913769057789140193e-01
9.782454061864875872e-01
9.646747617769081407e-01
9.489428911185869842e-01
9.768997261133681720e-01
9.805678601411925710e-01
9.756757471497629064e-01
9.832330634491992516e-01
9.538810580854212295e-01
9.733586756680137064e-01
9.742514483716321338e-01
9.928996747784506471e-01
9.945278458515498521e-01
9.737219351305583803e-01
9.845686790462199189e-01
9.747016970751798404e-01
9.917406590484630913e-01
9.707555522618652732e-01
9.862129739117295735e-01
9.743434922656207808e-01
9.890902951245088559e-01
9.739661587449729430e-01
9.818416396578185656e-01
9.857039862015980480e-01
9.840625748809881390e-01
9.819558218591412091e-01
9.795525394364226202e-01
9.346167721581110088e-01
9.878217755648465159e-01
9.817051373034461070e-01
9.720973489459181494e-01
9.715018043609153775e-01
9.572378537390535680e-01
9.759699332118785264e-01
9.715876997162409268e-01
9.512925860362122510e-01
9.832055991852277632e-01
9.753434870208903540e-01
9.856507789916201245e-01
9.790764120032012796e-01
9.710696914977400285e-01
9.797990599597482531e-01
9.663534540831396624e-01
9.816366080771484759e-01
9.590951583845175321e-01
9.756385066712499610e-01
9.966724493690182207e-01
9.816385682186121731e-01
9.745320826943808523e-01
9.760472138641785866e-01
9.730720661206657685e-01
9.864430674624307116e-01
9.966317623354490340e-01
9.603384813454914903e-01
9.822644215876735752e-01
9.945077288712657060e-01
9.732866906424042508e-01
9.905182339662027546e-01
9.806208868036816462e-01
9.871136481877492708e-01
9.966474913346625719e-01
9.989522394577200481e-01
9.942632656858479967e-01
9.932860948938191381e-01
9.925927499729876313e-01
9.781136214194136036e-01
9.876075762218876619e-01
9.936129476327818510e-01
9.664997174034803962e-01
9.493575176108864921e-01
9.914592949081799667e-01
9.910516487152115639e-01
9.673013586309038292e-01
9.779567579388586118e-01
9.856157184286981066e-01
9.827605316686707226e-01
9.895444528239282223e-01
9.816923915814044221e-01
9.877270267355603428e-01
9.711092877448712635e-01
9.774020614765067672e-01
9.740573955805318374e-01
9.647019241624026353e-01
9.991272281737809680e-01
9.801199241475530011e-01
9.794915771393530868e-01
9.971178683119109598e-01
9.892332302446892323e-01
9.780334888454724762e-01
9.877869232924827436e-01
9.463396190278808850e-01
9.794224019477690835e-01
9.787848662534051059e-01
9.808094111374713320e-01
9.847560655275332531e-01
9.855312355096800259e-01
9.509194061614976157e-01
9.716945229651346994e-01
9.828128863236251789e-01
9.781826384488988557e-01
9.706137870971915937e-01
9.802604729167316844e-01
9.840569094712868781e-01
9.811730564972457325e-01
9.890269835407226040e-01
9.875823541371648862e-01
9.502082789311960820e-01
9.948869415357710633e-01
9.905199651919508463e-01
9.938310254131643706e-01
9.868059624607751212e-01
9.934635952499130118e-01
9.717435298247093511e-01
9.971079756213659939e-01
9.938876882292937420e-01
9.706556563868750098e-01
9.249949568946577161e-01
9.793322883991981698e-01
9.714701378468527659e-01
9.908238498981887243e-01
9.807919272774436870e-01
9.836653227493524776e-01
9.608183340924653093e-01
9.800174274060613477e-01
9.550615550895095174e-01
9.741857825127195891e-01
9.509896934155677162e-01
9.842935244612213141e-01
9.750800557786818423e-01
9.878258456836611634e-01
9.960157838342880154e-01
9.974787828881670482e-01
9.177665266349241957e-01
9.912200657500268575e-01
9.725536093838558216e-01
9.923460263814382065e-01
9.812535369649481032e-01
9.654583080337212353e-01
1.000461338776596598e+00
9.808100908593170297e-01
9.866858258683025573e-01
9.747069898157147971e-01
9.745146479595975242e-01
9.937730061804568304e-01
9.565089750645250355e-01
9.827111577489737737e-01
9.951662392544255997e-01
9.562201418925274643e-01
9.614333296163584119e-01
9.336231438561806151e-01
9.494602363675868073e-01
9.799075011493129095e-01
9.748736740513713750e-01
9.714179618615822465e-01
9.899070302599137783e-01
9.878722761803740982e-01
9.518726558198683518e-01
9.957967144169866947e-01
9.791269661094386123e-01
9.856179283593798912e-01
9.656869223444957129e-01
9.584189518455076273e-01
9.849907475925335776e-01
9.862238160918888052e-01
9.702231896254133181e-01
9.663273368830755938e-01
9.832756738865808810e-01
9.880578420376536775e-01
9.780603845655296835e-01
9.810811367969380914e-01
9.906727481955603931e-01
9.768745229323170243e-01
9.984669152908184353e-01
9.682419123548042794e-01
9.873166844833407563e-01
9.984711274771804757e-01
9.711938940938709131e-01
9.835035950889123857e-01
9.856905816348136007e-01
9.707879418208642530e-01
9.804274162406235726e-01
9.871756621412136612e-01
9.902620026335505754e-01
9.769235140948363538e-01
9.719707991216522958e-01
1.002065624166573521e+00
9.812132700569606847e-01
1.011570444534970692e+00
9.752770635624096185e-01
9.828350506539632603e-01
9.788951997467684185e-01
9.854805560113660823e-01
9.730511681123787948e-01
9.742773000582793941e-01
9.571258667288343736e-01
9.692845939288804447e-01
9.762403472983228747e-01
9.873894102112046323e-01
9.521397875362014318e-01
9.833599726322994616e-01
9.771397328975984786e-01
9.534109170037436964e-01
9.802602312531262241e-01
9.910627590277580889e-01
9.805691469775956737e-01
9.708941134410661311e-01
9.880770838619123975e-01
9.861632721566664372e-01
9.947293582788889754e-01
9.695985986809310120e-01
9.737728814904276220e-01
9.794934679781688303e-01
9.803077793503878201e-01
9.757206640800564212e-01
9.916351236529626911e-01
9.685717375863343026e-01
9.807248050453024613e-01
9.446236645929656506e-01
1.003478808937072086e+00
9.909569933877097059e-01
9.845231626862632757e-01
9.705905946311953469e-01
9.841149868461021022e-01
9.900214092546738565e-01
9.920799185107602725e-01
9.860152404569570983e-01
9.747207082824762558e-01
9.835217884310267777e-01
9.734101449722251109e-01
9.815855544540322830e-01
9.854131220416042503e-01
9.830582241536088839e-01
9.885490005837750394e-01
9.890322374232453084e-01
9.838499185524810509e-01
9.920312184810844425e-01
9.921722159727469625e-01
9.751246079505019315e-01
9.972986065995455007e-01
9.797091678879630283e-01
9.759777426759913554e-01
9.756489696143354484e-01
9.948202490342801241e-01
9.761848363470084777e-01
9.987754691243492244e-01
9.654564371376677112e-01
9.875985551755401826e-01
9.545066869248887143e-01
9.864132334516182432e-01
9.843002725765894745e-01
9.925151900432735985e-01
9.863265987012783675e-01
9.717461546726322563e-01
9.493675356516536601e-01
9.743398673232822604e-01
9.925466849544947179e-01
9.850715469637633115e-01
9.689187798228786619e-01
9.796205164273391608e-01
9.801059529334259501e-01
9.760319432534170225e-01
9.630549013232722055e-01
9.942485032886748675e-01
9.547359072300534155e-01
9.148194578578057179e-01
9.874724380429530379e-01
1.002106940376596533e+00
9.892340008536874008e-01
9.787016731720717955e-01
9.765433432760709520e-01
9.941263373030558848e-01
9.906325269838176517e-01
9.797853620341406833e-01
9.816174845506032698e-01
9.857023534530571229e-01
1.009102312073213881e+00
9.709891986600359681e-01
9.805957034866055189e-01
9.750951158706778754e-01
9.757386040291580187e-01
9.813562510673623507e-01
9.681915485333727478e-01
9.801833645879198809e-01
9.818574165712862234e-01
9.907399280453899060e-01
9.900118551716156068e-01
9.875046329453921468e-01
9.823071528966381694e-01
9.695073030294317773e-01
9.832497392633102740e-01
9.781215943745960040e-01
9.712275953881140955e-01
1.000614102030831010e+00
9.861210917166355339e-01
9.934623922330506618e-01
9.827784805333519280e-01
9.739873296419081505e-01
9.809992159655352983e-01
9.943413367000720759e-01
9.604090077636885381e-01
9.926657680036469200e-01
9.903192580010130586e-01
9.942731496285599491e-01
9.768533370105851876e-01
9.909142375625199506e-01
9.620017060383253549e-01
9.559653202372806469e-01
9.870379021718977963e-01
9.841559848013315959e-01
9.847215593479414775e-01
9.921935168456926801e-01
9.927236639806612528e-01
9.846987617520281955e-01
9.674340956564014826e-01
9.892754772885253844e-01
9.822832101997120979e-01
9.678976026962712309e-01
9.724952051584819790e-01
9.590037716704125081e-01
9.811914273232670292e-01
9.752907756382097615e-01
9.697962907981023672e-01
9.866395681242576821e-01
9.888215794250186930e-01
9.898198711989978360e-01
9.874429825200407018e-01
9.945758066970519229e-01
9.896176266712453096e-01
9.915356901997252059e-01
9.603627510062188177e-01
9.830054085578381340e-01
9.887338106459724330e-01
9.932566604844775826e-01
9.960756402896436823e-01
9.795693742793353254e-01
9.803896968941887557e-01
9.437656661591343754e-01
9.435450163374095034e-01
9.634024517125044929e-01
9.875924274260065028e-01
9.841615756651037605e-01
9.798426347775193168e-01
9.741140816761724164e-01
9.749023815204962418e-01
9.847404446140055612e-01
9.861209566091418965e-01
9.757070254189639247e-01
9.708955994013979129e-01
9.879638773666078455e-01
9.777293691056508917e-01
9.523741265350859075e-01
9.952820362559016143e-01
9.887267186456479839e-01
9.791355087938197199e-01
9.983783019161095451e-01
9.759697668399878179e-01
9.721551907996498487e-01
9.843604862761050622e-01
9.562498569789310565e-01
9.993929698007775198e-01
9.624764050870590060e-01
1.000743436301875011e+00
9.799794005041614353e-01
9.891859743679010109e-01
9.883702040857856863e-01
9.848309658142571088e-01
9.470702957628066576e-01
9.665872837318917332e-01
9.801599760260624183e-01
9.915513646708874473e-01
9.683879694882786549e-01
9.953334010004382115e-01
9.831510060944953500e-01
9.855320257353962221e-01
9.512687947971171232e-01
9.767308296355721176e-01
9.657256848108912717e-01
9.844755142043923879e-01
9.794289871539578751e-01
9.841016571691398873e-01
9.549989620413775748e-01
9.849073518932407456e-01
9.514157481565730379e-01
9.937553377479899641e-01
9.734652319630432427e-01
9.763466067490538247e-01
9.737978868155887646e-01
9.754351488015013949e-01
9.725357938989268591e-01
9.933204848612332549e-01
9.976558262013714984e-01
9.805050430809965079e-01
9.861904463409432164e-01
9.546994369503978284e-01
9.826680563734951912e-01
9.696745663547463590e-01
9.832216884438087501e-01
9.783805878272530121e-01
9.775074581798924855e-01
9.779007914550654768e-01
9.735527201140069531e-01
9.818071514302409986e-01
9.905068574278456106e-01
9.870643715898453907e-01
9.793853944541760503e-01
9.840139827460739896e-01
9.793026318857875889e-01
9.555598927379714835e-01
9.834075611919870230e-01
9.891237376366986966e-01
9.521532882520983287e-01
9.803495746100945318e-01
1.015291207364939607e+00
9.607820499276147341e-01
9.798024945001780894e-01
9.709487400953447089e-01
9.991996742381861196e-01
9.411847588117520091e-01
9.762017054227555279e-01
9.808928725735691634e-01
9.490224096018895494e-01
9.867793839240622811e-01
9.899525530914043969e-01
9.699818286154229252e-01
9.956152775662510113e-01
9.935939819442561882e-01
9.849255853010014938e-01
9.980714883156607264e-01
9.747654497845124055e-01
9.867133709307744915e-01
9.761585251236752914e-01
9.713019028814389166e-01
9.788730078584159111e-01
9.969071837200620401e-01
9.913971400168098969e-01
9.975082391347003252e-01
9.971685892003316898e-01
1.003131252098627524e+00
9.828988729296571636e-01
9.642146551263962584e-01
9.580224809114251672e-01
9.947001143995540806e-01
9.728305864081274734e-01
9.763657620040764318e-01
9.800948984559860744e-01
9.864341104963806339e-01
9.867204225108694438e-01
9.900437868443091594e-01
9.911401050265747914e-01
1.002630442001382738e+00
9.884800078103311849e-01
9.976904882333187397e-01
9.810353860236794565e-01
9.457107628974876778e-01
9.929590490983112305e-01
9.544963348736382747e-01
9.872512576951844032e-01
9.774441258036089542e-01
9.682505097501937774e-01
9.781630501632659902e-01
9.895041392671567460e-01
9.696767161852021255e-01
9.754369397106409378e-01
9.875537913290273195e-01
9.906781628769415482e-01
9.645295882881488314e-01
9.825167706786340771e-01
9.979477734696976521e-01
9.897605430784932601e-01
9.835756298134985531e-01
9.826370248698098608e-01
9.794760724008167996e-01
9.859810027914777120e-01
9.761762783787075737e-01
9.679505662779993580e-01
9.890606220801232418e-01
9.950401800111429162e-01
9.805644014709797851e-01
9.796599375183792091e-01
9.584605836778549159e-01
9.377547478543208914e-01
9.768160314094833652e-01
9.735631553296756335e-01
9.807655773622365736e-01
9.829211729226196015e-01
9.637987111150720931e-01
9.588136112406642209e-01
9.871356232279272502e-01
9.940865673504900579e-01
9.624396978804290459e-01
9.669486533780211612e-01
9.642623138081199974e-01
9.704491100776559964e-01
9.713760013116468084e-01
9.777236120859497115e-01
9.794788426663310066e-01
9.567476774394451100e-01
9.814595200938014408e-01
9.778028220104687529e-01
9.816660725771506613e-01
9.769731610109715358e-01
9.594696043354443704e-01
9.776310190059962490e-01
9.911636228872068299e-01
9.539825889876093479e-01
9.837816704787580857e-01
9.879416355502285141e-01
9.776049788486917969e-01
9.940914743877032889e-01
9.657117182626334673e-01
9.816743013910257387e-01
9.814723664458467889e-01
9.733845174240703946e-01
9.840583229418302658e-01
9.757269853122740866e-01
9.514916010738762031e-01
9.828818341717207030e-01
9.765148422981314580e-01
9.696116076029650532e-01
9.665036013476662191e-01
9.814360796199677051e-01
9.713061649828440558e-01
9.673954824549180209e-01
9.618468909204964667e-01
9.943026276943119912e-01
9.876502083004802257e-01
9.898506560149646916e-01
9.880477460502050668e-01
9.738644905680157171e-01
9.890204917335163604e-01
9.803076812735089796e-01
9.855704236263782558e-01
9.808343366482056291e-01
9.881467875175365956e-01
9.799683114131709782e-01
9.694648568082153695e-01
9.776619670099039316e-01
9.831598745123298899e-01
9.696086907026121304e-01
9.837484731038536045e-01
9.925118380165464105e-01
9.708339576518807412e-01
9.820518952327409457e-01
9.540871157073476105e-01
9.895950244768880744e-01
9.713041614274673385e-01
9.887050232827069296e-01
9.974058081946709509e-01
9.855320931816691221e-01
9.714360496194951455e-01
9.846742896556072155e-01
9.765954856419931662e-01
9.868023231180729216e-01
9.847308189945511714e-01
9.769307216357846491e-01
9.830491206935870752e-01
9.822423318479315268e-01
9.831879454226062354e-01
9.683142466731163855e-01
9.819691196254292098e-01
9.961743306907095974e-01
9.761858934340427174e-01
9.924542340824259457e-01
9.819483969453585148e-01
9.761353241764275657e-01
9.656744470750848741e-01
9.903297121524797797e-01
9.816557949964118679e-01
9.778927849293500563e-01
9.757707356431652990e-01
9.954353092006217318e-01
9.828046214021549654e-01
9.864922414354966307e-01
9.629973948406733708e-01
9.997182535030685324e-01
9.796737556900334543e-01
9.869491044160280113e-01
9.833231389928234201e-01
9.734713264515272302e-01
9.858509714573187033e-01
9.855983202519592590e-01
9.862128268512936335e-01
9.533997526809571132e-01
9.374786235850611771e-01
9.725550505792515121e-01
9.728292245892331547e-01
9.850302352949801277e-01
9.811578854551938900e-01
9.951320074067453447e-01
9.928461680699181002e-01
9.916540851340618357e-01
9.847960572488274611e-01
9.817777152412171526e-01
9.873903898376683586e-01
9.764650307265934082e-01
9.731619958899366818e-01
9.779508636144121914e-01
9.753105515953575111e-01
9.587320093662708986e-01
9.751630156056911858e-01
9.863153280062719741e-01
9.525713421887688215e-01
9.922059243705412257e-01
9.873726012337260549e-01
9.829000269171138671e-01
9.927969181203244453e-01
9.803560269629383317e-01
9.829308536721786949e-01
9.868981982014463084e-01
9.960348262857157131e-01
9.610937086406470264e-01
9.866206245199720115e-01
9.824619317204608127e-01
9.855459767376234526e-01
9.890890923750088604e-01
9.908016960038172893e-01
9.888428272186023937e-01
9.713270875799068227e-01
9.448283851749494922e-01
9.823937569059476571e-01
9.643848209535876848e-01
9.860989285444863306e-01
9.659025378887500235e-01
9.813001479109131342e-01
9.492966925358010677e-01
9.681475102395763477e-01
9.808644329868988487e-01
9.877119301218320047e-01
9.812599204741878633e-01
9.776329427223160451e-01
9.656915901943107228e-01
9.881035420830052152e-01
9.988389999629215810e-01
9.835824197050203610e-01
9.768165319756143550e-01
9.922177326116227158e-01
9.802586957044224780e-01
9.764638325220478254e-01
9.807990423624699527e-01
9.821643341088106549e-01
9.988868267647714738e-01
9.846691964614637804e-01
9.577519042081887868e-01
9.545622999145427778e-01
9.683689011857972151e-01
9.791103181356490825e-01
9.826610802705824099e-01
9.675298507892493571e-01
1.002769946445917437e+00
9.856661878333322635e-01
1.000610132936040175e+00
9.806253038691009616e-01
9.745817777521350589e-01
9.927563769705962660e-01
9.820649904910019323e-01
9.633312816602359607e-01
9.785100862149063161e-01
9.838045666176239434e-01
9.837905343866052421e-01
9.892076788932119280e-01
9.847609786851092561e-01
9.821942961198513178e-01
9.940474960792021752e-01
9.858411867294607500e-01
9.843657610786804568e-01
9.831468607070084076e-01
9.800565302435818582e-01
9.634069634120085990e-01
9.808718774245400729e-01
9.909040008888634343e-01
9.698957174918433344e-01
9.882616162147660477e-01
9.704250862222528751e-01
9.696880721718367235e-01
9.802594410613912901e-01
9.850194351697627582e-01
9.911806414046432367e-01
9.787166214805003150e-01
9.846147188132707839e-01
9.837420654924515784e-01
9.835571352823389013e-01
9.651713056923980627e-01
9.826881883786672267e-01
9.789770558976521597e-01
9.858055858790129022e-01
9.645263541160321585e-01
9.624080626804064620e-01
9.884034899834825971e-01
9.837624392630799353e-01
9.618790624530823008e-01
9.856258217717815961e-01
9.709026953122060766e-01
9.813593551933302850e-01
9.801650212045557309e-01
9.848179068509983480e-01
9.803218190418249156e-01
9.999935333102222268e-01
1.008707168326509862e+00
9.559878477951522235e-01
9.830326802202490333e-01
9.833791963923879109e-01
9.892026263245242701e-01
9.835806085339322546e-01
9.733426902000805736e-01
9.777275294489965463e-01
9.937174091473545134e-01
9.862213178249311651e-01
9.787038348938285059e-01
9.742931046817786545e-01
9.793786644294980581e-01
9.701609886973300290e-01
9.554573338644736236e-01
9.867755765394561340e-01
9.748601104718365162e-01
9.464897585802360958e-01
9.662926397903386366e-01
9.693572491540474179e-01
9.854087873883081716e-01
9.769839669437861973e-01
9.620541240291753393e-01
9.823640109921377706e-01
9.484086994353427835e-01
9.736048741104190718e-01
9.754825708029641884e-01
9.602397155052352362e-01
9.762306428089332355e-01
9.912068431204111851e-01
9.636525280029606400e-01
9.719526579608893657e-01
9.848245825542237819e-01
9.818464090611227491e-01
9.904996378827466419e-01
9.722268245042509083e-01
9.808976453725236633e-01
9.844606654858818473e-01
9.668479528716742433e-01
9.925934742327958693e-01
9.541026805269965383e-01
9.824851041133855212e-01
9.764494825818984536e-01
9.785810132607447587e-01
9.924031282402159260e-01
9.743077100605836982e-01
9.882035367626127442e-01
9.792737109825425668e-01
9.621652896464824023e-01
9.719618634247344513e-01
9.885102459364332184e-01
9.770961091993022318e-01
9.795786781407145316e-01
9.697794736018742201e-01
9.598730745195507286e-01
9.831755414855207764e-01
9.808944681561662104e-01
9.956125632499576161e-01
9.674171922183335548e-01
9.905951134490776910e-01
9.898303149116377542e-01
9.842335942039733832e-01
9.924913730199688144e-01
9.608162055633138188e-01
9.989100487733373335e-01
9.552842221951342028e-01
1.005928565038222144e+00
9.811032339346231756e-01
9.830144998730628858e-01
9.904732654510894907e-01
9.478298816007351135e-01
9.818193562409258668e-01
9.843396712040864971e-01
9.641694193230048171e-01
9.871187521271103105e-01
9.787670244478275938e-01
9.734906625450752138e-01
9.894578983034011399e-01
9.882958689494939497e-01
9.622079318721737939e-01
9.894721218354515235e-01
9.759999767609622845e-01
9.776509257011190002e-01
9.724866422657330034e-01
9.834648627735522730e-01
9.659720139818255280e-01
9.866315950461532758e-01
9.971426718057921912e-01
9.859932302102787371e-01
9.846277057665270283e-01
9.796986897712943732e-01
9.919278381744952577e-01
9.695717332908658781e-01
9.798290520975855289e-01
9.864948028801664437e-01
9.448107255244639902e-01
9.509426250470965902e-01
1.000902292889639611e+00
9.531440103689636789e-01
9.631589975481850141e-01
9.897957406811133119e-01
9.665970066686858653e-01
9.922109174536833942e-01
1.007169864185923691e+00
9.894090176513435919e-01
9.605999834548639704e-01
9.879570293740177478e-01
9.889329970023944538e-01
9.827970538610986129e-01
9.729913202492685986e-01
9.775895869825921292e-01
9.982946251551210182e-01
9.850132636941810738e-01
9.563782062289832853e-01
9.855887109334501295e-01
9.752281224987565666e-01
9.688283683660517953e-01
9.814305313053696134e-01
9.817352149499052327e-01
9.903523478828323290e-01
9.786933259552434983e-01
9.802995779231576945e-01
9.753765963287898133e-01
9.834096147396012011e-01
9.839640347457397906e-01
9.727739554766806629e-01
9.965919222157134660e-01
9.739538325906489380e-01
9.899295592942053412e-01
9.684265791399878642e-01
9.540978602234183592e-01
9.746525350144249478e-01
9.873834988257318424e-01
9.728137291915376350e-01
9.958650004614882922e-01
9.815003350799296200e-01
9.815322771493414367e-01
9.849275623947504332e-01
9.865240625209732439e-01
9.901487708801384180e-01
9.776702960944089194e-01
9.771162434173653599e-01
9.888871256606565074e-01
9.677462735806378058e-01
9.501260083534358580e-01
9.962135090697684658e-01
9.718913503068666859e-01
9.814628794535119605e-01
9.727501435370569105e-01
9.537985387414501526e-01
9.761997956278208877e-01
9.817231548723958090e-01
9.740282729554081698e-01
1.001605378269764035e+00
9.930305097131995051e-01
9.807541783562512272e-01
9.836999840643917414e-01
9.864347829751963781e-01
9.886658062755246945e-01
9.758936709219639960e-01
9.696223727558911376e-01
9.878718600994833565e-01
9.832891233861736913e-01
9.831882516570870090e-01
9.744841286008053549e-01
9.888213445974125548e-01
9.938960673488381747e-01
9.930623170430477042e-01
9.548572909945415299e-01
9.815190117095702327e-01
9.901399119783174108e-01
9.700262947321989238e-01
9.806840249726059833e-01
9.825446238156667622e-01
9.734431101312862600e-01
9.955727174457751349e-01
9.648753725548514515e-01
9.678395044546223014e-01
9.933663843816721295e-01
9.786786714548945110e-01
9.908420659288640353e-01
9.959566680258135074e-01
9.875461024984150127e-01
9.494333270785683121e-01
9.736164945562305606e-01
9.739946972060676833e-01
9.882945970231040711e-01
9.757032166036224696e-01
9.866393258337015082e-01
9.788375607398089873e-01
9.960384895512996994e-01
9.853069156461118361e-01
9.698766979404108701e-01
9.642088349875470588e-01
9.520992715710538956e-01
9.977875113854164368e-01
9.939335389564738499e-01
9.594543588897957997e-01
9.883989908148521630e-01
9.952531046699277795e-01
9.712339047475530007e-01
9.644863753402981299e-01
9.852608332363250732e-01
9.876755148239753090e-01
9.684986425647068575e-01
9.863943773382757296e-01
9.767059205893173779e-01
9.650523061283770021e-01
9.505655963788491869e-01
9.835755527111457175e-01
9.463896580709840745e-01
9.660280126530202960e-01
9.749377383388009299e-01
9.768516536545535089e-01
9.732516095960477287e-01
9.643837804017160176e-01
9.794454460149462083e-01
9.764392591608738181e-01
9.809517231411496452e-01
9.880713000741490060e-01
9.920140130745029872e-01
9.669751479632864299e-01
9.783151703570607260e-01
9.825955601888736179e-01
9.622358904687458026e-01
9.805233831517962129e-01
9.857285527582042572e-01
9.787558395231010788e-01
9.863613459287667862e-01
9.751287650868932788e-01
9.867058911544562827e-01
9.805022505878752126e-01
9.804650956214097102e-01
9.657476636614493737e-01
9.877609928324617705e-01
9.752622974873106365e-01
9.900765459298879190e-01
9.840203131364184674e-01
9.886951964254032665e-01
9.937958392183310341e-01
9.912694680361426869e-01
9.863218779003586345e-01
9.264249759873327550e-01
9.485612780017912415e-01
9.528122739282747222e-01
9.811501748940640866e-01
9.976728919491186787e-01
1.008677381165953513e+00
9.890367381776234978e-01
9.903474718859306414e-01
9.863027837318577573e-01
9.683772167858833990e-01
9.759848414504994629e-01
9.800401414041789439e-01
9.873412358504216613e-01
9.809691206097587157e-01
9.571051632352950422e-01
9.840263651656617760e-01
9.932942937168524056e-01
9.675668582681277163e-01
9.455101800273799650e-01
9.787014176488577633e-01
9.865525700734573133e-01
9.797415997112137731e-01
9.951453558866597549e-01
9.930635353580566926e-01
9.801756508111643118e-01
9.797278424831227239e-01
9.908476203928879844e-01
9.889421282088124432e-01
9.599218056588855186e-01
9.961472713124593925e-01
9.799489054752652528e-01
9.772142687485400048e-01
9.925789793731999433e-01
9.705586383214038770e-01
9.886010114297909546e-01
9.791387189777245315e-01
9.657165658436239752e-01
9.810974817246975732e-01
9.726371437368326323e-01
9.682072955963113570e-01
9.712394140286878530e-01
9.753821769147702492e-01
9.884640617865048107e-01
9.826487895603174261e-01
9.866973692571503474e-01
9.592716814515150903e-01
9.854024769659122107e-01
1.000155442557149499e+00
9.918149692137090412e-01
9.614066770513759463e-01
9.838337397414410601e-01
9.869738460090037302e-01
9.470774635166584465e-01
9.934036569886122159e-01
9.853094980134284864e-01
9.938982015947142035e-01
9.778767082672391586e-01
9.740145000327614655e-01
9.845605391498701842e-01
9.917106538405874305e-01
9.561244119802320141e-01
9.880829528096364278e-01
9.763676923104660510e-01
9.799148837368952814e-01
9.655921368459091658e-01
9.848519606073504740e-01
9.795608432276911026e-01
9.982986258771349153e-01
9.569842421806834531e-01
9.777522069155583084e-01
9.864687561491499723e-01
9.965200471640079938e-01
9.861164960952876202e-01
9.867182551580403471e-01
9.892357561818632128e-01
9.595600116690136128e-01
9.701590098892703962e-01
9.695053636916757256e-01
9.652254662871323498e-01
9.590538199339238012e-01
9.872685538991731180e-01
9.903967025534951008e-01
9.860980018468694652e-01
9.854501660688003151e-01
9.714297470066983742e-01
9.663754581828957191e-01
9.787425693361654355e-01
9.769846542390379085e-01
9.861949711977288091e-01
9.600691995240701049e-01
9.776180396059434008e-01
9.707289811416464076e-01
9.525707333474512373e-01
9.761433023917227558e-01
9.562261980144962648e-01
9.523720001489441866e-01
9.871338858768999858e-01
9.953546770305918834e-01
9.817519443530039469e-01
9.804655119485355952e-01
9.856675542470104689e-01
9.744604810384419613e-01
9.766086222722291099e-01
9.742967420137950141e-01
9.902132624281707596e-01
9.923539257816489378e-01
9.784926698783292798e-01
9.874695853247151822e-01
9.776459341044855256e-01
9.926039761885259161e-01
9.836435373544188954e-01
9.659920455664958716e-01
9.672966302352470347e-01
9.778680989713973704e-01
9.525479921092708802e-01
9.852245800112717777e-01
9.905077732805411816e-01
9.877142918596607535e-01
9.684980499142613608e-01
9.739485351982377637e-01
9.934818763119085405e-01
9.944363209223832101e-01
9.633545119824966640e-01
9.788238386613542508e-01
9.941563266873540972e-01
9.835246748470758416e-01
9.850597595117198679e-01
9.780990506796619632e-01
9.836710041930831760e-01
9.751609917099526292e-01
9.870953281591853257e-01
9.829973733463209795e-01
9.960052377258925560e-01
9.486796849028762413e-01
9.788015258017975784e-01
9.930460700959626852e-01
9.754048827823078582e-01
9.837455367908478632e-01
9.721261118567197101e-01
9.856903146706181840e-01
9.815808593796236936e-01
9.740642339099147007e-01
9.868376981019968408e-01
9.799831811298901352e-01
9.802574983320426760e-01
9.908630853334163824e-01
9.917866879676466851e-01
9.728285508915605062e-01
9.568963134344606880e-01
9.771151901415852103e-01
9.923044912113154759e-01
9.890139089748372081e-01
9.788527883328215218e-01
9.571324811949804001e-01
9.526234753705390412e-01
9.944377063187905819e-01
9.664898570331347250e-01
9.785167495774647062e-01
9.717907020662054363e-01
9.800771522205414810e-01
9.290252558009363115e-01
9.759644061903300916e-01
9.647552941909219859e-01
9.850464380529634356e-01
9.777200095806798386e-01
9.815950592812739961e-01
9.907073942504371900e-01
9.733398291500293675e-01
9.825242583644968608e-01
9.709604834549098173e-01
9.885592923814956468e-01
9.927776150635537755e-01
9.516214849940500820e-01
9.856444453154525887e-01
9.871771137164697674e-01
9.886434550473507388e-01
9.903400080287811935e-01
9.986317102191056838e-01
9.914878808658529330e-01
9.928492241363593429e-01
9.797176429282433707e-01
9.874482932879021790e-01
9.949350798035043741e-01
9.833010503550017045e-01
9.490645778426750612e-01
9.855784567318447431e-01
9.659055430315153234e-01
9.919771629556225490e-01
9.824943934829746262e-01
9.778775735317206674e-01
9.888731088861284491e-01
9.837711567111545596e-01
9.512826623214810651e-01
9.958479171885085135e-01
9.896744703090387674e-01
9.781444358564432839e-01
9.865218782713502943e-01
9.744911173193077092e-01
9.896557391473099763e-01
9.803494507142739289e-01
9.792351315984570981e-01
9.997210821473064835e-01
9.919423262537871988e-01
9.873860705184550612e-01
9.690050422257743268e-01
9.806628115402100665e-01
9.820788855474328338e-01
9.699110265515554774e-01
9.781852123918505226e-01
9.624566425093884492e-01
9.908900165869444221e-01
9.905293923959627156e-01
9.596757963920030665e-01
9.874598198601702848e-01
9.896105400585911704e-01
9.774002549720012256e-01
9.905626753676615159e-01
9.729946386266425939e-01
9.757597485783365832e-01
9.824075291203543392e-01
9.878788308324695233e-01
9.791103945147436871e-01
9.699016215377319616e-01
9.805814629087959977e-01
9.658237706491268337e-01
9.761919786323109971e-01
9.419560332202936426e-01
9.886186377758519050e-01
9.827767823703337235e-01
9.632121046736619174e-01
9.970011139655402532e-01
9.848378065551176563e-01
9.906058534464348142e-01
9.864810150816388790e-01
9.530219820841141498e-01
9.739891912204002855e-01
9.623764346897207833e-01
9.786814612408746283e-01
9.717199361985412454e-01
9.795996873120653703e-01
9.646862673201056504e-01
9.661643095026507533e-01
9.747748769779944755e-01
9.691264073665893930e-01
9.665781294411954772e-01
9.675225639711143577e-01
9.662590786021317824e-01
9.914741217228901782e-01
9.791311045747217445e-01
9.415879607743097290e-01
9.837800441213780944e-01
9.915577035473940315e-01
9.904388511705846110e-01
9.862200372459485331e-01
9.782719253036642471e-01
9.922603009353154757e-01
9.711244842644631836e-01
9.902488401925952921e-01
9.735928639886938241e-01
9.749379101107541468e-01
9.601242796323441464e-01
9.450095074170985487e-01
9.872738432228732597e-01
9.677603244515625702e-01
9.805350707877046323e-01
9.825035956108632007e-01
9.901829158860245839e-01
9.818079520960731887e-01
9.881532402441379759e-01
9.862148072234884211e-01
9.905069205808598731e-01
9.818433461998425926e-01
9.859106413733390584e-01
9.695873410480909671e-01
9.840511475693213272e-01
9.857437039631651299e-01
9.791454145857094726e-01
9.644977499206327520e-01
9.838038417819849890e-01
9.623144346650583936e-01
9.893528566422988835e-01
9.764256811321153640e-01
9.674508912282753226e-01
9.922492124696015159e-01
9.821952905538144929e-01
9.880490935996247837e-01
9.761418902833864930e-01
9.854672354184027538e-01
9.967714640099746282e-01
9.819782923871219760e-01
9.770061486868414358e-01
9.868306669679387522e-01
9.840533079493458679e-01
9.804122899034690697e-01
9.614673219285775341e-01
9.639376250002690272e-01
9.870017702452230646e-01
1.002301939995041691e+00
9.763539242965282305e-01
9.920591883225702290e-01
9.689606760242031047e-01
9.879484194263601360e-01
9.911215156357192635e-01
9.842973655747688788e-01
9.618554353095171150e-01
9.522454992439938204e-01
9.926761960677582541e-01
9.710532591349158027e-01
9.917677904824385715e-01
9.583437234141289895e-01
9.718181370154423959e-01
9.834503461604696684e-01
9.857301931355115787e-01
9.678478188346394395e-01
9.957313045139041252e-01
9.964558041986923964e-01
9.612313645345950119e-01
9.779634163159223181e-01
9.862039389769038378e-01
9.899400714838342275e-01
9.729146745954221354e-01
9.914184423470718821e-01
9.903117538042476298e-01
9.669232707421294704e-01
9.620263685953417410e-01
9.929532833514259638e-01
9.923115271041790253e-01
9.797057830616363594e-01
9.851589917621560444e-01
9.907082609847543964e-01
9.758251895929982433e-01
9.876338090279508375e-01
9.843439929301081026e-01
9.842278718544710259e-01
9.893669533204505484e-01
9.886156067048037510e-01
9.731381310080658986e-01
9.828602256126330872e-01
9.751975642177664882e-01
9.751119512934171008e-01
9.843588845857356162e-01
9.995225663378374259e-01
9.688082547704151004e-01
9.764359099220198956e-01
9.777803789923742439e-01
9.775948630796119643e-01
9.894699679006655479e-01
9.804885792359390173e-01
9.752771967101683259e-01
9.903294347180627843e-01
9.795495762665087369e-01
9.899178680129040453e-01
9.964751657131939444e-01
9.785031994541661948e-01
9.764119032967208955e-01
9.864451508787657197e-01
9.805181210595390606e-01
9.886879980656811950e-01
9.875324185541591859e-01
9.823889351997004971e-01
9.899810914050063415e-01
9.626508725400191313e-01
9.398484443927359600e-01
9.904902279389169450e-01
9.869562499473539807e-01
9.952272170173875887e-01
9.720611240848375800e-01
9.854659557873439724e-01
9.766363911994593305e-01
9.831280115221711080e-01
9.801547097253253682e-01
9.816233212701936939e-01
9.634011568305769213e-01
9.517403649544250444e-01
9.752725678107335705e-01
9.828476049303748185e-01
9.822575239487432164e-01
9.930232383389872020e-01
9.398629918900773816e-01
9.697430974379128710e-01
9.900663327405267999e-01
9.889009625246333313e-01
9.850518325557976462e-01
9.802988028320999137e-01
9.763527571208547862e-01
9.831961257773537133e-01
9.760659149374205645e-01
9.577987504855531853e-01
9.634859259649507512e-01
9.804569609949477238e-01
9.801768672495227985e-01
9.861800472276969209e-01
9.816125689485071248e-01
9.981540717256074391e-01
9.718953104715886138e-01
9.798918300042802620e-01
9.927301681750565487e-01
9.757442782027571093e-01
9.900964349305247936e-01
9.819011990290851255e-01
9.884861814371850297e-01
1.014417333819202849e+00
9.699740339832643166e-01
9.940391516161828367e-01
9.936331488088738784e-01
9.412996528291023290e-01
9.836717886000446720e-01
9.541830594661416809e-01
9.784104520887516587e-01
9.730630252213613440e-01
9.720378067918354903e-01
9.680956708642706188e-01
9.835166273724038621e-01
9.558385958604646016e-01
9.583870016709543638e-01
9.290020070969153831e-01
9.742373347832489205e-01
9.369364222232299255e-01
9.827142498563180562e-01
9.793999166965896563e-01
9.783643444169486392e-01
9.880307690687631927e-01
9.856957400265679015e-01
9.943225570012756975e-01
9.795308308601077263e-01
9.772003832457795136e-01
9.914142698283615607e-01
9.685385196024098864e-01
9.507500726947886172e-01
9.820985779002242566e-01
9.440288814547904694e-01
9.602520211087566260e-01
9.643736947147930616e-01
9.748970339194834578e-01
9.803182758814991127e-01
9.842012557537975770e-01
9.855106105597651878e-01
9.884839533482318030e-01
9.864168656323123452e-01
9.741019924440315059e-01
9.865029083817524747e-01
9.876138726368210996e-01
9.751253565110358235e-01
9.455477879814069286e-01
9.956041178982528717e-01
9.737472749810394124e-01
9.961174523123728086e-01
9.902675058617309567e-01
9.667024688687176903e-01
9.799733234494052425e-01
9.782461649015464777e-01
9.907769291665263767e-01
9.775755998109169065e-01
9.751555250667657271e-01
9.528502091951536190e-01
9.922828933315198663e-01
9.861466387036810222e-01
9.739877619455176161e-01
9.388925854424836626e-01
9.887162421162445369e-01
9.884927787335979765e-01
9.606533650150476111e-01
9.753279653300084284e-01
9.852176953167400830e-01
9.878373213937060582e-01
9.570108221762162470e-01
9.900740128757224978e-01
9.951622874193640778e-01
9.548845664745908568e-01
9.786901369854384969e-01
9.881150445068762611e-01
9.712794663612681623e-01
9.884568105959808948e-01
9.682351861954160421e-01
9.858902450547365470e-01
9.743767916920298422e-01
9.683050829143009519e-01
9.701435842136550969e-01
9.786831673344477123e-01
9.629432065225079773e-01
9.877069535595651706e-01
9.969160980370520564e-01
9.744849403345697825e-01
9.806189528587614390e-01
9.826598381188423881e-01
9.804451075804367921e-01
9.845085401189830332e-01
9.388122549868443967e-01
9.883251005127035027e-01
9.575696738769045036e-01
9.921780239694005799e-01
9.668803490012397583e-01
9.848963368463965473e-01
9.774498313449511144e-01
9.748333313970403147e-01
9.666027122696231322e-01
9.784229080462961692e-01
9.635369637873248960e-01
9.752428460677631250e-01
9.890953206287259603e-01
9.840073300151364055e-01
9.569646054519286293e-01
9.768425251681817079e-01
9.646636781444081210e-01
9.757095558783991374e-01
9.668056529469484239e-01
9.907480262747158095e-01
9.778945697351993926e-01
9.786562200455741767e-01
9.899138623664569536e-01
9.670573985828078145e-01
9.818935494851650514e-01
9.882279035475398654e-01
9.638151823004634799e-01
9.960784256155570393e-01
9.923276331611544654e-01
9.712140350188402937e-01
9.891827712165280895e-01
9.943006889406391657e-01
9.697620541618815482e-01
9.900710180520295722e-01
9.635118509767101047e-01
9.915705523654086972e-01
9.673723528035054198e-01
9.774365166991154652e-01
9.997881212774593074e-01
9.588918260068337585e-01
9.756945739108374704e-01
9.819804860056825513e-01
9.680488276138227155e-01
9.826705188436805072e-01
9.771204691074115711e-01
9.891341706867453620e-01
9.805103460937021342e-01
9.349297906032049132e-01
1.000102889096155856e+00
9.778143360961903952e-01
9.439339432382103379e-01
9.664385307099759848e-01
9.419689028972678679e-01
9.872295994251213402e-01
9.847403211553609204e-01
9.896633666058610723e-01
9.726404663519585547e-01
9.791838430317577613e-01
9.816294823126177072e-01
9.883630804962429961e-01
9.803534218798972688e-01
9.872579164900546767e-01
9.881366027675719810e-01
9.949674459762073431e-01
9.960880198129052898e-01
9.829374894861941936e-01
9.896141743040628436e-01
9.612527332351655796e-01
9.784215724555532789e-01
9.810805339058014107e-01
9.826272119405023986e-01
9.511920898387170586e-01
9.898929068464916714e-01
9.854613350020234863e-01
9.700790075044863903e-01
9.847864631728617812e-01
9.704010522490998936e-01
9.932583241127139750e-01
9.864209823589799031e-01
9.500311887253141130e-01
9.854679835025260681e-01
9.799156880019096461e-01
9.760639728757364297e-01
9.753480224266843912e-01
9.863159681555014879e-01
9.752302208961383112e-01
9.694462107431760511e-01
9.949524104200470065e-01
9.705441429205388104e-01
9.803668781709286018e-01
9.975781644118156821e-01
9.732957936821649003e-01
9.896267933173907849e-01
9.815300209292738831e-01
9.877958937257661498e-01
9.632195823323775885e-01
9.852312264259922570e-01
9.765120432380436366e-01
9.453682596433387042e-01
9.459414203089662188e-01
9.848243057430244862e-01
9.758648437198398362e-01
9.829084295833037110e-01
9.847391566618841630e-01
9.815617048379078335e-01
9.958022864882618563e-01
9.842524728952158908e-01
9.620199112686328435e-01
9.489923335485048739e-01
9.630374170518984922e-01
9.598825736583793677e-01
9.735631613292117237e-01
9.714278925857557923e-01
9.722668048728652090e-01
9.826466859401518095e-01
9.776889424430529330e-01
9.645467168308119454e-01
9.957790083024709027e-01
9.879784673042727450e-01
9.852072178444463146e-01
9.911420217130018084e-01
9.803675918817620349e-01
9.737893440372907827e-01
9.889012500453200349e-01
9.811550064168536034e-01
9.843933771033106517e-01
9.744905705993323064e-01
9.965259904477656860e-01
9.920864135066260747e-01
9.623797666097692050e-01
9.822712651389637895e-01
9.659014454991365906e-01
9.806579856504371584e-01
9.839399658322388609e-01
9.779176124331895315e-01
9.891574354769557820e-01
9.647309310708693797e-01
9.871522783940634982e-01
9.775268838280468664e-01
9.836905531309581008e-01
9.861271942540861257e-01
9.741205779961645828e-01
9.897546625759459094e-01
9.934639995792470257e-01
9.591372778595488313e-01
9.825633627051179042e-01
9.879021730684806046e-01
9.679936420820910437e-01
9.828166274370937483e-01
9.690682367206308045e-01
9.797359654162521858e-01
9.614874629354458468e-01
9.834779086538707471e-01
9.861592253684979825e-01
1.001381483134671457e+00
9.699963766420370836e-01
9.888841381478444825e-01
9.676268004173834703e-01
9.603048521172675711e-01
9.825400179026301251e-01
9.847174885848850590e-01
9.826517316164813387e-01
9.613051058207751076e-01
9.833055068664935394e-01
9.871808088358551281e-01
9.668490518463300765e-01
9.645442522631605398e-01
9.801154592397117726e-01
9.759440216254438027e-01
9.883917502486536666e-01
9.877753909953439493e-01
9.837310895381947695e-01
9.856029524888170190e-01
9.881527359616695261e-01
9.531721483963092600e-01
9.855355772310178120e-01
9.832956085714137373e-01
9.563274224804768631e-01
9.770890591867877895e-01
9.639035546907556151e-01
9.822922403822837989e-01
9.726389743569832103e-01
9.610445870874406715e-01
9.971029629121999083e-01
9.805946361828705715e-01
9.869771032138301425e-01
9.864335742729811729e-01
9.798785077833778168e-01
9.731973919763392544e-01
9.831084140273226302e-01
9.830189675740339528e-01
9.888217119616911077e-01
9.860284311888881659e-01
9.809406786069099216e-01
9.808379250995153953e-01
9.882627969296742254e-01
9.857435219302624896e-01
9.701279189016717153e-01
9.637406290883068216e-01
9.778869784794185227e-01
9.573133535154489948e-01
9.801170351015502380e-01
9.843902434278036795e-01
9.867386947469513059e-01
1.004039713324930583e+00
9.884225522663080410e-01
9.899197524908123214e-01
9.935490853737063421e-01
9.743000075436852869e-01
9.773548520099500925e-01
9.661416004080043418e-01
9.795018437363491870e-01
9.538573481393550768e-01
9.896020756045280642e-01
9.823923678812342963e-01
9.865765200622952369e-01
9.814252617257938072e-01
9.967920501597919980e-01
9.443757410756856707e-01
9.725979095433294752e-01
9.836532830194982813e-01
9.871412125541009219e-01
9.743516685168449598e-01
9.727731219024580156e-01
9.637657111505969487e-01
9.577342502023102888e-01
9.708548363569270423e-01
9.653863988596819157e-01
9.874690095621659891e-01
9.982012017308666829e-01
9.789963066722542351e-01
9.602356664248897777e-01
9.809886144975717981e-01
9.580158621990242374e-01
9.625861249701311850e-01
9.842355213546358783e-01
9.751629388416312993e-01
9.873667212625381051e-01
9.680943519523330654e-01
9.917880389387405682e-01
9.650617660651553686e-01
9.952692867393883036e-01
9.661367958799961242e-01
9.874128645038275920e-01
9.727090398902813462e-01
9.716215020726255425e-01
9.895163548456997749e-01
9.852637615290705808e-01
9.832773533878268468e-01
9.901878659599033794e-01
9.787880922768235070e-01
9.741222414465886548e-01
9.896714948039049276e-01
9.616886981560520686e-01
9.762681122689418345e-01
9.848842912262758542e-01
9.933111714006017667e-01
9.879627158868502512e-01
9.617340144634622945e-01
9.831808477144117209e-01
9.302553337335013328e-01
9.779681900807583039e-01
9.683113243099449319e-01
9.829253856499194919e-01
9.760048349551843083e-01
9.843904465126808168e-01
9.583802618859148525e-01
9.602645308361822396e-01
9.656203575328756727e-01
9.918711954180876589e-01
9.858460695628815662e-01
9.699946418719918029e-01
9.814081474908294966e-01
9.838200085264449113e-01
1.003839493584047782e+00
9.777745923631238067e-01
9.467558999006817633e-01
9.809801478705107991e-01
9.568696007570923756e-01
9.822577339520531803e-01
9.858951446748046576e-01
9.998825553977368497e-01
9.756062827176074093e-01
9.399066105206143051e-01
9.692436572141120976e-01
9.860904993437170640e-01
9.748999413219233690e-01
9.998208370751984209e-01
9.796432772237267939e-01
9.991083609973825386e-01
9.522919740381825537e-01
1.000188500585957652e+00
9.899832835094770633e-01
9.485712464317379577e-01
9.849052598239372847e-01
9.950401031296636223e-01
9.709464877158338059e-01
9.908580969367132285e-01
9.621287847074352362e-01
9.899008278814989126e-01
9.542091642556046471e-01
9.903644855769794253e-01
9.642451569508263542e-01
9.848516891766158077e-01
9.814018502075960715e-01
9.321201233457957480e-01
9.607763432179199370e-01
9.558909030147936248e-01
9.964764129452242658e-01
9.389850238063752741e-01
9.867092405350537110e-01
9.823110875298891598e-01
9.670798352443142898e-01
9.656120229478506456e-01
9.389772649550220951e-01
9.840929611584161574e-01
9.844891724959213830e-01
9.758115906261161099e-01
9.790856340633690147e-01
9.975918133869596804e-01
9.796084749454212481e-01
9.909694734364361546e-01
9.752546956831238401e-01
9.539622541911703113e-01
9.852742018605717966e-01
9.812003732179714888e-01
9.846833072580252200e-01
9.772034095209488624e-01
9.963759164268696233e-01
9.770034083945802195e-01
9.735725994169992514e-01
9.873123862812882567e-01
9.809025276257828940e-01
9.812977111693463872e-01
9.718406143053750501e-01
9.666305840286516515e-01
9.906565051323920068e-01
9.819006212467902284e-01
9.939946204155298837e-01
9.881910973810396071e-01
9.855501705557878633e-01
9.872948765559682593e-01
9.793879735833882494e-01
9.547800792724309149e-01
9.646990433102053952e-01
9.910814311536181309e-01
9.944623248066181143e-01
9.479260966492508711e-01
9.916679789121916055e-01
9.976745990493237626e-01
9.920340878313165245e-01
9.780470197787141107e-01
9.722966112862945209e-01
9.905480189529299873e-01
9.615460576226962930e-01
9.560907000116428689e-01
9.869050712369531464e-01
9.768332162014532472e-01
9.749275086010004143e-01
9.916906870722032030e-01
9.919227210900380953e-01
9.762620865903955947e-01
9.600078594274428223e-01
9.947694127391638608e-01
9.865737613184835109e-01
9.616880628072050907e-01
9.691686248506898860e-01
9.621066405121505571e-01
9.688374367473513438e-01
1.000038140464613923e+00
9.800433075449549447e-01
9.717394830393142335e-01
9.752778782794262469e-01
9.886541230843909345e-01
9.960195587815108276e-01
9.896700955490885798e-01
9.971347052117212062e-01
9.893086795709490344e-01
9.926841331445418470e-01
9.637780563006157486e-01
9.818949989986814897e-01
9.875899501126055302e-01
9.845942944371519623e-01
9.918943094284530249e-01
9.805738990314478709e-01
9.884496303943011153e-01
9.732593209912039356e-01
9.886094897928813241e-01
9.740955298478889413e-01
9.821004377354063397e-01
9.988965412822652379e-01
9.852104856871090055e-01
9.915568214312640016e-01
9.613865188689600938e-01
1.025491405978188553e+00
9.807173490459937248e-01
9.823833125860593762e-01
1.006138183618328741e+00
9.829489173714482941e-01
9.913151908401753865e-01
9.632163315437124451e-01
9.796491548846385511e-01
9.768429101188240704e-01
9.754031776591403080e-01
9.878781221561496739e-01
9.680447198821857668e-01
9.664348753475497933e-01
9.719999357457111966e-01
9.816633807242186593e-01
9.926265878681034271e-01
9.776132190748220152e-01
9.718102977226380501e-01
9.682944409043692247e-01
9.786513615980254599e-01
9.760096397769044696e-01
9.943471055814134818e-01
9.724283475911421615e-01
9.773773113796448975e-01
9.872193654537219087e-01
9.746728471151773210e-01
9.920048388347875168e-01
9.542184814125077574e-01
9.727593269661310993e-01
9.849150547475455930e-01
9.736756037820351040e-01
9.590343791768393134e-01
9.671980616236367512e-01
9.865509765133484432e-01
9.473000207087886038e-01
9.846352269207397923e-01
9.934899859862628135e-01
9.949901663169293808e-01
9.675044440855867789e-01
9.783426327107818121e-01
9.899517326511600990e-01
9.893464839191274951e-01
9.601894720706224406e-01
9.824330033179446975e-01
9.892337785297705688e-01
9.808506027501096014e-01
9.799651001236163728e-01
9.753112744866976325e-01
9.828702388041389293e-01
9.941375552339405397e-01
9.921811796006445583e-01
9.701987488180078278e-01
9.628643408384506275e-01
9.839822983349333363e-01
9.932999838506647583e-01
9.954877638696900677e-01
9.567876036055578126e-01
9.657168975252771181e-01
9.740195509836503396e-01
9.858158102062306583e-01
9.835214854260974082e-01
9.689707909555366205e-01
9.833343673389303152e-01
9.765902344483294861e-01
9.411009653512841799e-01
9.945011239551468929e-01
9.742456906484259216e-01
9.885363400160825931e-01
9.727860500010701017e-01
9.827490190683310090e-01
9.752681448210851478e-01
9.835096385018070597e-01
9.837189669312018658e-01
9.693484784485274508e-01
9.830956836729249915e-01
9.726212610182641827e-01
9.953943539320196932e-01
9.751846983287900672e-01
9.728644630621556821e-01
9.823377821768188856e-01
9.710054978957364247e-01
9.863546926794467540e-01
9.914813860289670711e-01
9.843771676741220888e-01
9.853706809952180734e-01
1.005325590349747111e+00
9.840827858633658387e-01
9.823519223433490044e-01
9.767802953004540711e-01
9.804311376829443203e-01
9.842821757370130431e-01
9.708856460693326973e-01
9.639543071268724672e-01
9.798201286546847077e-01
9.706176069326916123e-01
9.769918298586121042e-01
9.868989184733718556e-01
9.926010478370411727e-01
9.513795586307117746e-01
9.814273310757882784e-01
9.808959152374397972e-01
9.509502445860729125e-01
9.850681389382089925e-01
9.725725216236594806e-01
9.943169040501547151e-01
9.881431278245584870e-01
9.874154350640645950e-01
9.720386242841820845e-01
9.796961008339751809e-01
9.770394207842002521e-01
9.876747579965989843e-01
9.873900825776150691e-01
9.835449745073318040e-01
9.740523240531471227e-01
9.870462442487405452e-01
9.927143322277255377e-01
9.567942240139949428e-01
9.967069105090979875e-01
9.948590154089530513e-01
9.814890148533590430e-01
9.613001866565032971e-01
9.876684341850491267e-01
9.799220814736578911e-01
9.895632977818966669e-01
9.755652500800464644e-01
9.534840838918143824e-01
9.782167945920526853e-01
9.776167830559306937e-01
9.782494407809050330e-01
9.958758436225795263e-01
9.886088623477840009e-01
9.462969592917657158e-01
9.875122674179974691e-01
9.966457449695201865e-01
9.820047544286225616e-01
9.754756211800532650e-01
9.794920345670439232e-01
9.868380969252974477e-01
9.946509574913983132e-01
9.802900695128671238e-01
9.722775763568992646e-01
9.686290609772133520e-01
9.897966216049707278e-01
9.757334325315335510e-01
9.706936685081780647e-01
9.758478672330614945e-01
9.888825605943449837e-01
9.634619835046515091e-01
9.657711314098842426e-01
9.833257540940067987e-01
9.893842219119197701e-01
9.906909279513668176e-01
9.975792160773868655e-01
9.923914693785549357e-01
9.808762378937480042e-01
9.743070920898319054e-01
9.825732510716650436e-01
9.824315954330744560e-01
9.787933645712425523e-01
9.763392076015927623e-01
9.662209155502343716e-01
1.003421179172828692e+00
9.592033141121322215e-01
9.388171494952163298e-01
9.880432733366587561e-01
9.825627190199756056e-01
9.961384240041647464e-01
9.642201671030413701e-01
9.850415992186832836e-01
9.902822683661213210e-01
9.839448822072441869e-01
9.889869064766931839e-01
9.915100498446891564e-01
9.857742279297065924e-01
9.724703192381352057e-01
9.798834459650475059e-01
9.911110491092752772e-01
9.810707453368300301e-01
9.753147266204793553e-01
9.897270460618855514e-01
9.782911389613815345e-01
9.972258787896717269e-01
9.803261072094987538e-01
9.535764091668658127e-01
9.810891215074069027e-01
9.899189839325653884e-01
9.755932734201463452e-01
9.905128834615626321e-01
9.840881709048520110e-01
9.846797397919625494e-01
9.782238453364063835e-01
9.858250169429213505e-01
9.872497181486253881e-01
9.794068900354804263e-01
9.321101906156002981e-01
9.938553443243712815e-01
9.595854120626621242e-01
9.812075409282966509e-01
9.762412654689233138e-01
9.519919549926435520e-01
9.903860833763515892e-01
9.938765355271148572e-01
9.940557833406361565e-01
1.008094929250386018e+00
9.973243365176970299e-01
9.939261587634636852e-01
9.735413955371331474e-01
9.676579789411029475e-01
9.896801237365355775e-01
9.800704591395573706e-01
9.955878450961912485e-01
1.006171687157320083e+00
9.896913091812578056e-01
9.585230815263028337e-01
9.562072098910405771e-01
9.778394417710366548e-01
9.879027716758466138e-01
9.885561927884390920e-01
9.952686375879000735e-01
9.837180737550982323e-01
9.786732355719003351e-01
9.726738104153257458e-01
9.851154009382323551e-01
9.771497661220560627e-01
9.731480105316685503e-01
9.721950023131931129e-01
9.905564251153887723e-01
9.617070668484177798e-01
9.905742487906106231e-01
9.776146226216519963e-01
9.873457067884701122e-01
9.845058273582739661e-01
9.757638555752884413e-01
9.867441881076458587e-01
9.835302000778407550e-01
9.560612713012157649e-01
9.804772990518979547e-01
9.859226699558859552e-01
9.676609141286998117e-01
9.851976078842892282e-01
9.935322043784184931e-01
9.804970172680586016e-01
9.878093536224922255e-01
9.886003157169898081e-01
9.804409956138856463e-01
9.644541331874446621e-01
9.914535772423673787e-01
9.848335154229634902e-01
9.736037305641840334e-01
9.922714827258674042e-01
9.851380521927665113e-01
9.855828713335653690e-01
9.770491314838548602e-01
9.853041329503849921e-01
9.641194006871176558e-01
9.662883803042177089e-01
9.966661652561812357e-01
9.828850471408563383e-01
9.832629110534484296e-01
9.567280230583254941e-01
9.821793403682550494e-01
9.836853609596447612e-01
9.935129755161261622e-01
9.935321794123458394e-01
9.808345958512946217e-01
9.827086713342287894e-01
9.858480870360661896e-01
9.660911602625193995e-01
9.878039996799476974e-01
9.633170652699737380e-01
9.797152740408899829e-01
9.646155579060207153e-01
9.718493858764297721e-01
9.773878196835050769e-01
9.889851667037384830e-01
9.702382769867010648e-01
9.939411108423567009e-01
9.841757464328536598e-01
9.820952345394056149e-01
9.830437734647968773e-01
9.510664725284306842e-01
9.909285099106734940e-01
9.937281272023249512e-01
9.881448140754510723e-01
9.825876984080404997e-01
9.913930636043941647e-01
9.907320104743548850e-01
9.822635090783994327e-01
9.854229069235737049e-01
9.491394841827150985e-01
9.537272048338857333e-01
9.957091331941060330e-01
9.764303955128308399e-01
9.740288500210311229e-01
9.924122311806093943e-01
9.835212769260186505e-01
9.753147719365706791e-01
9.875594194635624046e-01
9.823712909271418159e-01
1.000105058300297722e+00
9.789537328881644518e-01
9.833910108510564019e-01
9.740176989371072125e-01
9.841911437317921729e-01
9.687102446830936353e-01
9.830758577459739467e-01
9.510678381275945448e-01
9.967004697911965305e-01
9.782060525340423585e-01
9.543426852614560474e-01
9.909699657838767495e-01
9.805225331574051184e-01
9.836971077405233244e-01
9.909215109644613495e-01
9.795145884809611792e-01
9.863683873966275772e-01
9.933900436411172707e-01
9.813691297305747741e-01
9.834426036526673354e-01
9.668940862102365363e-01
9.926719431429378293e-01
9.812786345906465701e-01
9.583027317476463525e-01
9.807633915142577319e-01
9.781546396317000180e-01
9.756968458230562691e-01
9.785758120894932910e-01
9.723782884330367526e-01
9.673546070091467719e-01
9.753246043268353205e-01
9.587908129456150785e-01
9.869978272653098239e-01
9.917356402143240324e-01
9.825645271140198700e-01
9.862100859272554532e-01
9.857173280329638576e-01
9.739847121053015755e-01
9.792471151772494942e-01
9.930944560920478281e-01
9.898594726916879472e-01
9.850436995047782140e-01
9.861682674114596869e-01
9.846875337456123534e-01
9.704079272462370342e-01
9.736994981015696382e-01
9.496144597433556767e-01
9.833918004971161642e-01
9.373941214995964444e-01
9.632217645111137427e-01
9.954968566672909303e-01
9.855506725693704562e-01
9.730199890713013833e-01
9.919128248563916506e-01
9.890475561980992536e-01
9.716728517256397746e-01
9.716766516415552557e-01
9.807429803842893090e-01
9.646306779671267595e-01
9.738038623110796266e-01
9.710950828777366040e-01
9.882960644563794084e-01
9.834122147960034921e-01
9.877752858580968187e-01
9.853507644720944647e-01
9.833318529647597783e-01
9.827855660078163025e-01
9.925601332516891251e-01
9.837252356123571406e-01
9.459054094345994423e-01
9.643010538190430747e-01
9.890122892266280941e-01
9.763325599164115465e-01
1.003318897268773435e+00
9.859084632425740846e-01
9.578003706855745536e-01
9.424617694387170674e-01
9.729842497463088158e-01
9.869736210751203220e-01
9.746802232052464987e-01
9.768456876354919549e-01
9.847505545769765778e-01
9.786520955159196955e-01
9.812981443178260266e-01
9.787012969893914560e-01
9.863842778863115557e-01
9.874813709528557082e-01
9.497901758111919612e-01
9.703423624625104882e-01
9.988839824840206605e-01
9.870211788724440050e-01
9.862218498325355798e-01
9.885428598931884636e-01
9.743070942870671880e-01
9.886131454059949863e-01
9.914776440348623820e-01
9.868818503313003809e-01
9.691269158568258657e-01
9.614188330888160383e-01
9.828280193500052997e-01
9.837005873585115134e-01
9.450164921081992686e-01
9.767487454261319924e-01
9.899606599982292421e-01
9.648124097680941258e-01
9.692620261393486425e-01
9.708920525749025199e-01
9.629116279145043533e-01
9.571523056151555187e-01
9.599830814181835592e-01
9.865496835075131532e-01
9.779604308864625617e-01
9.816408355727032076e-01
9.893242417000404076e-01
9.627025087314392549e-01
9.895777866510490073e-01
1.002559634018497459e+00
9.828311413651537043e-01
9.661603714372705154e-01
9.680242481110862274e-01
9.574700196957489640e-01
9.891701616175281320e-01
9.869087822500458573e-01
9.631767067993675102e-01
9.853268543862030437e-01
9.554322148257639036e-01
9.718980992344444791e-01
9.878241168302819286e-01
9.862013951026602498e-01
9.893696463305774458e-01
9.585251228850241167e-01
9.936340439528550394e-01
9.661322745967825254e-01
9.797009273528677342e-01
9.920396180341303216e-01
9.703895141182354855e-01
9.513379496766846133e-01
9.581252493460622466e-01
9.816987660660625448e-01
9.843727325182964893e-01
9.911168662941850505e-01
1.002921726002723890e+00
9.895182543003188114e-01
9.730120002271007706e-01
9.827433009034616251e-01
9.896748804445754111e-01
9.808742365441492916e-01
9.748744791903978246e-01
9.649540322424858818e-01
9.838874868303071342e-01
9.885624351734045856e-01
9.792097012839556802e-01
1.014363955371174075e+00
9.574873173051892117e-01
9.840240750972736317e-01
9.760049226930284094e-01
9.828386345144067837e-01
9.913084079427973982e-01
9.782504188967081626e-01
9.857506931005282080e-01
9.764684179173488410e-01
9.828298450325937408e-01
9.817191134970802979e-01
9.905135653808715412e-01
1.000257739908696042e+00
9.638078259939266701e-01
9.875550304945603930e-01
9.836149588926967891e-01
9.869786114106268160e-01
9.907293690360832183e-01
9.915193285180275984e-01
9.849769703801456444e-01
9.770061714835773792e-01
9.441313267677817755e-01
9.940170313579185235e-01
9.800635951363423359e-01
1.006577544616808595e+00
9.829160643738993342e-01
9.476122103296068522e-01
9.733771255936174427e-01
9.621900133840824987e-01
9.850258903714221859e-01
9.768399806925973650e-01
9.649924670940406290e-01
9.861074434156776869e-01
9.802617394752424218e-01
9.923509337880189740e-01
9.807294498133474203e-01
9.683346100331640116e-01
9.788760813855643672e-01
9.712010210960005940e-01
9.681754235515868112e-01
9.858988043561163206e-01
9.784020851754093862e-01
9.617261551605648107e-01
9.901679771707150302e-01
9.816083421049881519e-01
9.856003492871908689e-01
9.887167885124354960e-01
9.812446521136956035e-01
9.874970778896491330e-01
9.925821156004616119e-01
9.828673727135310845e-01
9.848247474081658348e-01
9.869795375066039433e-01
9.747710629890773415e-01
9.709886286760600616e-01
9.745115801416099899e-01
9.931262749783488220e-01
9.937502263477312470e-01
9.696224092616337886e-01
9.708323945707078018e-01
9.694200879372995017e-01
9.919987857513360430e-01
9.817372139312888768e-01
9.949562877527331484e-01
9.881223325025194626e-01
9.828293116921762440e-01
9.695553777848305854e-01
9.882936545699616548e-01
9.808536494376187687e-01
9.793268324927841828e-01
9.945641746535731631e-01
9.860580994514537290e-01
9.973417251336953449e-01
9.885380938383839799e-01
9.826446311778653797e-01
9.714439832812370446e-01
9.904260308179994032e-01
9.832039785954475031e-01
9.835280813505982156e-01
9.762561483251469552e-01
9.841916800160043222e-01
1.010088285106554240e+00
9.765900840660547422e-01
9.666717425946813602e-01
9.885071243542050690e-01
9.743243335340667777e-01
9.674696835323914890e-01
9.683720693120236866e-01
9.809948144853317675e-01
9.817460800717353608e-01
9.907986697956003841e-01
9.931880186755732698e-01
9.957525592305577211e-01
9.884616014231836223e-01
9.734872048008563761e-01
9.730657387421883797e-01
9.901432773318524783e-01
9.832690883949938288e-01
9.788317578629159854e-01
9.860283927304875906e-01
9.836487230808015347e-01
9.669147084192795116e-01
9.839862173651899857e-01
9.788330415022905573e-01
9.865527124325017549e-01
9.898564035175178022e-01
9.721336330357038813e-01
9.840005903420241395e-01
9.978513296137176969e-01
9.387834225085560647e-01
9.827257206412908230e-01
9.956631651983460785e-01
9.800023239028772259e-01
9.754195539824740413e-01
9.668863939659905204e-01
9.876541241818400652e-01
9.929452047453122265e-01
9.688624957312562680e-01
9.922922728107101964e-01
9.885887127109982409e-01
9.878932794384408522e-01
9.875116106388471815e-01
9.843627816901070471e-01
9.830787188982343938e-01
9.919623424659621547e-01
9.888309757968938296e-01
9.684914311848933366e-01
1.012135183157536034e+00
9.816913211598196076e-01
9.928159316568535564e-01
9.968515298930761270e-01
9.900707036152766038e-01
9.834515386361847300e-01
9.840064742264704734e-01
9.847583201823072452e-01
9.857059091428234110e-01
9.556833725953537417e-01
9.718398409723000286e-01
9.840347471701734738e-01
9.643623099415975508e-01
9.813685092716093461e-01
9.910641239635040733e-01
9.765092085738545924e-01
9.712213377936614878e-01
9.924405304366068492e-01
9.916517739451741198e-01
9.703663696754986079e-01
9.940414168743088030e-01
9.805352330303893638e-01
9.928166135060614295e-01
9.985947714042883172e-01
9.851458898455852653e-01
9.741516807560494096e-01
9.869557841145945032e-01
9.986632459738906675e-01
9.814737956147657760e-01
9.979508859131612786e-01
9.823621981201182685e-01
9.963089239511945250e-01
9.702908215654444390e-01
9.976613304708124019e-01
9.428060655591526951e-01
9.952806916160323869e-01
9.948343844402526281e-01
9.626106443774156141e-01
9.992832604220731607e-01
9.890191421081395706e-01
9.792996305282057889e-01
9.862797524496157431e-01
9.846134184514423460e-01
9.893543864960971934e-01
9.849721658042390748e-01
9.888543734533923324e-01
9.561052113675668762e-01
9.592219080111724638e-01
9.605465509765138687e-01
9.755808485523759233e-01
9.862499394668114983e-01
9.604507888837648943e-01
9.951671507852055676e-01
9.734545350310157552e-01
9.828411356211529393e-01
9.861452253131994805e-01
9.565025230018606717e-01
1.008722533280929312e+00
9.779616596150343399e-01
9.778378816361406045e-01
9.817747915943271231e-01
9.506559287672194936e-01
9.884228905186059899e-01
9.780206451956752201e-01
9.810913241207823710e-01
9.691792858296475188e-01
9.966120697812311802e-01
9.830985739062849671e-01
9.943242842299554463e-01
9.795436060834884495e-01
9.713910071397973134e-01
9.721277640239062157e-01
9.490668974418950965e-01
9.747837516384544321e-01
9.859693314602092640e-01
9.851143488899583023e-01
9.669098051593216780e-01
9.881075634341635050e-01
9.678068035511669942e-01
9.734026716436596782e-01
9.879128718023658662e-01
9.566234333399098455e-01
9.642843739030146910e-01
9.599464844803171637e-01
9.545752622534423582e-01
9.640640625819787424e-01
9.670579713734497318e-01
9.918339333705349370e-01
9.902651534665557476e-01
9.791425410352951886e-01
9.769865890521861607e-01
9.479020889257406823e-01
9.404845297132373716e-01
9.673678203854986224e-01
9.908753220429329378e-01
9.837835286842403493e-01
9.801850817993360554e-01
9.689339662723228663e-01
9.757837109486661165e-01
9.884354594078319511e-01
9.852153094052764626e-01
9.796838808762899919e-01
9.868685109011153811e-01
9.844659788530357725e-01
9.816699740525732798e-01
9.863947803898258648e-01
9.653750744177854726e-01
9.514769771848978763e-01
9.634404439428736477e-01
9.892369636938503907e-01
9.918417947050098826e-01
9.846563844195700410e-01
9.266005337845641954e-01
9.829439912971505988e-01
9.857899353591249580e-01
9.865818113685158597e-01
9.644877753782091778e-01
9.993460485375792457e-01
9.867971471268912609e-01
9.825183650805248137e-01
9.774327299834686400e-01
9.770879661214526557e-01
9.991656604192556967e-01
9.799811616667467584e-01
9.913561014127890703e-01
9.960791188709542388e-01
9.666112521025463922e-01
9.728294801080239473e-01
9.775992690920007888e-01
9.713366781726782140e-01
9.973616205190802830e-01
9.708509260486788417e-01
9.728820638222031025e-01
9.978529769536605976e-01
9.549770112360337349e-01
9.909661984809995383e-01
9.804640939935078681e-01
9.938852794483615805e-01
9.566397692572202738e-01
9.833538546674498448e-01
9.918843629530809114e-01
9.826518012661601409e-01
9.716413764405943398e-01
9.808412707771377859e-01
9.777384896064107433e-01
9.907483665961633879e-01
9.978190931281396558e-01
9.783147689753346476e-01
9.972284631170287295e-01
9.826661430873173675e-01
9.597436928353249019e-01
9.671535785500176008e-01
9.848005071024298340e-01
9.662161590311351134e-01
9.792443540722227668e-01
9.892970669910291504e-01
9.749994382199334009e-01
9.767709141830734909e-01
9.547220942853666958e-01
9.971054941578492148e-01
9.789915016356183219e-01
9.651237214475095749e-01
9.874244978783379700e-01
9.847441771269088706e-01
9.497990437687593435e-01
1.001116915563926124e+00
9.791658102339630965e-01
9.862138922796968021e-01
9.873754956068760968e-01
9.817899247204201485e-01
9.962538269114469269e-01
9.820627249466746811e-01
9.911499040824360840e-01
9.940311634204911373e-01
9.864317778443246754e-01
9.911957202628651764e-01
9.884100462697462675e-01
9.895973128880329872e-01
9.875800732260995307e-01
9.857731814744071785e-01
9.746752951872164061e-01
9.928114052391523447e-01
9.827967963078992897e-01
9.360560149336395463e-01
9.808434920751153419e-01
9.471040733579934034e-01
9.846401826214854491e-01
9.911588426506892091e-01
9.889503438423096204e-01
1.010670518063782719e+00
9.881784138466027656e-01
9.983483595670726851e-01
9.676752958605915333e-01
9.785240365401275398e-01
9.535657659350746940e-01
9.848162754967947352e-01
9.785742279858106185e-01
9.399690338390817024e-01
9.878790694049029986e-01
9.879902588666207297e-01
9.771519679109532674e-01
9.376162481411317584e-01
9.896041197805236500e-01
9.831919580098540390e-01
9.463963131934871598e-01
9.688796917599645786e-01
9.836669144110984364e-01
9.658900839158897078e-01
9.857042350782718731e-01
9.741473098060868807e-01
9.934716725229890688e-01
9.790537479288793365e-01
9.687226647581952399e-01
9.764488921452989523e-01
9.986096497631702373e-01
9.945847365713893495e-01
9.818412901957733752e-01
9.703716630395102793e-01
9.762292268174815879e-01
9.872469554035817607e-01
9.823766936157551921e-01
9.762034744531098429e-01
9.776650094092627086e-01
9.872875723315237551e-01
9.905745967425262366e-01
9.974863994661791189e-01
9.301114874667802956e-01
9.791796951384730274e-01
9.712758243254294710e-01
9.789400433968893367e-01
9.891577493576814151e-01
9.885200298546695796e-01
9.889360642816089619e-01
9.649006596549385417e-01
9.870243743549623749e-01
9.834617044931065477e-01
9.895464735730242767e-01
9.701099187995296802e-01
9.656194197029747128e-01
9.887415843294191653e-01
9.690081312568818994e-01
9.724495025089381350e-01
9.922705971796376145e-01
9.814950339950250235e-01
9.824591289935469263e-01
9.948517536652914384e-01
9.673383208602664984e-01
9.755564041861813918e-01
9.775643004511431755e-01
9.816419379807875822e-01
9.845860050675635522e-01
9.616428768561824381e-01
9.820135522236601577e-01
1.012484252577900978e+00
9.972806759544549093e-01
9.854961877573911178e-01
9.763031259483455626e-01
9.601923906925921015e-01
9.916972725634065622e-01
9.960024495434250946e-01
9.818238852381623305e-01
9.744783853458155454e-01
9.915555410110291623e-01
9.875262816664706067e-01
9.624151194835715017e-01
9.924535819241768753e-01
9.915644898653037664e-01
9.465218415027685239e-01
9.824105458796945634e-01
9.714200467046388843e-01
9.851471114545347074e-01
9.842048741778768317e-01
9.445889193711164422e-01
9.970556919784117067e-01
9.777860559980570132e-01
1.000448475535853810e+00
9.928392005018706890e-01
9.740942151169954544e-01
9.773385033540692435e-01
9.820033419682240305e-01
9.699366238081423841e-01
9.373780706935090912e-01
9.894572074161781527e-01
9.846391983896249922e-01
9.786806176884356168e-01
9.805750094723375554e-01
9.665598021493270187e-01
9.857490372978668924e-01
9.901760273483962704e-01
9.935178121561190068e-01
9.620073421853939655e-01
9.784100293907435075e-01
1.001957598211124179e+00
9.799473543416786780e-01
9.792958934274647032e-01
9.830366740503709844e-01
9.854158426481691713e-01
9.821309046128097187e-01
9.909868238694017339e-01
9.837371451018216417e-01
9.867210954212292107e-01
9.869777366672709551e-01
9.848124275267264860e-01
9.501355724404142444e-01
9.828495400295532702e-01
9.758204581805830502e-01
9.812870633118947472e-01
9.885441831322183681e-01
9.959671553599225291e-01
9.562691201604610614e-01
9.859672936392738229e-01
9.903690743096074112e-01
9.905629121966317285e-01
9.698688888754227744e-01
9.920638274964951320e-01
9.168095252921777405e-01
9.743808178564486999e-01
9.882971833878939627e-01
9.754511925816494733e-01
9.837821609201168327e-01
9.750669402515418360e-01
9.951082605628583932e-01
9.782466012995827409e-01
9.438479260837063789e-01
9.829021363275799450e-01
9.868599331155611942e-01
9.859227272169780454e-01
1.002762369976135881e+00
9.863844666932656269e-01
9.732345118458729516e-01
9.772431448175227242e-01
9.862351986400016424e-01
9.821805998795933856e-01
9.764286576951809460e-01
9.869427970771098568e-01
9.695076612768994684e-01
9.874179374375438023e-01
9.920234422068644475e-01
9.751417899686843915e-01
9.815997095929467342e-01
1.000841943237896103e+00
9.735342130296703589e-01
9.741361371666907853e-01
9.765444957648963253e-01
9.869948889969483163e-01
9.884213346608351491e-01
9.902506186449639980e-01
9.784777402768096710e-01
9.671808062215452306e-01
9.874936057983303428e-01
9.748044896425526185e-01
9.847745191458727732e-01
9.876322891727907782e-01
9.795954318468391708e-01
9.965754263317305739e-01
9.814655757094151722e-01
9.700219068800967070e-01
9.884878252798399156e-01
9.750107880861235143e-01
9.924454114255445436e-01
9.838301897626335890e-01
9.818884660927655883e-01
9.886562675462667871e-01
9.817786193846098630e-01
9.789641791561112250e-01
9.874579771632813197e-01
9.686762833512219117e-01
9.730792173724112093e-01
9.718543369433206847e-01
9.536953010675858211e-01
9.848431207759863470e-01
9.791283116451146018e-01
9.878420355769179650e-01
9.848366256816690756e-01
9.852481668191903630e-01
9.922476374501796315e-01
9.705227270265023298e-01
1.008268263410609045e+00
9.565997841472833052e-01
9.853247432559530949e-01
9.810852842233460658e-01
9.849017271116174976e-01
9.254699806010215912e-01
9.921923506125573944e-01
9.919421848964624644e-01
9.790984650990115501e-01
9.308336397188651246e-01
9.516322569253319319e-01
9.846610036062642957e-01
9.739279191158990434e-01
9.859555377496180828e-01
9.982764920938393960e-01
9.797366611112858781e-01
9.822691450288607573e-01
9.787362137057766809e-01
9.654317088342626585e-01
9.817027992742497489e-01
9.900451288611545886e-01
9.620071611453855365e-01
9.778770875199594981e-01
9.665069614126284847e-01
9.909831016249811553e-01
9.944977916986900146e-01
9.763580087392296214e-01
9.418762791754563546e-01
9.826225686897500644e-01
9.772766363706332227e-01
9.986569018055549973e-01
9.764382337303666448e-01
9.813939809495394462e-01
9.474944039592249068e-01
9.839930847727187402e-01
9.951505063013145191e-01
9.580990504214786929e-01
9.816438145385063541e-01
9.890641644998607873e-01
9.752457343155969127e-01
9.828759554228010398e-01
9.628426942189504123e-01
9.841634553186514589e-01
9.898450156008405942e-01
9.820628233795072326e-01
9.729174061795200501e-01
9.781262312490700550e-01
9.917707877725656651e-01
9.730725000428153137e-01
9.744335519308364724e-01
9.865735681238638755e-01
9.775075580079302107e-01
9.804464606655768355e-01
9.842057921849657331e-01
9.651502901070463381e-01
9.906233850565817622e-01
9.878490244700665057e-01
9.726995214556377611e-01
9.876900479993075965e-01
9.780876341794372264e-01
9.868802745378030261e-01
9.854140369738171312e-01
9.888531032457505976e-01
9.267830882130554393e-01
9.955253359322701057e-01
9.772877242414764742e-01
9.772589489799633489e-01
9.898724487249502824e-01
9.770557747706746232e-01
9.871688797560135287e-01
9.709388129313945015e-01
9.883786299341194015e-01
9.865227368663597174e-01
9.799805555412085534e-01
9.506814748774883306e-01
9.842853487268856671e-01
9.792137037924497633e-01
9.882349667254919368e-01
9.789276577191617923e-01
9.782728447490887103e-01
9.693464653302880096e-01
9.614826902596976810e-01
9.906764650177509735e-01
9.835774827619231386e-01
9.873871006862301458e-01
9.871042413879528299e-01
9.744701852838540956e-01
9.898518307694695872e-01
9.776303502831985570e-01
9.784530751334841181e-01
9.862161699754520283e-01
9.828217700659551692e-01
9.824848359277595922e-01
9.822690385311235728e-01
9.863712534284502231e-01
9.914711843557930671e-01
9.964884449970436986e-01
9.758476959881757784e-01
9.887837171406811398e-01
9.765585869083936998e-01
9.779755219227111995e-01
9.932087916235669001e-01
9.812920660528577921e-01
9.864367465946659586e-01
9.531170201393392993e-01
9.744607418003080612e-01
1.003426679828454793e+00
9.886958069562347129e-01
9.785980271595690061e-01
9.924321897548261662e-01
9.761371881439954157e-01
9.869567031962633852e-01
9.945180622015026284e-01
9.849082287975586825e-01
9.729984291977020749e-01
9.643501995612512312e-01
9.833515667108302383e-01
9.758328482527522940e-01
9.743579879303843061e-01
9.726807779183809233e-01
9.781593235723877733e-01
1.000797450453974946e+00
9.678297230152976827e-01
9.681633437760578387e-01
9.720073662525279268e-01
9.714837252585798444e-01
9.733872470407272104e-01
9.761928413095355417e-01
9.836161578503239689e-01
9.921176853316454602e-01
9.418091659258317483e-01
9.811732024564714383e-01
9.808989576349155248e-01
9.591162059877846868e-01
9.513829884823858940e-01
9.849293657049821293e-01
9.572369617327808333e-01
9.400179707727930323e-01
9.906481247744468588e-01
9.668637627386630351e-01
1.001809661381250383e+00
9.838694417393394342e-01
9.902253779131771072e-01
9.873316867734632796e-01
9.782748391241239405e-01
9.594820382774601475e-01
9.984957193972203715e-01
9.877125388293290786e-01
9.948953143251818565e-01
9.794602383090743603e-01
9.740569935438669891e-01
9.857503893540856543e-01
9.917767922735571950e-01
9.916401143396628148e-01
9.864426271293628146e-01
9.834668533432738835e-01
9.745233574657209408e-01
9.940875841386397349e-01
9.691405596922165744e-01
9.772168172722554003e-01
9.827308618148864472e-01
9.489018697367826993e-01
9.746601826059146934e-01
9.696322195704721869e-01
9.874135432421397018e-01
9.818885657557959723e-01
9.778150002475468616e-01
9.751502186468823385e-01
9.785795482990585770e-01
9.651867419154157579e-01
9.965198579585804461e-01
9.517486498323922683e-01
9.908158331880743130e-01
9.745093557799013873e-01
9.719229320500654135e-01
9.640319807486158465e-01
9.845000366524273572e-01
9.745653243679582856e-01
9.735250429673059092e-01
9.611159945115260728e-01
9.828022780599057207e-01
9.828840312728802653e-01
9.966756802140516180e-01
9.731207084958241049e-01
9.543154723239374304e-01
9.862141947945159970e-01
9.654056506933633708e-01
9.844073204520651377e-01
9.691319084240361814e-01
9.712324873987161489e-01
9.814152122077300922e-01
9.752968658192402440e-01
9.516981704642669682e-01
9.650544051519750477e-01
9.534835249710691407e-01
9.821535393404491332e-01
9.717630249929156694e-01
9.940170386436411043e-01
9.358871820570319189e-01
9.792243089593385408e-01
9.615094812714753969e-01
9.700704511513498218e-01
9.792711509689853155e-01
9.955137985571641535e-01
9.847584037231575937e-01
9.936904164272515327e-01
9.861783750104939905e-01
9.824516512954298841e-01
9.705897747969791656e-01
9.623747026868858523e-01
9.847730339926858978e-01
9.725601912940292637e-01
9.858942421638311471e-01
9.689396799531410087e-01
9.959055501784146447e-01
9.909631334124975321e-01
9.806258343939358024e-01
9.550235338169791310e-01
9.691853875619170777e-01
9.890826992550776353e-01
9.553661470024000790e-01
9.813563253163442024e-01
9.860778230395430555e-01
9.752906528298839195e-01
9.801585340714880079e-01
9.827712093040829044e-01
9.860515293533783643e-01
9.627821527324144091e-01
9.759898624061634775e-01
9.909950917161913786e-01
9.814916106870185120e-01
9.782204145062379785e-01
9.572169158356714780e-01
9.620689593962912234e-01
9.889960626556014711e-01
9.859699124864337305e-01
9.865339628031558616e-01
9.688709327830294926e-01
1.003336196036545003e+00
9.964849731730687221e-01
9.875354323179748040e-01
9.915520901032462975e-01
9.791812741691964250e-01
9.851768773336787577e-01
9.939232118670907612e-01
9.740121778550184795e-01
9.826464065939863879e-01
9.872971276764278548e-01
9.568025522309127062e-01
9.811901891625219863e-01
9.957956615597698402e-01
9.879422290098586190e-01
9.694962767592849584e-01
9.576334383199045508e-01
9.815113086251118224e-01
9.941170746527762114e-01
9.511672509171447132e-01
1.000838398117335437e+00
9.968565971098198863e-01
9.861569813922117511e-01
9.840661762967211068e-01
9.849256062018959534e-01
9.818915665075840238e-01
9.875345818219313232e-01
9.878787345495049221e-01
9.821089530967719305e-01
9.921036766187444345e-01
9.966708573927948178e-01
9.749711770729682092e-01
9.787502309800738542e-01
9.819696278160546798e-01
9.910844570912511475e-01
9.905296722151752942e-01
9.865951337184398762e-01
9.897194337076380410e-01
9.657874236641694754e-01
9.767694885969328000e-01
9.902336157678631734e-01
9.723816550796857694e-01
9.902723265616741877e-01
9.758611650139943361e-01
9.875069920639144572e-01
9.741017379345925375e-01
9.937627182753627775e-01
9.530961368274851742e-01
9.595769948716190711e-01
9.684182232293022663e-01
9.653834252499862156e-01
9.744225794173881905e-01
9.972744983869396007e-01
9.903044182193185829e-01
9.829912873660692219e-01
9.627252669033055099e-01
9.840827673588112834e-01
9.880490559279563323e-01
9.948710937448901337e-01
9.794730455767727273e-01
9.835043047805016592e-01
9.771308431945023854e-01
9.789947927251270166e-01
9.912420542498706633e-01
9.858955407154010864e-01
9.658945364580276971e-01
9.880167973119432512e-01
9.908183555176275359e-01
9.892328145810391771e-01
9.770562815121587308e-01
9.683273487571096849e-01
9.727374252041137703e-01
9.777312708245888828e-01
9.597990210232335562e-01
9.941368287929926995e-01
9.806730267339294205e-01
9.758557691462035333e-01
9.852259085779997427e-01
9.814094097337979772e-01
9.547020752730391857e-01
9.818417750305471481e-01
9.710474078360996630e-01
9.803000785990066968e-01
9.907517356016340981e-01
9.769308860750679502e-01
9.899245511469767500e-01
9.334853900484817446e-01
9.769031194228728898e-01
9.836534434823509532e-01
9.437512911372119007e-01
9.699596146071273184e-01
9.706069906729123398e-01
9.744273505346385811e-01
9.841106451604735295e-01
9.514066828519824881e-01
9.708638808130551912e-01
9.848830389780218741e-01
9.753096816955151294e-01
9.727867583699252307e-01
1.004496376019400117e+00
9.676293912210864878e-01
9.807254626776013007e-01
9.573060467914256133e-01
9.902899966327344261e-01
9.952146184257923966e-01
9.744411798791932089e-01
9.923786413257111860e-01
9.908826343531466074e-01
9.410640863362996766e-01
9.568496109840111119e-01
9.898120314745411097e-01
9.890026414975304769e-01
9.675547232467418546e-01
9.744753130481452752e-01
9.896889221955439409e-01
9.658478290935287314e-01
9.944568435596317091e-01
9.943916762604696480e-01
9.916103861818001963e-01
9.598268140473450449e-01
9.799609066202836782e-01
1.002421481955748650e+00
9.951450711293662321e-01
9.647067833176864449e-01
9.986119117891872898e-01
9.922030418112184336e-01
9.524229476084886681e-01
9.885309090696158263e-01
9.744637461986251914e-01
9.911282128050147300e-01
9.560209740317012761e-01
9.745449119568391216e-01
9.794721417760463567e-01
9.924557311997717068e-01
9.913735419897369283e-01
9.894448807652017619e-01
9.904047896484007296e-01
9.778942062770669130e-01
9.762278073994473671e-01
9.914728721117265220e-01
9.743093360348815679e-01
9.782603326715133552e-01
9.939089670514362762e-01
9.891886630653068391e-01
9.637930556970089047e-01
9.582760494718385313e-01
9.600982761608241045e-01
9.877363875197529008e-01
9.943474324431688105e-01
9.828438115237857486e-01
9.660429066743262405e-01
9.788343370265009113e-01
9.900559911889043052e-01
9.715183951862983447e-01
9.780831072737056209e-01
9.852921489275348055e-01
9.827799983277141216e-01
9.706086144703451879e-01
9.804771605886535291e-01
9.785933018381445248e-01
9.913016664884354290e-01
9.665164041653111493e-01
1.001681426459152036e+00
9.768254205567046267e-01
9.884402987589039347e-01
9.668537145939002375e-01
9.875883651144798936e-01
9.704936746011521009e-01
9.741779314658600697e-01
9.683169431478020339e-01
9.639590021322723690e-01
9.915573636736763063e-01
9.715972385104055808e-01
9.671762607604277306e-01
9.794090634020281572e-01
9.871230703557762887e-01
9.748922213362722911e-01
1.000483635127145776e+00
9.661477165702476722e-01
9.638092690598599743e-01
9.976599432647379473e-01
9.829881345426680905e-01
9.867661376947589602e-01
9.827882850726084030e-01
9.800712009026270044e-01
9.597332892239682778e-01
9.805471992054447528e-01
9.919453543861029843e-01
9.829777378864226201e-01
9.823586168683356989e-01
9.805647595602140498e-01
9.796159552839170948e-01
9.638735801927433844e-01
9.747290664091852186e-01
9.721652546992624044e-01
9.791584217562601111e-01
9.535696397420854176e-01
9.393840353562210588e-01
9.604727165005014777e-01
9.902562043463400965e-01
9.947902084569145709e-01
9.718302569881551722e-01
9.853469015724866109e-01
9.922420970559671094e-01
1.010006827477589741e+00
9.912868644184529288e-01
9.601862684807371817e-01
9.772620049174842727e-01
9.774764687518254780e-01
9.828401193332373387e-01
9.373477536444606573e-01
9.790753400811451623e-01
9.814568044717201234e-01
9.738816205606374288e-01
9.874445803323903537e-01
9.681922328126509880e-01
9.703277835536214813e-01
9.704634968382628291e-01
9.866906992754843619e-01
9.606866456756710804e-01
9.782984392574474164e-01
9.672438271153556144e-01
9.761052888641886804e-01
9.899761931019123162e-01
9.789652675632785073e-01
9.861622681140016500e-01
9.738113542388393551e-01
9.886321162427827991e-01
9.364714960848774528e-01
1.001430034739596575e+00
9.672370407820313210e-01
9.879590030524776356e-01
9.935289967929793464e-01
9.526763859466702566e-01
9.749477343921222339e-01
9.692836746867360409e-01
9.909612351770247241e-01
9.834678318650140749e-01
9.930525285934919122e-01
9.527896316282397082e-01
9.598635816774359064e-01
9.866186936011583919e-01
9.775886063226436606e-01
9.805828079721631285e-01
9.841200453382797919e-01
9.738555139776210456e-01
9.757040305601218932e-01
9.701484495561489840e-01
9.826086022638752526e-01
9.829980822544118757e-01
9.811705509424757388e-01
9.914272405758720597e-01
9.755510434758978278e-01
9.530339890438258577e-01
9.798174249792425128e-01
9.780453196056153597e-01
9.826599508417886986e-01
9.683682890998684956e-01
9.979222437434221993e-01
9.815855596200793176e-01
9.700750146402000729e-01
9.680962090325885283e-01
9.783235100301307385e-01
9.926894345128065567e-01
9.608408285049108155e-01
9.807168578518746793e-01
9.605114846197750911e-01
9.790827141740537920e-01
9.953242988164030525e-01
9.915209858590202652e-01
9.605491239656067659e-01
9.897569145104730959e-01
9.882738645640398722e-01
9.912805431885265417e-01
9.738156848473251692e-01
9.335912405176176598e-01
9.901146813169662275e-01
9.883072531568031227e-01
9.982808344870126582e-01
9.817461696378220193e-01
9.825807145522379438e-01
9.679750587711446475e-01
9.861752420526822549e-01
9.830287387824765410e-01
9.843632945875698814e-01
9.875072563223653566e-01
9.511352624219073792e-01
9.604351069179390965e-01
9.485897863693845133e-01
9.798069560228015451e-01
9.697121653100374550e-01
9.670600620118320334e-01
9.401392030860030724e-01
9.898512409944557611e-01
9.956309461084220658e-01
9.792091113367883404e-01
9.762340422695440223e-01
9.781301871917870150e-01
9.785538171733294543e-01
9.735146946396185941e-01
9.657376260845432769e-01
9.966537655420665276e-01
9.734529687514735796e-01
1.006438622501816482e+00
9.827297902963866294e-01
9.390286101468761082e-01
9.870435385435198938e-01
9.892233791017036593e-01
9.823925965523612192e-01
9.863408411546829013e-01
9.447461867441931949e-01
1.003043815655891180e+00
1.002933263200413316e+00
9.732621590130762224e-01
9.567422419704820769e-01
9.631055941723185576e-01
9.841874585667397257e-01
9.846168898799128044e-01
9.622942356190250512e-01
9.819291700453884886e-01
9.722052391387430159e-01
9.923938447632717486e-01
9.733870475078231221e-01
9.481275682517407155e-01
9.794926069520939471e-01
9.916914200493417431e-01
9.916053090145834359e-01
9.798868130714677438e-01
9.783635068541889357e-01
9.861450900383518237e-01
9.781315202312076407e-01
9.594012225834885887e-01
9.872660429214623612e-01
9.751153325218032686e-01
9.713356286356282787e-01
9.638368335713560775e-01
9.841503270070214304e-01
9.712125313157941031e-01
9.625036054557152276e-01
9.746772186227083967e-01
9.917160355109070347e-01
9.860603786813365579e-01
9.688418060612152827e-01
9.913744235978790842e-01
9.895681267622841171e-01
9.812632300477889258e-01
9.850463887789061568e-01
9.719815373735852804e-01
9.987674233280293690e-01
9.638454956081228264e-01
9.700758535998426080e-01
9.881264892680284850e-01
9.812215790089883205e-01
9.794309592611175619e-01
9.869570080483146546e-01
9.792073082496409731e-01
9.558476010052816552e-01
9.834688223616639968e-01
9.825104953785398498e-01
9.974657023349525753e-01
9.620746967734088440e-01
9.874877922679357045e-01
9.889158644574401746e-01
9.964936904784807981e-01
9.733423319698939480e-01
9.853532307966808013e-01
9.668123492565126043e-01
9.897226896319779588e-01
9.850221867838682144e-01
9.745818255978783151e-01
9.784018319977817457e-01
1.002537620292225373e+00
9.849245135662998418e-01
1.008428420156066263e+00
9.818093027039092036e-01
9.720747102988221977e-01
9.761090713407993835e-01
9.826427446257189890e-01
9.688497005837529708e-01
9.899032853355890227e-01
9.880829961485126933e-01
9.798090333870748125e-01
9.555609978857680931e-01
9.918265079383256078e-01
9.879427967955655143e-01
9.703622503333699800e-01
9.798524074878677270e-01
9.732660941990934900e-01
9.865242596738239556e-01
9.804161534802230404e-01
9.859754029948373244e-01
9.835755400663065418e-01
9.963114988382634207e-01
9.675876099353418747e-01
9.939389027336857918e-01
9.865832599572910144e-01
9.654538128028139488e-01
9.739281335941789575e-01
9.790046040744270206e-01
9.866646507280795175e-01
9.720967743044318654e-01
9.864917543804389011e-01
9.851955829767402584e-01
9.643759032367967832e-01
9.781623575377893509e-01
9.810766843214815403e-01
9.957143520269648995e-01
9.730019304910912936e-01
9.794705465234512243e-01
9.587626590098424773e-01
9.893656539719860588e-01
1.002095887970817500e+00
9.447940999440782583e-01
9.779170274209909586e-01
9.913126639113108984e-01
9.693086251946300136e-01
9.753123304967125096e-01
9.767677893992615656e-01
9.811239452728155452e-01
9.660873069946352976e-01
9.847080792581123232e-01
9.821046072362099588e-01
9.865907408905256748e-01
9.981490168105596750e-01
9.814661099045161041e-01
9.861334808113868533e-01
9.815583888402475976e-01
9.828422954422830760e-01
9.861265650823896056e-01
9.530162854838086783e-01
1.002195267051172900e+00
9.889320392257300307e-01
9.990130156799704730e-01
9.826689519739189027e-01
9.562353437841023540e-01
9.665783652284104521e-01
9.821915812871608864e-01
9.820455512479977500e-01
9.820706911515371118e-01
9.784972541402627844e-01
9.834224833793711040e-01
9.675163559970998417e-01
9.810204186739193144e-01
9.747266501889865209e-01
9.749388832811768379e-01
9.645698842156728015e-01
9.715164730776063573e-01
9.924335270553276134e-01
9.674832751726963886e-01
9.570817205305700570e-01
9.863878785829903739e-01
9.622385374293602744e-01
9.841663922359478178e-01
9.841892931770739317e-01
9.924768825694929575e-01
9.730739474842718950e-01
9.639697953750048232e-01
9.575047584759770469e-01
9.872967175576682353e-01
9.915840796527631840e-01
9.845570279247133350e-01
9.652098256612168248e-01
9.862897523775844277e-01
9.791370284699822957e-01
9.827070328863629634e-01
1.001712592225737053e+00
9.728757969009870221e-01
9.751806162014805546e-01
9.931864450891760843e-01
9.979061751262967572e-01
9.910232318036241717e-01
9.626228082734522573e-01
9.933974066731233732e-01
1.004322266422210008e+00
9.545076775254274226e-01
9.725873145179543267e-01
9.779083227861326000e-01
9.893172357081717605e-01
9.514557519671977825e-01
9.599320010169902773e-01
9.860044290229467157e-01
9.700629309676291889e-01
9.599158811518205825e-01
9.897565877445728688e-01
9.687564824731199620e-01
9.859929606339747910e-01
9.409799981631883359e-01
9.904205660059216543e-01
9.608932878210180162e-01
9.910214831814190273e-01
9.795857938783393282e-01
9.849733527720452297e-01
9.818256651484164044e-01
9.695614676616635119e-01
9.840276042796441969e-01
9.918019164392857245e-01
9.518262941369348695e-01
9.914156331597470118e-01
9.852559261948018454e-01
9.864262465953831382e-01
9.610778058051883121e-01
9.688183437126590691e-01
9.836262547398846312e-01
9.834718524725595268e-01
9.839628850685243622e-01
9.859116565466321536e-01
9.782230095935091629e-01
9.879492630449923096e-01
9.732423402238374877e-01
9.946785492890229952e-01
9.711461977268739387e-01
9.810341531398412140e-01
1.002194685057960832e+00
9.765657369646302266e-01
9.531657317551915920e-01
9.883717724061373833e-01
9.858171798072472569e-01
9.817710478616288317e-01
9.682386380437066897e-01
9.860227707223939708e-01
9.855727663637168234e-01
1.001101462744600878e+00
9.502618478211505293e-01
9.799732056080308062e-01
9.757656556010030346e-01
9.842232817278058210e-01
9.738571833723974613e-01
9.922679296975839280e-01
9.931436351462817891e-01
9.997814488090692731e-01
1.005555249463661260e+00
9.670373195705307401e-01
9.780584804554807166e-01
9.824167516545739831e-01
9.804005911639367410e-01
9.863902454006450160e-01
9.809709501209393778e-01
9.871914469768615641e-01
9.859820897215668678e-01
9.880291224515995729e-01
9.860074952313042651e-01
9.727745046009309560e-01
9.854233900443450933e-01
9.547624184396861224e-01
9.769937476557648548e-01
9.867053097622218161e-01
9.784431802304783821e-01
9.566698393307335735e-01
9.920782454645669102e-01
9.802050349956376030e-01
9.877847478458253727e-01
9.772514524721586104e-01
9.763153618601873029e-01
9.747040278822740600e-01
9.687600797035277322e-01
9.894513738619034049e-01
9.779369041981851307e-01
9.621449845997505079e-01
9.788775975075862945e-01
9.764336460311423549e-01
9.864518762910294836e-01
9.653511819650859582e-01
9.888222674003764867e-01
9.608608258781582423e-01
9.906531003533339819e-01
9.786692112542735300e-01
9.670047266400630948e-01
9.721170268338462650e-01
9.819487223413170263e-01
9.767527673852554049e-01
9.884330032645843866e-01
9.860891880908254636e-01
9.777262110934592521e-01
9.873735781074697293e-01
9.768985459217418565e-01
9.620768419212863964e-01
9.912184499445250152e-01
9.726482450121151091e-01
9.829608212513298859e-01
9.799883339387756020e-01
9.872443830050057212e-01
9.926587413893644962e-01
9.630464881801904520e-01
9.847613074762038288e-01
9.627436259014269249e-01
9.976587039541506829e-01
9.806998900396107777e-01
9.732013559668220015e-01
9.670950445588354372e-01
9.850964461794950999e-01
9.863570470372300392e-01
9.871350107246279482e-01
9.938009846324171725e-01
9.985528941631858224e-01
9.886287535861204567e-01
9.869288893720868927e-01
9.651131859328070384e-01
9.821956134172289410e-01
9.895276350522670405e-01
9.782662078616720658e-01
9.710841917463072237e-01
9.795540110238686315e-01
9.642346448420264782e-01
9.630737555494910396e-01
9.727744456780295090e-01
9.864774355647264459e-01
9.963056964741867638e-01
9.810581837088011570e-01
9.874339472976861876e-01
9.628287480431602097e-01
9.719943499138458121e-01
9.531718718464963214e-01
9.811126183467931972e-01
9.813509727879083933e-01
9.961092586032277429e-01
9.859945843308006719e-01
9.594724355793672332e-01
9.778669204724957931e-01
9.576254345911738852e-01
9.950780850041652803e-01
9.909939934288963803e-01
9.701827584954738626e-01
9.818134490905990885e-01
9.752777534484845523e-01
9.653067883255039838e-01
9.839699409063621394e-01
9.851971835093987773e-01
9.735989737008905465e-01
9.712496499621277035e-01
9.715573721769206195e-01
9.831139718705979025e-01
9.770119723575021453e-01
9.745285140778393584e-01
9.773758116756742220e-01
9.898872068571593630e-01
9.628134454549747145e-01
9.442732108439114702e-01
9.856592265955297361e-01
9.659863246077751153e-01
9.796819085617539669e-01
9.588834660067584448e-01
9.505351095829744912e-01
9.956642892960697599e-01
9.386278350072000398e-01
9.577579271971362607e-01
9.963258235198060309e-01
9.815471248430532869e-01
9.707321952833761758e-01
9.727086404554798893e-01
9.773598195225787766e-01
9.630920650683054696e-01
9.630285311810590221e-01
9.664386226382322143e-01
9.681505711308111550e-01
9.595765198689109043e-01
9.533566829658099984e-01
9.474748002276603964e-01
9.877760100723042003e-01
9.882929425623373509e-01
9.749768828985542202e-01
9.809917747478177352e-01
9.895541673091318158e-01
9.999822409851997218e-01
9.976444310553261863e-01
9.696292216248345586e-01
9.731147406257424359e-01
9.616596357159492570e-01
1.009246253527625647e+00
9.954882118421297665e-01
9.936276385512493592e-01
9.880667976977702827e-01
9.832411459825168842e-01
9.885398778567621170e-01
9.746128278239752918e-01
9.750202931956223340e-01
9.745147202075308268e-01
9.825876389312281356e-01
9.886557584182510405e-01
9.690637076019497087e-01
9.533396024450492279e-01
9.885203185850865992e-01
9.740667806116907190e-01
9.693451147061852291e-01
9.830644965262670398e-01
9.691873533556657483e-01
9.660241702214216186e-01
9.852899684989606666e-01
9.875777448430814731e-01
9.527012822216133214e-01
9.584298750333168915e-01
9.861474684832765014e-01
9.791025514960636222e-01
9.755216851846902903e-01
9.613955111672363163e-01
9.876645538263603141e-01
9.699914230600245046e-01
9.857343015851827150e-01
9.908803651437748661e-01
9.804083254480514542e-01
9.866830349015075496e-01
9.851025041473788768e-01
9.727472502039589131e-01
9.819800060665732078e-01
9.607016563487269512e-01
9.878862547596076737e-01
9.903581895913170507e-01
9.528480276162754059e-01
1.002713109055750618e+00
9.940141016074642843e-01
9.904606885073637956e-01
9.494947602130729969e-01
9.587249611554543582e-01
9.750942200298290397e-01
9.692423484155789914e-01
9.677322609016740795e-01
1.000689635679143263e+00
9.358660329952714907e-01
9.643113447872853072e-01
9.745060840455352924e-01
9.700490293136936337e-01
9.905897666450825811e-01
9.727457888517336837e-01
9.855053172081669199e-01
9.816381705784232858e-01
9.768161828349787301e-01
9.495338197586246087e-01
9.874291506095308479e-01
9.696451752597570195e-01
9.857389217796375114e-01
9.924394801148115342e-01
9.748557126217118896e-01
9.854261903422111279e-01
9.897419996749378113e-01
9.880388333331869832e-01
9.737167539592127552e-01
9.968046913845689527e-01
9.887926315238887431e-01
9.879859779965546318e-01
9.644493236823915572e-01
9.798003148502961723e-01
9.795043299378309865e-01
9.494921376865762541e-01
9.733693837947798855e-01
9.693151304919405131e-01
9.687119548691685011e-01
9.720057719203089031e-01
9.716391464807373479e-01
9.928298285418863944e-01
9.818187066681870467e-01
9.793100014122874120e-01
9.645618713004272538e-01
9.760419464531547851e-01
9.693243796848841631e-01
9.841603802684487645e-01
9.998134778114018406e-01
9.822724751506576313e-01
9.907428943559233314e-01
9.820181977572077781e-01
9.871966334543722521e-01
9.980612717045560522e-01
9.796602184966418658e-01
1.000358298601906171e+00
9.788824939501747924e-01
9.776579407126262389e-01
9.909987334208144594e-01
9.902515389167295679e-01
9.791706418532448719e-01
9.889262544680892386e-01
9.793305067486304250e-01
9.811112077878002546e-01
9.816922281958155860e-01
9.693137909692828291e-01
9.903197849884677328e-01
9.917481530130772827e-01
9.787528201199016120e-01
9.925138641969021291e-01
9.942401755967542609e-01
9.799810142399777435e-01
9.481964973320733403e-01
9.890572942710257331e-01
9.891452261970847815e-01
9.359661966243598696e-01
9.773686458780058706e-01
9.877694413505054838e-01
9.742201370595904297e-01
9.911943441120284470e-01
9.840262152674099649e-01
9.912691849971457803e-01
9.650415136090735313e-01
9.974757826727178589e-01
9.445607186827625901e-01
9.797521885434906652e-01
9.881193265778420720e-01
9.740710960372906957e-01
9.869173286996563155e-01
1.002994806923354520e+00
9.852768060080400181e-01
9.826970973595274828e-01
9.504138203288347020e-01
9.777705307219327624e-01
9.815388063170101818e-01
9.881238619877186213e-01
9.665152365312813521e-01
9.726786856742802856e-01
1.002566441704461520e+00
9.841883943132918589e-01
9.641405212545964831e-01
1.004840564548457049e+00
9.860960573858001954e-01
9.936864874709812057e-01
9.817907578920319622e-01
9.825288218367369542e-01
9.927476249409719067e-01
9.868292660657063120e-01
9.803385976672778224e-01
9.791530951024639551e-01
9.948372597473689183e-01
9.823196328428973612e-01
9.549165345968757546e-01
9.798338588317720976e-01
9.916219659666912767e-01
9.855692415244499127e-01
9.781678200027027481e-01
9.768022388079683482e-01
9.884760611024081545e-01
9.866912550623925249e-01
9.776919771455849784e-01
9.825061894111487559e-01
9.906645054512838167e-01
9.584049398992497970e-01
9.844225910275715696e-01
9.750641070855965431e-01
9.874256974987415392e-01
9.778817045766992067e-01
9.900676716810887790e-01
9.867073886547389483e-01
9.967714681452689574e-01
9.949207901960596123e-01
9.599043894959252698e-01
9.649106106359971458e-01
9.435648487727851252e-01
9.862053760468895147e-01
9.863671383228076461e-01
9.823529411612061946e-01
9.951827984684864514e-01
9.797278854171316276e-01
9.773885540873443745e-01
9.796450940607107638e-01
9.704861874372918695e-01
9.823307734180735107e-01
9.530581532987139060e-01
9.997912714029687509e-01
1.000793891290210569e+00
9.802807160617924565e-01
9.787820948347001337e-01
9.868013042052671269e-01
9.770815996305264317e-01
9.648143479237465403e-01
9.651505888971148028e-01
9.821467302502394636e-01
9.805822167352089558e-01
9.646275880970999195e-01
9.658061390024328396e-01
9.468272170875531302e-01
9.994395505677814429e-01
9.839771357392561590e-01
9.824752117772544979e-01
9.754061019299705704e-01
9.627542499427819145e-01
9.691950645642781748e-01
9.816901858831040828e-01
9.910473993949334703e-01
9.849013322169724027e-01
9.861468167049827205e-01
9.643733432587974219e-01
9.874740796216092686e-01
9.781582780239314046e-01
9.822530410785768051e-01
9.839343391611153899e-01
9.860593322084683088e-01
9.279075480661090891e-01
9.640215742224320650e-01
9.775783514388369788e-01
9.748620115488899618e-01
9.912487076585398960e-01
9.753515026644266062e-01
9.624349445292242899e-01
9.625478360505191899e-01
9.847544633453108043e-01
9.811332018962476420e-01
9.878083802337047636e-01
9.869676954841078986e-01
9.840919059896090504e-01
9.890373345032484886e-01
9.979812988876362034e-01
9.742620961430584758e-01
1.012374505973572258e+00
9.822934512609990954e-01
9.758876802216781554e-01
9.799945825163228763e-01
9.789013442877552151e-01
9.830781061052564773e-01
9.819891794275344976e-01
9.801095060664118952e-01
9.870709420994374650e-01
9.810581290298588941e-01
9.703670413424170249e-01
9.724605856959963601e-01
9.862818724391196890e-01
9.892378019482225282e-01
9.840135828279050756e-01
9.804432284348820748e-01
9.519352188953106308e-01
9.736757533958605437e-01
9.872831493349439880e-01
9.900904583265511816e-01
9.968427318726139630e-01
9.787706558420865566e-01
9.730464346344307458e-01
9.854586361376009851e-01
9.793784345170808425e-01
9.803634796921771866e-01
9.937517743505116519e-01
9.713295289351718820e-01
9.854159160156722441e-01
9.466359500559027307e-01
9.662718868027938557e-01
9.794711270504896650e-01
9.743165029606717376e-01
9.918959293456525161e-01
9.904042893761332289e-01
9.611182497845144335e-01
9.967974695509891347e-01
9.776194750917855947e-01
9.958749021814236047e-01
9.902305436426447338e-01
9.819759409959714080e-01
9.865496654252784436e-01
9.771276736932335005e-01
9.961237709409590524e-01
9.831714943948802743e-01
9.716223926008403788e-01
9.637418450710499851e-01
9.906796381287522602e-01
9.905438330431897143e-01
9.841510306514276163e-01
9.895283980208665620e-01
9.897365990947220027e-01
9.432380365967916180e-01
9.755393814604571556e-01
9.580906043948599349e-01
9.766948024327248845e-01
9.784052615847923517e-01
9.858353515317423987e-01
9.801589709755287316e-01
9.820065423297926754e-01
1.003347832409698714e+00
9.926298542401844616e-01
9.638057309378658122e-01
9.750848913291428888e-01
9.812932845497200907e-01
9.596612758265850029e-01
9.700751134280001242e-01
9.748345162359628446e-01
9.467317367518223170e-01
9.500076185039123544e-01
9.651558325073689160e-01
9.859484105212552585e-01
9.868763339342979668e-01
9.737200493338696861e-01
9.573280876842933385e-01
9.577877669587719911e-01
9.863983239634610545e-01
9.837052870255845738e-01
9.829907819308014716e-01
9.689297130371600231e-01
9.593759628683558027e-01
9.644884906547155357e-01
9.903987834355137965e-01
9.854928053952742850e-01
9.883985820975668135e-01
9.890298328181155174e-01
9.845364796730479151e-01
9.809554810340083142e-01
9.765573977014876395e-01
9.747674930003442650e-01
9.897571563041757114e-01
9.611786039255444392e-01
9.746585769191313808e-01
9.809780189949635076e-01
9.760703517208866309e-01
9.852917657633512016e-01
9.877545394446370919e-01
9.560228371196826114e-01
9.867308968513308631e-01
9.663545028307199969e-01
9.915140510529455442e-01
9.839477773221969592e-01
9.918571177912508530e-01
9.884114084022448399e-01
9.714059179793745891e-01
9.757107178416810633e-01
9.562081805772019161e-01
9.882686571145928855e-01
9.894706969630383542e-01
9.794385982955282621e-01
9.674175912801113997e-01
9.664170676326668818e-01
9.639784184671147393e-01
9.802487894580859118e-01
9.770940111570658448e-01
9.614651986475658552e-01
9.792347407518089408e-01
9.877580109764543259e-01
9.774659938674409299e-01
9.798034481110715621e-01
9.939232516381760751e-01
9.842800413855019581e-01
9.821794163779850040e-01
9.746720512527334845e-01
9.903775816346432892e-01
9.549474120068673910e-01
9.955904417209613388e-01
9.783419368010068951e-01
9.652877712729508453e-01
9.953881111657800762e-01
9.864546505409907962e-01
9.822918820259175510e-01
9.780331134867991105e-01
9.652702995277548936e-01
9.659442010860017636e-01
9.927682440450739110e-01
9.895853861387506889e-01
9.904749411725704000e-01
9.756722660554851823e-01
9.796013526751979894e-01
9.618800390069343065e-01
9.773675100290279971e-01
9.577637845675702755e-01
9.892950334872571139e-01
9.652159176247939731e-01
9.966012328225306582e-01
9.813634903535399800e-01
9.860127872070031385e-01
9.825625735819674134e-01
9.904503823074625180e-01
9.593445379612045576e-01
9.896276975677411603e-01
9.858144948081271064e-01
9.628970995534226196e-01
9.415977868772987813e-01
9.625896708066515872e-01
9.859379229443935300e-01
9.886288037336894430e-01
9.865512091338262124e-01
9.712534493142985781e-01
9.906425955274860140e-01
1.004767259202120178e+00
9.670083751570468511e-01
9.966089913723473748e-01
9.653027357302358391e-01
9.677816743681253442e-01
9.889664986807764624e-01
9.700406698576492515e-01
9.824853798501017588e-01
1.003191318521305941e+00
1.015140910189722634e+00
9.671442053253782589e-01
9.945085835221966208e-01
9.609178626942288526e-01
9.872664793673829875e-01
9.458827846033182052e-01
9.888954696999689986e-01
9.488485111187883181e-01
9.612706758937699103e-01
9.654435548430863046e-01
9.890571227331459436e-01
9.823337022994793610e-01
9.756089729843114844e-01
9.934628958289156708e-01
9.702421017775225698e-01
9.871348916261366568e-01
9.831623055436043979e-01
9.610444781079350296e-01
9.664492247571906391e-01
9.924626877683542236e-01
9.930733436618659482e-01
9.659738950462792850e-01
9.565010987662613262e-01
9.819304863960345298e-01
9.719028132664324637e-01
9.779659616760912888e-01
9.990917914119722409e-01
9.981414566908247687e-01
9.812289736493925441e-01
9.775370863595618243e-01
9.925877796999049707e-01
9.921015558071347717e-01
9.656773989198552677e-01
9.852340701765978093e-01
9.963983155993154650e-01
9.740481144754224996e-01
9.792619756963604205e-01
9.844189666685151385e-01
9.891190334384638572e-01
9.824625743618154994e-01
9.894043056003761771e-01
9.843198821869051374e-01
9.900506212782210769e-01
9.840811556637379942e-01
9.805671077245254885e-01
9.476563497147602044e-01
9.783286590096323954e-01
9.818820406625962116e-01
9.695666032767175091e-01
9.861798941673954877e-01
9.772751440753534302e-01
9.801654435393142295e-01
9.760964374464031756e-01
9.965887160382603804e-01
9.825444530915340424e-01
9.958624588687544632e-01
9.905532644178959290e-01
9.803522357208835913e-01
9.862730506627651605e-01
9.873837209801765713e-01
9.746045256917231780e-01
1.003307227101659205e+00
9.291676016938100746e-01
9.771634463169522888e-01
9.776857312949105427e-01
9.904785023405029420e-01
9.842058971706795223e-01
9.880630164516364111e-01
9.590268610888245115e-01
9.962075500798569516e-01
9.641049384553982415e-01
9.576251363914901615e-01
9.941961010294311230e-01
9.589180908044744323e-01
9.779339985869557328e-01
9.642766897677260696e-01
9.538789092429758032e-01
9.607820499288709515e-01
1.002962616642475879e+00
9.815581371515520459e-01
9.792657043923976845e-01
9.862803633283834248e-01
9.878232846089017860e-01
9.760865113914809488e-01
9.910945739226553197e-01
9.733896427667605433e-01
9.521875751946003996e-01
9.750394606012350307e-01
9.957409720373212592e-01
9.717907470436979445e-01
9.873354045301655502e-01
9.883674681737060208e-01
9.919760170050274661e-01
9.918119906590650015e-01
9.734212471915245635e-01
9.861373200728147381e-01
9.870007515062514392e-01
9.729125927827404485e-01
9.664863318391532232e-01
9.774337740188778767e-01
9.706152982012647978e-01
9.859273326495248124e-01
9.899234088106717566e-01
9.946157551543759467e-01
9.802758145767531683e-01
9.635371131254422128e-01
9.808586529520552100e-01
9.803603034992449672e-01
9.833372330674775563e-01
9.623793529056510199e-01
9.774997169554652254e-01
9.876462526536160524e-01
9.749071337097042766e-01
9.704425651607125891e-01
9.818516405807039549e-01
9.844578431777359917e-01
9.850595056125128757e-01
9.825612850773850493e-01
9.439864101062968027e-01
9.712543190193936304e-01
9.679200132201949414e-01
9.604633684368460989e-01
9.913310391038639979e-01
9.895119205635175552e-01
9.760444960566470041e-01
9.970985996365963056e-01
9.927445778546948318e-01
9.898332384305144060e-01
9.768654158558439660e-01
9.933697167261555938e-01
9.853448441319627715e-01
9.792766229085080321e-01
9.630024600974771420e-01
9.696443350938399597e-01
9.895037908520509795e-01
9.837843135962622831e-01
9.782618280709515224e-01
9.630689808409937935e-01
9.670755068050720382e-01
9.789196965016075946e-01
9.712557872531445424e-01
9.849941556942035659e-01
9.777309035022069272e-01
9.817510671752347484e-01
9.945970770721355159e-01
9.802988680330128046e-01
9.824751363062890208e-01
9.725287183339554886e-01
9.885960717972664957e-01
9.683789298034503057e-01
9.799035435232373858e-01
9.523301128081345102e-01
1.004999753766597115e+00
9.992005579086268297e-01
9.871409466384339915e-01
9.837318787051696489e-01
9.896830871525336137e-01
9.607520785377596795e-01
9.684200343524257404e-01
9.797016938802582953e-01
9.784003709950985783e-01
9.723018096837643398e-01
9.796358166823265767e-01
9.723191097800272242e-01
9.816761206178454824e-01
9.799458249469883420e-01
9.703922410208662974e-01
9.870508025722359857e-01
9.786535627470478449e-01
9.643889055676609923e-01
9.789422164995408293e-01
9.551936239838264564e-01
9.627333635246705379e-01
9.598305572528269547e-01
9.706392783508552835e-01
9.741557021719631226e-01
9.825314287476586417e-01
9.579662120808742909e-01
9.620427093662134999e-01
9.884937317119313338e-01
9.771096823032886514e-01
9.811510842843651492e-01
9.845456721291608870e-01
9.834922283421660971e-01
9.796731144264303470e-01
9.924403206112965004e-01
9.699172374220975668e-01
9.875965317502006791e-01
9.804001651875703383e-01
9.772789366418395129e-01
9.687402343852489217e-01
9.858327143617461319e-01
9.927068874379992858e-01
9.882667270799975201e-01
9.864188229254626794e-01
9.702155568858678025e-01
9.411319671072247983e-01
9.773635406165959161e-01
9.638613805775879673e-01
9.584021010916818906e-01
9.846497647460998870e-01
9.802876016263825099e-01
9.776236393045982798e-01
9.872604894252073882e-01
9.776495616268684463e-01
9.769632259919104333e-01
9.803049054997837741e-01
9.926972862616523230e-01
9.756336025150371682e-01
9.627091190888827921e-01
9.853230180641909808e-01
9.786533383397399977e-01
9.802075817662315727e-01
9.706971999133785500e-01
9.887213016984979230e-01
1.000717629350986959e+00
9.868461075913402825e-01
9.889914713642888877e-01
9.855976476811140197e-01
9.729592114726302032e-01
9.839250301831382606e-01
9.952133271580871909e-01
9.957686785511165040e-01
9.694705351659673731e-01
9.746260825519077464e-01
9.863782797884569353e-01
9.805951081724382234e-01
9.877884079935145278e-01
9.860436773530385501e-01
9.687471105599100296e-01
9.889003777023144259e-01
9.711621030238509755e-01
9.525882693418030733e-01
9.855568873539052310e-01
9.921080346312445286e-01
9.675212415295579849e-01
9.846609044219765128e-01
9.610139575547393953e-01
9.892836996647198511e-01
9.754540102687880854e-01
9.642229706282300361e-01
9.786232537615244809e-01
9.918188510163450378e-01
9.846704131857131337e-01
9.868272437689331600e-01
9.901406387024692668e-01
9.726934543148969547e-01
9.853325917258656252e-01
9.870253375547959340e-01
9.894149816874561187e-01
9.881607784590175081e-01
9.827427422612445840e-01
9.906705382769525059e-01
9.773209007387410052e-01
9.834876858296064395e-01
9.828894902899610875e-01
9.844898931375483109e-01
9.590259966487593157e-01
9.852432156088272164e-01
9.843844779820296598e-01
9.947077516965066035e-01
9.622103227492918576e-01
9.805242741423477737e-01
9.867306425795245861e-01
9.688330555956865542e-01
9.624933849038409539e-01
9.953593082055848251e-01
9.877341738348616174e-01
9.617605956099655184e-01
9.904573777390289768e-01
9.622461596232492198e-01
9.876729069874615741e-01
9.695423222963625021e-01
9.625317894161026233e-01
9.771942085927846078e-01
9.673682428425058877e-01
9.734074165165137460e-01
9.949259878812287683e-01
9.681382328187089215e-01
9.718748643853040159e-01
9.798848317789955464e-01
9.717269255805224271e-01
9.871519989058104017e-01
9.557558801167443940e-01
9.766918361083529732e-01
9.862293170950049426e-01
9.955531626126715716e-01
9.820438498328520893e-01
9.823065805471219436e-01
9.920859397360103360e-01
9.846408310261206553e-01
9.695948005313339557e-01
9.709357713970758752e-01
9.429485211843713355e-01
9.679439625719731266e-01
9.491387437722588194e-01
9.722971490651027837e-01
9.907041077462790390e-01
9.916297654695979125e-01
9.851008072520702763e-01
9.529076874453645818e-01
9.786105653723768949e-01
9.635981264949821101e-01
9.885178060245074505e-01
9.691889999286381618e-01
9.920553925861196332e-01
9.386942840062216797e-01
9.764495766488719974e-01
1.001813171027676308e+00
9.878822701546823293e-01
9.865691510378162832e-01
9.650058943510781972e-01
9.836353505554462640e-01
9.560972083455575588e-01
9.810160926637928602e-01
9.643916642550146578e-01
9.766752692984811413e-01
9.926655696755788405e-01
9.896035405845272637e-01
9.908754482945099085e-01
9.857801527296673472e-01
9.775699915531027573e-01
9.558017967544254478e-01
9.654011059827556362e-01
9.926796028493515278e-01
9.742640052045806742e-01
1.003102365763868908e+00
9.928411573534227097e-01
9.863944586067674436e-01
9.833638303527744151e-01
9.564503740910019758e-01
9.508199686011662433e-01
9.508298409212599944e-01
9.906323765830811201e-01
9.717670773232873760e-01
9.452017293427210642e-01
9.848675104367659028e-01
9.929516925897281521e-01
9.905906246974323093e-01
9.664436430757792351e-01
9.723897238250478470e-01
9.674948028081309381e-01
9.749816548591245802e-01
9.873024664386814697e-01
9.663684493762423333e-01
9.839841117031701279e-01
9.838516632518028437e-01
9.821595145701774721e-01
9.829979255095167012e-01
9.851871302023602617e-01
9.742832110236380183e-01
9.730156612764288004e-01
9.925939858857550924e-01
9.745106824436031712e-01
9.633412492067167099e-01
9.769053852042121067e-01
9.530903287539176372e-01
9.679072361725088447e-01
9.844076021156370482e-01
9.786350171616947646e-01
9.901401963290463737e-01
9.862979719783464549e-01
9.767241628632240547e-01
9.814425261400375744e-01
9.880706656980611235e-01
9.828440687843772450e-01
9.748815419154300832e-01
9.774344268767242161e-01
9.864241683639478619e-01
9.661645229573737614e-01
9.589445288690878755e-01
9.883777107661032568e-01
9.870619281058472527e-01
9.778703690706220808e-01
9.538559849488550402e-01
9.765110042258385858e-01
9.861278150308731005e-01
9.835279845139174304e-01
9.896761719090417797e-01
9.691535827474576648e-01
9.407014378380696984e-01
9.950347039140348127e-01
9.765920386574753476e-01
9.847283460242765019e-01
9.863008018203486271e-01
9.723539408493504510e-01
9.936294363312011546e-01
9.708799804212879803e-01
9.831795754518746211e-01
9.663606991293398618e-01
9.750819130882218966e-01
9.848705752054076612e-01
9.823128372515527174e-01
9.949767743339733572e-01
9.422972407012005780e-01
9.775458446395510759e-01
9.856234843233738774e-01
9.398101427850815703e-01
9.545869116016257871e-01
9.838023406468254795e-01
9.672114742626901629e-01
9.697827397498857138e-01
9.712539624239385772e-01
9.633144092462061492e-01
9.929361926078684730e-01
9.842303583870839478e-01
9.646890764663268447e-01
9.965237150495672713e-01
9.737630349037257327e-01
9.943972960690419249e-01
9.845360705099306387e-01
9.944688670069408154e-01
9.642333822623567752e-01
9.813273944950541283e-01
9.909446618825097364e-01
9.818756134799695445e-01
9.921314027082540621e-01
9.806394180137222305e-01
9.602403886661298182e-01
9.862564355219665124e-01
9.926030780274182064e-01
9.642124534277169978e-01
9.508898681646541506e-01
9.947354649250981229e-01
9.604796330364264723e-01
9.904493745960045725e-01
9.690401907012994309e-01
9.706148836485612996e-01
9.834717038077143147e-01
9.865193897937040157e-01
9.827666325442692141e-01
9.751689419051071672e-01
9.714867676505856142e-01
9.858499152625525008e-01
9.804354146505891432e-01
9.804918956366946992e-01
9.695664737042168912e-01
9.840485709929627234e-01
9.648777801489107908e-01
9.898991620261702318e-01
9.820029847662297140e-01
9.814454641521119793e-01
9.528549605450242765e-01
9.673118348341896988e-01
9.888689892645745605e-01
9.819231815475510938e-01
9.859659403422721402e-01
9.623866535773408781e-01
9.868130201272161672e-01
9.825505941456854631e-01
9.955737171145374598e-01
9.723726775404324396e-01
9.554132255988325717e-01
9.822967324577535075e-01
9.885754503231725110e-01
9.794147403516482164e-01
9.879691842710972560e-01
9.839573297205858049e-01
9.902232740227666641e-01
9.725412819081983296e-01
9.899268922535446880e-01
9.690734159880057819e-01
9.929216558355682398e-01
9.763256368837222032e-01
9.497794903764640306e-01
9.980078097514901714e-01
9.885257697826616008e-01
9.607563244601439179e-01
9.816850689947278497e-01
9.872435864813901008e-01
9.754218932551624865e-01
9.654594950054984359e-01
9.791225376341274877e-01
9.895679632297377237e-01
9.970465388809519602e-01
9.864388538266369855e-01
9.575219380035236982e-01
9.887250408349160802e-01
9.966479179763543250e-01
9.766290474189398552e-01
9.606795677998879457e-01
9.698170039662088460e-01
9.949646953253754589e-01
9.604572878328198060e-01
9.811571031627595030e-01
9.903503604938924676e-01
9.570432753248871993e-01
9.988714581025804895e-01
9.897627245214022373e-01
9.740892630518048767e-01
9.748277654110841794e-01
1.004662077255928709e+00
9.828431696717599975e-01
9.796513340452808194e-01
9.721873792616690935e-01
9.721744785186844373e-01
9.931614755601103628e-01
9.860694357411045052e-01
9.568848091839485814e-01
1.002224425393158036e+00
9.815013418504068277e-01
9.778997458427868272e-01
9.893769011828303928e-01
9.813044116253433202e-01
9.860566041108173030e-01
9.939356189245110995e-01
9.711002850745458215e-01
9.633440003413437092e-01
9.940901347028423540e-01
9.880507682330332830e-01
9.772758608375803346e-01
9.815924085454476034e-01
9.817667452249977389e-01
9.941168243505693614e-01
9.914879758024387479e-01
9.614849684393468321e-01
9.832501313799026921e-01
9.745563673730556209e-01
9.895039382194651401e-01
9.831517835425512830e-01
9.883910624618105212e-01
9.822618907063240812e-01
9.712539399597325263e-01
9.790242491436287331e-01
9.935855660104578879e-01
9.750190283096528132e-01
9.907997495224046824e-01
9.867003248574988117e-01
9.655690959961629183e-01
9.783508281610953095e-01
9.740615395494042206e-01
9.714882244701410485e-01
9.747992885963900900e-01
9.880697625864424127e-01
9.766994503668833261e-01
9.818518379339977731e-01
9.915304793674316608e-01
9.632838495851514526e-01
9.892479923868142677e-01
9.913444455127934374e-01
9.980746587872567632e-01
9.685064748919123279e-01
9.744502398963177381e-01
9.823389179838082352e-01
9.633858753459944024e-01
9.856700543804741699e-01
9.864754895150991132e-01
9.584168412736813192e-01
9.989155500279823796e-01
9.599493026779478688e-01
9.650881761877554421e-01
9.850866196073194692e-01
9.613949568957372849e-01
9.716170760088898017e-01
9.799095892330763613e-01
9.574937678055821522e-01
9.872114123628943361e-01
9.542840551447997477e-01
9.807499961478335360e-01
1.002570600208991580e+00
9.560662321371500294e-01
9.867317965563249249e-01
9.837610735589126243e-01
9.649987085061675351e-01
9.703471393773633880e-01
9.887100925021398146e-01
9.921219035389137186e-01
9.777835303594576422e-01
9.622783878119350875e-01
9.897030220172118309e-01
9.957237781924526132e-01
9.831202726347958443e-01
9.879675247072460254e-01
9.775119263288039040e-01
9.786194407118288252e-01
9.860037239337990922e-01
9.664853396976554878e-01
9.775770200474007687e-01
1.002083372345301981e+00
9.582944348213785490e-01
9.823700319503659850e-01
9.751036667254595613e-01
9.880470388876715360e-01
1.000272753762629252e+00
9.848080032316676169e-01
1.001040906165124422e+00
9.745301539020381210e-01
9.912357789993039292e-01
9.837202383870849998e-01
9.701206339976061743e-01
9.714797489482932535e-01
1.010232650536329047e+00
9.739421817028213191e-01
9.914306280376306013e-01
9.770378694422952037e-01
9.888662038964506351e-01
9.733526847825434425e-01
9.867142895437271966e-01
9.904369940441275499e-01
9.988402695749973859e-01
9.804470616346860901e-01
9.789645428067520472e-01
9.807300307325869104e-01
9.892551641281517316e-01
9.708145176270910337e-01
9.800011098216605543e-01
9.811393441231053281e-01
9.877210565855648605e-01
9.913928501926220216e-01
9.801067693754808019e-01
9.822172768880524929e-01
9.666406935287554791e-01
9.990850110061142431e-01
9.667653561635445314e-01
9.941258370745759132e-01
9.917548137560895372e-01
9.539512312814021344e-01
9.812047083151173021e-01
9.725133046992187058e-01
9.838783027899460354e-01
9.892299756066487149e-01
9.859154480971408230e-01
9.897056952350973269e-01
9.932638778826857751e-01
9.850700390062726575e-01
9.559307913918196897e-01
9.614339887504224080e-01
9.842935529647000026e-01
9.949576487436643246e-01
9.625699513982455269e-01
9.702628367571345391e-01
9.690622736937474224e-01
9.968022757763169706e-01
9.751259469061251961e-01
9.892884118379895453e-01
9.853245637227047160e-01
9.823276298241286897e-01
9.775188927631863756e-01
9.903879791326447579e-01
9.741507374922859785e-01
9.967498003504551285e-01
9.773224916498062242e-01
9.754034725454751031e-01
9.895060625859946057e-01
9.845094099981743785e-01
9.779466637462087553e-01
9.485972165789481325e-01
9.622852384218645305e-01
9.877590205129821443e-01
1.001815928883659890e+00
9.862168084790423617e-01
9.539843329537495142e-01
9.835184620011618861e-01
9.882892176422021224e-01
9.701283398347235742e-01
9.892382455019028686e-01
9.689954026192330039e-01
9.846804642054819423e-01
9.849603470890564427e-01
9.599600723952234071e-01
9.862526830037425807e-01
9.780583305863496113e-01
9.847034429456466009e-01
9.806844036646715779e-01
9.748617606109447609e-01
9.862639025612506272e-01
9.853323676079445148e-01
9.930978031355269797e-01
9.766727597844300224e-01
9.722537325323700186e-01
9.778294244271403812e-01
9.746411474866205626e-01
9.869369523066756633e-01
9.438862360305969590e-01
9.996841452705552689e-01
9.747674911100068229e-01
9.971856978672132277e-01
9.880075547912143819e-01
9.829861491689587671e-01
9.775895117633398579e-01
9.857158922155515590e-01
9.944644001156884849e-01
9.825701166281136656e-01
9.864385707659056868e-01
1.011289455005642157e+00
9.862101509931141541e-01
9.917846566567530830e-01
9.881331191737736663e-01
9.853611724520648929e-01
9.723389332617046188e-01
9.672740632348353351e-01
9.830117925724588535e-01
9.839437900737482146e-01
9.746523250414584894e-01
9.514416155834480859e-01
9.937311127155387114e-01
9.792601530575741897e-01
9.803371993003250351e-01
9.893587643656365227e-01
9.752783653520189500e-01
9.972330312405729424e-01
9.577652920384398527e-01
9.455626918196347042e-01
9.882155145753309666e-01
9.786322208202447026e-01
9.494591430426385648e-01
9.731585245946852147e-01
9.648408639460671621e-01
9.972905695067881826e-01
9.890047122597883655e-01
9.286876555737756389e-01
9.730445991229205172e-01
9.882067763963634510e-01
9.677997613392607112e-01
9.739709522800577002e-01
9.884880273919329774e-01
9.843873857597258414e-01
9.932663460135626732e-01
9.919450396656095403e-01
9.917765274122027908e-01
9.652463802758182165e-01
9.796718108119786272e-01
9.880841079082940404e-01
9.716080721924225116e-01
9.746000525456243180e-01
9.822489772132254604e-01
9.788116659158756505e-01
9.774535001168616066e-01
9.765302613767288253e-01
9.675374265890948067e-01
9.894845739122619666e-01
9.400105174099583349e-01
9.791830221170281234e-01
9.763580482704337093e-01
9.834037432395776879e-01
9.851847419638620762e-01
9.638394960605222161e-01
9.730694529228582912e-01
9.873868335434066168e-01
9.762333058666250452e-01
9.762067373198830555e-01
9.648264453086743409e-01
9.785289469481160962e-01
9.835539393342702663e-01
9.763687990058971256e-01
9.692906131626201072e-01
9.902895497811901038e-01
9.802882841542848169e-01
9.915895943702459636e-01
9.737708608464332727e-01
9.628128113954901313e-01
9.859755140525719996e-01
9.665150481305079255e-01
9.828350990376312213e-01
9.833208112837648063e-01
9.843439219367855486e-01
9.750243790768736707e-01
9.797449388554343441e-01
9.631167101171936862e-01
9.698211957850534359e-01
9.925218121879668676e-01
9.613771475098764618e-01
9.814359782806285626e-01
9.833589556984432267e-01
9.513371628567608429e-01
9.966498065115628746e-01
9.919928564891217215e-01
9.578238163531131999e-01
9.648041313768497274e-01
9.737340327531052164e-01
9.524112424988379066e-01
9.890183726745255255e-01
9.745307082389101927e-01
9.914737068078440796e-01
9.756657487695225006e-01
9.861860273754489148e-01
9.912051156782298866e-01
9.858659442622486058e-01
9.828210279394543614e-01
9.798173273976041875e-01
9.832582761247621317e-01
9.662155278723317808e-01
9.776008273158171002e-01
9.905670279246548970e-01
9.701419071761444579e-01
9.558116831073008024e-01
1.003968824247449820e+00
9.830806746008882158e-01
9.609716676882406050e-01
9.682862951716709743e-01
9.890922604558961551e-01
9.406608809576639807e-01
9.670271650785355888e-01
9.795214700323114920e-01
9.940555466678482333e-01
9.729993391960147786e-01
9.749242590561576494e-01
9.767056981485873202e-01
9.713619765815840745e-01
9.401975694162699737e-01
9.889281228002146928e-01
9.591114856090923180e-01
9.925348166780660897e-01
9.931913570470950470e-01
9.682007707911669536e-01
9.887023285279040730e-01
9.843805727354490998e-01
9.885651329100416662e-01
9.841795690964932897e-01
9.614441884714203246e-01
9.631926013776446194e-01
9.856549041709353753e-01
9.592997969129646307e-01
9.788783662260464036e-01
9.892876468232698617e-01
9.843225972506568500e-01
9.825194956944081071e-01
9.765714866306639541e-01
9.806943879446651247e-01
9.546293005783778041e-01
9.837729119144195122e-01
9.709288434678579049e-01
9.633644451339834491e-01
9.776957052992542030e-01
9.804495520899461081e-01
9.824091163225957546e-01
9.644782138165770569e-01
9.808539687309826283e-01
9.836040379201395067e-01
9.786720064558682708e-01
1.017120356197991127e+00
9.839863946204611134e-01
9.853242625443048297e-01
9.852828761574256022e-01
9.915425930472488991e-01
9.948282131146827245e-01
9.879167108444973922e-01
9.870589865222958448e-01
9.868824647257871119e-01
9.809222820749092797e-01
9.938852607354150548e-01
9.860574497251438641e-01
9.784646559466355642e-01
9.711558032682710007e-01
9.737533940450179282e-01
1.000827568613886553e+00
9.867426223091535498e-01
9.866013940517335268e-01
9.747441703912618216e-01
9.830882309946482600e-01
1.005486950223181131e+00
9.859027416161298962e-01
9.925546912108911268e-01
9.688894720029596064e-01
9.837395493508382938e-01
1.002143420769186388e+00
9.879117806441877203e-01
9.863509740052089914e-01
9.517135844832367297e-01
9.692961509767724637e-01
9.738214258421797886e-01
1.008105351875910438e+00
9.900874367650738250e-01
9.861892568249687185e-01
9.869015192156780358e-01
9.434646082368778330e-01
9.745296495798934089e-01
9.835052271944829672e-01
9.872990706379984882e-01
9.734790863193860666e-01
9.979988629741680661e-01
9.831015958617052020e-01
9.852212931828997489e-01
9.734984221517644087e-01
9.782469104230668844e-01
9.624695704302593802e-01
9.822780236929671283e-01
9.819185485204394714e-01
9.908729346091262880e-01
9.863222545218194304e-01
9.807559106832753892e-01
9.819128539155659308e-01
9.425786032412939441e-01
9.972711744739446438e-01
9.774639384592670455e-01
9.740803767538015467e-01
9.864916110925513459e-01
9.893337522482206214e-01
9.745421505997176048e-01
9.759201778700379304e-01
9.712685940006899887e-01
9.866190623940711557e-01
1.001558761738655212e+00
9.799020351713216836e-01
9.737162411237324511e-01
9.815112643800195658e-01
9.997851769823237200e-01
9.694262922315162179e-01
9.654924537334291790e-01
9.814362165556966833e-01
9.919580732306469972e-01
9.705030661551824478e-01
9.827953521769664524e-01
9.806743786295059051e-01
9.926147333248341864e-01
9.942279930810186128e-01
9.710733071808609340e-01
9.956010872182438076e-01
9.804768826747900512e-01
9.655261027654008510e-01
9.750597608371923686e-01
9.865382903840657081e-01
9.439781583345958627e-01
9.851134952729652117e-01
9.705108940716404842e-01
9.324520144470485050e-01
9.840780928022800911e-01
9.766481846338259665e-01
9.781586461079293526e-01
9.745663655838823214e-01
1.002657662796504923e+00
9.877210330526524640e-01
9.907163996660292016e-01
9.639941724871543549e-01
9.906700324310017125e-01
9.801982042451869992e-01
9.687090033387804056e-01
9.849194849740180446e-01
9.932374883912098440e-01
9.875039399125355999e-01
9.397452289259460301e-01
9.696753539983610226e-01
9.867795776819866527e-01
9.824966974297356659e-01
9.838878610168075856e-01
9.755815123842059844e-01
9.440216224124642341e-01
9.853353910130480120e-01
9.848773549540746908e-01
9.766138714622809580e-01
9.772377748179701396e-01
9.750493355381772975e-01
9.887424858826596719e-01
9.327067066735007517e-01
9.912335741610460715e-01
9.775604671377200461e-01
9.761979335243181621e-01
9.991837130854291926e-01
9.877242148050902060e-01
9.975134111246979352e-01
9.878000648320988120e-01
9.909903753600174392e-01
9.731728713202569825e-01
9.820115797180746231e-01
9.608898227414649496e-01
9.892947852440896472e-01
9.964874863284349793e-01
9.866668426123567093e-01
9.460660471165537322e-01
9.785733821815753020e-01
9.866125964257633774e-01
9.733169886533846737e-01
9.705914417890781909e-01
9.793961267219766231e-01
9.938161068088677830e-01
9.835859693888169275e-01
9.738501191189748996e-01
9.792769818864788256e-01
9.875147159128326857e-01
9.997778770984123708e-01
9.532104937033155645e-01
9.933040336785494695e-01
9.885900245002021691e-01
9.850142941636061966e-01
9.891838003626859388e-01
9.856072501479111736e-01
9.788306307158848307e-01
9.777671397046567847e-01
9.424904142339119995e-01
9.881285306884143305e-01
9.674853232628323196e-01
9.783324047528206835e-01
9.991334553929506201e-01
9.930898591380652451e-01
9.909606670253282568e-01
9.803486955557244587e-01
9.887323846397509941e-01
9.844373208967228672e-01
9.605941598810874282e-01
9.865426079326811148e-01
9.510615263094515104e-01
9.788952310698321169e-01
9.986832941514676154e-01
9.892144987030208059e-01
9.867903002907731924e-01
9.886956865518222726e-01
9.773414274066547502e-01
9.942320654417343695e-01
9.736996750811104384e-01
9.608655255534064299e-01
9.894223692410729631e-01
9.711881286992780637e-01
9.881495494917060807e-01
9.883853867470643317e-01
9.722740973666903486e-01
9.557209244516059465e-01
9.587192485821377508e-01
9.692663823048534022e-01
9.878011431901821959e-01
9.843164470312847358e-01
9.854222210445138241e-01
9.702022725833555628e-01
9.933909769868519701e-01
9.872023662766712393e-01
9.837029234272477440e-01
9.846713332939613927e-01
9.906528645942703770e-01
9.769804847080704180e-01
9.662964183776274751e-01
9.949761534969723265e-01
9.665068647382365485e-01
1.000721306784931874e+00
9.627388713627145211e-01
9.728307873511152781e-01
9.848536043417871477e-01
9.860456572355249527e-01
9.985276546171306666e-01
9.838748913517626482e-01
9.721566537928545415e-01
9.928398490322150050e-01
9.648211680311495897e-01
9.893603144538907213e-01
9.829655524602527450e-01
9.858795118425445203e-01
9.965660703188257141e-01
9.835750898566317790e-01
9.829509761562190695e-01
9.967742783440209919e-01
9.777704249823873095e-01
9.711844014700083960e-01
9.797177742927865030e-01
9.951365497088295875e-01
9.873245574883927622e-01
9.700635887626535281e-01
9.804818186042723038e-01
9.876627962802578820e-01
9.705496123539716358e-01
9.862223513184232848e-01
9.902828159341124925e-01
9.836852328930520972e-01
9.836605040119457133e-01
9.863130324567034313e-01
9.773761899297980227e-01
9.850534261293937277e-01
9.627683256043134685e-01
9.552999032353381992e-01
9.879827836069802194e-01
9.839857547998470677e-01
9.931004955102551435e-01
9.808345530673548973e-01
9.911493686411988469e-01
9.889064081199450129e-01
9.809670916548225428e-01
9.515974678542927778e-01
9.796825689784924851e-01
9.822654431278772247e-01
9.889179394927265498e-01
9.594368689918890691e-01
9.620931842527833400e-01
9.672531595985855990e-01
9.564222273072887637e-01
9.761654685868015324e-01
9.836865523371565168e-01
9.431173893279141129e-01
9.830159381279157671e-01
9.685868001340379729e-01
9.616630835408727096e-01
9.754340790770110736e-01
9.456340569828183273e-01
9.803759479137079680e-01
9.687765940028889577e-01
9.860903104699404453e-01
1.000119416817432771e+00
9.898176114590571117e-01
9.869749434936807564e-01
9.982934231979508910e-01
9.733993515266360363e-01
9.761545868388936675e-01
9.670985806596992251e-01
9.776961734516269598e-01
9.943528399075014512e-01
9.715574262746770051e-01
9.822175762030015411e-01
9.518663729481626756e-01
1.002946428933460421e+00
9.804744188613149225e-01
9.874379064038241172e-01
9.831756084459601919e-01
9.704001190003117561e-01
9.856375072260055159e-01
9.936479896333789696e-01
9.889678917722772855e-01
9.926015731812454224e-01
9.844241747392645792e-01
9.745865787446204020e-01
9.935368874373341486e-01
9.528726542227631269e-01
9.877218947842520969e-01
9.588552830575953756e-01
9.861653218860017001e-01
1.003121696629862836e+00
9.815972939486051763e-01
9.797055294246111989e-01
9.888465339000552801e-01
9.866412782946269999e-01
9.827044337072374791e-01
9.682443971555311224e-01
9.471453086533260235e-01
9.677631767098638926e-01
9.856964653818001132e-01
9.514489455985125632e-01
9.779212398239248705e-01
9.713702085204592995e-01
9.592924571842735837e-01
9.885855141368277144e-01
9.767410862194604304e-01
9.783846437791106077e-01
9.763857558995354680e-01
9.848859160989832384e-01
9.883688671288806127e-01
9.863992823315511638e-01
9.635655760985599727e-01
9.746171985437642737e-01
9.772826746075062854e-01
9.870823547750289251e-01
9.865306328855777407e-01
9.816950356425024893e-01
9.866774667371315255e-01
9.456683706349091612e-01
9.662712714946779524e-01
9.907324217800423938e-01
9.683398503313116468e-01
9.794952129965311949e-01
9.824650149055810244e-01
9.666141313761357212e-01
9.741381475407260293e-01
9.911733410688539081e-01
9.604637740790934464e-01
9.603215276634575748e-01
1.001689263854125045e+00
9.740259194257580022e-01
9.850714820578289066e-01
9.954341780720245003e-01
9.844990391936976337e-01
9.633111815802957167e-01
9.881919178153290018e-01
9.842477963893135895e-01
9.722854185253287929e-01
9.880520532120928845e-01
9.899086274640310767e-01
9.861061708114121638e-01
9.579551646633668316e-01
9.717112586134540875e-01
9.957053254838085232e-01
9.916382610542775478e-01
9.832000970347731794e-01
9.754946584052582859e-01
9.876110250905074661e-01
9.869549419158129000e-01
9.343243303469269678e-01
1.012262596937049119e+00
9.773078471554137447e-01
9.777968464799190462e-01
9.783391399848052616e-01
9.919499115824386148e-01
9.931416131783833423e-01
9.875603816817467573e-01
9.496194418194554565e-01
9.588756454674810525e-01
9.701008706524990588e-01
9.985161187759965529e-01
9.623723648183285517e-01
9.909755233945544139e-01
9.380156827853071144e-01
9.812593537353602180e-01
9.829222492234175323e-01
9.848735324851445316e-01
9.792684022268134392e-01
9.878891309568237356e-01
9.817643087512382127e-01
9.887944340806070764e-01
9.866638763180038962e-01
9.699180808871394888e-01
9.654346346683485569e-01
9.721560596565407275e-01
9.729122827611826896e-01
9.796949109282343526e-01
9.980567605026477995e-01
9.862323513305143452e-01
9.809952880946072318e-01
9.835640408675332402e-01
9.833482871093922606e-01
9.664013586274043943e-01
9.932986723214636271e-01
9.647072464603347886e-01
9.821640691206742213e-01
9.916582842103051076e-01
9.855913794935300398e-01
9.615590311016912750e-01
9.877737325727740103e-01
9.879201689613907877e-01
9.732932973278090039e-01
9.822499762524443678e-01
9.529686603603693129e-01
9.575872540550474099e-01
9.841513045581864461e-01
9.808617198781806046e-01
9.703810615812421547e-01
9.910471466701858967e-01
9.827066524108983847e-01
9.881805312147964315e-01
9.815650171947311042e-01
9.630286722186973680e-01
9.784772497049075701e-01
9.768007412956430935e-01
9.885663297253466375e-01
9.986674137942563867e-01
9.856434732585258596e-01
9.463252740794512174e-01
9.744558894471216925e-01
9.789849436062786348e-01
9.891941909758323881e-01
9.940828770122764890e-01
9.525039122628536914e-01
9.846346690784688604e-01
9.525548594282097215e-01
9.728965230185470103e-01
9.806141305317594981e-01
9.549591695430380556e-01
9.929720727873562192e-01
9.832371479089995203e-01
9.736272231870166660e-01
9.603907227413954750e-01
9.903244014904616366e-01
9.593445477515741837e-01
9.532594271754374349e-01
9.768312941429839746e-01
9.905131600295012939e-01
9.984221861762174743e-01
9.653508724581735256e-01
9.854786514033353484e-01
9.728772098247523425e-01
9.837277843506679886e-01
9.687589147886643826e-01
9.909805875664274843e-01
9.717632745605080391e-01
9.782399492471515190e-01
1.000626299753105464e+00
9.817787105018812577e-01
9.814057298940424001e-01
9.674864873074878746e-01
9.893872424086183059e-01
9.789010501921535656e-01
9.900495048836152057e-01
9.933970030929775152e-01
9.835389478663755236e-01
9.712947732249799238e-01
9.943271076925590535e-01
9.901845267329856259e-01
9.834948740770962372e-01
9.844276348326453929e-01
9.820249895813147889e-01
9.728873211263703302e-01
9.744158507348917864e-01
9.821244799732057329e-01
9.610293084921486262e-01
9.952183561764128550e-01
9.707881716261010929e-01
9.780282295995218478e-01
9.813390524363615475e-01
9.743310774900922899e-01
9.854619843844202309e-01
9.780248393450878819e-01
9.890717968110591674e-01
9.788414522940599438e-01
9.796420707247569526e-01
9.799490792737202138e-01
9.423329615411303317e-01
1.001478737437770494e+00
9.726399994829495466e-01
9.797385889039768037e-01
9.901398347857084392e-01
9.797724487474445132e-01
9.447575253954081376e-01
9.834522673694128247e-01
9.948758287036933989e-01
9.556951759309805228e-01
9.756178358077413071e-01
9.525287318242460222e-01
9.686232921379703820e-01
9.817212318213367483e-01
9.829441156421695469e-01
9.817308547975258648e-01
9.714433612599575607e-01
9.825481844650217900e-01
9.803163033512302116e-01
9.855764696919938617e-01
9.942186768230638627e-01
9.869363182777292076e-01
9.622123958147499323e-01
9.875525662437553143e-01
9.808447818732435319e-01
9.593648033580874923e-01
9.782669077786346756e-01
9.683701017316765913e-01
9.781301334951107984e-01
9.402992711288020722e-01
9.888836022429297046e-01
9.892621420300456991e-01
9.719049854007216771e-01
9.588312392432511988e-01
9.555339825055154668e-01
9.710239451140556532e-01
9.807885063257643088e-01
9.829268672407845964e-01
9.829439312051952982e-01
9.626821011400313877e-01
9.792563799770780397e-01
9.875722978129356511e-01
9.923900991466498844e-01
9.873872764971013405e-01
9.693138681140455182e-01
1.004356206718203692e+00
9.813980401822062216e-01
9.781439221033229048e-01
9.709055320007148326e-01
9.698937652287203948e-01
9.733632705732306878e-01
9.615741903613181929e-01
9.878566528629855181e-01
1.003362717529063142e+00
9.819663772550148995e-01
9.909691317365463270e-01
9.958200991106793687e-01
9.840395779830806156e-01
9.876197667608742625e-01
9.917719236498679924e-01
9.914532706065146694e-01
9.928782605602777256e-01
9.716241842190606048e-01
9.663464567634998392e-01
9.941271996056664229e-01
9.888289729567610875e-01
9.849458189291927512e-01
9.879322773577469130e-01
9.767764376091732093e-01
9.778232484484334908e-01
9.856724446123465988e-01
1.000725187909960345e+00
9.863196465177713756e-01
9.959913898847188030e-01
9.734224084383398257e-01
9.855992524215957395e-01
9.578593449853953778e-01
9.822160242334833091e-01
9.782870186152110570e-01
9.640803794531456195e-01
9.755308704702475575e-01
9.832363856828498783e-01
9.670986060593471656e-01
9.682358441820941852e-01
9.882584330221625413e-01
9.686427847119557510e-01
9.723744608536210032e-01
9.878136345901258331e-01
9.673408545702939509e-01
9.953741370297775060e-01
9.803840536881863743e-01
9.470930908226135037e-01
9.798281253521499146e-01
9.846947391390221682e-01
9.648889154660558187e-01
9.863385497504127963e-01
9.970097927578295272e-01
9.742320219070486065e-01
9.603057363378384448e-01
9.799589840376357053e-01
9.893530071172279561e-01
9.897283640463679921e-01
9.787490412334000078e-01
9.811394031169441421e-01
9.851254266592961439e-01
9.747251950374751228e-01
9.964128829567433510e-01
9.713157286171359983e-01
9.722413832947489620e-01
9.834711781034005673e-01
9.826987921045916563e-01
9.715304475407493534e-01
9.502879171314541074e-01
9.667496053009287937e-01
9.875547585853782229e-01
9.685375428004034948e-01
9.591775376187727797e-01
9.850085490031681434e-01
9.900985105743096426e-01
9.896554338190630684e-01
9.871150956104198793e-01
9.744997150042360445e-01
9.753565367534272612e-01
9.599324855884122654e-01
9.842834330503864582e-01
9.534001603843821337e-01
9.824757634745208135e-01
9.827581798433687732e-01
9.790632188917063328e-01
9.858101733366666508e-01
9.805966471845029009e-01
9.925064144982760350e-01
9.962269093199801473e-01
9.715769282286327302e-01
9.377802706990210346e-01
9.715470128012353435e-01
9.596832719419013946e-01
9.836960249451831562e-01
9.872117632753042438e-01
9.374037448972069031e-01
9.826792018238836857e-01
9.878408104516408494e-01
9.671361623293974752e-01
9.640133755359254764e-01
9.837985148840471261e-01
9.801368036034489029e-01
9.799212207523521068e-01
9.756555577975730698e-01
9.849725431797072828e-01
9.850186194063711431e-01
9.851237234603643644e-01
9.695523151023264230e-01
9.809140321847337196e-01
9.846926448313148006e-01
9.668537658285275560e-01
9.863407429975993290e-01
9.769792479883160352e-01
9.820572943014325151e-01
9.680508806340795136e-01
9.920676254193002697e-01
9.889688741501908575e-01
9.630202886041350219e-01
9.799639126591981331e-01
9.698312273712952347e-01
9.583447810875964645e-01
9.700817359975657528e-01
9.832024823112625045e-01
9.559018436722149792e-01
9.771720309375330205e-01
9.814689034599080042e-01
9.639422977886085153e-01
9.734771569162246063e-01
9.823235556334021235e-01
9.948348566016287364e-01
9.791535123901239368e-01
9.695560409975442218e-01
9.977423216673437789e-01
9.646685018394981492e-01
9.839351814468970669e-01
9.987607461865057878e-01
9.591424617084687299e-01
9.559404544368717005e-01
9.509610317112776601e-01
9.905683572269046167e-01
9.744403635884000270e-01
9.898688865494529310e-01
9.821556509142642666e-01
9.755048727343488268e-01
9.763372831621398573e-01
9.630026844806155450e-01
9.859544882942725685e-01
9.777384136241757950e-01
9.585836177172151196e-01
9.943898938382463859e-01
9.804592331170165487e-01
9.975100198119312145e-01
9.654956157425120811e-01
9.853219542696552979e-01
9.475640132546929717e-01
9.869278353582165986e-01
9.593430160708305010e-01
9.636874081798821878e-01
9.939096728211725962e-01
9.910852419685747261e-01
9.594848177014441148e-01
9.729252149368678992e-01
9.830747462354685329e-01
9.986363088733880566e-01
9.823236085435200771e-01
9.988005890689173327e-01
9.908003244163596790e-01
9.843720559130131331e-01
1.002110898319598542e+00
9.880091234094398045e-01
9.833614661461851369e-01
9.853675953395493181e-01
9.712120360837839250e-01
9.699350706955498502e-01
9.728878268576474087e-01
9.942785331180155062e-01
9.937051759874717671e-01
9.671504508147990009e-01
9.912052281932792752e-01
9.535014592522025323e-01
9.785714738057952333e-01
9.677596174225278070e-01
9.574986815388444317e-01
9.809381980755680353e-01
9.670512021426388438e-01
9.904938839313126575e-01
9.700563959145982462e-01
9.827033064594488110e-01
9.964162291664199200e-01
9.990642767753522557e-01
9.933303323485487279e-01
9.827059901784689355e-01
9.849127463622558976e-01
9.662345680396200454e-01
9.828833984098728216e-01
9.930930253572182176e-01
9.761424678243503239e-01
9.889175536228677066e-01
9.851211914531859959e-01
9.867296435910518637e-01
9.795879791083231813e-01
9.891590906266548577e-01
9.836743448398816980e-01
9.914027897239290343e-01
9.729291071870993513e-01
9.847443648751341705e-01
9.818609381455054574e-01
9.843235013443901726e-01
9.866375089034202794e-01
9.880405206101660065e-01
9.884011531834003828e-01
9.759485208877802798e-01
9.762737096661734393e-01
9.827421368436703997e-01
9.823042593418604973e-01
9.618312651513661882e-01
9.581530061101585227e-01
9.933842632796396899e-01
9.763112549873000923e-01
9.844522586823316601e-01
1.016057238238159632e+00
9.685864594968665031e-01
9.894801158304203925e-01
9.887768985686404832e-01
9.523615697581646611e-01
9.791007920986862789e-01
9.905911149903562363e-01
9.827098424206326399e-01
9.779041471700015142e-01
9.808580868262675168e-01
9.755554432564016443e-01
9.560415455564328369e-01
9.888465773128378711e-01
9.482252879669952339e-01
9.912428774085034755e-01
9.806230706560568056e-01
9.870529331957584862e-01
9.681195129363108220e-01
9.815301107531103630e-01
9.798406727773100178e-01
9.743301791101505183e-01
9.957467526262987478e-01
9.967367818160982607e-01
9.709136047699455929e-01
1.001701003987006677e+00
9.655383867690908728e-01
9.913323477030844266e-01
9.790429442062070775e-01
9.708069016581596378e-01
9.795976131437240664e-01
9.739721133228443906e-01
9.632358736383480613e-01
9.774428015632684597e-01
9.987575359412583786e-01
9.775183062418929536e-01
9.823942517060828550e-01
9.520714490255600682e-01
9.753986379368849713e-01
9.849740418822435783e-01
9.781688640821105674e-01
9.846641505914094372e-01
9.777653257457415981e-01
9.872821957752362376e-01
9.913113600218746990e-01
9.787544385494412191e-01
9.914842046341242332e-01
9.834765021938116636e-01
9.964843754854518787e-01
9.886259481855613762e-01
9.795557762992047612e-01
9.731185269125478543e-01
9.877426416362808936e-01
9.746665639707087214e-01
9.712454961376444373e-01
9.944395438710779134e-01
9.597424623664951859e-01
9.844253088630832149e-01
9.885098938609876429e-01
9.929120012470247225e-01
9.803362373769933802e-01
9.896644391289061149e-01
9.669065304205969325e-01
9.809566781916174705e-01
9.855654470336063788e-01
9.698687611928145103e-01
9.463879652893192329e-01
9.675746059206360439e-01
9.984714749530969602e-01
9.820728113269004966e-01
9.637623229990815998e-01
9.821941191100266311e-01
9.544724027261319854e-01
9.993262895598267193e-01
9.902619036972278854e-01
9.649107360636240971e-01
9.866873087899767913e-01
9.894605667237238444e-01
9.864135181714844824e-01
1.011395184506090672e+00
9.958690595472714513e-01
9.710281454495066633e-01
9.893251071015225495e-01
9.262582868178719231e-01
9.960032731856275356e-01
9.743989137909512266e-01
9.771357207970251535e-01
9.369627871029522215e-01
9.719317402421536745e-01
9.673111014885460435e-01
9.890363013752083710e-01
9.799883203965074063e-01
9.729519622424390723e-01
9.816232143072546323e-01
9.851600184285399520e-01
9.791910701621391322e-01
9.896919905408322338e-01
9.541942269635842466e-01
9.715701444954278898e-01
9.854591729152323287e-01
9.796724932288345400e-01
9.875692962030131472e-01
9.507071692813527930e-01
9.795956023649292632e-01
9.792269701011111493e-01
9.746653630856850770e-01
9.816478393789813683e-01
9.793020918153482191e-01
9.641813712917256529e-01
9.771693970821032638e-01
9.870019440731396809e-01
9.694505748823940561e-01
9.994568457527710503e-01
9.885549620730528231e-01
9.854362470614965730e-01
9.958622844088942383e-01
9.768747197534242144e-01
9.910764799965832150e-01
9.918727305580954390e-01
9.988691886836101874e-01
9.939008235644082312e-01
9.816787965426907459e-01
9.779456489322582158e-01
9.660360996094153885e-01
9.851622384747648065e-01
9.884778116796958392e-01
9.837307054666940553e-01
1.000232663930074706e+00
9.848394732631896575e-01
9.637201168254183603e-01
9.808809843446465448e-01
9.799242982164736437e-01
9.564646965960655889e-01
9.883365345252264067e-01
9.878946955168219635e-01
9.907674359940208397e-01
9.757910423841350545e-01
9.562363209189976843e-01
9.887154511763518450e-01
9.846679250527511362e-01
9.845907290577585735e-01
9.728058939685513273e-01
9.767168277854777481e-01
9.706063085755440856e-01
9.819062040359799459e-01
9.847038727398430558e-01
9.539121678187907349e-01
9.783197975978382699e-01
9.789519978430810676e-01
9.763974477816211861e-01
9.861464849111208908e-01
9.741230467160586493e-01
9.924915053790259734e-01
9.871928622928942687e-01
9.720817385171542924e-01
9.682871550811089634e-01
9.726790785022393360e-01
9.852028399159437067e-01
9.826761948433818672e-01
9.756831098680470715e-01
9.747130572592512809e-01
9.613898749528803078e-01
9.795859790887756491e-01
9.879615760551565540e-01
9.874659528164948519e-01
9.532727496607454887e-01
9.825887147321143988e-01
9.695254448995479502e-01
9.871171108319147791e-01
9.791695092927811261e-01
9.645305708832359048e-01
9.748421514696838930e-01
9.733170546497442732e-01
9.850861331305083013e-01
9.660181820532456332e-01
9.887854437440753985e-01
9.536817854029092656e-01
9.738809049331608181e-01
9.831617085615067531e-01
9.944128539439222036e-01
9.763116563286730054e-01
9.884167040983430352e-01
9.899770400011254079e-01
9.936098510595772204e-01
1.002762722792713612e+00
9.730070625871972689e-01
9.860035217652319828e-01
9.835126698431099213e-01
9.947585358796164900e-01
9.646255935552621175e-01
9.648247840405016484e-01
9.866605654003066661e-01
9.967584355247470773e-01
9.877927859399732169e-01
9.799782092050134397e-01
9.846252567947628709e-01
9.857233553066981901e-01
9.900276220016023254e-01
9.806275308886400754e-01
9.727058504086687485e-01
9.750419100101376246e-01
9.906143789025609880e-01
1.002055812269049717e+00
9.895456640155644301e-01
9.633431348841027253e-01
9.773197704630596228e-01
9.450079006610173638e-01
9.545338796029403383e-01
9.751177722838438866e-01
9.819029288100536990e-01
9.837117803909990466e-01
9.731493009599931909e-01
9.756758886576980538e-01
9.932069526806431847e-01
9.858559404727996744e-01
9.576207455599358154e-01
9.645024111861886240e-01
9.945290107909193766e-01
9.761149741289822934e-01
9.807405927876668983e-01
9.758786332299309585e-01
9.648055459158352276e-01
9.754236892764653888e-01
9.848002513728748575e-01
9.650405278642714135e-01
9.840237280708077350e-01
9.843946709402124906e-01
9.840418116717872810e-01
9.743522223228970880e-01
9.796346216347200375e-01
9.875878662210543224e-01
9.819076479203147079e-01
9.780022330016354681e-01
9.694811088486358086e-01
9.848955281338440670e-01
9.806599163764131433e-01
9.829166024978038818e-01
9.688462141305438369e-01
9.711247176585331431e-01
9.814298333671311880e-01
9.845828425216741620e-01
9.745711372477194878e-01
9.831672476856884169e-01
9.742843237083426144e-01
9.893940616861210957e-01
9.821362611588367875e-01
9.818446336751756043e-01
9.971245418344243383e-01
9.800387604501622496e-01
9.809913998760964038e-01
9.832444728295837155e-01
9.791524989447532024e-01
9.897457766104190702e-01
9.831031771085892990e-01
9.602602723398470097e-01
9.840897146799008066e-01
9.878042191008022943e-01
9.831942673540361444e-01
9.654428388308531339e-01
9.407147609902050123e-01
9.912331703693406659e-01
9.888265905453110793e-01
9.856123620726180423e-01
9.662461800056242334e-01
9.916527687234933941e-01
9.379951711802845260e-01
9.784996515618792357e-01
9.698355818047089683e-01
9.753589446248650541e-01
9.747825642438315841e-01
1.002374215378637690e+00
9.814593602913888049e-01
9.874218722309956453e-01
9.929106154582963972e-01
9.988439298297278057e-01
9.910984549743787619e-01
9.484757946670866469e-01
9.929436083802647417e-01
9.819252968662277592e-01
9.823465992338320518e-01
9.764705013768557595e-01
9.816674279766938183e-01
9.828401019289890739e-01
9.795731390926564197e-01
9.804522513165787601e-01
9.915381642390067585e-01
9.881722785090241157e-01
9.827406007913030983e-01
9.630213443340461810e-01
9.673769266446340387e-01
9.784398001418743718e-01
9.836440602751125306e-01
9.771663947854349885e-01
9.913903477186800650e-01
9.893030701509301084e-01
9.765560449151161615e-01
9.894062717128432327e-01
9.817104366172549890e-01
9.896832453396363638e-01
9.885230359110165343e-01
9.864532116216008228e-01
9.656954626121750929e-01
9.943239825685313837e-01
9.892258905396437152e-01
9.703277331468354028e-01
9.731281688220007053e-01
9.603435957247887789e-01
9.581539303808503938e-01
9.918790555732660552e-01
9.692133197885181017e-01
9.733825796319091062e-01
9.623785092789346463e-01
9.679930450356187821e-01
9.682128358560292414e-01
9.842830409141224424e-01
9.682194132928694241e-01
9.614080421365824858e-01
9.867205000921511759e-01
9.710169935382718664e-01
9.832927534439096506e-01
9.677745666528345669e-01
9.760148632242228173e-01
9.839508759323611908e-01
9.930495981944688078e-01
9.696996385505469718e-01
9.663533305898434067e-01
9.723645030818376389e-01
9.613619829189076205e-01
9.510568959325140792e-01
9.653030612627947482e-01
9.892269319546163064e-01
9.996600324217814748e-01
9.836840631813313918e-01
9.848444740641885131e-01
9.654148610954134124e-01
9.732897662900305003e-01
1.001936313011426494e+00
9.738563175410839268e-01
9.650552288552922686e-01
9.784917117127218678e-01
9.897081810700484317e-01
9.801510314381527422e-01
9.698558289810910171e-01
9.895946643205446591e-01
9.787085468612817252e-01
9.792584088354427951e-01
9.857609994515083018e-01
9.721970324843668410e-01
9.721283706888977916e-01
9.609581886750316881e-01
1.009577474097008487e+00
9.586970032352992721e-01
9.850340173287509549e-01
9.915802604556435140e-01
9.685600151815629832e-01
9.832611281225905886e-01
9.771856738314973478e-01
9.900122071406939339e-01
9.660568705003645951e-01
9.729639768414478640e-01
9.781779410277205988e-01
9.711358696377623279e-01
9.937822552092256956e-01
9.550859675672978000e-01
9.912185473080621367e-01
9.923598964162341218e-01
9.230170738511755957e-01
9.743119269248071701e-01
9.713981632009707212e-01
9.886354202724164653e-01
9.838590122426524864e-01
9.789616840213444249e-01
9.842432416809943074e-01
9.961283346120443083e-01
9.700849297540046212e-01
9.835179938507654374e-01
9.810284751092012145e-01
9.853679266125758840e-01
9.896650582048023281e-01
9.507996253395073483e-01
9.840194526330522384e-01
9.820367336705868588e-01
9.614685908231512812e-01
9.668765627025163178e-01
9.696906399938258758e-01
9.771761809775125762e-01
9.638617098697975782e-01
9.639298149873750665e-01
9.819054563871196795e-01
9.897649909128620749e-01
1.004339681994688815e+00
9.721565309596371662e-01
9.848859475126324758e-01
9.907528428974730073e-01
9.742015373641511600e-01
9.718369964296736940e-01
9.240616587325849451e-01
9.960561873873530203e-01
9.840831675075398799e-01
9.850564392192477925e-01
9.874786711652258075e-01
9.862815025863049812e-01
1.003215006089713146e+00
9.562187003357355275e-01
9.819194366141884567e-01
9.554357386172450672e-01
9.648541280382424423e-01
9.682784370907058236e-01
9.719975226542112434e-01
9.811489644286423006e-01
9.795860063911054905e-01
9.578268166458659971e-01
9.697117431466103499e-01
9.834521336830446270e-01
9.616663033685975970e-01
9.754532599654054392e-01
9.735368920170028861e-01
9.914407509484173264e-01
9.572524198780402171e-01
9.897978141797391105e-01
9.740077940462349426e-01
9.798855402335615583e-01
9.875785467522375516e-01
9.994641779784309010e-01
9.565309064127731631e-01
9.856295081875630082e-01
9.997960724018728484e-01
9.858602225220981508e-01
9.727804654103736626e-01
9.846326135493083109e-01
9.728809719369464482e-01
9.863197077851129091e-01
9.757426373485780235e-01
9.605810339108588058e-01
9.939579849454633909e-01
9.889733700906168101e-01
9.826880367434848162e-01
1.000154162948595715e+00
9.596172905614528403e-01
9.874999761174976243e-01
9.762456224150947159e-01
9.897230341763368910e-01
9.793307799048399653e-01
9.675221023590023783e-01
9.912810624431585005e-01
9.890450733070444977e-01
9.733107493445892766e-01
9.884719671741362124e-01
9.912499534530118117e-01
9.623879650184284928e-01
9.855672336269869493e-01
9.882540410862167279e-01
9.884342036235927997e-01
9.802884519037169397e-01
9.764240373563983777e-01
9.332358086899399385e-01
9.714522295858484258e-01
9.853918688453287000e-01
9.926212106497409593e-01
9.837482762464891950e-01
9.686033752218974335e-01
9.673491690200446413e-01
9.793525091754012868e-01
9.922488081716904773e-01
9.825574499558266117e-01
9.734257462351920687e-01
9.472478935265077338e-01
9.838937373477735227e-01
9.799354261653432374e-01
9.890945184635189236e-01
9.902982326653211320e-01
9.683947766169301863e-01
9.923412793019944500e-01
9.604030665829683677e-01
9.937793948318568438e-01
9.785413122430496324e-01
9.820296169923737883e-01
9.857161433672237960e-01
9.955737264477160231e-01
9.825176623385963870e-01
9.741214048148892912e-01
9.828330900174915286e-01
9.619546376885530492e-01
9.869206874169513810e-01
9.607710695492428510e-01
9.698720084307850264e-01
9.769635543140567924e-01
9.848771426606318657e-01
9.870102545473212752e-01
9.888740995216063201e-01
9.781142979792222247e-01
9.803910065698322462e-01
9.814756502026097396e-01
9.884717814171921635e-01
9.890346135611813860e-01
9.598172667236752886e-01
9.912557437726400300e-01
9.817124575520786989e-01
9.889270734555268838e-01
9.860221254142386149e-01
9.830842925108076447e-01
9.771951184533795853e-01
9.811297725916915402e-01
9.908284832122723484e-01
9.774597532086524154e-01
9.901284296868966273e-01
9.715954077440828174e-01
1.015503991988433885e+00
9.799690095019106817e-01
9.881882137293357404e-01
9.923069287762217305e-01
9.907092368279020178e-01
9.455033793615220672e-01
9.745892701769378608e-01
9.528949549665675089e-01
9.805354326708344281e-01
9.826773258251176868e-01
9.749076571187988982e-01
9.731817956021566740e-01
9.489841388792144006e-01
9.963365862537764128e-01
9.769052781490811244e-01
9.694082641176375859e-01
1.014988487567467512e+00
9.929392070920479707e-01
9.781903876434369094e-01
9.474668052455638145e-01
9.859822711150645347e-01
9.951404539117287840e-01
9.670551692272137956e-01
9.715813615631080369e-01
9.807271865964043434e-01
9.771614686050460463e-01
9.856162412185478505e-01
9.713493778040986903e-01
9.912023346101808130e-01
9.814384709553036767e-01
9.780743039616737189e-01
9.796876830162027927e-01
9.776648087169306223e-01
9.836600090596026025e-01
9.871784335684260503e-01
9.646578792325403162e-01
9.640476358252474398e-01
9.769966227954272053e-01
9.910633574191862749e-01
9.954355340132204910e-01
9.618926497998563363e-01
9.837114663527440905e-01
9.647909277735868816e-01
9.718534363861972558e-01
9.453746861796403778e-01
9.690372820504720153e-01
9.545285736252283604e-01
9.820412057184403354e-01
9.918557918437872489e-01
9.919047472530029275e-01
9.847966955151322699e-01
9.904558990877799785e-01
9.473396345986162537e-01
9.920927648008988076e-01
9.893739448243429324e-01
9.677519700791111790e-01
9.552058468286346304e-01
9.743776101591705707e-01
9.880988129461487635e-01
9.867153124734420189e-01
9.549946632185765116e-01
9.835410780465454472e-01
9.676429745799720594e-01
9.769172884443195759e-01
9.732460444039529035e-01
9.752395990315732011e-01
9.864688775046712710e-01
9.904772755401148876e-01
9.880875946396346921e-01
9.935015848460505561e-01
9.821208279982290845e-01
9.405930979523459134e-01
9.911009369990086970e-01
9.885630021260538580e-01
9.729865402409305641e-01
9.895798648063135472e-01
9.812322142715009798e-01
9.807557977268399618e-01
9.637803802444501189e-01
9.818014330990285643e-01
9.811200190864671766e-01
9.531457234238887022e-01
9.730415065960345000e-01
9.830721777829871666e-01
9.926180881655252142e-01
9.990969876671714767e-01
9.847313213768973394e-01
9.753967699563733662e-01
9.729394802656053942e-01
9.931908261062004639e-01
9.901913840058716998e-01
9.836545810390112665e-01
9.817117061241041887e-01
9.876352899798680474e-01
9.803685556841731374e-01
9.744505939637186920e-01
9.710908817977225160e-01
9.782677938907476944e-01
9.483783636838115649e-01
9.755946564909201424e-01
9.861573138108238323e-01
9.857237133886136426e-01
9.953180914609328633e-01
9.869588823410162526e-01
9.701873803638156879e-01
9.970414774262330582e-01
9.660600254215796490e-01
9.977843235484801232e-01
9.922965684715953083e-01
9.873408537428146614e-01
9.848309783824753527e-01
9.627537299632747958e-01
9.661027164240575393e-01
9.839172192047570542e-01
9.647372687181812179e-01
9.797444835576445410e-01
9.836519331191910798e-01
9.773361441568307884e-01
9.672366065531510237e-01
9.776448990262337491e-01
9.936986351574242926e-01
9.942598179413649762e-01
9.598432862403640797e-01
9.484097290599683427e-01
9.839648315671706280e-01
9.331652199838893491e-01
9.752269430688784713e-01
9.578758211978407600e-01
9.602228580490614895e-01
9.840781175169120987e-01
9.796676020723301681e-01
9.819487522428246296e-01
9.802585083761262696e-01
9.993303190244005041e-01
9.528219831347172208e-01
9.899446904257229729e-01
9.751963024884229281e-01
9.722257003258059083e-01
9.603613394287476845e-01
9.914459246302157469e-01
9.982056736080227033e-01
9.896669628337452229e-01
9.587751222698611686e-01
9.935886723896109052e-01
9.808933692963952566e-01
9.929266597130642635e-01
9.860648774049879384e-01
9.843170493168743596e-01
9.950706800896746973e-01
9.900494722001152992e-01
9.764841475913499380e-01
1.001251927426498378e+00
9.876833079752004307e-01
9.665439951124131790e-01
9.993936060565896673e-01
1.002830231648320414e+00
9.620472897620254704e-01
9.698588860754343566e-01
9.977379040006353339e-01
9.778000568638186563e-01
9.852920473080680752e-01
9.891456417783598409e-01
9.889703461520258365e-01
9.834277963611868234e-01
9.831708589570887780e-01
9.746283551166923242e-01
9.957795098544869328e-01
9.999214739518034190e-01
9.603707966247548855e-01
9.885146494086566316e-01
9.778141795360099087e-01
1.001138362397808734e+00
9.666626682637520229e-01
9.504503769775836108e-01
9.761877635047286894e-01
9.880359549439753364e-01
9.802002051231282209e-01
9.900576452470185584e-01
9.746860876111522742e-01
9.854650490647297589e-01
9.908877847232516745e-01
9.683665973643682534e-01
9.870528782500578302e-01
9.774166717404655369e-01
9.433434410070857812e-01
9.730542529032085719e-01
9.757549300072019260e-01
9.870237858441509582e-01
9.946295789140229271e-01
9.917174278987185287e-01
9.639329398788690773e-01
9.435970848152511747e-01
9.966802434260975119e-01
9.824190376001245006e-01
9.872484454171746027e-01
9.997786099814506278e-01
9.816397565937204917e-01
9.785408072137378177e-01
9.413158590956119953e-01
9.750054778928085586e-01
9.918691313255459940e-01
9.374174715247783896e-01
9.760773229626997782e-01
1.001239552109148390e+00
9.991610731279544355e-01
9.917200345791733485e-01
9.762805256554234479e-01
9.848598780785210449e-01
9.955093437633342202e-01
9.666158981340895462e-01
9.567397327023644538e-01
9.649100347935669619e-01
9.789869807062722140e-01
9.828532611959177601e-01
9.804145839432147902e-01
9.814953140739741677e-01
9.838125159947433973e-01
9.509863899561721290e-01
9.993661861931580903e-01
9.796561161103820581e-01
9.706393248430039700e-01
9.747497419031612154e-01
9.861812831997250894e-01
9.821135498624116167e-01
9.887707182666083394e-01
9.717422200539752586e-01
9.882972189356559189e-01
9.853046426383282874e-01
9.960276386980405627e-01
9.868042046343090679e-01
9.849671392425990435e-01
9.970665440332823204e-01
9.843568119230496904e-01
9.841946457038800444e-01
9.726714402656642111e-01
9.880190609196395357e-01
9.665347910004878917e-01
9.840107235837628474e-01
9.876008042767511208e-01
9.781437110130343227e-01
9.836107029871711260e-01
9.662032451474849015e-01
9.884313993248802221e-01
9.836306264923193599e-01
9.689931456246733132e-01
9.762346276529605404e-01
9.814046325436951435e-01
9.863006385475936444e-01
9.626860029742279057e-01
9.909127247976807773e-01
9.870201385098381630e-01
9.592676143581320147e-01
9.711863682492215544e-01
9.802603783411005800e-01
9.802090982832154520e-01
9.938057110225199109e-01
9.729662331425799060e-01
9.488601577983289959e-01
9.804209971042100458e-01
9.955995110568525153e-01
9.628280587519522093e-01
9.595446855115701279e-01
9.839014305844984154e-01
9.533887151843093433e-01
9.740024051202033073e-01
9.755678395565259287e-01
9.825302105094533278e-01
9.881779423787593331e-01
9.712720210949290500e-01
9.689617471195746123e-01
9.928782450990940589e-01
9.708608152079039044e-01
9.839120797951435016e-01
9.660777919090735022e-01
9.813659878710456752e-01
9.827479764116360261e-01
9.871935778385448890e-01
9.943936496103420453e-01
9.710578200106857460e-01
9.776056372477340828e-01
9.914960121532032655e-01
9.638636559335589382e-01
9.854725512534917575e-01
9.706091444099060883e-01
9.836228238863939932e-01
9.846982253990583800e-01
9.699430332181169234e-01
9.464461779495184635e-01
9.739298268477741827e-01
9.751420400424920532e-01
9.769287550958523081e-01
9.729135896574873099e-01
9.761608034657534017e-01
9.978250753298166797e-01
9.997247349665018268e-01
9.678563464144432915e-01
9.774941878242088267e-01
9.732331033034404832e-01
1.002783101118675413e+00
9.523063724566451782e-01
9.823736476260576111e-01
9.601954555711817996e-01
9.818495710225879636e-01
9.801748118006812227e-01
9.888573231630606308e-01
9.614514017268465107e-01
9.852550819046744790e-01
9.953208615201559750e-01
9.816624144856056500e-01
9.866160872206778398e-01
9.919626280728042200e-01
9.798765266091274961e-01
9.798301678507969070e-01
9.777016844370884918e-01
9.970007512448006981e-01
9.922849185687879769e-01
9.832813461545182321e-01
9.984344868579281274e-01
9.851562648874749861e-01
9.878707972946247917e-01
9.793476953163365861e-01
9.858970512833756805e-01
9.689590247213641927e-01
9.568579719157841446e-01
9.910268906383709053e-01
9.865931785959655143e-01
9.895245435342837625e-01
9.802111781015364622e-01
9.895836173734877672e-01
9.790093441827362186e-01
9.415263055451449370e-01
9.457870298142594390e-01
9.845058339352036336e-01
9.655106597925563472e-01
9.781508230815171290e-01
1.010013104699847952e+00
9.626497864556623485e-01
9.797612618754892866e-01
9.818080637241247688e-01
9.854105216497606179e-01
9.803572846654469153e-01
9.914921914619010401e-01
9.798349599190150361e-01
9.850493038918257671e-01
9.677303517954380929e-01
9.736601044772835722e-01
9.710521838696138941e-01
9.824584345028897214e-01
9.901505546412758818e-01
9.872390223482869764e-01
9.783896448610048813e-01
9.651745894910687129e-01
9.574372262460532079e-01
9.705933571532261439e-01
9.888028667411716821e-01
9.719752582647522843e-01
9.604873207261873658e-01
9.852011308761825514e-01
9.790869265436028535e-01
9.834453680273440579e-01
9.626559659242470701e-01
9.341422563710913840e-01
9.498954144996329951e-01
9.728727998830781765e-01
9.933468360452666346e-01
9.735747816553913525e-01
9.675565903068881202e-01
9.890268521363484444e-01
9.834256430450417641e-01
9.677085333816020096e-01
9.784651229012175655e-01
9.873872115475540445e-01
9.784528838099620929e-01
9.726387993626206541e-01
9.778666267348068430e-01
9.825845287580031728e-01
9.871660485808574359e-01
9.679868626602597947e-01
9.703842139412044432e-01
9.703237536954842923e-01
9.509070070401366426e-01
9.696678262277889093e-01
9.932671624197525473e-01
9.842350506493680040e-01
9.931373008514591261e-01
9.728151895373227109e-01
9.791886914972621758e-01
9.803265807811336607e-01
9.772737326903369048e-01
9.948479601584916399e-01
9.606881684870499649e-01
9.733468505940900961e-01
9.868203399764180483e-01
9.528305373466130490e-01
9.893474034651519311e-01
9.896523010783484509e-01
1.010781734991616831e+00
1.002478682264638543e+00
9.708324334690435764e-01
9.725178194233442541e-01
9.741051115295731311e-01
9.831662768551043818e-01
9.737555312034559263e-01
9.963290325356550792e-01
9.757742668379225659e-01
9.718921033415179878e-01
9.738266742547919685e-01
9.694747316906486834e-01
9.807880298409263897e-01
9.758928966841463604e-01
9.552600677126952267e-01
9.556000565584655826e-01
9.881679396807204752e-01
9.734974635673814269e-01
9.709518800531282690e-01
9.893644109775718842e-01
9.777407379586239289e-01
9.897334563018489462e-01
9.897267017716041559e-01
9.909312872473080569e-01
9.744820427737811430e-01
9.917644781440725366e-01
9.943480573924826649e-01
9.569190005402011812e-01
9.444826764538664099e-01
9.633529009911582230e-01
9.677905338036109084e-01
9.928886280901203509e-01
9.774027214691590748e-01
9.789140484327600866e-01
9.857898069432525778e-01
9.944828986049409902e-01
9.588298418031223624e-01
9.714604698189314158e-01
9.637374971599805829e-01
9.872599024941723922e-01
9.828993362860899419e-01
9.932588140988320990e-01
9.851640986201730676e-01
9.941153984195869597e-01
9.876406282705988415e-01
9.771442661650734385e-01
9.870275013199337755e-01
9.668314083832527661e-01
9.728852887191893339e-01
9.806296639890569322e-01
9.681312716709505883e-01
9.679177958847072771e-01
9.871722734667796040e-01
1.000012431818358083e+00
9.948184038664329432e-01
9.655800468451727347e-01
9.891414628959921407e-01
9.852910445483673563e-01
9.912899617243832173e-01
9.906946071047626479e-01
9.775146563228571672e-01
9.878630240194792300e-01
9.812126627048283201e-01
9.768132148104349266e-01
9.847008818581792777e-01
9.809709678269656896e-01
9.809111303398915238e-01
9.578276616840946112e-01
9.915644380657393508e-01
9.782605499232209789e-01
9.794824178598783293e-01
9.921166112625816602e-01
9.864287855323088383e-01
9.936546745669091463e-01
9.806058578602231401e-01
9.839977839114366631e-01
9.598700132338342517e-01
9.700680480324338495e-01
9.870522780188029088e-01
9.860083110632820169e-01
9.771173437043910726e-01
9.778832962278394270e-01
9.831530561460745110e-01
9.756815829457043954e-01
9.838798305038111147e-01
9.626893454203087064e-01
9.754815901554937385e-01
9.779557534314183842e-01
9.889479041394477754e-01
9.767431510656912064e-01
9.625195864946218816e-01
9.698116757435527591e-01
9.955455879760147786e-01
9.792470232310579448e-01
9.720166891700012801e-01
9.866809106542768770e-01
9.732475881122597539e-01
9.896111153279580908e-01
9.965346815315072604e-01
9.882401852380510165e-01
9.920296476882762837e-01
9.606603378800110393e-01
9.919275851456139659e-01
9.830938831290587654e-01
9.880919178261838853e-01
9.481534548601859846e-01
9.691452038988898066e-01
9.703951212527279768e-01
9.864289898347552432e-01
9.653338105001569858e-01
9.894257351524804456e-01
9.844458462148286682e-01
9.482352515832345174e-01
9.804703006721872116e-01
9.868919285735657798e-01
9.839658801397208610e-01
9.520692454133681260e-01
9.505721139476873693e-01
9.678556950048252672e-01
9.900423240899609567e-01
9.932509754893618092e-01
9.479739871978180021e-01
9.821767259835862962e-01
9.919045700343525063e-01
9.911499878182272738e-01
9.790944889225745573e-01
9.908401967301605495e-01
9.942417798757151592e-01
9.925113930558601139e-01
9.687986551153062731e-01
1.003552708844119623e+00
9.612632099856506240e-01
9.837597717531234576e-01
9.764300168344781650e-01
9.585888052527871128e-01
9.890566951682310259e-01
9.807417181114054250e-01
9.818384362761041206e-01
9.882988089266403486e-01
9.803628070795885607e-01
9.767589377868213241e-01
9.711925506338374703e-01
9.773816232944650961e-01
9.868845497400717814e-01
9.794505432856137617e-01
9.793360466940501663e-01
9.825108374651753129e-01
9.997837009492810401e-01
9.658159724483659225e-01
9.887475796572193776e-01
9.862748696035275042e-01
9.760096260113584332e-01
9.758489242618969550e-01
9.874965025164039734e-01
9.608063945108081816e-01
9.518699393356085947e-01
9.610036555892459420e-01
9.582717069230309859e-01
9.710564423562763059e-01
9.850335352265598976e-01
9.862799761178858704e-01
9.765533033359181658e-01
9.815866649062688909e-01
9.665053359828302826e-01
9.874182175634677039e-01
9.712361163987554002e-01
9.837714548647471524e-01
9.781019547483247312e-01
9.883216951339879319e-01
9.893210954003065494e-01
9.959028254447065409e-01
9.794854612195904586e-01
9.937596311828201801e-01
9.817254466861617956e-01
9.959362101230313513e-01
9.644724883519902869e-01
9.783745805355693603e-01
9.880576068181778915e-01
9.871179177914436442e-01
9.672266873039017110e-01
1.001496136841227624e+00
9.855887380032948286e-01
9.761554289443531429e-01
9.613391468210444879e-01
9.884141435882952686e-01
9.836863941260400868e-01
1.003576769948835601e+00
9.811130672911843043e-01
9.851639355561684352e-01
9.741949759281292032e-01
9.791457034829131878e-01
9.929189298368679140e-01
9.834451862517726850e-01
9.720345303968193074e-01
9.316910280202240768e-01
9.848067025763379556e-01
9.798687902406058026e-01
9.666731391714036281e-01
9.586593865355002020e-01
9.712166146866456629e-01
9.888163348543763664e-01
9.922622487714293227e-01
9.836432362114793104e-01
9.771407654202601822e-01
9.675147248972680858e-01
9.858498520926141095e-01
9.877570536784461286e-01
9.817020677258652128e-01
9.889420333984222378e-01
9.615683045955613073e-01
9.651646377465825655e-01
9.834792888200557526e-01
9.947384725939728556e-01
9.910469632138775298e-01
9.921412031225805839e-01
9.825075592650533984e-01
9.778618589611173251e-01
9.762367963453176811e-01
1.003221694588747992e+00
9.764028969582135842e-01
9.812174521697386576e-01
9.748627537544719557e-01
9.985205884567779355e-01
9.863975322235738474e-01
9.851758017885847707e-01
9.795947484476705824e-01
9.878270292788630114e-01
9.688656212328371486e-01
9.750850269626248901e-01
9.751446628432264285e-01
9.882062633425690024e-01
9.637048613725271995e-01
9.737213019616817178e-01
9.681518635880111967e-01
9.844582408139406215e-01
9.570720859322474627e-01
9.599126752558115871e-01
9.832438833752876750e-01
9.697804853879516962e-01
9.742282677592775109e-01
9.904194493886452344e-01
9.892533812097914492e-01
9.994367460596337294e-01
9.908305281348651627e-01
9.460047844015539997e-01
9.842058671170242912e-01
9.916088961734411678e-01
9.848361979833044622e-01
9.790008279678253933e-01
9.909042467249185027e-01
9.674907845081184288e-01
9.864633979855236268e-01
9.792838809550997725e-01
9.613462225759263902e-01
9.716538934981493458e-01
9.810803064784623384e-01
9.892148652273916598e-01
9.646570524923007151e-01
9.838212257664903371e-01
9.837345192273516670e-01
1.003753883231791377e+00
9.568156240214794606e-01
9.858141967703842878e-01
9.688460360235162661e-01
9.906102432290103676e-01
9.854391011011440771e-01
9.703324888883874122e-01
9.761829187328568969e-01
9.928845368441567842e-01
9.808237420468243206e-01
9.904892974642798276e-01
9.842649234395829394e-01
9.768641337891093013e-01
9.620057146293018446e-01
9.497497698868504479e-01
9.735253219030612915e-01
9.712679630822104171e-01
9.820930789233642821e-01
9.754136036511316110e-01
9.878230136435165454e-01
9.692882416352143204e-01
9.621101859853132821e-01
9.771561536126426306e-01
9.856347259579881781e-01
9.690260511197159587e-01
9.408976958420279813e-01
9.872302599928626243e-01
9.859944842134521492e-01
9.862175645616393371e-01
9.648980620862298574e-01
1.000740213019246205e+00
9.864561258702988500e-01
9.873575110619730033e-01
9.863821475736965771e-01
9.567002629248787526e-01
9.738165006064096740e-01
9.807956935085369032e-01
9.853601593331127173e-01
9.824002484043892203e-01
9.694152245438977245e-01
9.806829682107128798e-01
9.677559612923442023e-01
9.746560820213187037e-01
9.888553033859301955e-01
9.979559140530421812e-01
9.743159181709351024e-01
9.826183691228628225e-01
9.867434287741916332e-01
9.660906723345986657e-01
9.711006073483083867e-01
9.625425884144618305e-01
9.826171857775908292e-01
9.817799112372582737e-01
9.531829698109968163e-01
9.747131918903825243e-01
9.789648044615648637e-01
9.908140753237751897e-01
9.821879008656010379e-01
9.909571618892448752e-01
9.471980801868410405e-01
9.760431079080934547e-01
9.874947233218475118e-01
9.559997838864332520e-01
9.859727675528748847e-01
9.885788489312350436e-01
9.866621053844890632e-01
9.799671144843127291e-01
9.830224670700755674e-01
9.755074465695123820e-01
9.714687865261925070e-01
9.877158204986230539e-01
9.763144529016964945e-01
9.894673484618168313e-01
9.812397681129559901e-01
9.778059938262418926e-01
9.698683936351450985e-01
9.905245469784282886e-01
9.368408899536754264e-01
9.828621666566491610e-01
9.904646503926991530e-01
9.760206356680548589e-01
9.464400096013166896e-01
9.837382961544339777e-01
9.713608964163962245e-01
9.660351055835976197e-01
9.806802431043780688e-01
9.725768652694569694e-01
9.716275871349454585e-01
9.891212261611791456e-01
9.780008358980224470e-01
9.805689535343592445e-01
9.777021934027608774e-01
9.909121649329445392e-01
9.709743759787446971e-01
9.690567838289547709e-01
9.943798385052775579e-01
9.744574844109000766e-01
9.753668506154535844e-01
9.859702356660376976e-01
9.787746807817673256e-01
9.893102322983262642e-01
9.647501043341479843e-01
9.591690839856739093e-01
9.912202980686315446e-01
9.600075126316079954e-01
9.812286155268968857e-01
9.855858866998852275e-01
9.688345894484958754e-01
9.855226305708634227e-01
9.791761138882646431e-01
9.819349664490101270e-01
9.967526953766140396e-01
9.869672459633851425e-01
9.943415015489671660e-01
9.813619413523294588e-01
9.836109114565581013e-01
9.564964063312006992e-01
9.679601103791277694e-01
9.925182232972894480e-01
9.887553473166180718e-01
9.822825752084732853e-01
9.877838776463025994e-01
9.814029017422599699e-01
9.938077358518561111e-01
9.748287242226556515e-01
9.630266120932901019e-01
9.692349200766858797e-01
9.890170910171225405e-01
9.786339503709357013e-01
9.837339778932120415e-01
9.702615254881929996e-01
9.744543069673894387e-01
9.650804284577081393e-01
9.790209372888571959e-01
9.865867919311769318e-01
9.862554737978627140e-01
9.785786019683089254e-01
9.840225433573498437e-01
9.759814465900620295e-01
9.792971931774299144e-01
9.848819554374556029e-01
1.002289476762715292e+00
9.763506788269653569e-01
9.941487899880963042e-01
9.809288942409781775e-01
9.527755651811691262e-01
9.628629726162203362e-01
9.821947724338276897e-01
9.689274678025913135e-01
9.439289125893358667e-01
9.828781734154200533e-01
9.245302568400189935e-01
9.559777842319470142e-01
9.827850546575187529e-01
9.600785961136983904e-01
9.760325782652632398e-01
9.467252716958367564e-01
9.820195904950458354e-01
9.393584608670950686e-01
9.749659143333199163e-01
9.637179788968133209e-01
9.563242981127816345e-01
9.623439276837113532e-01
9.827567073609840831e-01
9.701092817974622529e-01
9.931242810604854476e-01
9.678823891068172314e-01
1.004153423442659454e+00
9.799848244411512033e-01
9.831895551604816763e-01
9.898360938626680205e-01
9.854732632208402787e-01
9.828222833256431423e-01
9.715413340974552447e-01
9.872648933455347997e-01
9.803966260475079908e-01
9.836742409330024861e-01
9.810829869270145664e-01
9.835954762325480605e-01
9.815177567552324511e-01
9.897709430379109108e-01
9.661683547379724679e-01
1.002325906957765689e+00
9.745091958932150522e-01
9.609875615171240559e-01
9.865297404426401906e-01
9.827666842208694353e-01
9.924352204160848956e-01
9.670905011054261591e-01
9.760281197345975768e-01
9.791463217702911503e-01
9.830618048442280044e-01
9.781342518849381884e-01
9.776984282270371196e-01
9.834413224506108886e-01
9.752853439213321485e-01
9.784203814092417018e-01
9.603790705406585193e-01
9.928339194624725694e-01
9.909030382726333741e-01
9.808257746930637566e-01
9.841437109943634853e-01
9.591192320592545340e-01
1.003067067129733037e+00
9.818507473311576250e-01
9.791302436752218341e-01
9.972778333510204929e-01
9.848503833355580772e-01
9.941580015664579495e-01
9.702165265199600430e-01
9.762130478335055983e-01
9.822161217579878922e-01
9.738212487067157141e-01
9.819806386572782486e-01
9.729223763206311659e-01
9.775672627737117537e-01
9.837099282853588589e-01
9.647104649786618635e-01
9.861489328346082495e-01
9.801501761643932609e-01
9.935281947891692056e-01
9.851583902372119672e-01
9.877029990115611113e-01
9.890973905994894233e-01
9.885889208259338590e-01
9.801905582372022474e-01
9.769237549745463101e-01
9.876676207018245668e-01
9.694300070273986769e-01
9.677676198019964371e-01
9.882569265121790014e-01
9.721831237388460778e-01
9.903348923018053807e-01
9.864793255740628153e-01
9.816499048444629061e-01
9.822652183344336985e-01
9.883847218737847884e-01
9.834600589290544148e-01
9.726270376570050891e-01
9.834254851944139730e-01
1.006338751705547541e+00
9.572846934825691712e-01
9.663746620671833654e-01
9.747827231730303854e-01
9.966073156558884483e-01
9.834078739643492550e-01
9.657658732043262750e-01
9.801022622136347229e-01
9.929329564852569234e-01
9.832169948825295602e-01
9.767948520545292057e-01
9.581016795090872007e-01
9.567919877061699108e-01
9.799461961320952152e-01
9.507927305839553034e-01
9.755979441161943821e-01
9.775822560548832474e-01
9.952997848538971404e-01
9.862993389458220017e-01
9.921990480683910985e-01
9.907723455362641429e-01
9.719844989570343152e-01
9.913963925425482993e-01
9.683177590431423232e-01
9.857775279456477691e-01
9.860542228373440077e-01
9.912113994523921168e-01
9.848806582909440666e-01
9.834792596913312090e-01
9.806265931515761869e-01
9.958309590820296764e-01
9.798905108894833127e-01
9.887685733051887471e-01
9.813787198471860540e-01
9.897525390798019851e-01
9.954604568457859903e-01
9.846858184311668705e-01
9.785908654853614497e-01
9.736539845785878722e-01
9.601410978012603348e-01
9.764339685649318090e-01
9.804481551426116326e-01
9.780507891284878630e-01
9.722032074694292314e-01
9.908159870754152942e-01
9.738613035736093382e-01
9.861521465162599309e-01
9.682564852212445228e-01
9.934061265038677258e-01
9.828132779935135899e-01
9.844326965434838650e-01
9.845656727178684342e-01
9.738108615631625442e-01
9.634836573503562374e-01
9.716425141769839957e-01
9.758862397529254329e-01
9.826652300489500114e-01
9.827755626999026273e-01
9.929835571446536946e-01
9.843061458042232648e-01
9.928638975770424091e-01
9.681756147601571216e-01
9.697679308608686544e-01
9.959123114791239573e-01
9.765131287345960587e-01
9.933080732866508278e-01
9.926623710647763943e-01
9.597981193304924163e-01
9.800913923645504511e-01
9.687526718474638310e-01
9.960963334258302604e-01
9.678252822944747313e-01
9.819060320877407433e-01
9.817999057220981873e-01
9.806741192944707919e-01
9.570189483749096393e-01
9.962059996020570241e-01
1.000246292924100944e+00
9.847136795956101807e-01
9.830166691805024559e-01
9.838070179321258824e-01
9.868207765942925702e-01
9.898186607097060330e-01
9.866458449714295975e-01
9.929948286142137315e-01
9.868968865882041808e-01
9.686501794131452403e-01
9.964171676960922319e-01
9.987308435622770375e-01
9.873243620081304517e-01
9.742429078806524867e-01
9.723533806878134067e-01
9.556491464385791224e-01
9.860388002307046706e-01
9.853395638203733542e-01
9.896873230313838476e-01
9.879369054353619450e-01
9.461286931857958438e-01
9.813544565023004651e-01
9.846744526848828505e-01
9.839590388155884382e-01
9.561101208885651737e-01
9.847913411083545343e-01
9.865012570019922045e-01
9.857997648483991515e-01
9.843337057102293786e-01
9.634099577042753992e-01
9.876698747322120164e-01
9.900637193081148757e-01
9.867745600309261178e-01
9.535469027072661641e-01
9.868514224422657577e-01
9.915077128180428412e-01
9.858537880276750931e-01
9.650888277152837036e-01
9.813659669587215806e-01
9.791123003073323172e-01
9.848208160176042947e-01
9.907556780853929990e-01
9.869498204181306189e-01
9.755280344069902076e-01
9.824321206337932599e-01
9.885155868151817016e-01
9.673616279162953191e-01
9.694178220461526774e-01
9.611797960607341151e-01
9.697090710923109702e-01
9.814317734969005835e-01
9.893295919766814661e-01
9.702725558394870164e-01
9.829513759006677232e-01
9.798978778605502704e-01
9.709072623339271013e-01
9.715329417553264513e-01
9.704361098895104565e-01
9.816385657622539451e-01
9.794241286205456198e-01
9.874121246203225732e-01
9.355514308010134394e-01
9.816317481351795049e-01
9.810243049803145654e-01
9.660455983984082007e-01
9.468770793779790473e-01
9.793241217336120519e-01
9.702555058960535828e-01
9.848782741147172892e-01
9.534575003233930479e-01
9.845364026623720788e-01
9.877344131715454223e-01
9.712924553010108264e-01
9.699001429127346308e-01
9.600106791145621710e-01
9.656078964411904941e-01
9.789163256414040726e-01
1.006556099739252863e+00
9.890731741830414148e-01
9.842378025981843859e-01
9.635148659712973185e-01
9.929544245704252647e-01
9.924831049892490764e-01
9.827887322496116074e-01
9.742104503452108100e-01
9.821919271822722175e-01
9.796364814680141864e-01
9.900758303774496172e-01
1.000109600822721712e+00
9.865401842414459610e-01
1.000728474420727876e+00
9.595155374633106415e-01
9.766668272306754384e-01
9.717128311287773768e-01
9.842976260639516584e-01
9.541063282941735224e-01
9.669758288695309290e-01
9.871138927930994678e-01
9.813629787360058643e-01
9.838671903525951778e-01
9.716164284581367827e-01
9.803881443508970506e-01
9.863049281842625193e-01
9.881855084541563139e-01
9.875705752530502535e-01
9.828139277228045145e-01
9.862509480680460294e-01
9.708708313375070675e-01
9.494813217038272635e-01
9.975478019890884340e-01
9.710427244214016040e-01
9.695048420396291666e-01
9.748319031258178002e-01
9.895145589787347484e-01
9.911043531486840585e-01
9.974931348442687140e-01
9.785003660318409846e-01
9.646210137040146515e-01
9.692367780700382740e-01
9.814173184073547995e-01
9.719543143488569292e-01
9.945791503893653962e-01
9.833695702849455378e-01
9.826700490420968714e-01
9.896618853692213946e-01
9.927673824786042989e-01
9.830110869310377808e-01
9.837167977175900191e-01
9.868227300366020360e-01
9.752569920693038297e-01
9.713890715211094262e-01
9.899379130634221591e-01
9.906031780134569864e-01
9.837380708846866773e-01
9.871289757906360762e-01
9.634552770530890875e-01
9.849343936572507729e-01
9.980866429982221399e-01
9.813841286450032397e-01
9.838381228920629606e-01
9.861118334369555205e-01
9.864568752961764275e-01
9.706736631064034615e-01
9.505914693627230960e-01
9.504352882851487827e-01
9.719806495008715963e-01
9.576532169810877404e-01
9.852359686516464210e-01
9.778434416876763402e-01
9.696738560788196182e-01
9.582521200665010674e-01
9.888615072492678015e-01
9.824691969216895471e-01
9.621940410797749088e-01
9.860455761656309326e-01
9.657655439323178381e-01
9.893089225002080767e-01
9.671383805669929723e-01
9.909174752292424504e-01
9.794858957139404021e-01
9.685225173395646259e-01
9.856911415193997383e-01
9.814172837582567643e-01
9.892742073673884695e-01
9.675667038292011801e-01
9.806491415425381275e-01
9.630981686391519858e-01
9.947985822454974425e-01
9.824006168607983813e-01
9.771348671543986786e-01
9.944543741926908931e-01
9.890619679183412227e-01
9.781009781802431080e-01
9.776545094264800229e-01
9.836484491024534149e-01
9.917756256392222802e-01
9.740759322247095620e-01
9.826150266291062696e-01
9.819971361987737124e-01
9.818267254628638696e-01
9.786616514087653762e-01
9.927057668049968919e-01
1.009842640424357230e+00
9.948159064943883356e-01
9.831227245278544302e-01
9.805111047444825534e-01
9.923832178629867773e-01
9.590793915850280849e-01
9.994339521420970707e-01
9.821973851005281198e-01
9.495984650040822928e-01
9.724076110582240418e-01
9.876763904035957831e-01
9.901114040098595304e-01
9.783206824798880152e-01
9.709586434442900593e-01
9.734515920159371172e-01
9.736237511980413428e-01
9.843503527654923202e-01
9.827939977908141111e-01
9.724755282438818371e-01
9.850424744228608587e-01
1.018089959793452737e+00
9.947295814286094551e-01
9.839215213033609686e-01
9.866853383926178500e-01
9.616473116429195001e-01
9.936182988877625410e-01
9.881282702337333967e-01
9.813934463252361740e-01
9.863882139131399107e-01
9.433266076485073981e-01
9.772266555524350418e-01
9.752976858167839991e-01
9.859360791960438686e-01
9.769766756667281893e-01
9.604916286486165911e-01
9.944411762116686093e-01
9.787080897342258501e-01
9.717687390324827312e-01
9.933512583997775591e-01
9.819518580011303843e-01
9.811855823959075851e-01
9.600221134897753972e-01
9.899935780065607371e-01
9.773592670596612519e-01
9.680345646587252828e-01
9.874224913416362881e-01
9.781312739100020970e-01
9.845642616377646705e-01
9.886670680247358067e-01
9.903235012213151833e-01
9.850917778608125897e-01
9.843137735112493791e-01
9.819675440126702792e-01
9.827809760370336267e-01
9.831911517728580963e-01
9.654972392835428074e-01
9.940770902987613455e-01
9.655391594983608883e-01
9.811121973434856480e-01
9.727125105332306010e-01
9.644666473448320065e-01
9.873320589447314166e-01
9.658259254064455179e-01
9.537434977693100002e-01
9.913076212983936708e-01
9.655580188856773827e-01
9.907675356503664599e-01
9.860761631320147380e-01
9.890893957149357041e-01
9.798252267829691275e-01
9.908595561705143551e-01
9.517721705471928750e-01
9.842325048816616961e-01
9.920991724860391825e-01
9.828431272321511702e-01
9.936357747636470616e-01
9.954536849615273075e-01
9.858362100107873616e-01
1.006501255921346649e+00
9.857015900845407241e-01
9.946586483236986576e-01
9.701659634044548230e-01
9.671159344981662409e-01
9.807825071152701524e-01
9.509406988193986887e-01
9.910400930469127623e-01
9.875768723449346309e-01
9.849077274710950070e-01
9.938261323212611575e-01
9.826517950311461913e-01
9.639947213896620237e-01
9.779417092655499077e-01
9.911573252219930685e-01
9.754424701575754586e-01
9.733340225990959604e-01
9.827462126747156246e-01
9.580197905753886634e-01
9.986242976942988347e-01
9.748598559452752443e-01
9.468681685300590622e-01
9.837807463211537540e-01
9.797112860111861776e-01
9.644113739102480043e-01
9.815101441123316173e-01
9.965318974574962629e-01
9.859882066078516916e-01
9.907234048195880938e-01
9.857060833746292827e-01
9.787539915758063369e-01
9.770400731130063354e-01
9.778400778063575105e-01
9.841417678349763110e-01
9.784065671116338736e-01
9.884560583119498256e-01
9.959235131133939989e-01
9.900784828467501519e-01
9.820138333185064461e-01
9.899132944971321679e-01
9.411419528303711646e-01
9.879454188958892713e-01
9.783558380130572552e-01
9.658032934200316832e-01
9.797930611515758281e-01
9.665630644163623053e-01
9.837345660236436196e-01
9.823133765261968797e-01
9.906985701344424022e-01
9.816163637464827563e-01
9.817242041360727534e-01
9.756269118304534693e-01
9.480725807179358755e-01
9.949290019577954336e-01
9.824232964753217834e-01
9.782955021500495674e-01
9.856718999756243216e-01
9.822041695446366294e-01
9.892598952059089568e-01
9.736998480627281349e-01
9.860323213528630060e-01
9.763436119521576861e-01
9.713744570148832302e-01
9.688447645461674140e-01
9.744219766352963941e-01
9.804198163963226964e-01
9.776055042245692661e-01
9.943027605909965372e-01
9.741265938810415026e-01
9.930857655755079838e-01
9.838350364179282437e-01
9.809145035614121877e-01
9.761676285090701288e-01
9.904863599222577530e-01
9.716017944557814312e-01
9.871048187290296649e-01
9.963552332360153807e-01
9.562088909678948534e-01
9.764579183175702282e-01
9.858964906441033405e-01
9.753949417210392436e-01
9.881432148689857087e-01
9.931502051762454153e-01
9.846698846811022809e-01
9.862452052902097588e-01
9.910396379001055189e-01
9.867368883520453160e-01
9.994538115702591430e-01
9.788664018092627650e-01
9.807708242657048325e-01
9.865614692935726904e-01
9.522615230642512696e-01
9.685799029306593200e-01
9.329264084619317554e-01
9.758510438526557529e-01
9.564791353306348887e-01
9.927288322490228634e-01
1.000250555527005814e+00
9.787810977923905309e-01
9.862870534437226944e-01
9.597243882741424148e-01
9.960967375770803933e-01
9.479751473435736875e-01
9.758552186050540866e-01
9.971447350063492587e-01
9.875250966675140907e-01
9.953618316593991766e-01
9.857631057616221826e-01
9.919900084778920935e-01
9.770466005794243847e-01
9.538069648239332343e-01
9.947563155777202626e-01
9.399026684716675906e-01
9.604845604184815144e-01
9.505694042699465163e-01
9.868175782437239585e-01
9.699165176126145482e-01
9.594756350205647655e-01
9.797046870594604551e-01
9.412330339005336999e-01
9.650565870591981676e-01
9.833238886189381578e-01
1.003244456071638924e+00
9.824086579295484567e-01
9.954377356731691773e-01
9.837510300330494228e-01
9.911617546329062334e-01
9.730220632057984265e-01
9.756084411099417153e-01
9.667381517621167486e-01
9.873542688015333191e-01
9.738744082355097476e-01
9.679005387638887070e-01
9.710483981803373910e-01
9.873924070300775790e-01
9.853664667037308478e-01
9.926362294211350523e-01
9.754679613675989458e-01
9.555504073851077695e-01
9.127192708653577569e-01
9.700423152530035509e-01
1.000766071745849972e+00
1.014670643980062126e+00
9.839346498307839362e-01
9.903074045880634335e-01
9.933802678030120292e-01
9.929925474802577812e-01
9.604605271957328272e-01
9.719258731936388784e-01
9.883238475638379539e-01
9.820767456352873515e-01
9.884076307292691821e-01
9.894875946596705107e-01
9.848394794572784550e-01
9.909481219378620809e-01
9.612770016744424106e-01
9.745081173386925810e-01
9.865095782228666677e-01
9.961538615973630773e-01
9.854926530031405951e-01
9.909486235881160843e-01
9.489298961018098888e-01
9.945284529313547228e-01
9.900930276061379320e-01
9.974078018904574128e-01
9.629983771973905649e-01
9.850243423540794296e-01
9.793797969552513472e-01
9.904918759917906712e-01
9.536111525604477057e-01
1.012025323947644662e+00
9.911849051488330620e-01
9.883488382836885799e-01
9.853128020108509189e-01
9.794405835478081634e-01
9.668969646047734789e-01
9.592150168597600723e-01
9.749247325138218345e-01
9.634561509157054671e-01
9.551820447975082340e-01
9.715118276340093395e-01
9.843946554836674467e-01
9.826777237569047641e-01
9.781846288972322334e-01
9.644216062314469040e-01
9.888079699709846349e-01
9.780771322705730242e-01
9.860967049362594494e-01
9.707519993106014100e-01
9.886908092284854011e-01
9.531906651762114269e-01
9.881377373657110885e-01
9.718841496652963485e-01
9.917369561918556453e-01
9.807459138676712929e-01
9.891909201019373210e-01
9.986792607917279740e-01
9.750673592541169166e-01
9.510228980606855176e-01
9.827980527782136377e-01
9.819628153630257650e-01
9.668798183211261277e-01
9.707452604037151156e-01
9.438179710958304325e-01
9.808055589515509709e-01
9.754536106174118704e-01
9.331232117190881858e-01
9.791209751413315621e-01
9.853535423823802653e-01
9.874840504077178061e-01
9.655174151554966055e-01
9.893532534542166523e-01
9.892899242335201349e-01
9.909002845599025333e-01
9.620643401437016795e-01
9.836663884495094878e-01
9.941202024512746371e-01
9.874863562310551846e-01
9.981339477317910935e-01
9.859237000398561879e-01
9.676159651737865630e-01
9.864311355995124542e-01
9.848710788393524318e-01
9.953593360252781519e-01
9.659113078757304294e-01
9.865292733337656106e-01
9.609531310780582425e-01
9.916297097318533815e-01
9.736695983321250747e-01
9.866347337417893382e-01
9.824111753905467870e-01
9.852500473390426450e-01
9.646471061165634575e-01
9.652180024099291655e-01
9.955786374836403940e-01
9.595692064758217787e-01
9.457789168434475036e-01
9.629066730255828599e-01
9.591763758893632197e-01
9.823354469192949745e-01
9.703891189407980455e-01
9.537787336028465957e-01
9.730619466495318282e-01
9.618222895819165119e-01
9.471435840962902919e-01
9.895401051154032457e-01
9.774089825419072231e-01
9.912731369984010277e-01
9.920048166245915011e-01
9.894465662042740695e-01
9.741485249119689049e-01
9.882345015129841981e-01
9.622295889581198303e-01
9.886453664760729287e-01
9.898225387856344204e-01
9.840382079238605417e-01
9.444280966617631945e-01
9.966149284685279497e-01
9.481269390333012526e-01
9.830106820186529371e-01
9.911571437059053524e-01
9.804579873192531547e-01
9.748961462620288065e-01
9.885186891773292128e-01
9.863275313712470682e-01
9.851456846914246057e-01
9.769969867659284990e-01
9.805914310324396199e-01
9.792501251646632543e-01
9.913123421191342155e-01
9.803423011478070714e-01
9.863361701957956695e-01
9.965722248592995269e-01
9.460452213419003886e-01
9.701283469050823172e-01
9.781358293277976346e-01
1.000050708583964942e+00
9.783260569153892083e-01
9.825346028358962203e-01
9.709761283895607109e-01
9.913436416526831829e-01
9.600356255091168078e-01
9.846238742206364636e-01
9.620355373921082309e-01
9.853781416863746090e-01
9.909116235022034092e-01
9.502568222436629242e-01
9.904144146939539706e-01
9.820274502303708575e-01
9.647809280545872612e-01
9.700979526439045264e-01
9.854682501502258773e-01
9.897608058525598773e-01
9.775244029562125680e-01
9.477803314796418022e-01
9.899910989479543399e-01
9.849515140028967108e-01
9.700596005452479798e-01
9.893028370638735636e-01
9.831028633646821113e-01
9.814030671658243721e-01
9.733672030038318379e-01
9.746168352622709419e-01
9.806721071686271829e-01
9.926183356365313459e-01
9.843020332326997135e-01
9.799386694705018996e-01
9.785363951713244024e-01
9.496016809482301646e-01
9.425822360713386194e-01
9.604503453199866314e-01
9.889208022147695232e-01
9.532890534410709549e-01
9.898567581478368016e-01
9.682854520375170360e-01
9.715878481618173135e-01
9.900266296876824024e-01
9.775967115426567045e-01
9.827908004451995083e-01
9.872545983444621642e-01
9.860387646755041091e-01
9.900922507861601440e-01
9.847646166926388167e-01
9.825352849504116470e-01
9.871325191995145021e-01
9.818813355655866548e-01
9.897028880821475694e-01
9.817799470512814652e-01
9.944578823107750321e-01
9.720981412240570219e-01
9.751757281678741229e-01
9.805333043303487983e-01
9.880053798328858328e-01
9.941365259537074950e-01
9.732548909922831282e-01
9.691973384455006002e-01
9.648395421703757080e-01
9.675329436387820614e-01
9.980972788500362958e-01
9.854121169273569736e-01
9.830401723775022971e-01
9.881387389676372646e-01
9.998825079147883876e-01
9.867025221956995384e-01
9.814581500177550488e-01
9.801338907714527426e-01
9.631016921639170558e-01
9.878692157441609778e-01
9.661775474956546539e-01
9.325009607806936662e-01
9.776776447617787635e-01
9.838409147667498411e-01
9.822309813849380289e-01
9.575548488091615296e-01
9.511181768355623234e-01
9.829956615814853249e-01
9.784970306360690762e-01
9.751418715663838777e-01
9.699509510153224712e-01
9.781752285633397159e-01
9.563842989564786956e-01
9.686583594217027526e-01
9.865619821851133731e-01
9.914240445803526036e-01
9.875783224428581475e-01
9.867549235535378882e-01
9.922427822899843042e-01
9.848877048603291717e-01
9.777268020997063047e-01
9.886600788342471136e-01
9.740322222003124919e-01
9.943040519783717945e-01
9.871137223262618221e-01
9.775139679789719427e-01
9.726649678511118946e-01
1.011293421067121168e+00
9.606794593624232714e-01
9.904588539733131247e-01
9.913480730634702809e-01
9.850157172202621547e-01
9.785025985719136843e-01
9.828054917809633251e-01
9.888670683374113368e-01
9.985794749984771013e-01
9.946105623057224232e-01
9.611205148146612087e-01
9.687784536577975780e-01
9.820531117387542031e-01
9.810598754608433891e-01
9.608213082067839084e-01
9.886597780354532405e-01
9.803149912229776053e-01
9.887909152698193260e-01
9.869094413599075466e-01
9.427245669052181087e-01
9.502992198508377619e-01
9.938967337482538245e-01
9.736797175120900372e-01
9.733815922342012872e-01
9.653151780863997722e-01
9.873850538618983430e-01
9.898615388685160221e-01
9.659349156385231838e-01
9.713949805273670579e-01
9.745988083005096003e-01
9.795134605877239276e-01
9.821644381147430769e-01
9.568309443492475364e-01
9.884447269444200934e-01
9.985112844856732783e-01
9.719552603093196685e-01
9.795144499199863741e-01
9.898665088221910713e-01
9.940043463619300246e-01
9.722688242527549596e-01
9.674774125500276156e-01
9.765774633651180814e-01
9.814113920965722437e-01
9.910999528009850623e-01
9.428000710623561931e-01
9.865725412496837432e-01
9.824889961663031412e-01
9.907744296677704066e-01
9.682164342190920925e-01
9.757513049115497106e-01
9.822760520027504771e-01
9.618507968270586517e-01
9.836235246867872650e-01
9.923823386829130344e-01
9.795806937857395313e-01
9.745914435155454969e-01
9.895088862241004923e-01
9.776378861847908608e-01
9.727714203175246155e-01
1.002285290421115915e+00
9.796399067492096435e-01
9.659333798106303215e-01
9.869771846870004639e-01
9.923439862449513482e-01
9.720262043708679522e-01
9.829890646323757863e-01
9.790383561348233732e-01
9.679683507506311457e-01
1.002103991924519599e+00
9.881712505789354006e-01
9.999026454513837425e-01
9.879329542179744461e-01
9.804558535420229148e-01
9.685749687701290522e-01
9.879207554627378318e-01
9.943113314600150465e-01
9.225486086323905210e-01
9.572931264433911513e-01
9.693449215495923976e-01
9.763727908113037923e-01
9.787509334216375478e-01
9.875425450034912567e-01
9.905402612359472947e-01
9.557538295369972792e-01
9.858611330815676421e-01
1.009185744385366457e+00
9.845840551041290523e-01
9.798283855486062954e-01
9.950389265202675970e-01
9.749945926999231682e-01
9.863033106554364160e-01
9.533773077557370357e-01
9.773992477793761458e-01
9.585924832709392662e-01
9.775128847624136030e-01
9.598266661601885241e-01
9.924598729958215015e-01
9.376795361332411760e-01
9.813373982487366698e-01
9.623124887647387382e-01
9.797929288048133900e-01
9.780186863849329448e-01
9.781183892232039323e-01
9.857156846483976498e-01
9.920188966501656269e-01
9.797275861805256891e-01
9.893721337418198702e-01
9.841698865932029250e-01
9.506651725723107571e-01
9.876469377555697760e-01
9.725428809691696319e-01
9.778106086872293545e-01
9.826889592293724940e-01
9.706191952619539487e-01
9.941765108438817000e-01
9.871076290973391787e-01
9.638281880842329841e-01
9.865795884178708564e-01
9.861634516826911501e-01
9.758378995966670022e-01
9.528467731379099970e-01
9.403010871499453138e-01
9.680139589175081882e-01
9.506219127939670166e-01
9.724424588282052362e-01
9.698267640470104034e-01
9.739269717506733315e-01
9.648181114756418930e-01
9.815823096513563994e-01
9.626753581077692745e-01
9.527694234272228169e-01
9.627341451841936459e-01
9.677285509131844377e-01
9.873200327058510029e-01
9.784560471774162993e-01
9.821346464697467971e-01
9.837492681401227568e-01
9.760562532364106536e-01
9.816667784096086979e-01
9.716964359556312658e-01
9.772433798792046211e-01
9.827249802980176918e-01
9.775369188099523043e-01
9.851702380297613360e-01
9.732968701031903258e-01
9.850337718721212665e-01
9.713313958421719851e-01
9.932300016375839036e-01
9.932523194919324894e-01
9.578855340622566272e-01
9.605847079503977426e-01
9.855820862307426156e-01
9.566015255961609620e-01
9.839800546494552602e-01
9.746701964761917969e-01
9.777986873606178131e-01
9.758679449939660078e-01
9.814845660358633150e-01
9.745444021501222798e-01
9.822026673572757938e-01
9.785768387814803848e-01
9.708947826192346753e-01
9.752218707866323610e-01
9.794768885370099820e-01
9.849153468487110707e-01
9.889989762082770364e-01
9.465580364704304639e-01
9.723765553340361079e-01
9.652293898196364630e-01
9.842672284311819730e-01
9.757760954485632521e-01
9.684466041522669100e-01
9.659229275434344508e-01
9.732275676232985395e-01
9.785448472656865793e-01
9.852497757961288238e-01
9.587076141732616685e-01
9.811258532153659395e-01
9.819572731834402823e-01
9.815038564835183443e-01
9.685356587450785204e-01
9.715412468060119489e-01
9.672241983929408260e-01
9.893567843770223469e-01
9.994420419811059775e-01
9.720860522463851128e-01
9.884411758391903335e-01
9.876838761677519951e-01
9.408323343639140024e-01
9.768015923034213399e-01
9.909871897497987137e-01
9.942019296850660437e-01
9.878903972083968865e-01
9.848383679074786956e-01
9.773294361006670261e-01
9.759655357303504974e-01
9.522426140577783249e-01
9.739161608877422438e-01
9.314236042399298698e-01
9.844513825941103580e-01
9.840330446467075998e-01
9.816888308334933422e-01
9.906139163970438810e-01
9.784188514266968228e-01
9.789555162997575222e-01
9.662505877306565294e-01
9.515001438021367663e-01
9.920380177726652038e-01
9.686607307518931842e-01
9.924055181261974834e-01
9.925754358973759572e-01
9.902606741054572614e-01
9.888656898105376847e-01
9.872695586617065144e-01
9.863473174205765748e-01
9.701956957066446563e-01
9.551936577999952105e-01
9.857485152702907261e-01
9.889217196558272027e-01
9.817923775592281022e-01
9.689204400956124008e-01
9.807545890787087162e-01
9.699298672621401440e-01
9.812716714288702846e-01
9.917186381454708988e-01
9.807847462540607575e-01
9.783088475714748489e-01
9.775278195873809972e-01
9.734752418152898823e-01
9.612891775567854458e-01
9.888211263125431527e-01
9.819581376405297490e-01
9.870681970606695055e-01
9.935014120666609827e-01
9.852022182821510432e-01
9.744593728162521673e-01
9.808629447293309989e-01
9.825306675286091806e-01
9.698463294049529670e-01
9.446848949969274267e-01
9.784553120162701179e-01
9.579350858754076548e-01
9.875815199322071081e-01
9.691645084299410629e-01
9.872952229535169044e-01
9.857246607779911463e-01
9.966685113872472135e-01
9.712198998308387843e-01
9.828418664910024694e-01
9.899482661886795931e-01
9.919967907077823499e-01
9.851607854692178146e-01
9.895970069719206563e-01
9.794503782233993094e-01
9.904492971966869508e-01
9.926109175057170608e-01
9.942568228102882655e-01
9.887475994390155787e-01
9.841613533210336051e-01
9.508081028632918708e-01
9.769828082763449828e-01
1.003166078553114460e+00
9.735679829287076092e-01
9.812135357305084016e-01
9.396314689375359075e-01
9.883086799121283406e-01
9.913897807237223025e-01
9.618553509739198315e-01
9.831558469795029787e-01
9.865577550567091736e-01
9.693258701040293746e-01
9.775795455668454537e-01
9.895304954177768231e-01
9.681411193025155626e-01
9.887206728277933010e-01
9.836138525724639203e-01
9.812212464638401244e-01
9.827072144074643356e-01
9.947315324526549984e-01
9.572459364966698914e-01
9.749400017863577572e-01
9.695549102587877055e-01
9.909286461984687655e-01
9.751073003855228460e-01
9.541195771190862374e-01
9.548819899713694159e-01
9.860899000686460525e-01
9.788064648245704547e-01
9.836364869053464410e-01
9.858478949611506614e-01
9.863313253738128505e-01
9.881470161258704143e-01
9.818293273425167111e-01
9.977220968552480418e-01
9.627716004647649539e-01
9.783431786453198331e-01
9.827264360662981701e-01
9.887563150209156548e-01
9.886484345155376330e-01
9.744401170020420277e-01
1.004041542821563437e+00
9.925536694740557664e-01
9.827354146206616070e-01
9.817293893580409936e-01
9.935294386953278378e-01
9.870230963620996167e-01
9.845259408044594318e-01
9.728674760226893037e-01
9.855389600493963398e-01
9.772740472336557405e-01
9.935658319710591879e-01
9.900829790593749236e-01
9.912238144082543556e-01
9.841641318628462365e-01
9.897506119517502921e-01
9.574850533547337728e-01
9.790751671925423949e-01
9.837707049845878515e-01
9.866582221404917030e-01
9.818837422427961759e-01
9.765591151480924603e-01
9.736210741557549397e-01
9.597853514082766990e-01
9.780494960732549758e-01
9.866388576595873650e-01
9.733107581389277563e-01
9.651399824787822990e-01
9.746354608506245798e-01
9.805438741198412300e-01
9.809842584848548208e-01
9.747495809173550851e-01
9.839072867392065769e-01
9.397272130043256011e-01
9.751515216143187281e-01
9.727608401008611683e-01
9.890293378925257839e-01
9.880382472503344005e-01
9.810150698092231503e-01
9.834950016003570772e-01
9.699990710014516626e-01
9.828428468692372855e-01
9.817245495694858493e-01
9.836951171578792730e-01
9.927263314015863926e-01
9.862817250428763671e-01
9.536728253631665542e-01
9.808091953610376112e-01
9.883244458591284864e-01
9.757162570714376093e-01
9.754982744005553652e-01
9.617437344760483287e-01
9.690681023322599286e-01
9.891761970851690178e-01
9.866638091446970904e-01
9.941927982103567762e-01
9.643707010972910609e-01
9.853200591482139670e-01
9.832751057558229979e-01
9.876812726597242742e-01
1.002793622932675710e+00
9.880801648610720855e-01
9.718629704089710719e-01
9.692772065118232527e-01
9.597574119989572550e-01
9.574732839197698242e-01
9.792094011356903271e-01
9.930204164694576008e-01
9.756726875529625476e-01
9.903539104098482149e-01
9.856928646063899402e-01
9.817553034559231007e-01
9.776847031726314530e-01
9.962316756977601662e-01
9.626066117025953162e-01
9.752681874244749638e-01
9.775156977183507845e-01
9.490973761068806080e-01
9.750102150440053128e-01
9.826843825664584031e-01
9.806116235675492732e-01
9.785544227494699099e-01
9.872683438107867637e-01
9.771594607811526778e-01
9.872678708028266303e-01
9.810702744144139675e-01
9.777447904936211742e-01
9.652441549781556329e-01
9.959653272307947836e-01
9.868606116745068935e-01
9.939603046153200339e-01
9.533097440024117519e-01
9.782101078981374487e-01
9.906079870475300586e-01
9.868010671694008584e-01
9.890098607865501767e-01
9.905031909534953716e-01
9.764313441252593373e-01
9.759086815658588598e-01
9.821836153712286688e-01
9.854383650162756858e-01
9.779567113565458270e-01
9.699139616368233074e-01
9.776643170501644331e-01
9.889113430092283386e-01
9.490345600114264979e-01
1.006590235176209491e+00
9.855678762931793235e-01
9.722295780297129930e-01
9.763159647237944494e-01
9.825937398270356837e-01
9.924815770396061554e-01
9.426097848514166655e-01
9.693863304358338873e-01
9.701595873808533943e-01
9.918688337400047850e-01
9.829229952127316317e-01
9.745511166044308338e-01
9.882893484871285716e-01
9.892640590001762213e-01
9.667124970487726010e-01
9.820575301704889126e-01
9.872686012829617885e-01
9.743144339303889678e-01
9.671565509272292971e-01
9.834147488905219392e-01
9.825784099077062850e-01
9.901852037170534304e-01
1.003354016047665720e+00
9.862614551478157132e-01
9.494862541016351187e-01
9.675495543695095124e-01
9.905062593709330621e-01
9.387748391962654759e-01
9.615029891989834709e-01
9.868296998251260277e-01
9.587193507986708774e-01
9.723141360381387654e-01
9.726489773138431438e-01
9.683972781327955248e-01
9.891945108261827047e-01
9.774781677836317240e-01
9.869933126256005274e-01
9.792310029980687558e-01
9.765322663994411290e-01
9.700396515827099941e-01
9.732282332678792169e-01
9.927629449225312541e-01
9.813689808676901993e-01
9.819777252454188199e-01
9.838264200814476057e-01
9.763988438174795448e-01
9.995652597243468440e-01
9.919318029073527221e-01
9.698763984117173553e-01
9.856377569107800385e-01
9.774703936926791847e-01
9.942393018098778512e-01
9.960571218836328233e-01
9.816102666227487505e-01
9.742604814062556517e-01
9.984216735953269639e-01
9.686631717286191545e-01
9.665785197066379952e-01
9.979603971622910130e-01
9.746428109250993010e-01
9.689578017267427290e-01
9.672803154608066167e-01
9.913227057226121630e-01
9.685643370891032777e-01
9.862570728991827407e-01
9.947172179548661175e-01
9.733481465186045734e-01
9.856492410073302013e-01
9.898473059928865059e-01
9.757927380390748473e-01
9.799630144575658397e-01
9.797933077046611094e-01
9.870776878818477984e-01
9.835280903155810828e-01
9.619793601140905759e-01
9.983297440613285723e-01
9.745527257220977235e-01
9.964162122395026078e-01
9.918014335093102707e-01
9.737850564948786758e-01
9.944162994806208244e-01
9.643482716486949657e-01
9.767422585711253991e-01
9.685347066806304639e-01
9.832367142400917359e-01
9.913637722490512560e-01
9.876787234977735253e-01
9.821918870087477105e-01
9.588465264783240238e-01
9.842430134919646356e-01
9.850896263152250087e-01
9.924095665531449395e-01
9.798918942324992276e-01
9.700424106169964755e-01
9.799060264411847410e-01
9.844743921402251408e-01
9.825083074956577622e-01
9.943860252601134375e-01
9.616028236587125244e-01
9.801392135223216950e-01
9.324094959004073369e-01
9.725427563048945068e-01
9.872746502391448464e-01
9.810560643674287595e-01
1.004086952880070882e+00
9.876980874908417585e-01
9.529385119178638286e-01
9.690598829304427619e-01
9.828191376657463563e-01
9.818436676840541777e-01
9.819093066535674597e-01
9.735233124801953020e-01
9.619950801301047072e-01
9.828790041678048262e-01
9.506165675600626308e-01
9.525087431955905348e-01
9.591217417792436972e-01
9.920998630013182495e-01
9.962722035422997280e-01
9.694706404678099521e-01
9.869096488764822483e-01
9.833007996723147626e-01
9.830204017408616934e-01
9.648534385684904846e-01
9.807703494659256727e-01
9.727003394377551349e-01
9.862396205747882005e-01
9.813000958771764815e-01
9.868875408930884996e-01
9.796782179154897019e-01
9.692105109322352030e-01
9.884251665315569868e-01
9.695674033266521441e-01
9.872751141594311441e-01
9.808848522910232903e-01
9.716770946907585804e-01
1.001372037862168218e+00
9.591464671683785914e-01
9.453404638129357940e-01
9.890636501463034858e-01
9.769079944110343749e-01
9.765232015215203898e-01
9.820641813537590581e-01
9.795973472142751604e-01
9.930619104381160911e-01
9.869488784021061001e-01
9.794340736610684939e-01
9.856958218781219916e-01
9.870481661485271951e-01
9.817100136313807734e-01
9.803522168511139556e-01
9.944806708343251200e-01
9.691589333534871287e-01
9.821970263059301987e-01
9.786517031038559633e-01
9.659750538381333129e-01
9.680924883523658320e-01
9.601450598333554076e-01
9.841272570743028192e-01
9.883924862758382002e-01
9.721388205180272468e-01
1.009525565211694342e+00
9.886287553849314458e-01
9.691468402091972800e-01
9.934631053280669200e-01
9.724169172305080489e-01
9.847170122997865871e-01
9.824814656111371391e-01
9.709091687071971233e-01
9.897170863255349005e-01
9.660737402533332574e-01
9.750138753693611271e-01
9.812353691928102917e-01
9.827635436434177807e-01
9.820804257022396344e-01
9.749253520095116921e-01
9.568518401359310532e-01
9.873193143898946200e-01
9.677839742433215209e-01
9.928696966698469240e-01
9.704405082087791401e-01
9.941626820596206615e-01
9.836593566631078867e-01
9.582182225521876928e-01
9.846574226027989818e-01
9.595635494716300284e-01
9.760214566863953944e-01
9.763305451107872068e-01
9.873252245758864509e-01
9.927383209161116939e-01
9.794712604493586161e-01
9.764768408705710723e-01
9.536694353880124098e-01
9.986505423417958438e-01
9.899270700744868812e-01
9.717261206721953259e-01
9.968674978339545634e-01
9.935833711308001970e-01
9.876284874020420101e-01
9.809814537792219680e-01
9.864825271922005312e-01
9.747012009053078740e-01
1.000975813573386386e+00
9.742990662884617459e-01
9.871314816837200024e-01
9.665497559455796805e-01
9.404287461859703878e-01
9.888662967400153603e-01
9.862214330527933059e-01
9.468083061953186386e-01
9.932654637753152160e-01
9.781016249651006689e-01
9.769073832285743997e-01
9.945654203349566513e-01
9.870256449704584156e-01
9.873464167078684905e-01
9.854493859996398264e-01
9.817593833491817801e-01
9.491339245378980216e-01
9.921441961569584800e-01
1.003152794588671348e+00
9.823252883362993959e-01
9.516023049386594934e-01
9.804243652893659400e-01
9.899824835971915427e-01
9.858810404992587317e-01
9.735669889701761281e-01
9.973392276481154450e-01
9.823752113980561695e-01
9.882090845262735401e-01
9.921586051569218911e-01
9.600597687736697194e-01
9.789896214443610800e-01
9.671702635022504380e-01
9.718885116483231279e-01
9.841258701803595743e-01
9.818436096104755650e-01
9.902033377800317782e-01
9.871958406929436380e-01
9.872665699375220427e-01
9.811054898204867314e-01
9.880648465806073366e-01
9.920853317715584430e-01
9.761601532484007748e-01
9.833671335420504089e-01
9.719790559144888542e-01
9.889946156738022021e-01
9.698433446433269989e-01
9.758228747327307717e-01
9.780250274508948127e-01
9.841796574864907221e-01
9.914807498755836557e-01
9.865597395956602345e-01
9.813403210638825813e-01
1.000812399444800160e+00
9.906224630610517279e-01
9.721164896971082880e-01
9.786893141271517660e-01
9.557188420309540300e-01
9.900111635270182342e-01
9.738691457226359427e-01
9.759800115856317460e-01
9.743148112422530538e-01
9.744597589512437041e-01
9.883550123122771813e-01
9.784832412082543618e-01
9.578869826702717249e-01
9.957240760337507934e-01
9.783975495353175456e-01
9.778230207429471355e-01
9.792345575686788317e-01
9.669372188201674767e-01
9.765321631688876902e-01
9.764353491628886550e-01
9.789212265323765649e-01
9.387513400126016316e-01
9.670445926042476881e-01
9.859796180334871041e-01
9.775623546750941140e-01
9.724920682620732393e-01
1.000712996565571888e+00
9.618175252275935616e-01
9.550799999806556251e-01
9.831873966922675123e-01
9.904440008669990192e-01
9.775914212084995114e-01
9.604874302589175850e-01
9.793683684207920015e-01
9.587831686876227000e-01
9.921995626850651506e-01
9.881625999448436781e-01
9.878000811417453342e-01
9.715931864188840361e-01
9.485460359264689112e-01
9.856590821114831202e-01
9.779606127041448049e-01
9.803834829038922116e-01
9.822442312644638074e-01
9.607730014359170401e-01
9.855623061856740863e-01
9.700197112461346194e-01
9.808491409103660130e-01
9.951976555462027640e-01
9.842459273365697925e-01
9.812460809871167422e-01
9.915900635926703233e-01
9.833266833257795492e-01
9.531703101737774020e-01
9.793797873221129491e-01
9.727001476584002937e-01
9.886922792386376724e-01
9.727964475303932934e-01
9.921588701039295577e-01
9.929609006008253136e-01
9.862881180353880728e-01
9.648294864861622910e-01
9.967083362022932658e-01
9.712150251202321671e-01
9.839340807287350055e-01
9.906833288577633345e-01
9.826672123537059100e-01
9.896012868677027674e-01
9.793247987984388114e-01
9.894552631381954289e-01
9.928386609401961271e-01
9.680987316504925388e-01
9.749126155540788208e-01
9.985453682373470752e-01
9.963383099789623332e-01
9.835209125325672375e-01
9.828557870083994841e-01
9.632092793156804555e-01
9.763895255481567226e-01
9.694709080574301918e-01
9.820439247378315306e-01
9.802402183707191741e-01
9.423098346122197322e-01
9.880280188411141307e-01
9.903810185715318237e-01
9.865046390064454718e-01
1.003539866049433682e+00
9.915853609118133738e-01
9.796422103379335278e-01
9.818127014325013224e-01
9.580560940504188050e-01
9.714516925213958487e-01
9.711068512560758759e-01
9.669207838405234900e-01
9.712767254737235678e-01
9.798409325777472922e-01
9.650557947515072676e-01
9.723348488134889722e-01
9.891008127808291750e-01
9.521902495260884391e-01
9.684947463126875045e-01
9.629899245599140567e-01
9.646468001996632013e-01
9.757207320324162714e-01
9.734690838313617700e-01
9.696627515523600360e-01
9.561580113232407419e-01
9.800246317952557851e-01
9.645931425461160558e-01
9.689454634121484888e-01
9.834184300327281081e-01
9.863709544264893658e-01
9.830453098313838289e-01
9.734969713351905307e-01
9.884908285359186308e-01
9.717745539884414807e-01
9.814097452345308392e-01
9.773086297470422457e-01
9.545796604038623290e-01
9.929084405157421189e-01
9.756964088082112907e-01
9.631390671582459317e-01
9.674132770386127955e-01
1.000404103323643712e+00
9.879692246393660948e-01
9.683307344387174220e-01
9.570095874711582740e-01
9.916798305004647096e-01
9.886478021458932064e-01
9.871146165586922594e-01
9.686030453800940077e-01
9.744632011101729274e-01
9.906671462070999468e-01
9.896508046875263087e-01
9.922229105440321106e-01
9.852992806405366233e-01
9.767722988082001567e-01
9.938760867855480630e-01
9.783614409900398545e-01
9.924115343924210242e-01
9.698386387602556669e-01
9.712951081456540070e-01
9.746966358704195477e-01
9.934666079622453960e-01
9.769715071399484030e-01
9.738676672113347754e-01
9.756701103519820339e-01
9.820339486371224558e-01
9.846371521875003641e-01
9.927575543324950180e-01
9.455730836474516288e-01
9.613977521388649139e-01
9.788529225671159795e-01
9.951464847604583053e-01
9.608277773436358915e-01
9.867010748972662171e-01
9.732949774630842432e-01
9.727796214063141322e-01
9.580697819377100855e-01
9.809698372985811154e-01
9.804288718274988268e-01
9.847541199150998681e-01
9.944888709661913184e-01
9.666186589326355438e-01
9.709848688575887232e-01
9.745964085916253294e-01
9.626797597491649761e-01
9.714168997713135134e-01
9.698983973579881068e-01
9.678249890082697426e-01
9.717921235478449438e-01
9.899872704483787533e-01
9.589249687993454119e-01
9.386870210173066109e-01
1.002085333118062582e+00
9.777214729803944682e-01
9.931338524641147858e-01
9.905658484846704415e-01
9.918566373904639244e-01
9.933784625000039448e-01
9.888605982187916865e-01
9.591481579938490043e-01
9.872966392148329051e-01
9.867935410474282243e-01
9.613174011942455799e-01
9.782291325448965180e-01
9.517493699047042677e-01
9.795828122117520298e-01
9.551426679732464287e-01
9.894758367428940771e-01
9.791636191649129017e-01
9.517127018903992486e-01
9.939683384885845685e-01
9.611828346463547890e-01
9.923987602573747235e-01
9.917345052393171656e-01
9.736964472579093810e-01
9.888739850166051726e-01
9.689021110849891372e-01
9.435671199629911410e-01
9.861548123189525228e-01
9.862681741815105818e-01
9.591514584367255569e-01
9.906477315868833511e-01
9.652774865238972213e-01
9.824239434548576178e-01
9.875986611753786448e-01
9.806871323453532074e-01
9.958224996723344935e-01
9.931510112161672232e-01
9.944782699485645860e-01
9.750371057455134993e-01
9.842438161707387501e-01
9.406851077800862937e-01
9.806705141015427118e-01
9.868498063669411957e-01
9.695864949024989299e-01
9.883694672050425956e-01
9.936618389690170527e-01
9.954436728615736474e-01
9.667574736318639284e-01
9.654040328739316168e-01
9.928382168410124775e-01
9.753290677306419854e-01
9.711271706808829451e-01
9.480160220159686846e-01
9.583434721322255934e-01
9.751455138903282194e-01
9.901391568042580138e-01
9.829728965436097532e-01
9.707185618309170927e-01
9.792855904453596771e-01
9.874920868606664737e-01
9.956268572999948940e-01
9.799906293722957518e-01
9.886697721757889967e-01
9.919009997484267149e-01
9.779027464479691512e-01
9.878838941497400938e-01
9.882313095891998023e-01
9.649080336876786346e-01
9.860475502243227774e-01
9.845687703277932190e-01
9.788594575219324856e-01
9.984176654632227477e-01
9.727747646038872320e-01
9.670100784967627927e-01
9.891950816524568424e-01
9.892516988262800570e-01
9.859834058754037844e-01
9.991558387040775369e-01
9.686375766347417038e-01
9.822529579064912530e-01
9.795282576563034693e-01
9.834439172443765198e-01
9.649614493715642505e-01
9.629504986172610081e-01
9.806048804776873462e-01
9.879114067802093890e-01
9.926566882425388316e-01
9.775773503458832225e-01
9.965001447734385120e-01
9.905076252318917307e-01
9.826088077764461026e-01
9.804663748745061636e-01
9.544312544251500885e-01
9.918753397118721393e-01
9.743357016431857254e-01
9.852115958953642227e-01
9.652811822420419574e-01
9.858616427327230314e-01
9.982537518524682296e-01
9.918968103309442341e-01
9.844543839908257432e-01
9.820391943177256833e-01
9.731126964819903913e-01
9.834847713699337302e-01
9.901180017357775753e-01
9.575966271131276519e-01
9.793965128561937794e-01
9.919621341201486642e-01
9.925407729532869094e-01
9.747804705741879294e-01
9.805417286531792342e-01
9.924306586405172714e-01
9.903801352140934044e-01
9.561952018011953269e-01
9.633954741664626509e-01
9.674654038694275870e-01
9.663497129365485883e-01
9.632418446073085505e-01
9.867733575534757273e-01
9.839429822922330926e-01
9.708892834840417985e-01
9.728057287055664748e-01
9.670765400437966175e-01
9.775225160682234904e-01
9.875978613327661693e-01
9.901053160881687631e-01
9.896799806052904991e-01
9.572531626701098473e-01
9.818555925551941677e-01
1.001915553322048291e+00
9.868967084572917159e-01
9.844782438642605271e-01
9.798078533542337043e-01
9.591728525570146768e-01
9.641452807944528303e-01
9.678981529178379839e-01
9.543354787073923262e-01
9.670867389175221707e-01
9.677418574184504241e-01
9.633782702474392723e-01
9.838241215366477777e-01
9.856755646880535071e-01
9.739437578307058585e-01
9.465415958107005201e-01
9.671538366606119430e-01
9.972006029030396901e-01
9.849409095367918088e-01
9.534818477411634019e-01
9.810356378385896026e-01
9.760149057118784333e-01
9.347712309814927290e-01
9.542943608865612770e-01
9.878030680176185241e-01
9.589462283873599890e-01
9.801227161165121382e-01
9.904807880473674997e-01
9.778468673327039840e-01
9.635529412844152652e-01
9.877831044063107857e-01
9.543018658962048040e-01
9.894559971293963585e-01
9.550307538936013696e-01
9.927707957243954162e-01
9.818978081590672424e-01
9.545479514424218825e-01
9.984025000950769169e-01
9.654767091421834202e-01
9.744236693722380105e-01
9.458147020629668056e-01
9.837544515279861290e-01
9.787118099505428548e-01
9.816292194271117877e-01
9.776258082456412701e-01
9.756729305639677552e-01
9.751689342063317723e-01
9.864361959655613132e-01
9.551002837334869877e-01
9.838012411030876425e-01
9.815195838091471670e-01
9.760227688236202681e-01
1.004874346672148366e+00
9.859379890231430021e-01
9.732465295191105037e-01
9.931707381665143552e-01
9.874470012130732721e-01
9.911504019648182950e-01
9.869332244564766876e-01
9.933870332958919525e-01
9.858110604724475978e-01
9.831462530767206554e-01
9.824765896818381528e-01
9.757001927530466467e-01
9.712355308864983883e-01
9.684741720318873481e-01
9.510407701237436617e-01
9.923017796933248924e-01
1.000003298173890220e+00
9.618932380609392929e-01
9.860315316987898759e-01
9.866117486144150295e-01
9.686786542902383612e-01
9.908611000897752374e-01
9.947974311253651170e-01
9.671978813672649222e-01
9.891124640670808654e-01
9.631181570761760957e-01
9.868755579838035530e-01
9.898021396340505040e-01
9.703989360677206522e-01
9.845100644585954575e-01
9.860472371998479924e-01
9.848063163818766563e-01
9.370662300637285780e-01
9.856226054938008740e-01
9.632277574745350401e-01
9.926482770257335497e-01
9.826468037484588081e-01
9.862518257841513813e-01
9.911812922006928428e-01
9.805787014900986254e-01
9.823688369985370539e-01
9.790235720704966171e-01
9.784610893446299418e-01
1.010427748771933532e+00
9.854331662275829240e-01
9.981187677270205727e-01
9.810171962300444637e-01
9.961879946199072577e-01
9.714798542723334096e-01
9.363986151433342231e-01
9.681919083469722187e-01
9.865903020888985298e-01
9.853003085660798632e-01
9.666718108429542822e-01
9.726089800045767397e-01
9.831827686418898038e-01
9.907048928301542823e-01
9.844417389947719421e-01
9.785484373125434843e-01
9.351545922422966894e-01
9.929881934683700839e-01
9.797063742160023736e-01
9.728726307439330423e-01
9.856646842192164915e-01
9.713042635395462421e-01
9.779221797000883232e-01
9.409831754981211605e-01
9.824476938884575405e-01
9.880726753333137768e-01
9.837628483975952021e-01
9.694449236936403258e-01
9.559948805062988830e-01
9.860868404236655671e-01
9.819283988518567874e-01
9.729963111353009397e-01
9.659606030176360880e-01
9.629491280725989144e-01
9.789314669801041369e-01
9.840505356123515623e-01
9.838208446965691634e-01
9.866785754785836193e-01
9.839029439407078748e-01
9.898652353908256041e-01
9.923471060962210100e-01
9.724681345661690957e-01
9.648544711973415788e-01
9.733566867727201366e-01
9.561151777535852325e-01
9.802990604706800504e-01
9.595424070946058093e-01
9.790933605769568393e-01
9.841949931801110552e-01
9.593358386512921276e-01
9.681142109407958607e-01
9.457122957874167790e-01
9.822896742183520047e-01
9.509106176119564990e-01
9.756330922133651384e-01
9.733391216245871336e-01
9.929970426051765164e-01
9.759823640702021130e-01
9.676928627811632877e-01
9.703891749016855250e-01
9.805350847442967366e-01
9.903026327705380938e-01
9.766656684065535554e-01
9.823154132771021452e-01
9.847457532145134085e-01
9.324273939320005811e-01
9.837364329926807649e-01
9.777274566474170037e-01
9.545370834106465807e-01
9.756881961952877935e-01
9.562886129054256612e-01
9.744090932091419299e-01
9.765558283787837413e-01
9.748532133471146111e-01
9.915383965709847480e-01
9.732115981704752006e-01
9.923979790949042368e-01
9.784264966307473221e-01
9.675042549570406214e-01
1.000220796080671271e+00
9.958191229794707278e-01
9.699820344216660839e-01
9.845441815376092531e-01
9.646272033501116505e-01
9.814770529010343747e-01
9.879010275078893288e-01
9.766612613654799269e-01
9.739981068102353534e-01
9.860513400577748389e-01
9.666410004413965584e-01
9.905027160285955201e-01
9.775219628757237933e-01
9.489646596521980060e-01
9.983747063122219156e-01
9.682111969789216621e-01
9.895378002370200932e-01
9.925576445288430971e-01
9.796867407238357695e-01
9.805815005162510367e-01
9.829219641108564165e-01
9.942049711277883839e-01
9.706474143749509453e-01
9.712719656791808376e-01
9.842807748266678702e-01
9.977010468855583847e-01
9.957625682458548511e-01
9.738195743812163574e-01
9.788302440931345716e-01
9.919905980020441438e-01
9.844083790386128907e-01
9.806367893147707182e-01
9.903067131983048776e-01
9.955427441670059441e-01
9.791074392999721265e-01
9.687051202229320923e-01
1.000252181190240286e+00
1.002060599918611405e+00
9.862477251547864254e-01
9.798987720459136908e-01
9.932894921008089684e-01
9.756093364720744843e-01
9.616537528955402259e-01
9.943869385133256023e-01
9.771370940614069189e-01
9.862861273493580549e-01
9.645434428617454259e-01
9.926049657871137688e-01
9.493013518678030671e-01
9.719492123345767620e-01
9.645762102779633640e-01
9.919098639805241646e-01
9.832492897661473386e-01
9.724584888675509298e-01
9.851188926391210021e-01
9.599447426633436198e-01
9.885920010779029043e-01
9.761051158590003940e-01
9.882139581479638668e-01
9.772025438439176925e-01
9.869636150031484423e-01
9.872553762905273977e-01
9.807738315497145365e-01
9.825439184621227451e-01
9.892240564694171345e-01
9.910692461888775950e-01
9.704346557482332880e-01
9.791348719083452501e-01
9.818787961301080891e-01
9.773780737808515084e-01
9.737943852903450104e-01
9.928670762832715324e-01
9.855911902665425162e-01
9.882862743689430074e-01
9.884812036965492377e-01
9.765309716564937181e-01
9.867841236612180378e-01
9.634544256530649387e-01
9.893365304620002076e-01
9.947234324778548853e-01
9.636616310244369155e-01
9.939125295224862100e-01
9.753667051167419499e-01
9.508039669501789914e-01
9.834799286029736187e-01
9.694009219481514172e-01
9.825161742468425663e-01
9.473310956408955708e-01
9.840812242664828124e-01
9.813413275187757856e-01
9.842823609138988683e-01
9.350878205777958252e-01
9.861034360611735661e-01
9.548968084372675413e-01
9.830193845859214186e-01
9.926091145521152015e-01
9.524054711572063070e-01
9.762735770595698526e-01
9.875706177877184855e-01
9.540285884324163357e-01
9.823477016289874353e-01
9.827927975870420774e-01
9.723418480483669857e-01
9.891095159722698149e-01
9.913390494194773694e-01
9.643932367238573500e-01
9.892247342943019106e-01
9.738397806480229013e-01
9.842100433923163250e-01
9.687513956181544872e-01
9.835455102607092437e-01
9.881705816951269483e-01
9.858168918319655250e-01
9.600500961624542917e-01
9.939299846797593485e-01
9.944670238492602232e-01
9.769139365025452104e-01
9.946721952891157681e-01
9.758350049553572436e-01
9.910375246520808368e-01
9.738051991873588609e-01
9.479692737554317183e-01
9.814463106113671120e-01
9.825201340840394870e-01
9.751295784329684357e-01
9.836221821185251457e-01
9.976726324861966422e-01
9.777311196298290596e-01
9.711735793028585251e-01
9.795747201789196668e-01
9.795142342284988146e-01
9.867229375385001555e-01
9.799492010447048429e-01
9.818421031365294205e-01
9.864400051029361682e-01
9.944835910691279812e-01
9.660610015761960101e-01
9.803074831072516870e-01
9.985417388159162355e-01
9.894155705065171835e-01
9.858121477435671798e-01
9.858916524459211406e-01
9.628890342874388830e-01
9.638509448177348116e-01
9.864019855247331270e-01
9.766188243979021522e-01
9.704187281518209529e-01
9.745908913559337972e-01
9.786277206080991053e-01
9.675433437105896983e-01
9.908201369129139291e-01
9.532034217235553220e-01
9.956619075635372296e-01
9.387763065746975721e-01
9.889647858517736090e-01
9.855553506699573640e-01
9.932167739949706586e-01
9.885799386719895665e-01
9.838632744872315428e-01
9.834774753689407012e-01
9.862887148065089260e-01
9.784972834428369293e-01
9.853352576989021783e-01
9.868837034074163794e-01
9.845529897659119900e-01
9.654612918892017115e-01
9.821168465972262007e-01
9.813941362648312960e-01
9.908513839635729736e-01
9.475265485041615143e-01
9.632110760728701537e-01
9.916056784824631709e-01
9.486569875987903577e-01
9.595153195857978323e-01
9.681424452241533807e-01
9.421904682942554565e-01
9.741313341138305715e-01
9.827362642807980775e-01
9.922213239956992892e-01
9.650511571232320840e-01
9.659893522100705399e-01
9.567822020746110656e-01
9.698942997505132224e-01
9.837367129917531372e-01
9.849307171303208763e-01
9.894107815141274243e-01
9.878813145800815487e-01
9.590381373051535263e-01
9.745024295835937878e-01
9.776316540762264307e-01
9.661982432539893972e-01
9.850748048834045978e-01
9.770189746745304715e-01
9.810861245287256782e-01
9.948906885226114216e-01
9.921267927290645661e-01
9.757495775742083266e-01
9.648367456762615424e-01
9.839180647325886930e-01
9.771773419754848922e-01
9.599085192932237387e-01
9.928527534899851403e-01
9.864021765913805195e-01
9.875332325261906297e-01
1.008689762132183310e+00
9.651275685475273480e-01
9.716305359700699862e-01
9.801254226335105457e-01
9.937440940500364972e-01
9.856240656922723442e-01
9.940870696316155275e-01
9.756951889944323053e-01
9.764989936364252276e-01
9.748171234760784065e-01
9.706116223286711531e-01
9.910542185638931967e-01
9.955887737832218587e-01
9.865188876861196166e-01
9.648264369649772743e-01
9.718235911036559038e-01
9.770047597111146676e-01
9.923831112282223144e-01
9.645071150422914741e-01
9.802458303570310560e-01
9.928545655582748930e-01
9.747931010800044982e-01
9.739447138331738252e-01
9.793879462794519153e-01
9.699229733393751607e-01
9.849536886713712303e-01
9.516851718744108179e-01
9.794181381308652012e-01
9.811522921042894474e-01
9.969422874473917728e-01
9.860868935559325976e-01
9.790306599380442787e-01
9.877797500495922867e-01
9.781786997218145929e-01
9.821948470791738162e-01
9.597150838628049074e-01
9.528558400831667052e-01
9.724974190895915305e-01
9.735530958011237024e-01
9.835545506540677163e-01
9.777338520159777335e-01
9.816732675559405319e-01
9.773246671111431860e-01
9.753155961074393421e-01
9.861653264099704552e-01
9.896090225768656712e-01
9.585546650507237310e-01
9.609786211722356475e-01
9.917865933587584060e-01
9.893189452211805790e-01
9.833435472172731284e-01
9.719475362266127849e-01
9.799347674455325397e-01
9.776158278529338830e-01
9.765424258574280092e-01
9.924879876011450941e-01
9.960697741564300545e-01
9.849103637604881278e-01
9.841872930732314950e-01
9.525453468646257749e-01
9.511617355930086504e-01
9.855086348369397342e-01
9.937835808329831266e-01
9.556589906122104905e-01
9.799102647937271149e-01
9.934683922852105553e-01
9.799133226225967830e-01
9.790374376227524156e-01
9.913637065187013153e-01
9.771273276730886304e-01
9.844790613612152130e-01
9.773690832426694675e-01
9.725822597059443630e-01
9.849876222886638777e-01
9.913140305589281942e-01
9.857383666399958111e-01
9.688055342853693075e-01
9.885106894883073370e-01
9.904879331461495795e-01
9.608939699231987541e-01
9.481458462121751252e-01
9.882657177091914713e-01
9.808272830491790995e-01
9.786181345544348043e-01
9.905581706747975668e-01
9.814232226884802568e-01
9.747896044287477357e-01
9.810378624963248528e-01
9.878666590287039639e-01
9.821642539170495345e-01
9.843979041514292483e-01
9.881370732419727521e-01
9.736502315802566532e-01
9.920058153681617918e-01
9.824954192552826093e-01
9.754296819412198172e-01
9.808045882050335784e-01
9.869659859282923220e-01
9.838298382126868802e-01
9.824237566065411320e-01
9.991426661771499740e-01
9.332485796902817432e-01
9.341142152389712017e-01
9.853667389751419314e-01
9.586031383780877491e-01
9.887645531185761394e-01
1.001796428142604611e+00
9.755608716928594326e-01
9.871490980212951349e-01
9.867875021465974950e-01
9.899801627732691678e-01
9.758309258199755476e-01
9.715554698459921701e-01
9.859129513642070908e-01
9.829567930466017733e-01
9.780656810190619943e-01
9.894105509076729366e-01
9.965107245433811878e-01
9.964631377860575512e-01
9.852338621526270934e-01
9.804176732480215373e-01
9.683145743561754060e-01
9.749380871610472399e-01
9.893883590999843491e-01
9.890435999111983900e-01
9.866423350257883529e-01
9.929271994647943522e-01
9.920377043442906162e-01
9.744346610650173046e-01
9.843860604107509404e-01
9.853043743193702353e-01
9.860694704836544533e-01
9.848970109340263734e-01
9.949401871514351736e-01
9.829946673589408102e-01
9.838238534964077742e-01
9.931070870207785450e-01
9.792977280384173033e-01
9.798830424312597875e-01
9.642347286789122451e-01
9.822205243296054933e-01
9.704250488919531348e-01
9.541810838629268821e-01
9.865768756530625128e-01
9.565232843029888299e-01
9.944758624964066263e-01
9.872937961651180316e-01
9.766229295807883348e-01
9.951677470766219225e-01
9.839404931814865751e-01
9.741566462346580302e-01
9.770646900760883158e-01
9.596207063451756003e-01
9.634567146896489964e-01
9.899776420138682864e-01
9.923489219087178181e-01
9.925288981617913509e-01
9.874679306484728247e-01
9.638259929526236114e-01
9.660402935479561748e-01
9.921204390944461382e-01
9.853559217566152384e-01
9.854450642289898088e-01
9.839268792355736482e-01
9.458521430057388324e-01
9.866063506197759736e-01
9.857884664799932972e-01
9.885212933138892710e-01
9.676537916762687486e-01
9.994428723875412590e-01
9.845515796646013840e-01
9.656391182287649144e-01
9.865228978882343291e-01
9.758803938164720693e-01
9.860356730300895434e-01
9.868195452748037555e-01
9.884941028578601019e-01
9.860644332851157268e-01
9.769977126436798498e-01
9.690731265012499929e-01
9.762491361600940110e-01
9.850297083528285480e-01
9.880308734694701611e-01
9.814243392121928533e-01
9.787154295547921823e-01
9.674380272921340174e-01
9.762620052421621120e-01
9.793025398194311615e-01
9.868399874791100590e-01
9.896138775463294568e-01
9.854897717888279063e-01
9.710785718292881397e-01
1.001202776858552967e+00
9.846212350995978690e-01
9.733323481880511441e-01
9.968436506605254932e-01
9.925241267916533605e-01
9.865573507750606819e-01
9.771388265271850893e-01
9.859926047066187582e-01
9.833014280918904726e-01
9.933242397819129765e-01
9.885433262952442179e-01
9.802507593747705750e-01
9.751871089924236680e-01
9.836561823066881649e-01
9.758929720277538244e-01
9.975378810680244346e-01
9.888470746962946256e-01
9.748603656419916330e-01
9.443408351184841010e-01
9.896287311730199709e-01
9.902057325291385714e-01
9.845374003532098017e-01
9.827253101165173144e-01
9.834010344982226925e-01
9.883614256751479532e-01
9.769618903952570488e-01
9.560521279452145471e-01
9.897182292847382934e-01
9.720076722930306445e-01
9.935988645764994853e-01
9.813701469129620936e-01
9.913726616406569603e-01
9.616903048820133471e-01
9.759111473426880234e-01
9.834695961939803333e-01
9.899979460996681802e-01
1.001405873582393413e+00
9.860358946229778043e-01
9.658550795925919807e-01
9.917060411724883950e-01
9.851838287232280722e-01
9.834365359666371598e-01
9.745649464174583887e-01
9.820668602470423725e-01
9.807191884167822948e-01
9.824539671332507274e-01
9.947871089635563768e-01
9.691303749962001390e-01
9.633834653786960134e-01
9.808968606169083948e-01
9.771674784408316272e-01
9.612580633810706709e-01
9.530775497357907300e-01
9.976767124236125550e-01
9.600974258060421818e-01
9.872282603941622270e-01
9.662347692140096367e-01
9.621084769760736011e-01
9.859578029229456586e-01
9.751773905456148084e-01
9.868039307470777288e-01
9.898696115817069430e-01
9.908387322071939840e-01
9.759339286037558292e-01
9.776915127050136434e-01
9.916689169588973618e-01
9.603310643892367660e-01
9.926960863439838745e-01
1.006154077781907796e+00
9.954601612310388647e-01
9.920665100239592915e-01
9.620303428884968699e-01
9.765984694882829942e-01
9.734735953210796877e-01
9.707855045624633750e-01
9.651689517289060438e-01
9.751682425370767904e-01
9.912935908379352234e-01
9.902334541017899783e-01
9.813737744598759472e-01
9.614572174145247230e-01
9.924463142638615398e-01
9.652895012282468601e-01
9.541419197649229078e-01
9.802170439023449866e-01
9.752902456670036191e-01
9.841476126420454218e-01
9.872273139223708416e-01
9.902910930308407300e-01
9.803793424595358408e-01
9.732509814608716336e-01
9.597003068536122949e-01
9.891439957045027320e-01
9.675133074751857132e-01
9.653409747832656373e-01
9.755790329068395605e-01
9.851973250375470892e-01
9.889001766649265779e-01
9.863639979473582953e-01
9.697111874828191480e-01
9.579429447261558206e-01
9.572559805823420698e-01
9.771239565194086429e-01
9.864750427433702784e-01
9.592090911316224489e-01
9.875185678953595225e-01
9.901609769110394366e-01
9.521898512659322522e-01
9.680050499060702807e-01
9.890061932167985015e-01
9.807856165042126984e-01
9.874373022944327172e-01
9.500220910515296824e-01
9.811101732554973198e-01
9.841709616454762388e-01
9.886618809281808584e-01
9.743495242726165628e-01
9.678389523532117122e-01
9.917935561752214690e-01
9.629232456748419988e-01
9.910347036773629048e-01
9.755908590178314910e-01
9.746664594980569696e-01
9.819852058779745541e-01
9.759420732557517741e-01
9.889860812284460012e-01
9.920356133066248194e-01
9.709503404168032814e-01
9.816243554054950859e-01
9.846197433377588126e-01
9.906394765580839312e-01
9.860184050792326627e-01
9.898488317133837811e-01
9.964309701418992971e-01
9.700725432514105684e-01
9.629212255796933961e-01
9.780105644450758362e-01
9.730709590563243472e-01
9.738853631521059429e-01
9.465147758719054671e-01
9.746800350038837824e-01
9.884924694952501589e-01
9.867500810608658135e-01
9.906989329823012724e-01
9.832418624665226758e-01
9.594753623638766493e-01
9.894063158139024816e-01
1.000657748998366126e+00
9.909946979111413645e-01
9.936643084745842014e-01
9.848824622573398857e-01
9.911435178457828066e-01
9.746195118873219876e-01
9.868257044865278438e-01
9.875509768622846574e-01
9.887155098722262281e-01
9.860711207853308791e-01
9.730394249109743932e-01
9.818639381187486137e-01
9.670509496028786289e-01
9.747839295960460948e-01
9.888606152312074959e-01
9.866467130011054021e-01
9.636215670302963332e-01
9.637154630812072575e-01
9.770104326465607336e-01
9.749121644880502924e-01
9.838285179187210572e-01
9.921910725743527948e-01
9.743901377804040642e-01
9.844137826546763836e-01
9.809242498071366612e-01
9.928665733425089401e-01
9.550844118431938146e-01
9.659534002324834390e-01
9.884555695107731799e-01
9.787562075031831510e-01
9.856557965728546256e-01
9.609756911974196569e-01
9.816327368378087170e-01
9.702131971095524499e-01
9.917373399625626362e-01
9.792147245339334338e-01
9.524035726501470789e-01
9.671716855769936227e-01
9.934279182776005745e-01
9.800632338845652880e-01
9.659320464062344236e-01
9.754613884448943839e-01
9.831725343775047365e-01
9.767118005317799723e-01
9.865679780009348754e-01
9.797957853815932872e-01
9.795097063221115397e-01
9.863998855929597687e-01
9.759993991237195798e-01
9.840120752176120256e-01
9.772281837779175362e-01
9.963427872223413750e-01
9.634665180332590007e-01
9.738949393568117063e-01
9.862500785626959754e-01
9.899097153994496079e-01
9.903694969325638198e-01
9.709867931273766795e-01
9.714321739847171511e-01
9.846669353639196931e-01
9.966768159655580162e-01
9.605035688262685278e-01
9.863046166273803372e-01
9.763928000707922106e-01
9.761668586852103591e-01
9.933890601871653292e-01
9.768822133643665362e-01
9.703389975793458300e-01
9.721342964478408843e-01
9.931617002378485548e-01
9.743061243186043052e-01
9.754963295051344296e-01
9.790618694131832944e-01
9.752504630315167455e-01
9.837270783463176738e-01
9.624314268234295255e-01
9.821696602498680706e-01
9.826364141991060785e-01
9.784819788365926030e-01
9.856895001730182626e-01
9.892755517248722485e-01
9.708480139037164447e-01
9.748634105518576565e-01
9.896449901444102082e-01
9.836773364689251897e-01
9.910826714483088606e-01
9.788419151365586046e-01
9.723890172687118527e-01
9.890880771547936323e-01
9.599845201572438924e-01
9.730500760655418357e-01
9.964824831261933635e-01
9.888405285536787659e-01
9.950409893870455491e-01
9.858411351368396858e-01
9.791834398647826232e-01
9.735825523547128046e-01
9.527508347023162516e-01
9.621126900447181107e-01
9.801665814728866000e-01
9.747777461321849302e-01
9.664103644054322650e-01
9.789713343241116528e-01
9.859254504053385215e-01
9.956586530239344146e-01
9.743568823860164763e-01
9.550629421639924566e-01
9.668606435714340863e-01
9.965523798723018301e-01
9.864177065229606800e-01
9.779032373738709705e-01
9.709355527016499954e-01
1.004153571224613462e+00
9.779319575957630128e-01
9.595038004608966720e-01
9.851306301877089666e-01
9.938856772552917551e-01
9.849589828443177097e-01
9.847966966622022644e-01
9.886269319631050267e-01
9.900767238731199571e-01
9.655692908805109109e-01
9.898809775310156711e-01
9.785457592594299925e-01
9.975561412899877078e-01
9.715089077800407313e-01
9.679086104325658191e-01
9.800961242225224579e-01
9.899156827620954058e-01
9.902053980368231700e-01
9.696145045262961615e-01
9.719685257680481527e-01
9.630270325912315688e-01
9.949358658597069471e-01
9.644718251296817702e-01
9.604077688652010725e-01
9.799355059584964334e-01
9.666271860075600353e-01
9.564275620072937301e-01
9.814754117307910031e-01
9.781927600316485671e-01
9.693233469186980367e-01
9.725422029118521161e-01
9.665542471201391539e-01
9.910426256657008937e-01
9.868739616297854678e-01
9.717895750661651455e-01
9.906242585117109867e-01
9.591800155277783180e-01
9.769911526132121216e-01
9.719214407454948024e-01
9.837182458976648780e-01
9.783965070633352523e-01
9.902287284643638277e-01
9.815393584158857987e-01
9.923605927420517947e-01
9.823408671293584193e-01
9.763365258746948827e-01
9.705414912158509821e-01
9.647357315172004899e-01
9.601396710406698842e-01
9.892413992405680867e-01
9.102658353463277674e-01
9.754072087671218361e-01
9.857158514779624792e-01
9.828176041262463025e-01
9.427216013680641549e-01
9.741641033577833619e-01
9.883117909445122695e-01
9.781586234433238269e-01
9.836754336880836336e-01
9.796925395996383124e-01
9.820684895852018759e-01
9.865464738262941236e-01
9.913080489749618307e-01
9.322805415430903686e-01
9.429136261259288831e-01
9.929787911845788795e-01
9.799678034246211977e-01
9.662620830363575219e-01
9.947928468921253264e-01
9.836289819134442780e-01
9.875834529285167918e-01
9.654598814620222180e-01
9.785082359610051128e-01
9.817481255244894234e-01
9.624457417913517832e-01
9.749139169547338390e-01
9.766915817793724308e-01
9.815581173031078244e-01
9.839579431593602488e-01
9.637223283276014074e-01
9.562300326288210028e-01
9.901446135186082742e-01
9.886147340553798069e-01
9.518705294865319466e-01
9.452795800664077763e-01
9.756388032667565602e-01
9.821393354202357928e-01
9.586352599673627628e-01
9.886341274099222920e-01
9.829902172073906597e-01
9.883242013174002860e-01
9.852363815841113093e-01
9.898967850072563079e-01
9.709954930140675122e-01
1.012893166071082041e+00
9.874237588734521287e-01
9.787963602488433112e-01
9.910696100767438788e-01
9.601638729136187100e-01
1.010496897413005524e+00
9.685646184056587726e-01
9.630555196087442482e-01
9.889299814889577211e-01
9.854749960136286457e-01
9.437808486393703955e-01
9.832865443789662319e-01
9.933294519965994995e-01
9.887387721300741061e-01
9.823305243752346039e-01
9.788065491251697336e-01
9.795716146958727277e-01
9.787197453448577278e-01
9.872112581024851119e-01
9.847758530648943465e-01
9.727768032182309010e-01
9.809107632608801142e-01
9.901984325540822418e-01
9.621427082472147063e-01
9.827100195868858634e-01
9.921211865472713276e-01
9.863736276426245952e-01
9.945996368035404656e-01
9.943104449415877122e-01
9.856192353625822244e-01
9.814690552231604137e-01
9.833414418820722869e-01
9.813280806163433567e-01
9.899419480841648022e-01
9.567794255766868261e-01
9.740694496668079738e-01
9.711181389459787594e-01
9.495687160698655926e-01
9.881583350373551733e-01
9.681802116126249080e-01
9.828239779429628342e-01
9.619132841866226968e-01
9.767833852906980807e-01
9.943724358170142885e-01
9.880457014660846138e-01
9.812460786266179458e-01
9.881345336560419801e-01
9.786721869356808101e-01
9.497198412218816888e-01
9.481851693206398979e-01
9.639603408635200044e-01
9.806293738575361241e-01
9.636820079493682023e-01
9.738874347990380542e-01
9.922388339537817625e-01
9.921695895203175297e-01
9.885982804118303990e-01
9.835477214972334625e-01
1.003299601933769436e+00
9.866854718352195963e-01
9.862240919759844848e-01
9.376686437947313602e-01
9.851790549022841903e-01
9.890715193256445215e-01
9.741578649123208145e-01
1.000668746055971337e+00
9.834057984657825768e-01
9.933820594364380918e-01
9.438225757942555472e-01
9.908552137538990667e-01
9.870644296696557962e-01
1.009531112172046941e+00
9.818224810438813677e-01
9.796988245701694353e-01
9.917821241027187096e-01
9.493511486470097571e-01
9.642668181779178171e-01
9.948038117189688112e-01
9.765423521310891974e-01
9.647746261788354705e-01
1.002289958196710185e+00
9.851731945393040757e-01
9.872983149442690065e-01
9.608932671937655545e-01
9.465260534795681968e-01
9.887262564690970645e-01
9.839794829862438252e-01
9.337597294612326460e-01
9.812221757567571867e-01
9.771884576239517894e-01
9.770074506864708797e-01
9.678552294653294252e-01
9.753159062585600170e-01
9.641813864473872675e-01
9.883269541260650826e-01
9.841347417056223179e-01
9.844528832683527853e-01
9.842477609952604567e-01
9.808705766810533744e-01
9.612206318372157332e-01
9.645686142028369048e-01
9.626182072288591574e-01
9.715901415322404366e-01
9.815530476003230254e-01
9.758353217418991310e-01
9.718596017089239369e-01
9.717436940185054661e-01
9.878966336465384579e-01
9.447725406264286807e-01
9.602513525523256321e-01
9.752184854126075830e-01
9.971253502383501388e-01
9.880959953925514405e-01
9.711441724398863773e-01
9.858917317245442513e-01
9.641489507683741467e-01
1.002240568818597355e+00
9.789529054054041390e-01
9.776995902245818604e-01
9.463415109986664797e-01
9.826637009302886527e-01
9.822938089361129554e-01
9.860554804936232376e-01
9.824296447056899417e-01
9.915509584262680587e-01
9.548867450689866310e-01
9.743201152276502741e-01
9.954656324804092016e-01
9.798875442500390998e-01
9.673035014862039205e-01
9.798227059255513183e-01
9.322049385409448830e-01
9.786745907798857225e-01
9.872109686952250662e-01
9.685266530687882680e-01
9.754773741642005502e-01
9.853096676554859989e-01
1.006741593102538967e+00
9.727640572388474016e-01
9.848925644247884525e-01
9.900806020848149647e-01
9.703380545633510934e-01
9.685127321163420344e-01
1.000458868102918730e+00
9.749241994633528474e-01
9.892427241427084184e-01
9.954377316683740151e-01
9.627335485628529810e-01
9.581270088064887114e-01
9.827401312592671800e-01
9.808958723707018601e-01
9.866871690997163213e-01
9.772850692629564406e-01
9.956675690154335179e-01
9.811134281103648380e-01
9.697623153189095513e-01
9.643261423474878136e-01
9.931405308530936171e-01
9.884151116847308405e-01
9.881012956443425699e-01
9.619296731902257092e-01
9.802646582066910641e-01
9.571232847659705278e-01
9.768598390896240380e-01
9.861137784492589597e-01
9.813432279108963430e-01
9.933110197237652317e-01
1.009046565075532476e+00
9.978004492718542950e-01
9.880097100412965627e-01
9.699534263702606074e-01
9.996034500521079336e-01
9.740403085086961621e-01
9.859341619169601501e-01
9.683761496128163726e-01
9.672828429230839742e-01
9.681476907987627278e-01
9.666235158842053643e-01
9.899019514482082505e-01
9.893516439167018284e-01
9.593371753686391612e-01
9.734657997707528709e-01
9.861518760329888167e-01
9.712942058983763394e-01
9.848293271131868254e-01
9.790633609938491633e-01
9.864562278665570672e-01
9.761724392743227341e-01
9.913752663263083464e-01
9.770732033378037862e-01
9.730259994404377721e-01
9.931061328590965465e-01
9.889775392914087471e-01
9.626397261967314378e-01
9.792635665673898870e-01
1.007631191226869616e+00
9.526973057253536048e-01
9.798953438776091263e-01
9.892949865607706394e-01
9.529769101078219284e-01
1.001062473968386879e+00
9.848077584739780566e-01
9.786417214868651238e-01
9.844080925978991869e-01
9.895328411064765461e-01
9.979472484813970423e-01
9.811101853567878450e-01
9.712874564230051799e-01
9.845202656363973848e-01
9.738264442659840814e-01
9.693470008404256877e-01
9.703137022392204214e-01
9.712730625715332300e-01
9.824446878965986674e-01
9.647014597136260861e-01
9.793366372563164779e-01
9.851746632406878090e-01
9.818997264871609509e-01
9.667522754685728970e-01
9.458981448278589443e-01
9.792221969305419105e-01
9.668280778923664665e-01
9.821225725119153704e-01
9.661022970228667628e-01
9.929176263729979635e-01
9.772067194227017639e-01
9.787856708061091204e-01
9.933203020568956987e-01
9.747522295859297747e-01
9.616000628418333029e-01
9.845505351668745186e-01
9.560565601441619599e-01
9.794686414383522166e-01
9.745459675473481242e-01
9.769284132505703377e-01
9.801883701094697976e-01
9.859421474801217666e-01
9.892921006831782993e-01
9.846718703842688436e-01
9.898642079688123596e-01
9.825012017482533944e-01
9.503611750496727684e-01
9.794291117353807197e-01
9.842772113330061634e-01
9.986885504278572023e-01
9.661811463758970264e-01
9.714660999137891828e-01
9.618176378593854547e-01
9.811355033202990850e-01
9.992399371265194841e-01
9.899854767499123298e-01
9.686430084789278139e-01
9.860441146834316717e-01
9.674960294095730218e-01
9.637033914145393121e-01
9.729092843553843739e-01
9.838538068602458164e-01
9.758464571599185788e-01
9.819588479042155038e-01
9.593198086566709915e-01
9.750646416279755702e-01
9.878207102846852106e-01
9.801882531340464499e-01
9.616052920650315361e-01
9.688545371588614952e-01
9.789272476944035350e-01
9.495071061060244011e-01
9.952520380634487518e-01
9.830188065315447199e-01
9.902063170814751070e-01
9.687069221327008206e-01
9.801107259880533773e-01
9.393728525523281636e-01
9.826483776034991013e-01
9.883128518787603900e-01
9.752067172246309257e-01
9.889620700549809351e-01
9.931293682018305091e-01
9.823367236341883357e-01
9.733553894995369271e-01
9.759503142434957645e-01
9.847241620416784524e-01
9.510428955142279372e-01
9.772722118036648586e-01
9.831422054295088087e-01
9.731175234904501092e-01
9.824972260406014124e-01
9.970132624603867955e-01
9.948692945656867348e-01
9.663880648180445121e-01
9.696279540887049464e-01
9.643134893006456432e-01
9.995223702410545030e-01
9.618142805052123379e-01
9.759106610099658186e-01
9.953663938741895700e-01
9.637359205355011671e-01
9.571093327908416493e-01
9.871566612809561381e-01
9.611446969314362265e-01
9.946509313835006916e-01
9.884993020898746874e-01
9.530201251514928140e-01
9.355901958202941238e-01
9.785163851172435923e-01
9.927757054880004262e-01
1.003344862713292374e+00
9.944639464942286455e-01
9.949672729130887294e-01
9.842035584244649415e-01
9.824009978613658101e-01
9.656713657517542737e-01
9.556610318117970682e-01
9.835068733587332135e-01
9.758487282697918541e-01
9.856686915731242005e-01
9.753652061014066454e-01
9.822548928165453219e-01
9.926344846081839313e-01
9.837824410930070540e-01
9.793766308411271382e-01
9.844242404473746433e-01
9.859542231250115751e-01
9.564036089594899481e-01
9.560746931079526778e-01
9.638055380230208247e-01
9.848954526399845699e-01
9.921885708418889394e-01
9.878355338368215444e-01
9.970813778912747116e-01
9.773495867983879037e-01
9.873358140927037674e-01
9.778910581914258549e-01
9.996820168136730800e-01
9.752015765710483342e-01
9.533267554758364515e-01
9.726617606566331231e-01
9.893198114395298504e-01
9.733251057789219507e-01
9.626460367152667175e-01
9.780677473751908657e-01
9.682410528164344665e-01
9.751774423546931692e-01
9.772835479326680286e-01
9.891310110842543857e-01
9.692842622352346726e-01
9.787146813301493831e-01
9.795824223406013331e-01
9.930270582706172133e-01
9.867960146896639362e-01
9.857128092814845255e-01
9.872117320805958718e-01
9.809079298553543547e-01
9.894774741558631792e-01
9.397184163653873323e-01
9.858106942113238347e-01
9.856030699556881380e-01
9.909157871196183631e-01
9.541602900135326415e-01
9.938894245821198181e-01
9.842227334244326720e-01
9.798080553201364840e-01
9.713627079505566808e-01
9.629705178848834146e-01
9.670534349630660609e-01
9.711210446610698543e-01
9.756655902869777464e-01
9.783582502103711498e-01
9.669185905496159306e-01
9.702531565169923988e-01
9.601766052215985336e-01
9.880256935125707463e-01
9.862335134969726358e-01
9.739421594077979361e-01
9.650700267414431544e-01
9.424964538961413396e-01
9.927118611325689290e-01
9.845706960969744515e-01
9.851320168384523068e-01
9.607404952640556939e-01
9.857297270540095191e-01
9.685913952036018237e-01
9.928520458999383624e-01
9.507611059634998307e-01
9.887650225520644431e-01
9.323139494282767226e-01
9.877977445200984974e-01
9.944760922982844864e-01
9.770846636522881878e-01
1.013529673147582022e+00
1.000042699932056411e+00
9.765507779041803227e-01
9.670451753037554443e-01
9.852609439206911901e-01
9.758141892964413699e-01
9.991160176749747102e-01
9.835583595706207660e-01
9.738448141878350839e-01
9.713971318779680564e-01
9.909594057657773458e-01
9.743761393385428349e-01
9.921074522657872263e-01
9.850059739479833931e-01
9.673715384613450485e-01
9.700503670895596064e-01
9.656875422176907087e-01
9.874333319424760669e-01
9.907003284911627405e-01
9.722147668779971275e-01
9.936961450452886924e-01
9.806920040289202056e-01
9.691716664784539859e-01
9.851658275943149246e-01
9.908410826952663841e-01
9.903259806912781960e-01
9.801646727615319632e-01
9.620435188145061156e-01
9.683639765441328651e-01
1.005825362518285804e+00
9.815756788122798060e-01
9.797565383704730513e-01
9.813898550918461750e-01
9.889871523195045144e-01
9.819176316285644912e-01
9.834752074388440901e-01
9.913047324004937710e-01
9.819808165394865451e-01
9.860545387243041526e-01
9.601458779942002586e-01
9.686841544178603769e-01
9.858085602025575822e-01
9.609465066271221101e-01
9.567762929648626624e-01
9.483783802173456623e-01
9.878360090811462157e-01
9.768466907329762527e-01
9.517452204965779483e-01
9.838908301201649831e-01
9.783565317990670085e-01
9.805930836340667200e-01
9.552155130681960760e-01
9.956980336541175758e-01
9.924224229545067777e-01
9.615836390469887363e-01
9.687212548476875629e-01
9.806486174022366331e-01
9.533641120106799427e-01
9.636946947760690607e-01
9.695477098158618023e-01
9.833069895765552682e-01
9.785026001447765243e-01
9.639134282437972212e-01
9.872598724841911144e-01
9.755455221370200602e-01
9.858480155595881200e-01
9.742589890741024661e-01
9.698048678988043791e-01
9.901001494113523815e-01
9.925673886718108241e-01
9.821324828298866327e-01
9.879759347081112919e-01
9.885078653486576439e-01
9.737021733035108317e-01
9.925946450165069601e-01
9.525444616525441388e-01
9.826570777892066344e-01
9.861470435923899158e-01
9.803859802543304358e-01
9.752347070229423487e-01
9.731112220693411974e-01
9.669218643879973207e-01
9.668055977020267866e-01
9.912267931607535720e-01
9.764113092678244898e-01
9.907739447940822064e-01
9.839016779001248381e-01
9.870615832034546067e-01
9.867774042553981717e-01
9.838185002864090478e-01
9.730292070384433112e-01
9.912813030843198314e-01
9.561443682422355872e-01
9.873761291803536677e-01
9.857049811096444403e-01
9.710964744687182737e-01
9.727284375968323626e-01
9.630435616179279235e-01
9.913345675622737829e-01
9.691130233308482556e-01
9.904448475451924638e-01
9.775180659234887770e-01
9.798330250937301589e-01
9.915099417660291348e-01
9.768501713307045087e-01
9.889607808063997085e-01
9.771118898974120448e-01
9.837976584826092497e-01
9.811203225128524164e-01
9.408389318125138789e-01
9.683447175937334173e-01
9.848868942457706943e-01
9.917664933014924689e-01
9.808048503472998059e-01
9.846497314230659992e-01
9.659205404446017385e-01
9.781081560331459368e-01
9.852469786314721478e-01
9.876225086304435408e-01
9.906706553406606774e-01
9.831220692873947620e-01
9.418568052595800433e-01
9.832575025641884237e-01
9.823455599563983842e-01
9.864952778997019278e-01
9.820412395098719882e-01
9.721177422076962005e-01
9.799134078580323814e-01
9.814720852194810385e-01
9.820288868734319276e-01
9.881629717084567943e-01
9.832128265747576146e-01
9.575568444316555627e-01
9.627355334636871209e-01
9.642946954725174491e-01
9.809877703173948138e-01
9.738648082146761364e-01
9.744407802893901849e-01
9.887059400297403267e-01
9.859845635262826091e-01
9.682780772583791107e-01
9.733367834712344235e-01
9.897564735437877070e-01
9.763145292618129467e-01
9.854886044664298295e-01
9.902690516806229581e-01
9.607293754122689933e-01
9.760881426085744605e-01
9.656419708541854607e-01
9.576196597519344156e-01
9.867605572329705144e-01
9.755263290190202552e-01
9.648915705175790114e-01
9.865146867924784457e-01
9.854479791605695871e-01
9.842147038474275966e-01
9.754800007972157516e-01
9.917015561794533252e-01
9.929847340085842244e-01
9.819839917009647312e-01
9.470376075043531738e-01
9.835163254677935507e-01
9.824252077220094748e-01
9.854666074889606442e-01
9.708036947239634396e-01
9.481091167533151065e-01
9.616955333749306334e-01
9.861325502981092006e-01
9.960845348972648949e-01
9.920673610352915839e-01
9.843034607903936584e-01
9.880918607057306291e-01
9.900597009188483177e-01
9.882490593718806782e-01
9.669027028678538471e-01
9.859793040172021295e-01
9.873800573485244092e-01
9.743219620343402942e-01
9.727493175052673857e-01
9.683909299388969716e-01
9.820247518135694076e-01
9.671608157546035534e-01
9.861898768861104836e-01
9.664320357108605597e-01
9.808565511243459989e-01
9.862390339649766968e-01
9.843577185097207582e-01
9.794516951469772748e-01
9.986387643604853759e-01
9.656441346980146889e-01
9.851121725275361340e-01
9.880860256460419766e-01
9.830158794415032597e-01
9.251760191757373297e-01
9.448927293708415664e-01
9.704179191142855432e-01
9.870726882922015166e-01
9.907730911451113620e-01
9.704785132212891963e-01
9.799943358701133089e-01
9.737693987500865012e-01
9.870434794497400244e-01
9.756286885568602463e-01
9.938509597410178920e-01
9.738791956258376903e-01
9.786611958818488555e-01
9.741437748166216215e-01
9.675541120360946490e-01
9.807148740188429414e-01
9.797452677315917624e-01
9.907437404522435598e-01
9.969241337063978747e-01
9.018744958957993774e-01
9.862073905988423261e-01
9.823207567874607804e-01
9.734896406215917120e-01
9.890570807224452476e-01
9.793348729242598028e-01
9.682563564612343132e-01
9.628763879561329508e-01
9.778081353964376277e-01
9.890974236510565731e-01
9.789860859219322586e-01
9.766401342133435026e-01
9.655072815756748916e-01
9.586388800506753238e-01
9.610108330436806234e-01
9.807962369539060532e-01
9.763521531613963411e-01
9.922281761749888185e-01
1.002578893935238025e+00
9.711899614000774061e-01
9.685377382737538898e-01
9.950800363405243321e-01
9.871548082614907127e-01
9.774730754950410327e-01
9.709565810584697143e-01
9.429988917134035642e-01
9.894448031122072829e-01
9.904416634731519897e-01
9.834884802280579041e-01
9.925795482087349519e-01
9.909864945895696664e-01
9.881937748606350880e-01
9.795657941517782463e-01
9.912767703076693637e-01
9.348639420257939259e-01
9.708503868813319615e-01
9.764599937976808919e-01
9.562236810685679211e-01
9.673037514931676073e-01
9.601814874578925574e-01
9.396186368179826331e-01
9.743418004287828227e-01
9.418660234357497663e-01
9.668507175895495465e-01
9.852684002654521489e-01
9.834243913415063876e-01
9.829398188146309945e-01
9.869962072925718699e-01
9.801544053558430836e-01
9.805931031559514954e-01
9.878266340209707064e-01
9.878121925828103889e-01
1.001459818650276556e+00
9.836457715999453733e-01
9.777053081401196888e-01
9.685008559720251764e-01
9.887238014590865598e-01
9.790474864482976436e-01
9.757137416913485017e-01
9.771791107635451334e-01
9.878725013165364777e-01
9.779913382093128327e-01
9.565716535617290184e-01
9.454032706688122456e-01
9.705865749979085688e-01
9.754571709413667469e-01
9.697754842512317230e-01
9.981372288467015297e-01
9.770937308008234012e-01
9.757033855546071166e-01
9.652190918945485754e-01
9.816485983107476887e-01
9.815801975409422786e-01
9.922807060186163985e-01
9.890355031536706143e-01
9.790708008104097582e-01
9.640714963679748450e-01
9.861819869927856974e-01
9.695038917453783212e-01
9.712846474115154338e-01
9.772047786810014181e-01
9.891454174663437682e-01
9.759119968020137925e-01
9.862877855685912021e-01
9.841455553189629724e-01
8.888099808420679704e-01
9.496460631904390937e-01
9.749438563961981830e-01
9.775004664297316515e-01
9.729655082906719654e-01
9.884206925928858967e-01
9.839754215612458443e-01
9.796155135932625990e-01
9.714867049267373877e-01
9.793835057602987559e-01
9.838992388853963211e-01
9.733760843630030468e-01
9.656242041528422249e-01
9.879321469608346451e-01
9.963726046840194472e-01
9.808467880518720872e-01
9.832508364447571925e-01
9.844810067747034044e-01
9.660525348960599112e-01
9.825730450397549554e-01
9.745905948490877213e-01
9.827782936949778225e-01
9.906566709491617662e-01
9.823867379225360574e-01
9.848140806211278520e-01
9.742696071496222965e-01
9.564475485543197930e-01
9.749996893000890674e-01
9.892348632891387883e-01
9.815056256766478970e-01
9.820351095367517713e-01
9.681445133157998706e-01
9.959280892037984945e-01
9.711003122207956251e-01
9.640974123826058229e-01
9.960796320094181810e-01
9.702375054233809415e-01
9.672159281739011183e-01
9.683256767225457695e-01
9.704795940052728387e-01
9.844197595368734399e-01
9.829912402261802296e-01
9.642032498153682019e-01
9.819104600475465627e-01
9.796946889432514016e-01
9.870961886549928233e-01
9.779192462510304384e-01
9.845512263832327804e-01
9.596740656516792312e-01
9.871118580177764557e-01
9.895113900972838383e-01
1.007543418429092119e+00
9.727978267273716950e-01
9.625649760333166993e-01
9.656225505167487233e-01
9.875443902216050063e-01
9.831097834713524719e-01
9.903736148265841477e-01
9.918038870218327530e-01
9.787040211737866313e-01
9.863959010579032016e-01
9.752053268633520400e-01
9.951447543984036637e-01
9.876790898505166671e-01
9.853207040753104717e-01
9.462647738418689114e-01
9.848728520756593330e-01
9.717894112648568505e-01
9.745538094895429548e-01
9.899643268739256596e-01
9.867620418163045581e-01
9.934277028177568303e-01
9.930598220009566601e-01
9.770653401587435782e-01
9.758209166547282543e-01
9.874184559984513498e-01
9.769123892239557350e-01
9.747166054096900734e-01
9.837659009688597411e-01
9.849606534579984363e-01
9.740863198116914701e-01
9.767229067756191263e-01
9.897526428709055857e-01
9.640879285240157026e-01
9.761443744745793571e-01
9.879522640935204381e-01
9.868225479670018618e-01
9.884864685872343237e-01
9.894529405488413643e-01
9.804525726141576358e-01
9.924308183774787073e-01
9.998728134015923974e-01
9.826229074127368346e-01
9.629885199515288985e-01
9.724288630205835116e-01
9.752696663059260418e-01
9.905944512534354818e-01
9.635437175559037337e-01
9.790363675402232735e-01
9.371101200469436066e-01
9.711446460982799955e-01
9.866917273907422903e-01
9.927907867059952984e-01
9.737600038271195801e-01
1.003639145206335126e+00
9.783184261526752801e-01
9.941792580029772397e-01
9.318805992343648370e-01
9.688712950676008351e-01
9.559327597168530977e-01
9.612897235399225915e-01
9.854007501588133433e-01
9.761112075483981965e-01
9.663262494938242853e-01
9.893016525091070656e-01
9.600728343226592187e-01
9.755777723543652691e-01
9.897980252494377185e-01
9.804470346553447735e-01
9.738047068650232951e-01
9.894011427532706238e-01
9.863587327573484220e-01
9.826966038226542244e-01
9.969769948317711572e-01
9.472237457823980966e-01
9.773828815156903049e-01
9.574991907427364835e-01
9.658501648754989066e-01
9.905108302758981464e-01
9.894741883652347081e-01
9.906827684649467392e-01
9.903344601902602795e-01
9.947546075809776678e-01
9.744689512611753868e-01
9.833321139209916240e-01
9.738288739491554047e-01
9.939514215469755776e-01
9.869367397408084219e-01
9.700932565673948682e-01
9.870523591096348470e-01
9.778367002946211084e-01
9.909492617334469955e-01
9.829217850009406288e-01
9.759960427968127350e-01
9.993965192208044135e-01
9.933433035029192171e-01
9.703737189567087640e-01
9.902582182916610520e-01
9.907340545327139036e-01
9.768274865201954649e-01
9.917847088432324432e-01
9.774461408675892971e-01
9.838933956121317381e-01
9.875565188943997708e-01
9.874161124781172250e-01
9.967295749761834189e-01
9.751905688697630747e-01
9.783049832795610579e-01
9.890751955191446898e-01
9.705587760527212282e-01
9.849320981153535381e-01
9.755722685436358788e-01
9.744280945343798406e-01
9.934487068601995929e-01
9.732150150175506997e-01
9.860871703837668090e-01
9.825396370597662132e-01
9.848862846010368877e-01
9.677989680994715238e-01
9.961463630945609493e-01
9.690986045670111348e-01
9.985892374367839608e-01
9.876045268314868064e-01
9.835340466601441012e-01
9.692811801550074158e-01
9.665060964723267700e-01
9.905909431552620825e-01
9.917953125522013247e-01
9.972221849778790670e-01
9.764717048759194995e-01
9.886614909459584544e-01
9.376751989017565458e-01
9.916918598171471366e-01
9.774661972262446152e-01
9.865507415726042506e-01
9.659322053483498927e-01
9.955690366051835882e-01
9.946029719831639415e-01
9.795668125790323311e-01
9.825643306792273268e-01
9.984953887334081513e-01
9.793572606096186961e-01
9.809466800456428937e-01
9.846837237112742169e-01
9.615641152652234513e-01
9.756766718001190775e-01
9.884034650708881653e-01
9.938875781233070805e-01
9.825458499410746338e-01
9.746497074712558994e-01
9.523311803618813576e-01
9.643169203348050944e-01
9.879644550456442298e-01
9.818339463269106782e-01
9.839405928663002010e-01
9.808441319400856839e-01
9.734243770686691333e-01
9.907406115708912164e-01
9.712474587404618109e-01
9.945153223579359381e-01
9.781085552919537296e-01
1.001804479331721343e+00
9.717850730955485128e-01
9.820765726302901344e-01
9.608785783330351382e-01
9.899146362577808667e-01
1.000518521059765353e+00
9.775362587448809260e-01
9.639320554986755551e-01
9.747728861779614284e-01
9.655524280641077928e-01
9.792522962615940463e-01
9.825838610604809009e-01
9.635596889659975295e-01
9.835754822939328790e-01
9.726486074766208523e-01
9.797763940101448243e-01
9.860661024530154029e-01
9.741276724754746041e-01
9.945218804150006697e-01
9.823014736148337755e-01
9.828291499632247907e-01
9.804875862556295951e-01
9.673939450816354535e-01
9.741585467784756869e-01
9.695601834152683951e-01
9.789669434297960660e-01
9.906345839892443106e-01
9.764703298427579448e-01
9.801021657245894136e-01
9.818668950276999707e-01
9.763994955020304234e-01
9.601453052746943273e-01
9.811907610828195514e-01
9.852061327097686450e-01
9.951779711308628151e-01
9.892302976124417446e-01
9.834897359760137459e-01
9.624529350907945480e-01
9.858960590353054165e-01
9.837695580741082635e-01
9.629245985720660261e-01
9.956714246981906991e-01
9.750928074258191636e-01
9.828169387031400195e-01
9.927434685340361664e-01
9.700307113614617949e-01
9.844083639993208568e-01
9.849563488302115477e-01
9.879198813458540673e-01
9.940911729031439714e-01
9.723377691174949211e-01
9.829847377811777864e-01
9.900129080330212217e-01
9.962226602416169863e-01
9.675669017021922835e-01
9.790750740963781729e-01
9.823520513072334648e-01
9.721009617735686392e-01
9.858006325667323377e-01
9.986304920853994460e-01
9.598350880458277334e-01
9.759302100390822021e-01
9.903394020401768971e-01
9.601561906007535230e-01
9.871027792048316929e-01
9.818987777287815355e-01
9.676891103715906661e-01
9.474473930685440859e-01
9.741625069458330621e-01
9.729503500252784098e-01
9.861175332571050500e-01
9.626476830239359961e-01
9.965309038758949356e-01
9.836197751140800527e-01
9.603638029841350399e-01
9.891754968780345214e-01
9.668848896599195886e-01
9.615100676547340131e-01
9.701230046057673917e-01
9.720882897929421507e-01
9.859026385525738734e-01
9.866501096181280461e-01
9.760721671999444959e-01
9.811675135346212828e-01
9.723027637436907344e-01
9.869511069271059700e-01
9.837624609469500792e-01
9.900848639999820788e-01
9.893867102876848785e-01
9.771187108898113927e-01
9.723671647140804675e-01
9.824318091135073594e-01
9.796848049725409568e-01
1.009498899733721755e+00
9.726385131308959986e-01
9.887864025936272672e-01
9.507970227837249100e-01
9.638629219498932033e-01
9.847806662669758015e-01
9.749030421761272214e-01
9.875703292765074526e-01
9.514810185664009934e-01
9.851687439917875544e-01
9.815972510596412404e-01
9.723298271830566053e-01
9.549467723328339819e-01
9.704417344084621533e-01
9.878321660076266886e-01
9.891252314794952705e-01
9.872458715281950958e-01
9.735338806899561659e-01
9.664075601028385698e-01
9.805045804174270518e-01
9.910353376099940714e-01
9.765250048539292349e-01
9.998564806310005215e-01
9.917382011059366897e-01
9.520889131857712684e-01
9.838195477170575964e-01
9.807809232185005222e-01
9.731982551082658528e-01
9.953629361132098063e-01
9.845423967517625830e-01
9.982207496277846204e-01
9.676942795892645721e-01
9.702242090369240790e-01
9.557897650427782388e-01
9.844476220755051799e-01
9.881297936989215103e-01
9.681867870889488970e-01
9.757251566954955324e-01
9.608674754039581156e-01
9.874346057982197333e-01
9.884023240742940697e-01
9.931064582641057070e-01
9.503260082093636374e-01
9.784129252999164139e-01
9.914450818991786818e-01
9.811500729285914657e-01
9.911606233457038728e-01
9.824790421276151653e-01
9.814818211561110450e-01
9.786587919242928368e-01
9.919213205077990203e-01
9.844861229474869413e-01
9.861822597646416888e-01
9.893407014802921839e-01
1.003778462251498249e+00
9.920611800931977697e-01
9.695729306622796750e-01
9.879874659666613157e-01
9.626898345330803242e-01
9.692666194772904253e-01
9.924286590732953606e-01
9.728268172403259362e-01
9.860612735738361057e-01
9.877509856083085404e-01
9.626955035580384568e-01
9.691289542969396820e-01
9.973361259085716801e-01
9.872268267960599974e-01
9.928990410654441323e-01
9.943978154280603832e-01
9.804648896523712187e-01
9.816112376074734858e-01
9.886633126160727647e-01
9.866334846616348075e-01
9.897500253285180793e-01
9.584590719258129221e-01
9.873468370993064847e-01
9.555686229835822498e-01
9.420480985040607935e-01
9.849016704158177760e-01
9.696427020451522383e-01
9.866608342842650980e-01
9.664576926557941761e-01
9.877325889971407813e-01
9.830364243369735799e-01
9.519904966074028696e-01
9.716755407978621140e-01
9.953198814083471513e-01
9.554520534541790511e-01
9.898510184016737767e-01
9.777529058351178692e-01
9.818112461946533198e-01
9.435236341301983520e-01
9.734625419049410811e-01
9.620870293360256342e-01
9.977901923278948981e-01
9.875396464015229192e-01
9.735950716909459457e-01
9.854139673078788908e-01
9.821737523221666377e-01
9.862895619428870830e-01
9.805635679889249667e-01
9.679876920966318243e-01
9.763640195131524369e-01
9.855618860840211770e-01
9.876579394414157775e-01
9.624919105260119068e-01
9.781131059319897458e-01
9.818841896250771750e-01
9.932958508132461173e-01
9.733020824960385564e-01
9.921075613310973429e-01
9.859645617010671659e-01
9.882569529103032435e-01
9.821754967015152715e-01
9.623332314760537631e-01
9.866934674408002204e-01
9.744268448826681750e-01
9.869613078595632638e-01
9.752331292357693249e-01
9.648600119470163161e-01
9.921796285909458835e-01
9.576815859961516075e-01
9.851244631770824656e-01
9.885272350871630032e-01
9.772342167661406398e-01
9.729607779551160407e-01
9.909503533171626355e-01
9.586880680745978323e-01
9.668423402673389511e-01
9.776610894375303840e-01
9.690681592912645526e-01
9.496448183982973967e-01
9.840496208220667063e-01
9.823279467477976645e-01
9.894233819996979262e-01
9.847282184925092441e-01
9.902888667456640759e-01
9.791603751004384071e-01
9.650763590767561517e-01
9.481264728884915005e-01
9.821911302577345237e-01
9.904464379753957770e-01
9.728156431229207923e-01
9.575394850015049864e-01
9.963829045582009991e-01
9.876484064849707645e-01
9.631167789643667598e-01
9.803639681834410702e-01
9.750450490986892760e-01
9.954662862512528854e-01
9.856689587331668445e-01
9.701544452813710695e-01
9.583467854748778381e-01
9.724068049258072222e-01
9.732674379931496311e-01
9.994731744663831741e-01
9.790665627337123977e-01
9.621438350491829938e-01
9.528691850425982102e-01
9.770328519099917841e-01
9.818842463078633065e-01
9.865965920141862577e-01
9.824448311159782454e-01
9.651776504199565121e-01
9.764071779257490480e-01
9.826222129941486472e-01
9.766533367941128141e-01
9.799247795900380975e-01
9.849702907423705245e-01
9.532268192582065147e-01
1.018370661205054040e+00
9.752348706160997027e-01
9.640696207446427524e-01
9.605446415178406916e-01
9.918279992393294053e-01
9.697260946537571424e-01
9.740987892495759359e-01
9.707709108545393706e-01
9.784407462132560518e-01
9.733701960228334782e-01
9.598673248561823135e-01
9.781954595233052219e-01
9.835704465776750061e-01
9.938272458261370179e-01
9.703209951664861777e-01
9.844453804681372322e-01
9.853870750728676020e-01
9.688055604502494589e-01
9.962317298979791458e-01
9.464767300764308500e-01
9.839135828982712439e-01
9.889799988912378881e-01
9.795175241998479443e-01
9.840328938130308289e-01
9.653875195477820137e-01
9.765668641687395013e-01
9.929076407381843827e-01
9.867087136107454137e-01
9.766299012633137266e-01
9.952574370043062446e-01
9.814548803892574336e-01
9.764223176026965989e-01
9.880147336321248863e-01
9.734148677101049918e-01
9.858779170111704460e-01
9.869103865023504119e-01
9.861678449599917684e-01
9.546361460878131089e-01
9.773468486447001169e-01
9.965034368401591847e-01
9.773802823128668882e-01
9.778276391554018288e-01
9.861825837845897835e-01
9.879521250205024474e-01
9.796054056246022990e-01
9.773133080142878404e-01
9.906187667486540116e-01
9.702476004326014980e-01
9.809630016412103082e-01
9.718156378054902955e-01
9.821385176574276565e-01
9.799419837187471893e-01
9.783842065305987656e-01
9.409757494563851798e-01
9.904614327225853554e-01
9.884717350493416044e-01
9.869656579226580018e-01
9.859604860952582150e-01
9.579467793982937573e-01
9.730652838438230701e-01
9.910646618666342222e-01
9.763865685557593377e-01
9.957613725974833185e-01
9.768442824234705446e-01
9.765510301233729651e-01
9.461486090928312720e-01
9.921116141879805506e-01
9.697819526426539882e-01
1.001478868111098430e+00
9.738598553210662256e-01
9.761817700144408416e-01
9.794536345234740038e-01
9.814442726501952929e-01
9.794517738039365540e-01
9.715528977192793292e-01
9.760965384396950162e-01
9.962064337253287993e-01
9.588973307266209778e-01
9.858137059548240932e-01
9.860007771797594245e-01
9.819529211096957866e-01
9.924103125800628478e-01
9.789109788332689410e-01
9.893515186246518711e-01
9.857783488053846188e-01
9.849823184860724279e-01
9.563232597711919247e-01
9.837907327907291499e-01
9.703006950252525131e-01
9.556605809526695916e-01
9.816960722414421747e-01
9.931077234431915368e-01
9.763344901512768237e-01
9.768740621842565419e-01
9.776250823392501621e-01
9.801252834792170132e-01
9.725063051197146979e-01
9.856321508751614280e-01
9.941346389500398395e-01
9.786013707514481519e-01
9.706957787404350002e-01
9.642715593984877431e-01
9.669479358312648154e-01
9.598457777051975226e-01
9.785171930532472473e-01
9.893533364219619930e-01
9.868417028970905003e-01
9.701477383047961700e-01
9.901612391022751591e-01
9.903045767614401251e-01
9.593421840178584237e-01
9.669825993274374643e-01
9.923473120156223182e-01
9.892891606446114761e-01
9.929598689221142971e-01
9.746378366048529251e-01
9.886818455261576766e-01
9.641697929423392877e-01
9.536422971885136768e-01
9.866189226451638206e-01
9.929991948316678751e-01
9.813058089730334332e-01
9.916409689350061951e-01
1.001690475190078145e+00
9.831264163618219643e-01
9.561951120124736470e-01
9.710924865862674560e-01
9.797322728596289387e-01
9.784565380290185521e-01
9.761086153359734841e-01
9.855120236785849253e-01
9.863042605414082953e-01
9.882981658408404035e-01
9.876611053809627450e-01
9.691851538912411579e-01
9.865941719664534926e-01
9.886667257812904452e-01
9.625096328187375816e-01
9.896437540236493469e-01
9.668114741816742352e-01
9.857037554285852377e-01
9.737293856331021846e-01
9.654872929374030965e-01
9.955983993291199763e-01
9.986250460327917855e-01
9.698928909351459682e-01
9.813619914406718214e-01
9.854777079375555138e-01
9.838740416399595068e-01
9.758037924919955586e-01
9.849312515725923145e-01
9.810294153229309755e-01
9.909435023224482109e-01
9.623424739707109321e-01
9.837361731800572384e-01
9.821375679539410264e-01
9.699119849824757722e-01
9.872807258201078406e-01
9.892251828401539271e-01
9.832808335115987841e-01
9.889723233249738676e-01
9.994279284181056822e-01
9.783654153050123092e-01
9.908109039960454334e-01
9.983545900641356274e-01
9.886674951436486003e-01
9.819306978225668114e-01
9.717415774961362107e-01
9.748700582394307368e-01
9.683849765706517010e-01
9.505360354355710806e-01
9.819678709125816418e-01
9.538605131225956768e-01
9.826971297190068011e-01
9.730359538167049349e-01
9.474256983821124356e-01
9.872461024702108290e-01
9.647374207132127788e-01
9.828553043980204906e-01
9.681396476111314708e-01
9.886621955201828627e-01
9.658480159292114342e-01
9.940342005999696084e-01
9.895241135924784937e-01
9.852967009161148759e-01
9.749866667322628633e-01
9.839600042435064919e-01
9.813303134451576426e-01
9.790465274596628076e-01
9.794048803901810318e-01
9.657270082791247212e-01
9.544764259626283831e-01
9.647897533743439169e-01
9.678551256448687523e-01
9.864204676445714748e-01
9.933768100131147305e-01
9.718588772201065540e-01
9.875040380161349551e-01
9.880212825244255592e-01
9.791208267287490052e-01
9.750479356555028509e-01
9.942956225112853375e-01
9.828621756942259591e-01
9.791034517324043174e-01
9.923128575661863682e-01
9.704095148454753295e-01
9.777898462297974769e-01
9.679916187396430116e-01
9.848606038577554234e-01
9.698689478455527757e-01
9.674123503099139043e-01
9.847493580293181781e-01
9.883226119111245822e-01
9.743827109255490670e-01
9.808083435883645507e-01
9.725501240998245533e-01
9.779568671464389240e-01
9.801809316231786529e-01
9.623011416113940175e-01
9.921910703142543531e-01
9.821905803504001886e-01
9.791929463652746524e-01
9.602609626616227523e-01
9.867450859576922806e-01
9.788530680646579940e-01
9.745787322093848459e-01
9.741573270401485685e-01
9.862615551970782546e-01
9.946288467510857600e-01
1.014548989247152644e+00
9.785869411227465786e-01
9.826436982183187618e-01
9.726833444826558095e-01
9.642115223176361827e-01
9.699792947982565083e-01
9.651074615770754983e-01
9.770041302723555532e-01
9.919398536359258500e-01
9.868274400929367696e-01
9.794563070918199665e-01
9.686543098177149425e-01
9.925682072741637274e-01
9.907862027826715989e-01
9.756391245414582913e-01
9.762653752589863787e-01
9.753029616228379162e-01
9.662247601692083299e-01
9.703530874392231054e-01
9.813522843780186911e-01
9.852958595063535663e-01
9.463789671074877008e-01
9.684820699018084067e-01
9.580278211259942722e-01
9.839247026326337631e-01
9.724562301210816218e-01
9.770617866448024769e-01
9.799452162503391461e-01
9.534375686026937968e-01
9.641721708059041163e-01
9.790411466556316888e-01
9.870387415448536039e-01
9.723425447319762327e-01
9.833009689654018670e-01
9.669686245032056426e-01
9.847745936145746448e-01
9.908465395118137842e-01
9.814934995990078903e-01
9.605322815216418286e-01
9.947787674245271994e-01
9.818841329141642094e-01
9.958659415484251154e-01
9.766449573782235438e-01
9.892176849376178582e-01
9.720442169537577559e-01
9.796164495588793875e-01
9.924629897769560172e-01
9.925590271950376353e-01
9.930068618324088270e-01
9.737703587941152206e-01
9.740991235393936520e-01
9.718479392075991541e-01
9.595233617825436045e-01
9.855812446500468171e-01
9.890939520158256171e-01
9.634879101964756165e-01
9.791476940650410965e-01
9.743606029017984893e-01
9.651491164909997700e-01
9.629845835965554768e-01
9.585196312613180059e-01
9.804592842491650639e-01
9.613128323653661322e-01
9.728220155404961877e-01
9.908767591691214349e-01
9.833463179539345678e-01
9.864734557316302554e-01
9.690795405029389853e-01
9.674799361361360317e-01
9.826770280762440191e-01
9.638088325722202754e-01
9.842417796627841442e-01
9.770008827999895340e-01
9.784335054029791312e-01
9.874481492376703251e-01
1.001724707928695723e+00
9.794708156493275863e-01
9.897303874100512600e-01
9.665739106754343002e-01
9.898211816863599077e-01
9.923518332365046657e-01
9.841172437543700413e-01
9.884867352700865695e-01
9.832634987180299824e-01
9.888096719994672323e-01
9.926632592136348521e-01
9.744216585576788159e-01
9.965564417739073422e-01
9.884794862244941083e-01
9.690524765352203085e-01
9.460627757369954871e-01
9.639555859232575852e-01
9.805116303466632210e-01
9.593766125920950572e-01
9.482195677059604977e-01
9.805261043707419466e-01
9.877316150744477330e-01
1.000825483702760810e+00
9.855492472135990445e-01
9.851476174795180674e-01
9.757562337581758838e-01
9.850762157530748020e-01
9.939603661476054119e-01
9.681922866313424914e-01
9.857565023089006617e-01
9.943664256349379338e-01
9.636922711660557139e-01
9.792280295597899364e-01
9.653538393523172223e-01
9.908104123227766680e-01
9.684265633634223658e-01
9.876345195687047385e-01
9.653022452035083800e-01
9.822431639639536138e-01
9.733649298117631465e-01
9.836988383838575212e-01
9.608328737522006113e-01
9.861271525215380418e-01
9.862005717373129032e-01
9.887371269073089719e-01
9.822625251239135435e-01
9.613450258198417142e-01
9.705219108301117448e-01
9.774956842038283744e-01
9.855329314410339325e-01
9.728663599066167400e-01
9.897494234441760463e-01
9.877475372699950906e-01
9.517614200174077110e-01
9.437224090422118294e-01
9.746555983226137254e-01
9.908850614007532753e-01
9.782222617932516684e-01
9.842581595638614234e-01
9.752653634150524331e-01
9.796284527034289091e-01
9.615554353250058695e-01
9.752440430651494463e-01
9.845909653286314400e-01
9.755565168350875949e-01
9.760071086501186377e-01
9.432312179774722249e-01
9.864356646540337614e-01
9.752092619668798479e-01
9.728589731549179831e-01
9.739665293431369886e-01
9.928358780191065547e-01
9.730486181396955647e-01
9.831199955712018879e-01
9.769938350955622575e-01
9.782121654291792145e-01
9.686598095745833081e-01
9.867751878348953731e-01
9.886518804604689237e-01
9.870243324442374844e-01
9.809599946216347455e-01
9.935406915915588888e-01
9.757873124251874586e-01
9.799111926941749262e-01
9.873253063521225670e-01
9.744912463752630760e-01
9.845806498827968101e-01
9.887669265685294917e-01
9.800140640508770984e-01
9.671256947112474300e-01
9.824906942840835322e-01
9.788948929682727007e-01
9.812326429709962161e-01
9.824388934491254943e-01
9.873981113728289571e-01
9.906306412800873762e-01
9.808152803190895996e-01
9.898292492359123118e-01
9.867256670430271104e-01
9.756046925311977480e-01
9.850875294643134383e-01
9.943552222355843684e-01
9.754524905423916925e-01
9.888038974512839419e-01
9.908538146667726920e-01
9.725963271946966859e-01
9.951414825026846378e-01
9.743889159448613224e-01
9.904444499293071358e-01
9.691909267874581069e-01
9.439966583114524079e-01
9.980109710950494373e-01
9.881415907408874766e-01
9.855009975828191715e-01
9.815958436105419738e-01
1.000378103107710359e+00
9.910025746295729743e-01
9.677755580954437997e-01
9.893588426626146459e-01
9.901097801124991715e-01
9.489675908677317473e-01
9.824414899241690202e-01
9.679942248485815526e-01
9.825496923570506969e-01
9.703840339462301845e-01
9.821891866121800208e-01
9.587268461337576930e-01
9.706107330397226729e-01
9.563800638769185403e-01
9.925001688060218763e-01
9.828834956771791420e-01
9.605972862399302370e-01
9.637299764099499511e-01
9.481013912026962087e-01
9.885992980186490975e-01
9.751537627802430164e-01
9.831283295581443316e-01
9.725943434172775737e-01
9.683858906117499554e-01
9.799964585767442227e-01
9.865778455050211448e-01
9.733638608839935147e-01
9.903014242012054824e-01
9.792284742428867261e-01
9.950072931950325605e-01
9.830054591142475262e-01
9.796399333819694188e-01
9.761385801872365375e-01
9.714201499625159109e-01
9.869995953129135913e-01
9.822799619287790884e-01
9.788365543218966458e-01
9.683871258387067860e-01
9.703121273239792011e-01
9.803390905781856901e-01
9.883990376833590163e-01
9.938870136488909823e-01
9.654256911536447383e-01
9.830328314224096031e-01
9.596513357851790271e-01
9.786568415878136307e-01
9.654035344726517032e-01
9.817615897734692787e-01
9.996009847292636197e-01
9.745579179269850956e-01
9.850619436586944833e-01
9.734475090649459261e-01
9.776142171234601941e-01
9.778797532791423386e-01
9.899264313450174546e-01
9.954602616969340234e-01
9.949136810887775351e-01
9.605165425420085779e-01
9.738525780852843594e-01
9.814082991028219016e-01
9.615155584882983941e-01
9.757093181451381714e-01
1.002251703164064311e+00
9.942647152402165345e-01
1.008825394261926078e+00
9.972282048572916890e-01
9.745640768449332914e-01
9.916081960964462372e-01
9.789382822152875585e-01
9.705232289820003855e-01
9.727438039598734765e-01
9.847822917368010964e-01
9.823286937035646815e-01
9.984136838381347800e-01
9.760865257652182603e-01
9.811237281563440771e-01
9.963745058447363023e-01
9.550647458219129193e-01
9.674589187647762989e-01
9.754552763193116149e-01
9.867502828362993972e-01
9.750219418798420357e-01
9.897065419965203059e-01
9.856816367133882650e-01
9.700749631635762205e-01
9.983721435620449558e-01
9.911490686383995774e-01
9.858148915113540411e-01
9.670772082973493333e-01
9.831873987156269923e-01
9.629588261855810405e-01
9.775328742252422654e-01
9.835523627315121420e-01
9.704052343229788713e-01
9.925560110722362328e-01
9.771994773414202085e-01
9.978159209230365034e-01
9.824071941909481298e-01
9.751017235276638884e-01
9.731150910458510328e-01
9.855010178093525086e-01
9.749935026576862507e-01
9.870661266808017364e-01
9.866326206535163124e-01
9.808521662965448140e-01
9.879430571524449034e-01
9.932176336767393199e-01
9.831464707974667538e-01
9.599083137773791741e-01
9.528869902921577317e-01
9.553738383079746210e-01
9.586359624125752044e-01
9.443999859480386450e-01
9.877077791191194445e-01
9.832768923561822083e-01
9.938833366036144978e-01
9.955191753808794175e-01
9.861495217778374345e-01
9.927116918119945899e-01
9.724011687568479001e-01
9.725916387198655366e-01
9.919243191944046023e-01
9.904620422475988173e-01
9.886004936153023337e-01
9.929282269879967648e-01
9.752410015134925780e-01
9.814688280864960479e-01
9.850915366265289297e-01
9.734006060905160407e-01
9.605126182201947360e-01
9.746066022418991004e-01
9.947107766213161284e-01
9.706855675224388413e-01
9.723091221512470961e-01
9.900937990186369220e-01
9.765109592341482125e-01
9.737253105248759866e-01
9.956839711984313279e-01
9.467070187236599210e-01
9.929092040926488227e-01
9.695060748044761478e-01
9.683203980387601328e-01
9.986838205709956950e-01
9.836576329695932985e-01
9.858908142638114214e-01
9.850191243852446377e-01
9.903408280364712768e-01
9.429177962801752466e-01
9.834166293041491924e-01
9.596489150090037334e-01
9.836212744473107339e-01
9.819082297810175497e-01
9.671407294605758320e-01
9.741795338523752124e-01
9.563532565686737597e-01
9.894258765554388990e-01
9.711893173722669914e-01
9.669922930029701824e-01
9.844288255142569222e-01
9.899261187949699448e-01
9.932830905357588058e-01
9.703792906886934411e-01
9.885843938138159093e-01
9.676552065690474658e-01
1.001060571189352544e+00
9.859252421409555600e-01
9.675946843360965222e-01
9.904522604594349078e-01
9.488683296525640687e-01
9.761277272764057322e-01
9.705198649329762617e-01
9.851073979425246652e-01
9.929405177661428938e-01
9.581013474677926300e-01
9.833606039360526241e-01
9.808864417116430756e-01
9.719478193879661498e-01
9.881660789682421564e-01
9.960357555976215860e-01
9.952704181676954587e-01
9.648326384034413561e-01
9.659291043820397160e-01
9.849937222413199800e-01
9.867729593782541553e-01
9.880269438836092322e-01
9.850298155165165825e-01
9.737675329215552678e-01
9.944456179377603178e-01
9.668837667018495008e-01
9.764745583391893913e-01
9.728484149474273535e-01
9.694443858197254738e-01
9.906635340596225969e-01
9.832429649298398688e-01
9.613970855018398876e-01
9.891685952072376553e-01
9.936675488078418050e-01
9.932614094161307250e-01
9.798189847779107398e-01
9.749964814723174333e-01
9.886353126021045767e-01
9.970474530606820984e-01
9.791410047280638684e-01
9.854428035134349395e-01
9.687291107053543904e-01
9.633590372169494875e-01
9.834500981786163942e-01
9.707869790216244743e-01
9.739969418828151593e-01
9.730722391222093037e-01
9.951253612319167496e-01
9.856080845978344440e-01
9.778873759097540530e-01
9.821325541886631871e-01
9.644141474599263741e-01
9.834352662971215242e-01
9.829784270412852409e-01
9.911245952563488837e-01
9.699916145643312504e-01
9.882974412743616988e-01
9.828172452673764603e-01
9.853754927836732014e-01
1.005266736445351583e+00
9.804806487559505346e-01
9.851249582282612938e-01
9.858433023112628257e-01
9.945726024395592502e-01
9.722035586836924592e-01
9.709928737797139942e-01
9.865615440981684303e-01
9.868339542911862550e-01
9.889451394327547495e-01
9.760769295318763028e-01
9.790160937090837123e-01
9.893291693230722439e-01
9.677108519957761112e-01
9.874918441254488810e-01
9.823877775394982415e-01
9.767933291741882629e-01
9.757772637729189569e-01
9.541489169063159803e-01
9.764673029060303433e-01
9.706740406891037898e-01
9.864244535178536832e-01
9.773476475752368442e-01
9.733941701506072519e-01
9.852757990800853349e-01
9.874382499331932905e-01
9.794046673711995776e-01
9.844356141286852990e-01
9.983494097633778264e-01
9.766007775218527032e-01
9.822883144181164816e-01
9.687709054242511497e-01
9.840330943901383076e-01
9.734677966882814282e-01
9.783660432949374819e-01
9.875427226245607759e-01
9.866122422035153994e-01
9.852007997579632637e-01
9.568667143368383421e-01
9.793276378944359983e-01
9.905647721531475325e-01
9.870908621490719348e-01
9.387867900023815215e-01
9.881200506075848988e-01
9.644441140612703967e-01
9.904633433964917799e-01
9.745948977349305764e-01
9.834754739027773418e-01
9.931333603194543169e-01
9.960764852339926145e-01
9.642174450460568869e-01
9.612551074812852869e-01
9.888355227132950009e-01
9.866158664991500071e-01
9.557564867539654063e-01
9.689945629094380841e-01
9.792112980272574818e-01
9.906681797097589559e-01
9.781184659493669109e-01
9.506756108415194140e-01
9.754780928279541685e-01
9.861514950676240066e-01
9.886445950376741010e-01
9.795209899758264838e-01
9.851298807312216521e-01
9.728253526641529314e-01
9.737510781579012953e-01
9.530043719996188489e-01
9.739161824272716261e-01
9.804467443881176303e-01
9.858389239346835309e-01
9.732595836443865833e-01
9.787518622434975279e-01
9.836081460616308281e-01
9.941995828495497900e-01
9.895777368711788924e-01
9.553016773706092257e-01
9.819605624060374627e-01
9.857762534678412569e-01
9.846642295596684802e-01
9.908188860692265232e-01
9.828991824402373290e-01
9.835167942922986573e-01
9.838188549894447688e-01
9.645105026633871148e-01
9.614124361642399919e-01
9.843278459320783380e-01
9.853574840351323472e-01
9.702882590062437140e-01
9.615176926200358354e-01
9.710179223884485289e-01
9.621934107293311778e-01
9.805099782533414077e-01
9.885186511589278968e-01
9.605190921728454789e-01
9.884331113132439617e-01
9.760424158774584358e-01
9.824697936561919143e-01
9.643571585539546520e-01
9.731989360375890019e-01
9.857137046454818030e-01
9.828666746567060741e-01
9.484394076440846311e-01
9.683075734593006301e-01
9.650638203681325411e-01
9.470952798870784228e-01
9.873487359603285718e-01
9.488019452961492517e-01
9.897930734495331562e-01
9.887613731423033903e-01
9.650817165589469226e-01
9.838051134425257471e-01
9.761912481533880914e-01
9.799584091761689431e-01
9.760235566974475585e-01
9.473716678536299174e-01
9.820512118460231754e-01
9.854304761171780447e-01
9.705613959631419485e-01
9.814595026391035315e-01
9.874878382472105365e-01
9.902010355184395207e-01
9.691041699354574490e-01
9.875094758966692643e-01
9.906943480335755892e-01
1.002138323531413189e+00
9.798493887295104399e-01
9.895425933251802419e-01
9.741176938301762123e-01
9.839900022145082747e-01
9.776977116186384986e-01
9.716714338451827304e-01
9.759035751263068770e-01
9.793186707117316203e-01
9.859742540704222735e-01
9.939619392111689322e-01
9.798283737904558421e-01
9.877630611825318763e-01
9.702326048579287265e-01
9.756672451690981962e-01
9.823839124775844978e-01
9.621638875181406370e-01
9.846587894286316089e-01
9.697312043835275563e-01
9.876316165028664606e-01
9.889972965338007516e-01
9.643553145542865801e-01
9.829905041262623211e-01
9.750511247536651771e-01
9.836989962557430855e-01
9.868124761385302923e-01
9.724374580856088857e-01
9.837816476250338393e-01
9.892322750820773392e-01
9.793133282209656176e-01
1.000063624784222061e+00
9.830298916552411281e-01
9.779666282481057626e-01
9.867309311018951368e-01
9.381526421300967478e-01
9.881507013686869900e-01
9.755377172479984260e-01
9.850910158312402576e-01
9.725751013554889690e-01
9.575335131527098476e-01
9.696112440999707927e-01
9.470470010113601900e-01
9.862989147095383435e-01
9.689908531859207086e-01
9.842832723704021403e-01
9.796209107269103766e-01
9.843987375646634508e-01
9.980551466037820285e-01
9.861502514514143281e-01
9.827031457407396919e-01
9.877108997154843140e-01
9.780377539821332178e-01
9.606778169267148337e-01
9.612284050792840873e-01
9.828920673500337601e-01
1.001673606113544279e+00
9.860869597934577291e-01
9.901138293056445105e-01
9.259775194934746212e-01
9.867968943765291767e-01
9.806640103159725008e-01
9.646162138549938536e-01
9.820625264292133227e-01
9.758448947261999518e-01
9.849509164692339391e-01
9.664780460204981383e-01
9.879220882977858276e-01
9.865504785960815815e-01
9.798870866228548415e-01
9.786086416166299706e-01
9.849271322555150920e-01
9.596235641819872431e-01
9.931553692182426563e-01
9.870269970030434159e-01
9.710614192240355491e-01
9.793749556650526156e-01
9.881115642032728408e-01
9.911668773730164528e-01
9.846598273779730848e-01
9.733569704293156821e-01
9.780588932860894147e-01
9.679452089310535134e-01
9.845226507825780571e-01
9.624898983626140048e-01
9.795296738880918674e-01
9.612176322602766776e-01
9.930451736609983149e-01
9.808140477738033214e-01
9.730677958855487031e-01
9.446880070899351667e-01
9.825938521531533132e-01
9.650085509754698920e-01
9.844093224568795097e-01
9.639796505930500192e-01
9.790654774531223348e-01
9.796288134536214054e-01
9.803602127040328407e-01
9.915970143840776574e-01
1.004256921748292175e+00
9.760043045575402809e-01
9.975786278991211065e-01
9.712902089879644763e-01
9.940287406802758019e-01
9.863855716867426793e-01
9.625858302040005698e-01
9.805228372263021797e-01
9.900273676593798200e-01
9.779764536437900446e-01
9.581481530015121262e-01
9.647240437895465703e-01
9.846810172709380415e-01
9.711343434259297469e-01
9.796928284447038449e-01
9.831053394952357083e-01
9.922024517259127041e-01
9.853225938296875652e-01
9.600901390665484980e-01
9.829778519748703092e-01
9.800203697328909724e-01
9.677073777733421478e-01
9.895827260212163301e-01
9.452709260924880841e-01
9.908604447996749442e-01
1.005757241365930810e+00
9.599380407818181027e-01
9.787483092633422199e-01
9.571303856429939083e-01
9.839151971573574240e-01
9.486784358401089134e-01
9.980231272721139524e-01
9.792319528289755715e-01
9.770521638996988445e-01
9.657828626237456859e-01
9.802015436735598275e-01
9.569652697172845723e-01
9.950734293236971340e-01
9.849760574806224467e-01
9.720994212145729341e-01
9.657404403907532409e-01
9.913464599314281145e-01
9.776502540237823613e-01
9.919219013481609393e-01
9.851529937071628051e-01
9.897778925107965087e-01
9.653889820406388322e-01
9.935472267088575338e-01
9.414376675328751665e-01
9.855114847657637789e-01
9.731742133086455082e-01
9.629295847644164796e-01
9.395916492615560278e-01
9.676647937485491902e-01
9.826200460032320505e-01
9.892111690223063247e-01
9.876959624102064073e-01
9.874252792738003048e-01
9.934685751668078657e-01
9.487385981582293626e-01
9.916486183093491391e-01
9.978102434535970344e-01
9.888432784581813184e-01
9.949094037898303933e-01
9.846799151666674188e-01
9.871653698935689558e-01
9.486841368791451012e-01
9.728235123591422173e-01
9.459599218690228906e-01
9.774713652449525947e-01
9.589429363064986278e-01
9.979694130727257972e-01
9.880846571457475580e-01
9.807301960775201000e-01
9.953404739754946329e-01
9.697185325848187709e-01
9.852397013678928506e-01
9.623332583905757076e-01
9.900090801938553620e-01
9.730565692422898927e-01
9.751105729518076970e-01
9.687070215726797384e-01
9.794330003742187651e-01
9.943592535445867631e-01
9.876042947297684060e-01
9.363265160575512391e-01
9.567501207790339857e-01
9.691260819877116628e-01
9.879205395323100714e-01
9.785313345037032207e-01
9.977732309904573382e-01
9.829231728016775138e-01
9.795633097973251990e-01
9.373641258189251424e-01
9.720960499008953759e-01
9.368254446403974089e-01
9.660703414696368840e-01
9.588227405819029769e-01
9.879491033601841554e-01
9.904226281380945629e-01
9.822757924525394868e-01
9.863818274765583372e-01
9.513267318875795464e-01
9.963359320141573772e-01
9.752648041674230051e-01
9.788730907844508389e-01
9.763867623306645704e-01
9.933917401960196125e-01
9.782338784809430088e-01
9.924079227345753429e-01
9.880382229228741320e-01
9.890704580628537634e-01
9.875932815348463789e-01
9.635486762277329920e-01
9.302946283320704390e-01
9.578407853356918356e-01
9.950174247955749784e-01
9.990785373694059945e-01
9.902164160735592580e-01
9.802618132383809080e-01
9.918221808067532175e-01
9.926119605124151812e-01
9.541883094779165519e-01
9.687395625713441927e-01
9.698323630668002071e-01
9.853628203065537550e-01
9.784266834704579141e-01
9.714856706843787437e-01
9.749214883620781480e-01
9.593905436364442707e-01
9.875023487403201683e-01
9.881603119291033632e-01
9.487095575423819538e-01
9.767995741982341551e-01
9.760146081286699138e-01
9.678441229540113433e-01
9.808419683972091629e-01
9.863674820198489179e-01
9.880813302861134462e-01
9.982600283625616688e-01
1.001604625620130529e+00
9.843048696758673888e-01
9.846276382802824356e-01
9.683775638396532326e-01
9.831665020443242087e-01
9.536127095581986568e-01
9.759603094726591044e-01
9.532131558015921602e-01
9.709979084712554442e-01
9.803071752638310432e-01
9.789183470657681907e-01
9.664267010264584457e-01
9.697666590371352147e-01
9.820810962228464502e-01
9.768957535273096182e-01
9.892441259497533057e-01
9.558459174057868379e-01
9.940491651130271000e-01
9.884855773361205244e-01
9.698063703580191985e-01
9.754389163245680283e-01
9.743936061693022621e-01
9.964449648518681757e-01
9.621634411171517964e-01
9.850491146465112369e-01
9.778526845743459317e-01
9.687897627838774062e-01
9.871268567222842849e-01
9.740093753848809710e-01
9.936233827812770425e-01
9.672530358782049920e-01
9.954478661721408717e-01
9.804754140495786086e-01
9.849024645535178202e-01
9.873489630509124648e-01
9.886185614264406674e-01
9.997198042554632513e-01
9.929241005605272674e-01
9.658902465928697056e-01
9.735842968314016854e-01
9.717081732851802212e-01
9.735235615115750418e-01
9.773539961224206873e-01
9.830268298874293986e-01
9.893907521844257369e-01
9.868915050596239746e-01
9.710837242217428278e-01
9.831635624918275695e-01
9.827170510550300442e-01
9.877865506573583199e-01
9.595343178423877406e-01
9.451664963625672211e-01
9.756092215324362327e-01
9.978472287720463463e-01
9.904682767741194160e-01
9.731909043772138945e-01
9.813882549681952616e-01
9.903755965457190502e-01
9.854470318132728668e-01
9.857504547855757693e-01
9.606387179272651844e-01
9.833171865246532750e-01
9.973195557080504203e-01
9.779701680389175644e-01
9.776472166523598739e-01
9.713926326135771117e-01
9.911443980377204754e-01
9.482004229097444892e-01
9.933799635818748586e-01
9.429000069820547836e-01
9.909042740610147781e-01
9.268776418667494799e-01
9.971333566977698126e-01
9.914800260614688998e-01
9.657089377109615569e-01
9.628314345066963931e-01
9.850488111994295526e-01
9.786019185805063803e-01
9.833717345180422731e-01
9.753568931310414580e-01
9.937590583430487845e-01
9.800927194315955937e-01
9.780841844151808573e-01
1.001259908129796594e+00
9.804399301327624272e-01
9.855863697922097044e-01
9.878991319468689580e-01
9.967644612089791023e-01
9.783790952681400421e-01
9.833939940275325808e-01
9.869427320182861951e-01
9.876626428468601171e-01
9.833439679067581540e-01
9.822268621394624200e-01
9.701676369464907745e-01
9.983099757325039070e-01
9.880887078419429148e-01
9.590481853161347825e-01
9.738187097597760244e-01
9.877212288103749405e-01
9.642283182074410375e-01
9.967421695843827756e-01
9.499635104231705096e-01
9.808181399390245581e-01
9.677446577456625398e-01
1.000313380925876627e+00
9.522884718672069981e-01
9.845014137977096125e-01
9.859613201451610243e-01
9.842188378287911599e-01
9.880004829578278303e-01
9.887023252957718444e-01
9.899279736206297864e-01
9.651635202375867806e-01
9.953482695888203891e-01
9.928090937486193646e-01
9.665495789536476812e-01
9.790277339768941323e-01
9.634855224416584152e-01
9.711357152784315661e-01
1.001733032983605609e+00
9.919536296262297936e-01
9.833212813937863839e-01
9.703038515230004712e-01
9.923373359214288092e-01
9.807450173360329204e-01
9.800542495838225898e-01
9.646838186339501409e-01
9.837986003510903465e-01
9.738182818035945321e-01
9.774094620657902688e-01
9.390379495233821538e-01
9.528312189652152764e-01
9.722634433542525212e-01
9.779852399230920534e-01
9.825892759352186090e-01
9.843334961956504703e-01
9.901477546078760739e-01
9.755345109310422647e-01
9.805751219834968335e-01
9.842348109517575772e-01
9.870925298875783405e-01
9.940203177138368096e-01
9.941566173145267582e-01
9.821239306491782450e-01
9.452261736782379131e-01
9.908351829492006990e-01
9.844811947093857762e-01
9.741697839592284858e-01
9.768599106048169167e-01
9.895111123386420848e-01
1.004275672090726435e+00
9.700903409874928052e-01
9.950878915355056975e-01
9.719869676124156532e-01
9.848628903388687572e-01
9.705767743895945543e-01
9.882814114913529568e-01
9.798238585492158315e-01
9.825429513711336771e-01
9.824834655779992598e-01
9.891877473126432507e-01
9.774858772437776677e-01
9.901221237774270323e-01
9.809480905213771029e-01
9.734437807812982291e-01
9.805764730442448895e-01
9.857823708086934644e-01
9.793985424097402248e-01
9.877220135506095122e-01
9.822637036478428785e-01
9.874168680902024597e-01
9.654986543482945160e-01
9.802494083853738882e-01
9.609584510765325494e-01
9.931053287123725593e-01
9.703379440239262577e-01
9.392894414799594083e-01
9.889702476473648529e-01
9.775834224686962282e-01
9.901601235207686535e-01
9.963972746843877681e-01
9.949534588740958085e-01
9.869524214017594277e-01
9.859731128903925779e-01
9.383875821203230272e-01
9.747495357896206469e-01
9.790002663155528140e-01
9.564587813937038829e-01
9.734624314141885337e-01
9.611135764054065111e-01
9.687579401475941987e-01
9.983708057175278983e-01
9.575649622540841621e-01
9.851520420035032588e-01
9.962355940050562353e-01
9.613659407368499998e-01
9.900716231167268067e-01
9.432992392084443845e-01
9.850745191409162604e-01
9.817119289975623220e-01
9.584453560920217496e-01
9.628270566813793563e-01
9.958166302704706263e-01
9.826027587473213920e-01
9.716631277039852188e-01
9.390849176711086876e-01
9.720867218713332703e-01
9.921433500016355600e-01
9.857426122507149113e-01
9.549072413743299181e-01
9.918460613392769964e-01
9.927586041960457797e-01
9.823829376295415416e-01
9.858161225664102689e-01
9.678256254420473104e-01
9.802772099439309716e-01
9.989975824098149548e-01
9.434384874279129196e-01
9.928878992948994009e-01
9.876172975193526771e-01
9.214650718572557908e-01
9.807719304482694911e-01
9.860059900327127203e-01
9.529903401749626468e-01
9.802200822838145200e-01
9.831668134608579912e-01
9.803919291111778955e-01
9.875175584665525363e-01
9.856679847716280918e-01
9.898491260867824382e-01
9.852038117317711841e-01
9.982127241695082365e-01
9.972101301555548192e-01
9.845075833076430971e-01
9.640809945817971904e-01
9.667377361583852080e-01
9.845284805455221111e-01
9.838508951408576619e-01
9.743507918617938524e-01
9.812034330616276057e-01
9.909709298825881696e-01
9.763032133805532586e-01
9.869367151781418546e-01
9.856380644636458799e-01
9.767598684514610108e-01
9.894283244630863727e-01
9.769612744434039708e-01
9.661007116793652871e-01
9.746495555248634313e-01
9.903126025744898309e-01
9.651864844819045830e-01
9.848473717695177543e-01
9.943460149226254208e-01
9.590259442062063489e-01
1.003894403926369749e+00
9.805360394191732221e-01
9.454088187090674555e-01
9.918320557393240922e-01
9.809965725938152303e-01
9.829664629126635411e-01
9.375709696588588882e-01
9.667215805782766180e-01
9.774220587706634600e-01
9.854808032203782320e-01
9.867647608065859277e-01
9.860054066993697575e-01
9.769765365285875136e-01
9.718678239669085173e-01
9.714854146130071921e-01
9.671301987605414041e-01
9.980478163054606888e-01
9.784747618410891690e-01
9.792139791949886485e-01
9.881794779624922809e-01
9.936683788268254602e-01
9.693306105375116832e-01
9.617426200706604700e-01
9.850131425799640850e-01
9.675708972511628536e-01
9.627292175962025578e-01
9.859242813454108800e-01
9.832019748873670473e-01
9.957822887301147619e-01
9.768137555880010980e-01
9.874377756561049102e-01
9.601544297788608961e-01
9.586352222807867918e-01
9.810976349393740747e-01
9.488037782312708224e-01
9.805114816186729643e-01
9.554660497833354915e-01
9.872094506107100820e-01
9.770860901640792129e-01
9.567567398796174016e-01
9.805420586627351387e-01
9.951295915870169706e-01
9.925867000044384936e-01
9.877477408757461275e-01
9.814223049606212168e-01
9.871772043927440343e-01
9.721861250435244184e-01
9.794810783698933987e-01
9.922929300934540953e-01
9.877949942796969696e-01
9.847268677762525124e-01
9.906319406810476513e-01
9.669783680230698009e-01
9.803190861097195175e-01
9.860863955694505467e-01
9.721573546373663000e-01
9.798070446487547880e-01
9.845524622800180259e-01
9.873467715992876315e-01
9.706080632291219645e-01
9.826367554540899052e-01
9.451182279610150783e-01
9.848783399664488014e-01
9.696862926385650949e-01
9.852427143349746785e-01
9.698385669089966132e-01
9.844586819371544673e-01
9.864724788555911950e-01
9.775607885158240640e-01
9.889659575654083934e-01
9.794034419613160125e-01
9.884804012538253026e-01
9.826091685715756530e-01
9.714761208143919413e-01
9.905247686905745974e-01
9.904969533380783009e-01
9.710950554817960878e-01
9.631515540813547771e-01
9.526554924567588456e-01
9.938286496794752622e-01
9.855591420388962742e-01
9.750629091322020603e-01
9.888664878089377108e-01
9.777734360505044853e-01
9.828379312760792130e-01
9.952748368161379311e-01
9.777727822621926634e-01
9.871310517041672616e-01
9.846348590046815064e-01
9.865659312304451145e-01
9.955156402053427778e-01
9.923091891216054838e-01
9.681509950244785445e-01
9.797692414974913389e-01
9.799579462921481632e-01
9.706944272090678449e-01
9.859613599084290358e-01
9.817495753021401317e-01
9.877250783784330412e-01
9.703039129289853237e-01
9.755181219262877290e-01
9.866292300290603334e-01
9.830209985571392028e-01
9.648757978787770861e-01
9.881697078752603725e-01
9.663894228367639894e-01
9.802396785926342782e-01
9.860475374029816775e-01
9.873012373853528034e-01
9.713788385673289838e-01
9.816048612289772768e-01
9.669464699981196176e-01
9.763538920948943156e-01
9.594555780682531010e-01
9.939905182814399165e-01
9.696771434323442351e-01
9.520527698120325732e-01
9.735977939046377427e-01
9.636718528873913225e-01
9.823700714295870995e-01
9.908029328837448801e-01
9.816424108486750955e-01
9.926231387159399899e-01
9.771161795089644553e-01
9.803724771403713456e-01
9.879950677955262606e-01
9.691382444231133597e-01
9.860504858084500057e-01
9.742734492758065024e-01
9.942078198587854798e-01
9.645418512695501656e-01
9.779681629137989551e-01
9.909268605055803203e-01
9.637212034083141310e-01
9.900374862295243661e-01
9.634815835658216976e-01
9.827110345747136488e-01
9.822181162516718800e-01
9.715246139984502483e-01
9.883013557028398344e-01
9.893077449871794382e-01
9.781261811631661862e-01
9.544401554817895095e-01
9.886186452957255177e-01
9.939103713793083772e-01
9.498245415603099318e-01
9.795645862527324610e-01
9.878750222724558272e-01
9.728945451201967964e-01
9.819413270458103860e-01
9.883781153112759510e-01
9.902815587516625717e-01
9.977483299352113422e-01
9.927501819776066716e-01
9.914043478154351829e-01
9.876505151229582058e-01
9.909867407165362518e-01
9.722797480547817894e-01
9.660559122761872564e-01
9.862355564833316102e-01
9.778135252943057631e-01
9.917022830516166731e-01
9.699889849869240965e-01
9.977485404601025287e-01
9.705218036836898987e-01
9.803223437653720840e-01
9.895652109336789959e-01
9.809196309803334124e-01
9.790673533660534389e-01
9.871011906566696803e-01
9.851568840408581051e-01
9.319697484900485440e-01
9.792459941997558870e-01
9.885557844618728662e-01
9.892179328568095897e-01
9.711901054129192801e-01
9.800454878670357139e-01
9.888841746786669606e-01
9.904362961109546282e-01
9.955531754723300208e-01
9.708074308994131263e-01
9.854981668785893767e-01
9.835527868348190594e-01
9.814772581805681906e-01
9.360895605651471385e-01
9.919802100746966111e-01
9.627293533282682558e-01
9.824687794788176110e-01
9.812551250057677255e-01
9.825745646035646264e-01
9.782597003078933318e-01
9.787526170931165614e-01
9.832827716398081508e-01
9.435415839731627896e-01
9.812640942516465126e-01
9.775433156121585698e-01
9.946802269197466684e-01
9.810299528937693747e-01
9.867517624877447657e-01
9.790175555254624351e-01
9.915735452776492931e-01
9.705997470239678959e-01
9.299094960614662231e-01
9.840380467140872334e-01
9.727894829948910971e-01
9.855314051476185000e-01
9.762231304764628081e-01
9.896939633368300182e-01
9.663312826482367557e-01
9.673195145152628793e-01
9.859192536249571370e-01
9.713174352365268049e-01
9.704302745972044342e-01
9.897661391894025940e-01
9.841277955424426738e-01
9.663278448355580030e-01
9.895260632239958332e-01
9.805942505372479134e-01
9.876245829117924480e-01
9.606523236224323581e-01
9.456556337970558612e-01
9.808356072424124772e-01
1.002130369682611599e+00
9.809311234890223385e-01
9.851503383563127159e-01
9.748385881837038358e-01
9.889677042041953303e-01
9.736884615647872776e-01
9.898798122934102661e-01
9.627805575413643790e-01
9.470163271553277973e-01
9.710378295606949539e-01
9.932072350388346793e-01
9.602596849286875180e-01
9.811705029018807922e-01
9.900995273964307009e-01
9.826421288528575104e-01
9.989058535201447153e-01
9.987418731889119439e-01
9.770501584725247435e-01
1.000163840839545459e+00
9.761118360983951359e-01
9.873033100088030034e-01
9.885035008377266452e-01
9.670272293220595339e-01
9.904808365578930962e-01
9.927263467867633029e-01
9.845423273607004644e-01
9.860328397690311109e-01
9.936834400824531288e-01
9.676342935501218712e-01
9.749867566656887918e-01
9.595220889382478635e-01
9.824603098497527442e-01
9.869577754837808303e-01
9.761478393559367417e-01
9.850331138615101567e-01
9.865982314005085074e-01
9.929507141062976494e-01
9.795994818099821311e-01
9.855284516066658007e-01
9.957826253691767215e-01
9.575496257425507585e-01
9.843614278503204362e-01
9.771596281193436484e-01
9.680866149693848621e-01
9.698604230030855033e-01
9.911968449944436044e-01
9.704752752927495729e-01
9.837314779031685053e-01
9.774048101151093793e-01
9.801693542605177667e-01
9.756083597553100173e-01
9.734229827600118234e-01
9.666513460326099372e-01
9.464909298090299350e-01
9.842598303126323112e-01
9.679961892400945622e-01
9.665423047073616880e-01
9.714834714325134568e-01
9.785202291501619021e-01
9.712932163711288647e-01
9.642333842412286193e-01
9.915919784723551400e-01
9.889788503110180651e-01
9.852415364504267803e-01
9.792633692252601385e-01
9.836829359826582131e-01
9.964613175881131824e-01
9.800906303803722519e-01
9.691857846506598539e-01
9.780823975997219311e-01
9.634708812599795946e-01
9.655752262453567436e-01
9.616994101990590238e-01
9.778514066262300464e-01
9.834647909251402753e-01
9.712354967603419320e-01
9.719142717932712783e-01
9.637202231938115649e-01
1.002036258622413856e+00
9.792331894720236463e-01
9.918456721540576115e-01
9.641222376682575534e-01
9.823965783668812124e-01
9.965049827832890283e-01
9.837662361961567736e-01
9.710558766887606996e-01
9.961913901830906637e-01
9.641874677398513116e-01
9.848151138239126245e-01
9.708792275499212865e-01
9.889171530883678063e-01
9.658533495798956592e-01
9.657648420712039439e-01
9.706730101232520225e-01
9.643708758907726386e-01
9.843182932173836219e-01
9.975493522081780862e-01
9.595744053477761604e-01
9.650627428379343620e-01
9.834990218060450928e-01
9.791540986903909394e-01
9.842907703837365796e-01
9.911473567318116462e-01
9.540982400187073553e-01
9.838891299641230326e-01
9.825333802216900114e-01
9.849063547040729505e-01
9.503735335798394468e-01
9.586772471191090661e-01
1.002249802221426345e+00
9.835720046595675115e-01
9.824243680620787789e-01
9.569971658172867768e-01
9.837098806844687404e-01
9.623825978049357355e-01
9.811227786646697924e-01
9.828571865407583763e-01
9.664896799443817299e-01
9.767503766248439856e-01
9.876382517328056165e-01
9.690701319862342622e-01
9.562226384755431186e-01
9.775559257572706828e-01
9.809255824712105332e-01
9.472278267842194621e-01
9.843931231495487433e-01
9.869767185455547986e-01
9.739596736927447207e-01
9.733336632594611348e-01
9.852710022910822207e-01
9.578022958742060666e-01
9.580510404331623597e-01
9.925018258163039730e-01
9.766881828008660005e-01
9.568087425472745489e-01
9.732840167880121296e-01
9.864780656454362751e-01
9.835218612023184370e-01
9.886229466295106683e-01
9.980187333524198623e-01
9.818625702518618548e-01
9.557659228705317478e-01
9.882680807610529916e-01
9.570165892734827651e-01
9.598025686462936523e-01
9.582302756862499660e-01
9.918657190559503345e-01
9.781169540728208434e-01
9.995820233484784545e-01
9.705755260771249393e-01
9.848996414220028139e-01
9.621271736481177284e-01
9.873829747834862447e-01
9.893556025490520822e-01
9.879743803217024833e-01
9.843186357056704638e-01
9.814909512509393252e-01
9.648637487537735646e-01
9.700157704637238920e-01
9.732802872688089968e-01
9.812887025017745790e-01
9.877841338602887378e-01
9.751467424685541507e-01
9.791004857168367215e-01
9.796662628145533791e-01
9.737502312420228678e-01
9.882310283803831252e-01
9.726176627518471340e-01
9.662134217688584936e-01
9.948102742244619989e-01
9.915237439897505167e-01
9.912035792674516177e-01
9.998364979302292177e-01
9.894709681011082392e-01
9.891384938974604468e-01
9.624418270968163602e-01
9.945604087607810007e-01
9.716943390910310896e-01
9.855829947012262338e-01
9.854578568909803105e-01
9.902868694122237692e-01
9.751000617624939748e-01
9.870324658493243586e-01
9.807954346010102631e-01
9.667523058903938482e-01
9.794938211377660631e-01
9.801929177543780014e-01
9.861175772940864448e-01
9.755442068911429621e-01
9.788704024190847397e-01
9.911994747565198161e-01
9.684538906884837539e-01
9.726088671632316940e-01
9.931127970106755631e-01
9.934088886371729155e-01
9.860625916458153339e-01
9.654046632878007239e-01
9.838437742398336017e-01
9.731726295484937062e-01
9.735411497771460088e-01
9.757249654964490482e-01
9.901564166355291130e-01
9.759463554701056642e-01
9.889923464993123359e-01
9.875836697105278006e-01
9.853585571654860376e-01
9.948286525525927848e-01
9.560870643060848106e-01
9.876916027906931239e-01
9.788368151730496569e-01
9.827108108562235822e-01
9.614685298458554019e-01
9.861226397793311227e-01
9.917212566479798319e-01
9.777350330413897561e-01
9.664654120174235308e-01
9.748682372767675242e-01
9.878592473264745655e-01
9.854349612539928804e-01
9.847579109944756270e-01
9.889945271217209788e-01
9.912220060126250010e-01
9.871967687196386843e-01
9.873558540782833015e-01
9.821871125997346796e-01
9.802496689739228497e-01
9.875282185031896143e-01
9.779220659838235852e-01
9.895993072198518981e-01
9.926444712263792214e-01
9.785939702049113453e-01
9.879069942849426633e-01
9.755092487443449700e-01
9.711386825162434677e-01
9.788103710407936031e-01
9.905342367521112745e-01
9.674583236266246500e-01
9.743396479681147859e-01
9.879138294464184789e-01
9.858531250434735549e-01
9.887614639099170377e-01
9.785299559948237302e-01
9.685689357173394853e-01
9.703525848264252796e-01
9.927862545666238381e-01
9.941027753846033432e-01
9.763372113410073716e-01
9.441439016880462942e-01
9.708558419986713650e-01
9.782358868657780038e-01
9.815178735741447724e-01
9.944057592850703564e-01
9.707024606402131495e-01
9.694395564958750988e-01
1.007385082492260775e+00
9.799664453078829052e-01
9.663141474636226524e-01
1.001183320647311747e+00
9.920946103307693997e-01
9.593705920297214140e-01
9.766740741054636965e-01
9.825923694669401742e-01
9.778191799331877876e-01
9.809333469832526298e-01
9.686577171206668391e-01
9.968643261958558544e-01
9.837276000308907697e-01
9.855667859692242017e-01
9.881141904855569313e-01
9.843171651317589310e-01
9.939541295129269427e-01
9.678923703688585567e-01
9.844403329233943900e-01
9.866426052945996839e-01
9.799607980463428403e-01
9.715306956180596032e-01
9.723366482684602241e-01
9.905612523224012200e-01
9.752927957874748532e-01
9.887897347330363296e-01
1.002929494013941047e+00
9.749159810710817942e-01
9.623782539634487820e-01
1.004465783957116276e+00
9.869586320925052281e-01
9.880198472664144527e-01
9.879753077124298066e-01
9.773145137537965210e-01
9.946199205659284059e-01
9.817289969642732927e-01
9.831259104100554813e-01
9.785369085689831214e-01
9.636100992722721470e-01
9.693273123505943278e-01
9.858797770447826903e-01
9.855148690747683737e-01
9.617467168535734912e-01
9.862071336410868083e-01
9.845192298791307639e-01
9.569871977302468746e-01
9.963968538530164620e-01
9.757128355140369802e-01
9.714255765111826646e-01
9.911108152555125894e-01
9.882116290886782117e-01
9.814799848447904873e-01
9.767169375203911263e-01
9.991271083282906584e-01
9.775200558194711009e-01
9.923394007494508173e-01
9.791943598230163914e-01
9.965264371991339187e-01
9.890157438374732601e-01
9.639417269903988172e-01
9.848070870458212056e-01
9.721798996112389624e-01
9.660635958118095612e-01
9.662652723631888207e-01
1.000530757771315837e+00
9.779918917553297453e-01
9.413678553432475171e-01
9.775323909139539413e-01
9.913518499328753952e-01
9.865183579299878769e-01
9.743429352149275413e-01
9.842385155170543243e-01
9.764223490866555943e-01
9.744741508754313219e-01
9.755058688496286434e-01
9.680417220521979615e-01
9.848178863224199553e-01
9.743258454930253665e-01
9.726110270954982928e-01
9.794003535083832812e-01
9.858177588021187487e-01
9.720864809338291002e-01
9.863869578503676738e-01
9.921917993653363022e-01
9.741191694302350212e-01
9.718374945464030024e-01
9.884941593419593886e-01
9.604005910104200794e-01
9.890170181810200578e-01
9.789791968407397516e-01
9.920439188907702599e-01
9.865538481606812571e-01
9.961452626427642620e-01
9.965832087860519994e-01
9.636749863095356305e-01
9.889490227146778834e-01
9.599614406555682100e-01
9.844588721428250144e-01
9.690799769356109872e-01
9.660177352661533101e-01
9.865439390967946087e-01
9.529998931134562312e-01
9.712065763808364061e-01
9.946201182849910838e-01
9.522079329800618996e-01
9.693281285989943097e-01
9.682877688515757475e-01
9.882959131175443890e-01
9.809828984924225947e-01
9.724483388896227876e-01
9.904635707208214734e-01
9.891559824295512726e-01
9.865867967197624600e-01
9.747510187068259002e-01
9.804374082050832939e-01
9.844543597201299567e-01
9.788131317694491740e-01
9.863076671822124109e-01
9.717350377383989768e-01
9.633051194814351570e-01
9.909591959018901886e-01
9.580751231371076315e-01
9.888337623495682127e-01
9.709942131236420915e-01
9.735927784264960527e-01
9.863197462262822679e-01
9.870678097526798256e-01
9.509956830997186028e-01
9.664771347427719705e-01
9.821069766263439416e-01
9.770887899697552337e-01
9.873914343398273452e-01
9.675759198906950243e-01
9.669934637754846740e-01
1.000472017371382361e+00
9.870761132494021428e-01
9.894275398981154934e-01
1.003866733552538193e+00
9.938312717064307078e-01
9.918110178918114750e-01
9.874116254715548102e-01
9.918360032781166069e-01
9.816441821604912077e-01
9.800541122391385196e-01
9.685576462921363650e-01
9.835512914278554675e-01
9.739581948457225469e-01
9.934617269090807445e-01
9.909240998442422343e-01
9.834062162003242014e-01
9.792896463345063252e-01
9.883571179094007286e-01
9.909401853524096859e-01
9.757141196941357952e-01
9.917543230324566972e-01
9.809263299826362914e-01
9.758811842205171727e-01
1.008894270242620461e+00
9.806995871728876324e-01
9.796349341721630744e-01
9.517877317321110642e-01
9.810971393462147860e-01
9.765395925708636460e-01
9.681143463599066745e-01
9.811120875398385843e-01
9.938038773837694073e-01
9.809405411371653338e-01
9.735087844889979136e-01
9.348040994700190787e-01
9.894263599853225788e-01
9.543341796181975534e-01
9.622824124113942279e-01
9.507188212024122453e-01
9.634386392120916076e-01
9.782451473651649909e-01
9.827965286109865417e-01
9.848662630671716212e-01
9.805886313851459590e-01
9.893028315788737759e-01
9.914389124646215690e-01
9.849246837784724207e-01
9.654003928207437468e-01
9.946638134300979095e-01
9.721122685489096416e-01
9.826924929681296605e-01
9.740547310147306126e-01
9.751084987549607508e-01
9.755678539871746047e-01
9.818480884182375634e-01
9.943345636232908680e-01
9.828918691087091819e-01
9.788242523925826388e-01
9.958958656036686063e-01
9.392290359351169737e-01
9.802422515100948086e-01
9.641470052223473086e-01
9.307906796029107310e-01
9.711308996054273113e-01
9.763979885810464276e-01
9.637197502431499307e-01
9.889552020082463812e-01
9.769623797158842882e-01
9.616540185694596454e-01
9.816229344675099222e-01
9.698805291193882683e-01
9.495931372214218014e-01
9.898458975771813328e-01
9.860462250993856648e-01
9.935327885314529928e-01
9.644952229203443972e-01
9.784844675677785153e-01
9.886011808830889036e-01
9.850994118646825282e-01
9.688996752274822155e-01
9.956256144312883860e-01
9.779586221361475928e-01
9.901355340710132902e-01
9.840594783884193397e-01
9.746753068672954212e-01
9.662192617672513695e-01
9.887150591316313797e-01
9.710338776057364507e-01
9.754968900787134301e-01
9.738528083890463094e-01
9.568668882350427340e-01
9.851555844411122864e-01
1.003594865402833713e+00
9.755224192340091749e-01
9.653710876515846362e-01
9.641149288921293525e-01
9.253835377194757905e-01
9.586275319900784408e-01
9.825793010327930066e-01
9.669606102293829553e-01
9.768622197549038377e-01
9.842446416780569196e-01
9.724293293449868258e-01
9.902329786905142983e-01
9.617213953121481751e-01
9.892589507121970493e-01
9.804866863734172933e-01
9.908657907085275385e-01
9.841254743637961599e-01
9.462941117405646585e-01
9.911884612544886730e-01
9.934087533362884193e-01
9.786285281862725505e-01
9.945443769606965301e-01
9.710011745067689271e-01
9.754169197447312145e-01
9.538622307024660074e-01
9.896726881825826938e-01
9.908284490645347109e-01
9.812157208917865470e-01
9.622043526933529156e-01
9.480220356791781988e-01
9.770319828932220174e-01
9.681766940687900336e-01
9.742540261191181550e-01
9.823073419063113043e-01
9.713864978507595893e-01
9.932128912749275118e-01
9.834998181901357661e-01
9.895623128285110370e-01
9.743804828017971209e-01
9.695193449502567118e-01
9.879463810126545287e-01
9.870033363852586117e-01
9.480436433415549979e-01
9.443644240187963890e-01
9.818168675143780222e-01
9.838089052455124550e-01
9.719458825268866287e-01
9.782403673900726959e-01
9.727972675489940935e-01
9.853229823175131408e-01
9.823474413403460170e-01
9.773222843457091136e-01
9.960157125805380041e-01
9.870111879207574823e-01
9.738997058366463122e-01
9.879486694132794122e-01
9.701780652919597125e-01
9.776816966004784337e-01
9.806711356213053676e-01
9.790401624087889942e-01
9.713902455681028281e-01
9.843430644593484935e-01
9.887175490600120797e-01
9.556610577033535225e-01
9.793406080116602297e-01
9.880635016900327638e-01
9.744034748638868981e-01
9.981381537974500784e-01
9.901311238822365635e-01
9.818769178925890184e-01
9.874994963709833318e-01
9.927242396093831633e-01
9.767518504269142587e-01
9.819231134195389732e-01
9.769522281854808865e-01
9.720804774935207782e-01
9.773760106316263796e-01
9.836498761943567315e-01
9.973179465211602368e-01
9.841067170905383188e-01
9.618434316160038300e-01
9.807126640177011856e-01
9.989781076112791425e-01
9.859253365795165314e-01
9.628668406921964129e-01
9.752848718726983002e-01
9.702175423326292458e-01
9.601692316751743173e-01
9.760030105644988963e-01
9.905303188963842098e-01
9.846147548308044062e-01
9.594296062375680112e-01
9.900330872528527726e-01
9.865471775199214921e-01
9.849431360112483880e-01
9.844020902671958284e-01
9.910512517526020027e-01
9.884032894141043801e-01
9.831047546282433158e-01
9.919766837247806501e-01
9.900588544737164431e-01
9.878318473275307099e-01
9.525351045908098113e-01
9.830198827802780759e-01
9.786106113825532304e-01
9.551731922742823233e-01
9.820541631663316506e-01
9.794749990929147998e-01
9.776356745783267854e-01
9.581248937753772399e-01
9.892985453816536268e-01
9.648187699772818871e-01
9.908873336826736766e-01
9.831997849046761884e-01
9.727395705036812057e-01
9.521244911890994755e-01
9.426215790646470527e-01
9.917096678745866978e-01
9.916431011157442743e-01
9.783462391307450323e-01
9.805711520784826662e-01
9.814820452702753828e-01
9.805625717293224852e-01
9.875390480158161566e-01
9.867881505447438917e-01
9.487766789531931755e-01
9.724576195088076025e-01
1.000719482262028670e+00
9.659569313694404968e-01
9.686171581203623093e-01
9.870050676808833634e-01
9.865761367107838131e-01
9.866141430290571446e-01
9.814188517085297159e-01
9.669063599723806135e-01
1.002605641131740555e+00
9.824972713589247286e-01
9.801262284771491418e-01
9.813497025765692827e-01
9.634044372519038335e-01
9.888360155322345468e-01
9.845296516194923520e-01
9.738213992385148510e-01
9.672328122514274318e-01
9.862356196676413944e-01
9.874397023032175369e-01
9.734543736979186512e-01
9.385772275039119261e-01
9.848760988607203615e-01
9.762278426841719536e-01
9.878602794260720188e-01
9.528347562488865830e-01
9.765371974082708295e-01
9.681330730359297698e-01
9.911581386286580919e-01
9.777793653470598922e-01
9.854004931015303281e-01
9.960541498906322344e-01
9.809286932011012095e-01
1.002767434860334594e+00
9.812396733851130870e-01
9.703145321518509281e-01
9.860716414609387304e-01
9.659484870416271685e-01
9.606630244115067496e-01
9.781584753964895906e-01
9.492936527079338660e-01
9.729492155754508875e-01
9.723186943770321111e-01
9.740544613006083541e-01
9.697135913371203175e-01
9.777480341599964486e-01
9.822220850514749024e-01
9.734853913106837897e-01
9.926580550554977567e-01
9.852069457407107711e-01
9.772330625249887603e-01
9.660588678485866332e-01
9.828137601174695703e-01
9.800542569025644246e-01
9.899438631559567270e-01
9.965162072779318869e-01
9.886625835361411152e-01
9.725942749060805248e-01
9.826115486220378115e-01
9.730495109541551502e-01
9.826849249389433272e-01
9.896014443330358734e-01
9.508585394501498644e-01
9.912741614500067966e-01
9.891033449315564940e-01
9.690517885970345580e-01
9.513310875162335201e-01
9.803283170570106231e-01
9.664151337990712909e-01
9.928353143901772482e-01
9.756801322266034360e-01
9.661583981367449780e-01
9.733478780438220568e-01
9.728977761252769474e-01
9.886813548221760062e-01
9.907805824234914294e-01
9.950323780648822058e-01
9.548586629044724106e-01
9.654485543606750042e-01
1.001974109610427099e+00
9.843780142551333823e-01
9.617491526528544332e-01
9.773498733366648983e-01
9.892079902949854064e-01
9.781345688088672885e-01
9.883542852633191433e-01
9.464064451301732461e-01
9.798117256992968649e-01
9.728693139599720041e-01
9.907275366111102377e-01
9.826848848438737294e-01
9.761443302864811766e-01
9.775406262214286768e-01
9.810308534086186194e-01
9.837420373455472156e-01
9.716711561875783776e-01
9.855447728684723074e-01
9.779445470991391387e-01
9.849670513799505533e-01
9.739614990081485457e-01
9.948667052408748379e-01
9.493146178883332675e-01
9.918829118546186319e-01
9.605318897565137126e-01
9.835574573613521387e-01
9.874307597770873857e-01
9.666709441356730048e-01
9.888015283561870650e-01
9.812721808861504247e-01
9.828310348410668196e-01
9.933645329556199943e-01
9.736637542669919210e-01
9.599158947862251878e-01
9.854781080905159474e-01
9.542515075372475231e-01
9.807799730251247627e-01
9.885422055347669046e-01
9.940692291025109428e-01
9.756838965767629102e-01
9.925222410102689796e-01
9.802160734379823381e-01
9.874895300569929146e-01
9.939127177343937136e-01
9.806566537832115404e-01
9.551388403864022880e-01
9.765450382733530388e-01
9.842565819078491485e-01
9.694893394022074951e-01
9.780201184089026833e-01
9.774307548867766648e-01
9.879758648639745955e-01
9.855725014271488060e-01
9.673260963309057159e-01
9.799721902641096438e-01
9.921083869971211167e-01
9.853989148482369398e-01
9.909472582100755655e-01
9.949957400522909667e-01
9.887886237656685617e-01
9.801147572941768527e-01
9.775229121087630757e-01
9.571720838027379941e-01
9.916817883008064438e-01
9.756584619156576377e-01
9.922634826578413669e-01
9.621517516152400251e-01
9.835885557589086892e-01
9.741252273135124762e-01
9.790241303029689757e-01
9.940060808178333707e-01
9.817095184750630477e-01
9.783169949389118880e-01
9.841558467501974050e-01
9.882912476661162016e-01
9.908828145461821002e-01
9.658646936591591681e-01
9.745877303435581673e-01
9.729340354366204924e-01
9.922579607333318341e-01
9.485484452449494119e-01
9.811490724079917625e-01
9.852594530115131866e-01
9.881211616724130398e-01
9.839641545522250787e-01
9.893810314052404742e-01
9.978848640489998978e-01
9.899807217720369978e-01
9.655195067941076958e-01
9.668972344505500915e-01
9.688623152453119669e-01
9.814866761700293818e-01
9.779926301557496648e-01
9.846303686117947596e-01
9.818226818198436678e-01
9.960892075442183691e-01
9.967598175771728020e-01
9.697365867262759398e-01
9.839962029110957964e-01
9.917407313886621445e-01
9.969495026594421550e-01
9.889170892491924159e-01
9.754335606222577226e-01
9.714123487812990065e-01
9.792616892960581687e-01
9.884447700007010784e-01
9.779979216168630529e-01
9.729449362014840341e-01
9.810380861938439168e-01
9.659885209620993063e-01
9.473221063610086645e-01
9.888052987884731193e-01
9.649542204991944372e-01
9.908504312234142075e-01
9.806229327964807174e-01
9.580765238435532405e-01
9.995056608576847745e-01
9.880661462926033645e-01
9.837742364202257672e-01
9.853121218718392527e-01
9.743232601327198594e-01
9.602725289117541863e-01
9.877736207789983292e-01
9.787300264254128468e-01
9.887830816371390164e-01
9.747257514881344509e-01
9.664052038699625369e-01
9.637279683114495787e-01
9.691452490125582742e-01
9.896194841310621548e-01
9.858916700916933173e-01
9.775770504721637000e-01
9.832034527603331631e-01
9.795498895446599352e-01
9.856464722365602116e-01
9.603474166806259538e-01
9.695516075970664893e-01
9.753798246693357044e-01
9.852795260284238354e-01
9.833549373919068248e-01
9.919382721542787662e-01
9.885091304970289317e-01
9.624090209253912676e-01
9.828450015911321946e-01
9.480251017458507512e-01
9.845385698128596985e-01
9.875446139642809484e-01
9.768170115846898094e-01
9.882287743953983572e-01
9.988339854956512776e-01
9.405978627139933712e-01
9.781856396414279065e-01
9.761588326501923207e-01
9.655571371459777952e-01
9.783976280412444160e-01
9.889061557980489692e-01
9.910691630317720602e-01
9.956388527385410248e-01
9.628215835824736057e-01
9.709869360321486953e-01
9.737602534370286556e-01
9.709368963982688561e-01
1.009337165140280490e+00
9.581988280986928341e-01
9.794701576253586062e-01
9.702789044912374372e-01
9.809641052541870909e-01
9.889699288083431128e-01
9.860374050045153105e-01
9.839778460507871971e-01
9.874343701230513526e-01
9.690665906737507829e-01
9.912919242531202935e-01
9.851554182926308689e-01
9.838673536806088471e-01
9.754070207342719900e-01
9.714378412558544174e-01
9.965338884936105757e-01
9.684668530160466249e-01
9.894004290319954320e-01
9.839806758934204201e-01
9.833402665409743948e-01
9.680909990613794092e-01
9.831697467307318750e-01
9.581773736052110468e-01
9.856920976525714861e-01
9.721769206639770955e-01
9.638849395611300830e-01
9.591528199152352663e-01
9.924851942173744668e-01
9.855181998411799427e-01
9.633632878654564413e-01
9.784723399150907497e-01
9.863004374510466743e-01
9.887262441311974737e-01
9.902057483904435076e-01
9.949860692103246196e-01
9.858953783945890725e-01
9.573504943292281411e-01
9.795406426160369051e-01
9.451650291877923271e-01
9.850596923993002463e-01
9.826947154558612896e-01
9.871322181621996483e-01
9.938274217285371082e-01
9.704695044266389292e-01
1.000800554730491010e+00
9.943600309026777717e-01
9.695857724658725196e-01
9.892006315794306115e-01
9.655176846526228873e-01
9.760374546822332409e-01
9.810024306399249827e-01
9.695905976018076577e-01
9.653505141622742425e-01
9.531410148109110692e-01
9.882670268419565529e-01
9.871810114203282138e-01
9.841084408924716254e-01
9.851581926153838431e-01
9.850445168480178593e-01
9.726395881054787917e-01
9.935250027912230220e-01
9.892779308080968947e-01
9.689169494076815825e-01
9.894474445551912911e-01
9.593098315786439123e-01
9.636273287273070531e-01
9.621766786395122839e-01
9.773487561857950867e-01
9.674812927430481713e-01
9.738514210083369926e-01
9.629147856937761984e-01
9.694795691882340805e-01
9.763547663402991628e-01
9.763634477445126691e-01
9.691897318735921418e-01
9.815594592072175439e-01
9.785798691072700173e-01
1.001698985213578474e+00
9.652846559231080814e-01
9.578291855539444732e-01
1.001102384734912309e+00
9.817584424077835381e-01
9.882735562516040684e-01
9.580965135367435215e-01
9.760935484235387927e-01
9.812271490696421461e-01
9.605777034726010744e-01
9.997670483931468954e-01
9.659540664512832331e-01
9.919760671491624215e-01
9.844548078450267026e-01
9.770692083884350287e-01
9.693007541882632250e-01
9.840688017317886782e-01
9.667208794366093372e-01
9.899112526567217518e-01
9.824082009120831405e-01
9.845025058259323503e-01
9.722904248121582160e-01
9.918636567464627074e-01
9.706656065714521775e-01
9.744923575927658677e-01
9.811000472637521064e-01
9.367985963741837230e-01
9.719691228725370058e-01
9.654952404594726589e-01
9.781394596151909981e-01
9.784567107111041828e-01
9.824594009768559122e-01
9.946735785203915103e-01
9.801903013561721334e-01
9.496820073591091260e-01
9.846453059351018000e-01
9.582207671233902158e-01
9.858597623838739610e-01
9.831117628616440340e-01
9.894873141585238674e-01
9.879377345174416014e-01
9.567899008077798140e-01
9.747859658255463300e-01
9.921681370336250527e-01
9.906159737242103969e-01
9.552126500750316440e-01
9.739760043562269987e-01
9.771556434165153959e-01
9.897506167487155615e-01
9.619926666389365666e-01
9.791146532546511905e-01
9.803929971932218157e-01
9.852130268850960437e-01
9.919164428435590652e-01
9.801656307272784696e-01
9.805452705703502359e-01
9.944408299424601916e-01
9.913430929208830733e-01
9.885518321071925518e-01
9.712027896964733342e-01
9.839303479631518190e-01
9.742745269488423121e-01
9.783728560160203092e-01
9.853294083288141048e-01
9.845048932905420269e-01
9.583930029477839563e-01
9.949153519912972143e-01
9.981007624489541818e-01
9.863278674533058066e-01
9.785265225125436839e-01
9.799187527534053421e-01
9.750483423083530221e-01
9.490343753914870506e-01
9.867329013461455522e-01
9.857060862851546590e-01
9.958960490776976870e-01
9.508672633529123841e-01
9.768460533740567220e-01
9.584895764920635663e-01
9.926444561712332026e-01
9.733704937713603123e-01
9.767647457584668347e-01
9.685649577027807267e-01
9.740113168729800375e-01
1.010116488016008285e+00
9.784293760872382339e-01
9.953738938706586659e-01
9.874299921523015389e-01
9.870385079661370131e-01
9.710074139344953004e-01
9.799614948831224526e-01
9.814518320027679765e-01
9.902968838649545136e-01
9.619464485317181790e-01
9.907263338831324706e-01
9.867892523169781160e-01
9.823954527357546818e-01
9.680708287590492622e-01
9.666962944704320382e-01
9.768697335019205230e-01
9.639265514105357369e-01
9.823581540213012220e-01
9.870194201740953854e-01
9.850378907170875831e-01
9.665733433568346467e-01
9.941002131028087163e-01
1.004264746818805509e+00
9.623193709013755370e-01
9.793310183230200527e-01
9.811099775701095371e-01
9.541927342590930117e-01
9.990846189869728722e-01
9.827228368804916681e-01
9.860024628030520377e-01
9.638789467696706748e-01
9.799673514897113691e-01
9.741683778274816685e-01
9.741009806789063807e-01
9.910739384590296908e-01
9.829672300801687301e-01
9.757868193859753347e-01
9.810237730548201363e-01
1.000169595203249884e+00
9.781205798741801072e-01
9.888504591262645693e-01
9.632241942453063643e-01
9.527922306699134758e-01
9.813382386658793255e-01
9.694331941099075811e-01
9.952663961089930345e-01
9.831795280460142727e-01
9.737513598346033694e-01
9.814287014770117779e-01
9.632704095236853670e-01
9.731602867388815525e-01
9.699122099429156041e-01
9.543438057644516581e-01
9.859543448412715350e-01
1.001203153039514904e+00
9.910936524411276816e-01
1.001004098209035797e+00
9.977252862478974693e-01
9.769030539433485316e-01
9.944653163458115896e-01
9.843114810973176976e-01
9.748896391488817148e-01
9.683720621626489278e-01
9.463343213686729039e-01
9.805507661643546591e-01
9.907201577933619774e-01
9.410336605935172294e-01
9.948026408124984732e-01
9.715714206750586390e-01
9.910189705639174118e-01
9.909723396069040069e-01
9.815527444007966507e-01
9.609119699117395497e-01
9.265067599379823715e-01
9.804619406887018496e-01
9.915344768902043526e-01
9.911953368660999519e-01
9.761214150138939338e-01
9.729041985306617901e-01
9.800322275512841630e-01
9.887824218038748780e-01
9.814971938681422703e-01
9.765941088372815937e-01
9.828084560188019569e-01
9.753986854464256062e-01
9.786762758058946687e-01
9.614174806459974132e-01
9.863597198084798068e-01
9.752350728969688687e-01
9.789296011616326343e-01
9.838294799433178195e-01
9.388186580281933091e-01
9.729215401881093905e-01
9.711220234621197323e-01
9.566317960960045719e-01
9.779673347329709276e-01
9.807486831322790310e-01
9.571937607086694610e-01
9.845452095451928676e-01
9.500414990273513549e-01
9.809529720088103755e-01
9.941128788760127399e-01
9.773281842673104958e-01
9.926269458282579450e-01
9.781909487817339599e-01
9.886516615048257517e-01
9.874294157348011414e-01
9.714767278850362509e-01
9.761395267883503646e-01
9.709558128911651709e-01
9.920238859248916574e-01
9.615935118957451566e-01
9.921905932622783197e-01
9.523759148031801791e-01
9.840911485014738336e-01
9.861976381092131261e-01
9.489821071460138313e-01
9.752052029819957557e-01
9.849956863898542414e-01
9.784445682011734258e-01
9.715133483945289639e-01
9.897908843261562506e-01
9.735711652862655274e-01
9.699861425267098936e-01
9.548882205291071568e-01
9.863238552095414668e-01
9.877645044473148950e-01
9.798285110635704953e-01
9.545702225029902843e-01
9.531685005229398877e-01
9.984113422254101700e-01
9.634197050087991432e-01
9.822717861791386840e-01
9.697925525373635169e-01
9.591025177717092953e-01
9.925451140057143240e-01
9.576831334148874220e-01
9.997754798866996806e-01
9.723362251821960900e-01
9.855656402782091430e-01
9.920095412424946302e-01
9.927177749408611085e-01
9.864622766634526529e-01
9.850023969505593557e-01
9.847440421535440525e-01
9.796703705978258014e-01
9.571940036747931257e-01
9.758265839999955560e-01
9.292947162660568639e-01
9.842810763528938578e-01
9.722792096630906711e-01
9.780556620868804396e-01
9.971034428155260976e-01
9.854006530840913047e-01
9.733859779894280528e-01
9.457770357088499669e-01
9.716623854429027318e-01
9.764703004776331685e-01
9.886904545135075661e-01
9.938992007444328314e-01
9.854739005963076837e-01
9.689882112825181082e-01
9.801060752288551781e-01
9.783675364315420619e-01
9.845351537835781430e-01
9.809638392700575915e-01
9.844784303383339319e-01
9.821930034408897781e-01
9.759255245496279985e-01
9.905236947312704432e-01
9.621561093138359944e-01
9.902141855107048363e-01
9.915090124090621959e-01
9.807331533102076060e-01
9.896077364274746824e-01
9.885475855844078064e-01
9.924693920427245519e-01
9.798085201571695713e-01
9.818578108890479994e-01
9.800321231075989070e-01
9.493565208558113477e-01
9.874832380640563567e-01
9.673450615292512600e-01
9.879326530792259531e-01
9.984628446851785410e-01
9.675888780884484008e-01
9.929477417286681762e-01
9.899507071571757022e-01
9.843058800886118620e-01
9.846416380244934485e-01
9.780339611062335292e-01
9.955529844357389191e-01
9.531259590721870012e-01
9.798019199596413875e-01
9.791887700326890043e-01
9.753066872658293640e-01
9.916675482679392362e-01
9.785490629183648537e-01
9.996978139979105782e-01
9.627421631244561517e-01
9.999856615712821029e-01
9.864654046236603913e-01
9.829542826110770903e-01
9.797168886365156260e-01
9.946441447233493882e-01
9.883931611146899998e-01
9.915800878269794838e-01
9.479129571149339517e-01
9.849755414875932535e-01
9.878716811568726275e-01
9.693898627909525167e-01
9.815560042043957045e-01
9.659495383454853590e-01
9.940188088919200693e-01
9.936921662416364764e-01
9.780568048364879363e-01
9.925229070917704899e-01
9.750285060863519426e-01
9.852936853821129271e-01
9.923884640103790566e-01
9.832808262892672735e-01
9.446281913684486664e-01
9.632964092744841222e-01
9.427666449548349759e-01
9.626307670684397522e-01
9.757137994455109542e-01
9.671459159004182071e-01
9.786752763562339696e-01
9.683677178737050140e-01
9.777359798858750173e-01
9.855115306656504481e-01
9.740538029731358183e-01
9.878349096343779223e-01
9.725644943745459514e-01
9.593994324016027475e-01
9.517118750354184309e-01
9.824201359148992951e-01
9.921870677316754206e-01
9.813551071701224204e-01
9.639676681040496575e-01
9.812961906006496537e-01
9.915821118903911380e-01
9.985953275933987516e-01
9.785377510510667731e-01
9.933039096428345482e-01
9.867374829445996198e-01
9.717577472422486151e-01
9.742142680981472624e-01
9.809215594019321527e-01
9.764706279702741742e-01
9.891931636496281710e-01
9.916312156012869750e-01
9.661266998902302561e-01
9.890085270893181901e-01
9.870930699559004040e-01
9.816254795435765956e-01
9.888278017206403314e-01
9.852274814548668269e-01
9.370652231601270810e-01
9.914785873623771506e-01
9.606939682970315753e-01
9.857556875650572703e-01
9.920623792937275365e-01
9.996153828462243096e-01
9.633152256097540223e-01
9.865969279979206474e-01
9.418758445537211976e-01
9.835854661072159777e-01
9.799971879209710135e-01
9.863360984667278730e-01
9.873786830565300932e-01
9.867466902458360556e-01
9.957593028034461557e-01
9.888622026597437831e-01
9.698119274914538401e-01
9.708431222017396278e-01
9.562432927862195564e-01
9.885369594742361432e-01
9.673273105530946214e-01
9.709202810469959033e-01
9.695518025138628593e-01
9.714461022557420167e-01
9.875304862656487659e-01
9.625235911318927862e-01
9.791065375778521540e-01
9.799773808774037143e-01
9.692092367170547229e-01
9.854415385008844508e-01
9.803943035706084164e-01
9.815926509223631413e-01
9.634152888963550820e-01
9.839808094059234733e-01
9.923605105528243708e-01
9.754034951256163044e-01
9.830825347036625805e-01
9.783622326257731538e-01
9.856501281561174110e-01
9.912970326277700250e-01
9.842923207153755349e-01
9.826617820714976803e-01
9.837373883162100485e-01
9.652174103493889046e-01
9.793845011535403655e-01
9.818244936684626945e-01
9.915283197629798373e-01
9.827009159735838884e-01
9.783114437787785445e-01
9.846814370160901220e-01
9.587689030546336921e-01
9.783356230410078513e-01
9.779443007589225800e-01
9.624858082336934517e-01
9.965445062079109073e-01
9.822445701998543388e-01
1.002080633114305730e+00
9.617084124126120681e-01
9.720874517040246632e-01
9.503748244167249393e-01
9.625933360534715266e-01
9.597156275948311999e-01
9.848270258583083914e-01
9.753068784711719230e-01
9.865778143370734776e-01
9.821469915696950936e-01
9.940278540129081630e-01
9.890828380859828517e-01
9.832753231525885873e-01
9.707377959236273002e-01
9.713734424125466393e-01
9.897208663008152385e-01
1.002562743155535951e+00
9.475456773290138468e-01
9.797279609798813516e-01
9.568237323113907289e-01
9.843689110444006074e-01
9.981984987197110026e-01
9.523167034273826159e-01
9.762193180843675711e-01
1.002553168160802866e+00
9.857772249322227509e-01
9.640661288726529721e-01
9.704070283473060776e-01
9.790727194853173776e-01
9.829239745984086341e-01
9.827152252958457623e-01
9.740820364016345989e-01
9.894004044042168378e-01
9.933946987454281841e-01
9.824726942651395012e-01
9.991186708452783893e-01
9.829332029322669362e-01
9.898064148670729923e-01
9.844969090412200030e-01
9.840045892643879410e-01
9.879933125615373291e-01
9.653729379926335730e-01
9.988571731391233666e-01
9.790568796892932246e-01
9.833976554186574237e-01
9.764160390616904994e-01
9.941185944417265663e-01
9.928361380586295803e-01
9.765106085029880978e-01
9.657345855959585945e-01
9.733586062811460105e-01
9.774432326018572814e-01
9.708220832901595099e-01
9.811530992126975548e-01
9.844789501136338439e-01
9.655784697582288079e-01
9.740779122487220887e-01
9.789079421353242827e-01
9.799129940049643439e-01
9.713763847930473316e-01
9.465294652506814899e-01
1.000081570591670577e+00
1.001958578570725900e+00
9.413845218802493475e-01
9.642115714024566131e-01
9.887208789445574020e-01
9.575589035648769398e-01
9.935725287088356117e-01
9.918441483417576032e-01
9.401530155896002938e-01
9.937979083288235316e-01
9.693063671597523800e-01
9.600216100681918663e-01
9.749565581545253101e-01
9.642135387100414512e-01
9.754369934507609585e-01
9.523700454999305398e-01
9.681614453528455400e-01
1.001443284051100058e+00
9.768518405528798798e-01
9.768419376129552356e-01
9.770541162904842203e-01
9.875581110771156634e-01
9.827429046820230774e-01
9.654232543076943784e-01
9.898882501805891243e-01
9.718802416461134186e-01
9.796734510588140932e-01
1.001295548458295270e+00
9.827822522440096131e-01
9.843214430756328515e-01
9.777773729283273374e-01
9.803384121469206347e-01
9.784524067834122762e-01
9.727990755801196876e-01
9.627158379815561329e-01
9.744691453026544936e-01
9.725503258484033964e-01
9.859739508788296636e-01
9.905294796402894786e-01
9.902758069579088440e-01
9.816302030224586250e-01
9.679533102960508062e-01
9.935520879561391405e-01
9.819708619256464210e-01
9.749169888357288594e-01
9.769271695010340872e-01
9.900618218776088275e-01
9.940076256629670759e-01
9.792272575791572953e-01
9.780507015314934272e-01
9.756042367591998277e-01
9.858967217065532918e-01
9.940729688679459386e-01
9.787289789504056703e-01
9.719850759065604695e-01
9.610937276157646147e-01
9.925137049512954279e-01
9.776316603827230889e-01
9.854922003344290804e-01
9.736311121380221145e-01
9.878166258438504377e-01
9.886080865458815037e-01
9.496610358359595105e-01
9.610402828277170295e-01
9.758053123972355580e-01
9.795730712768125903e-01
9.852560039887641175e-01
9.838506690482206052e-01
9.667639908263799819e-01
9.846768827098822952e-01
9.751502981669617487e-01
9.653449902639071878e-01
1.004519163268023041e+00
9.880129339389168708e-01
9.906247983436627935e-01
9.826469066353615833e-01
9.764153667655997015e-01
9.897245656402224867e-01
9.725016797482041175e-01
9.879361913372515236e-01
9.741349718938875357e-01
9.889539076133461171e-01
9.610597036046154562e-01
9.965092874563904468e-01
9.599511502467585888e-01
9.834063039931965067e-01
9.740945405704344306e-01
9.816446961308202823e-01
9.840828126071217152e-01
9.660903273647488687e-01
9.868650706925451432e-01
9.870446453124013253e-01
9.926322075884146390e-01
9.932247043241568818e-01
9.903517335215812345e-01
9.951972441183797313e-01
9.893924200908220667e-01
9.731653350264060087e-01
9.786869299207300310e-01
9.802533114903171363e-01
9.883369150792127300e-01
9.641818636506408469e-01
9.809518785547355346e-01
9.887733623162523466e-01
9.859594106710137806e-01
9.942541869158626477e-01
9.894101978337176417e-01
9.666328992875254933e-01
9.691196375482195036e-01
9.838587204561395350e-01
9.826635691873893963e-01
9.907723965807764266e-01
9.759904347479296804e-01
9.785529666186210118e-01
9.750388671647667316e-01
9.950944395134921905e-01
9.817938689358757243e-01
9.886905059818561492e-01
9.979493057501518383e-01
9.912459686420063143e-01
9.861929450164828026e-01
9.941903934279137101e-01
9.816023673441175434e-01
9.913462104428157895e-01
9.532805395721639652e-01
9.696391581625708467e-01
9.379924434625691587e-01
9.838334032708980770e-01
9.738014848322561479e-01
9.839622885013709075e-01
9.697366688620776554e-01
9.682000271676843850e-01
9.841465082134276399e-01
9.780534575382452411e-01
9.875048398685006834e-01
9.667326967875036203e-01
9.799626224160331578e-01
9.870573407501036511e-01
9.846181892267373836e-01
9.900608286914520662e-01
9.937258888933052647e-01
9.743776303499035452e-01
9.999677692042491239e-01
9.811684718911430902e-01
1.009574320353420429e+00
9.858406862417414818e-01
1.016390990957805274e+00
9.540854736304238415e-01
9.886048296062900365e-01
9.686967800729840983e-01
9.869955304858268885e-01
9.828955897302698030e-01
9.799611869404908360e-01
9.882722580964845571e-01
9.814440053158288713e-01
9.759764696834630771e-01
9.709498414039040570e-01
1.002369072887749457e+00
9.722902896330616329e-01
9.855070586007526057e-01
9.807997344906214110e-01
9.961590630802177326e-01
9.320191349663348168e-01
9.735393640748061239e-01
9.801806863492037447e-01
9.675808850582248155e-01
9.734438755211650696e-01
9.879738372884199205e-01
9.404596301261999303e-01
9.917712081206907504e-01
9.850962162117710141e-01
1.000443763802074670e+00
9.675701771864260170e-01
9.876957656016192022e-01
9.760891597908309958e-01
9.598189575704730858e-01
9.575094402867491139e-01
9.879348029174843671e-01
9.759705797933798666e-01
9.802189678089014979e-01
9.835958102964956762e-01
9.539232033119324772e-01
9.982335409565716855e-01
9.844685730906658216e-01
9.891999784409425400e-01
9.714518924100113972e-01
9.748091345097945615e-01
9.461287861924082554e-01
9.600975529520148211e-01
9.851028481489646493e-01
9.373193717174993500e-01
9.822424288617102039e-01
9.904699858058303441e-01
9.784126944779681923e-01
9.391754756653848402e-01
9.907312933506430275e-01
9.588364151190928997e-01
9.756890441383764268e-01
9.900662305281261455e-01
9.823143078820398832e-01
9.861200780369593355e-01
9.890527764406931155e-01
9.799116640249998511e-01
9.741002160509968366e-01
9.911826154375388276e-01
9.864808333300583154e-01
1.005132512202183026e+00
9.929271015807490386e-01
9.803398107562556474e-01
9.888894906411254127e-01
9.952178612924137413e-01
9.649864298392512030e-01
9.637243370407201359e-01
9.712673638283803035e-01
9.908562156622218176e-01
9.935503848135079918e-01
9.699457548779217841e-01
9.780584915341052898e-01
9.699657419162128758e-01
9.891162907536630300e-01
9.663548663813508188e-01
9.819542138103779516e-01
9.756755006820206910e-01
9.609075541886814564e-01
9.729019287232897328e-01
9.771241764117669648e-01
9.928571816137290451e-01
9.819626582626502787e-01
9.953515023276617857e-01
9.921569719749785410e-01
9.954249797717941162e-01
9.828819262318376770e-01
9.756199996985770451e-01
9.812112901850047475e-01
9.721040348917098228e-01
9.670054773423378824e-01
9.760896674478907187e-01
9.886405286278114879e-01
9.821391254958061756e-01
9.832957387007127403e-01
9.721253534680224240e-01
9.949719703643024049e-01
9.840577661058997894e-01
9.746171472629724386e-01
9.805637022008154569e-01
9.749293942527887946e-01
9.927043082118865991e-01
9.850293487298091843e-01
9.694173574770003077e-01
9.821048483274750218e-01
9.827513947375352554e-01
9.508861741097011100e-01
9.759411924991564513e-01
9.809621537915963474e-01
9.765721889699605640e-01
9.922328233134470876e-01
9.689941351433315475e-01
9.909101192664039326e-01
9.930055450261255912e-01
9.750976780293117985e-01
9.879851689023794181e-01
9.570096156498753004e-01
9.879602535203148017e-01
9.858325834823581379e-01
9.885588022920379636e-01
9.948350879039121741e-01
9.903963794561980727e-01
9.604008958287949538e-01
9.886047327982243615e-01
9.833502667271620812e-01
9.503844885658793151e-01
9.872994811930697612e-01
9.902137327856965765e-01
9.913278140112127268e-01
9.926191678954447983e-01
9.609426588557774540e-01
9.919661024955098716e-01
9.849608041867777830e-01
9.851369434075990528e-01
9.874289484278814255e-01
9.860327628384916165e-01
9.587787502532848505e-01
9.847533818492133495e-01
9.675928947397618440e-01
9.759145537820318461e-01
9.825209264981263901e-01
9.824666224748034304e-01
9.855102318988127053e-01
9.600110983707090817e-01
9.773343314110801705e-01
9.600752396186177373e-01
9.888204202919161911e-01
9.868039115058948596e-01
9.982431220958892792e-01
9.807913286471341419e-01
9.904143627680089823e-01
9.917716244765520939e-01
9.846272583910528065e-01
9.846854195965685230e-01
9.621527243928776896e-01
9.703680220428280156e-01
9.947429807278661551e-01
9.901242383797770330e-01
9.793579670295738948e-01
9.798819066339345962e-01
9.710802139844549874e-01
9.524810042502656060e-01
9.849959426826964126e-01
9.774189112440202498e-01
9.989723316299543576e-01
9.866709033949545571e-01
9.958633089068564814e-01
9.792801347497267495e-01
9.483853083370148429e-01
9.948946779476698365e-01
9.846746996742756775e-01
9.835746173310681018e-01
9.705291829912733315e-01
9.864499025667733401e-01
9.718674753760548901e-01
9.734414641754540742e-01
9.832993964695095901e-01
9.807699942209223698e-01
9.911304152154013503e-01
9.730911158367293590e-01
9.766048255523919197e-01
9.592445443074624212e-01
9.786704065771819616e-01
9.664564847345509246e-01
9.672223372583763634e-01
9.874314495738275577e-01
9.936654670452590432e-01
9.830725933737841649e-01
9.749982268714323386e-01
9.795288731633950974e-01
9.900584021134418711e-01
9.933793043042501436e-01
9.692006654608323890e-01
9.906024871195473480e-01
9.789220733637110650e-01
9.942253664690341441e-01
9.804118869924131063e-01
1.005912298925181858e+00
9.656272128896435936e-01
9.780596696708101501e-01
9.872804999553426164e-01
9.811788890221345705e-01
9.485826490463109550e-01
9.951288074706364783e-01
9.661318201652996374e-01
9.829790897644561376e-01
9.672947132983522600e-01
9.701164079029427345e-01
9.822151043261995174e-01
9.902300043360232618e-01
9.872201306340334659e-01
9.818681553661103845e-01
9.831686466075555408e-01
9.654412578451185833e-01
9.737625361519304246e-01
9.927119353946126656e-01
9.570096049165428553e-01
9.428864102958756099e-01
9.979154484720410556e-01
9.718542387614427236e-01
9.590746176819262558e-01
9.810004867159499709e-01
9.924858847041856391e-01
9.958879653548596833e-01
9.893327445209492144e-01
9.845108929320228741e-01
9.502755860913065789e-01
9.690950888354686876e-01
9.881798716091845236e-01
9.496540653734826254e-01
9.915530955066659269e-01
9.862574696156291010e-01
9.845409520504089240e-01
9.750541871174094322e-01
9.702555684016457294e-01
9.901596083711188268e-01
9.859175287398829202e-01
9.650262560800866307e-01
9.808002742188716150e-01
9.939796291572789988e-01
9.914314144213881574e-01
9.754187895318148227e-01
9.779091292684689574e-01
9.811758917905416544e-01
9.608000343870110038e-01
9.848065285493805554e-01
9.672104209211794812e-01
9.940643957024291044e-01
9.863692129834042976e-01
9.817979299662629167e-01
9.769332963776719003e-01
9.515279010768399326e-01
9.780859660624238172e-01
9.890483278286478219e-01
9.949308753294121566e-01
9.596469256582468299e-01
9.532308374625946268e-01
9.752966566664227344e-01
9.879118984530572689e-01
9.499920428733444888e-01
9.873762013165906515e-01
9.776963094060987514e-01
9.807974875565880213e-01
9.815950982757193355e-01
9.664089560229446318e-01
9.884869372399952558e-01
9.887885032738497060e-01
9.744412754085411965e-01
9.658937743864147718e-01
9.897674430858433015e-01
9.909144094148294446e-01
9.454668272393316197e-01
9.901344982339735923e-01
9.520632462392906170e-01
9.882423935454683894e-01
9.738633591352188201e-01
9.911393212835853950e-01
9.897952311796540670e-01
9.698695461089864578e-01
9.855276881497514463e-01
9.911241396262755465e-01
9.369326474707595498e-01
9.957385722993403743e-01
9.843610022888106270e-01
9.704081977750177446e-01
9.675238397237508892e-01
9.791230652758603492e-01
9.905801066639013941e-01
9.638728783134006273e-01
9.838458142902352099e-01
9.839342984299820349e-01
9.762171905007789308e-01
9.810221461227379702e-01
9.623928666074179628e-01
9.743931298453099021e-01
9.885956287322524849e-01
9.903109944488683869e-01
9.884683662780504587e-01
9.687767148500555647e-01
9.859308138200179039e-01
9.611690849598535369e-01
9.617681645684651448e-01
9.805685693047664353e-01
9.815697497958133511e-01
9.689214875014261485e-01
9.815152095866019888e-01
9.779179853274747591e-01
9.828768772202260973e-01
9.693258981078400893e-01
9.893425218279547906e-01
9.903764621321955453e-01
9.812249141035093158e-01
9.842261310928723805e-01
9.868873380914070514e-01
9.913637201685172595e-01
9.876611514117612511e-01
9.887490615183137654e-01
9.741203188272163915e-01
9.759593995131140565e-01
9.876531369284455852e-01
9.836022297259104930e-01
9.562424481198750215e-01
9.736916427823302245e-01
1.018132993462464109e+00
9.847947079383591040e-01
9.913116208697856369e-01
9.876526186130848428e-01
9.740341760606526789e-01
1.004307723923663742e+00
9.488653870321840378e-01
9.802160295981270366e-01
9.898679026019495675e-01
1.001065677203864190e+00
9.930578945186524509e-01
9.693480430711208795e-01
9.705733030253722582e-01
9.894753221997453219e-01
9.672578471002193368e-01
9.867656356533071049e-01
9.888850402132509654e-01
9.724359293440109075e-01
9.773739440567056347e-01
9.563212378910321831e-01
9.835176183363786295e-01
9.649319222645071914e-01
9.941561370930228625e-01
9.882640714629518097e-01
9.862721447864865043e-01
9.759281701842182910e-01
9.876373353635109487e-01
9.817109996050985554e-01
9.906166370284567035e-01
9.829380117311092846e-01
9.770333129462396293e-01
9.880398437984536653e-01
9.935482323812740990e-01
9.857616796462557174e-01
9.877509902808737641e-01
9.881470407791254074e-01
9.753050319241207688e-01
9.967435164638359657e-01
9.732925273191264104e-01
9.683416645449643978e-01
9.659430097447633257e-01
9.711394571211878768e-01
9.897259938060957163e-01
9.925390209497210181e-01
9.949035523631295508e-01
9.949340361727844195e-01
9.621429676375133910e-01
9.774069800000314556e-01
9.693592925872253074e-01
9.763528739904716591e-01
9.727628678876240054e-01
9.687970129979301959e-01
9.666061898392845908e-01
9.884975742791817233e-01
9.986940020430540299e-01
9.724864476034540406e-01
9.954257455455813863e-01
9.732411591605507617e-01
9.716914011358537273e-01
9.801386891409367141e-01
9.903175187790977940e-01
9.942355464766869932e-01
9.819777887721825582e-01
9.920191800678309635e-01
9.869384291252180086e-01
9.827092552872693787e-01
9.894156713920420065e-01
9.652522258018567669e-01
9.648115915464642312e-01
9.828852461657864303e-01
9.837752051651929008e-01
9.739782671430032845e-01
9.565044147467163249e-01
9.704173005238138083e-01
9.627748776567982558e-01
9.755754397208561413e-01
9.584343669538401000e-01
9.886810347807691857e-01
9.849230024457330535e-01
9.704878509793168906e-01
9.849682978688917290e-01
9.573981071473075533e-01
9.727225536088065505e-01
9.648466250240139708e-01
9.784599009184243856e-01
9.755972775312306000e-01
9.800810693161519094e-01
9.351042750255000868e-01
9.843901489648347880e-01
9.809655531351004765e-01
9.880954343977059740e-01
9.757577178668440654e-01
9.928090409966578989e-01
9.523922919580911639e-01
9.758179291029730473e-01
9.673802089508077851e-01
9.795136248861313621e-01
9.752517467572353604e-01
9.937250390353101759e-01
9.698283355752106427e-01
9.875171872917638538e-01
9.710659873454827729e-01
9.768826147451240560e-01
9.743563632038193534e-01
9.716637882785238434e-01
9.833622907446456507e-01
9.760241646856411268e-01
9.792609868939184947e-01
1.001456144258993541e+00
9.733346459637919335e-01
9.460713110035255946e-01
9.646118862470087763e-01
9.923397492494221428e-01
9.908556365316445458e-01
9.842000571519526897e-01
9.882746062387073316e-01
9.840168688048285262e-01
9.813743473833074216e-01
9.557026648980638805e-01
9.829927501609595497e-01
9.820745466896246834e-01
9.752808113408860669e-01
9.831906616743922855e-01
1.007273731891172863e+00
9.801264648419905079e-01
9.768809129095362698e-01
9.986834540449910369e-01
9.849693157378369701e-01
9.884953364051988212e-01
9.855034180140027633e-01
9.862922381504676261e-01
9.295062236504482156e-01
9.574739354890733356e-01
9.867083057819070468e-01
9.753847883775972338e-01
9.870866635847967974e-01
9.800246582341382018e-01
9.733379461750994999e-01
9.889659880404391146e-01
9.660951346546027274e-01
9.679121464051230195e-01
9.766463900026240985e-01
9.704855660057113420e-01
9.894169308856793910e-01
9.673285280312794443e-01
9.600641429457364984e-01
9.735645523393244849e-01
9.638424474845652679e-01
9.674695620217577119e-01
9.906815370444547186e-01
9.462274266148309465e-01
1.000788897960146251e+00
9.616125053552337931e-01
9.877083910595102489e-01
9.737319922550531359e-01
9.752152404114279305e-01
9.695273129497939957e-01
9.777257086241604167e-01
9.620773356889504857e-01
9.866215342215920447e-01
9.865804487235975140e-01
9.512026872538460465e-01
9.867336547236754685e-01
9.372996562453542735e-01
9.895820372949127863e-01
9.704117687225940481e-01
9.859929697130064286e-01
9.950752657934563983e-01
9.780141354976548129e-01
9.889380345159750618e-01
9.761781598006770144e-01
1.002220334117989609e+00
9.510594834623358196e-01
9.963678347155854320e-01
9.764692539048194231e-01
9.409031931566893547e-01
9.730644689738847664e-01
9.884535908199799659e-01
9.704182328103606592e-01
9.824063238142902721e-01
9.747277365379936054e-01
9.801073415340558759e-01
9.504006243671327958e-01
9.806505013096200596e-01
9.571281782280635086e-01
9.748278382680802823e-01
9.788295056369555880e-01
9.766494574738048273e-01
9.762922305033422399e-01
1.001897481287433500e+00
9.786159888616464686e-01
9.683547064597528564e-01
9.775227872133696039e-01
9.603130876758169121e-01
9.845388584364929141e-01
9.656408824834600280e-01
9.539735366889239288e-01
9.822012395746181346e-01
9.832747024593671004e-01
9.779410743505978498e-01
9.942083053837653672e-01
9.888162858436790881e-01
9.828353410845583893e-01
9.870721362891267114e-01
9.774814559512722267e-01
9.769246521156152996e-01
9.843096326049167732e-01
9.576910413929126120e-01
9.546684986907585380e-01
9.899791051669036834e-01
9.870535708146153109e-01
9.883031177561111269e-01
9.870851074952550208e-01
9.825229641424224614e-01
9.922636674018339153e-01
9.867322113289880292e-01
9.663242411324574066e-01
9.700309855539485104e-01
9.930815898551644816e-01
9.873244733506794102e-01
9.727689918504778266e-01
9.702722914517067920e-01
9.902267383520322319e-01
9.814123974055802835e-01
9.775485894495838934e-01
9.664205973070715272e-01
9.889709238517186973e-01
9.882650612805666812e-01
9.684938822413501347e-01
9.750752819714503250e-01
9.893595268296211387e-01
9.925099150234487633e-01
9.519072879241514684e-01
9.656085403908277742e-01
9.650411933252085461e-01
9.814319356052234600e-01
9.821975962350790734e-01
9.752996232262127752e-01
9.807181541274243575e-01
9.906220017564918434e-01
9.874135432655450906e-01
9.903208568047791038e-01
9.622125911413829114e-01
9.865042147545870499e-01
9.824664092130767079e-01
9.691783920362003757e-01
9.661264873014620003e-01
9.582692550851086288e-01
9.720433559494412457e-01
9.924441186291139694e-01
9.808242753204725606e-01
9.882245772355497948e-01
9.720130037851251181e-01
9.698134966738898299e-01
9.827694806616730228e-01
9.608703366649341548e-01
9.746202603542937215e-01
9.838460869352134708e-01
9.908501440629203794e-01
9.696912303507696507e-01
9.970782646545943706e-01
9.806543133671793422e-01
9.957222824183847854e-01
9.838302374718265186e-01
9.876669097166379530e-01
9.867328003053102981e-01
9.419777083456544187e-01
9.705866685575080810e-01
9.595036591322152475e-01
9.543134877285123219e-01
9.948904012625979787e-01
9.916847237139836402e-01
9.723572082401585881e-01
9.732613495700371820e-01
9.716970138550445890e-01
9.800273099578065139e-01
9.936586006341913135e-01
9.691854428305742841e-01
9.772637860730444270e-01
9.719062515222938181e-01
9.363212128210937069e-01
9.866981805923930038e-01
9.820324995880409524e-01
9.831171589238121289e-01
9.841681455295211434e-01
9.831243953197614793e-01
9.924970359784428542e-01
9.790004892750215904e-01
9.857873917661046370e-01
9.866550732912382493e-01
9.847713871915773076e-01
9.716817524823720964e-01
9.819584204695998020e-01
9.697163984676927528e-01
9.958827616853417330e-01
9.794838093732478601e-01
9.904372354342446672e-01
9.581078136122045397e-01
1.006230961447397654e+00
9.356902871707805103e-01
9.799654181926771290e-01
9.626812896402305864e-01
9.715800302347733508e-01
9.701195277914461679e-01
9.817135386261917063e-01
9.894592876268788473e-01
9.790617508999004404e-01
9.852971417743604521e-01
9.568442442599660591e-01
9.831930357738811743e-01
9.872503243926027405e-01
9.733588447647355535e-01
9.648839384231435723e-01
9.652903783721555886e-01
9.913795563013730883e-01
9.800141171799252593e-01
9.948016435036445282e-01
9.852006859925058757e-01
9.896692332147329907e-01
9.813116980986282822e-01
9.839730697966667661e-01
9.803134581726279384e-01
9.856096809531487146e-01
9.706646336603985681e-01
9.614047513368570996e-01
9.703607598762323816e-01
9.870037548976592356e-01
9.937636979858816000e-01
1.008445748851509061e+00
9.875804870137908642e-01
9.901980246795798468e-01
9.671582931989730625e-01
9.929431568147430998e-01
9.914614757559238045e-01
9.839429071839843610e-01
9.779081712774951862e-01
9.804444881333593820e-01
9.805701842003095026e-01
9.860136463796909112e-01
9.536353217959683271e-01
9.796330850442626081e-01
9.853259170487176366e-01
9.661711962447014912e-01
9.803254379754434700e-01
9.598253873446609408e-01
9.913809571984640856e-01
9.729606435082120974e-01
9.787258392195723467e-01
9.886217388897636793e-01
9.650717066066044625e-01
9.909167814498275328e-01
9.719807561264469653e-01
9.766717395704769267e-01
9.907676786919971113e-01
9.786433027024916687e-01
9.842355463469718568e-01
9.888936285416380922e-01
9.743685412610605390e-01
9.800411171990107695e-01
9.776901415987173660e-01
9.894638718305031055e-01
9.790401285645049523e-01
9.819630066033038229e-01
9.903666262448024282e-01
9.511476346707948837e-01
9.898847987603544007e-01
9.471909173141266347e-01
9.867431786047090592e-01
9.255491452789562645e-01
9.680571168393425907e-01
9.855292302551215133e-01
9.836497875919951728e-01
9.640996938295565144e-01
9.662445333499755096e-01
9.618725786405888378e-01
9.470882122967192451e-01
9.888699807978270639e-01
9.960775651388545926e-01
9.731626413507756812e-01
9.841128554661587868e-01
9.507665467666409631e-01
9.964001794656047739e-01
9.944974016720166121e-01
9.813435465658234547e-01
9.940311410129312186e-01
9.827686498262517834e-01
9.545337041462705896e-01
9.831769122280679118e-01
9.677347510088060156e-01
9.830507627756517319e-01
9.926677650561277488e-01
9.850637566238432674e-01
9.770854839935656511e-01
9.657175507325297392e-01
9.603843211231135601e-01
9.879161673867810078e-01
9.846603162110237895e-01
9.863218870439232067e-01
9.705069329567961312e-01
9.825477714816363006e-01
9.882339374419688571e-01
9.909420923366146772e-01
9.639115451313586824e-01
9.600595234173920911e-01
9.535209714396823966e-01
9.712977677860926695e-01
9.841012391161113593e-01
9.939138143293598793e-01
9.913597677035080880e-01
9.795319381903083711e-01
9.584907624983773911e-01
9.822151420351397100e-01
9.647459508664103511e-01
9.876849269553205080e-01
9.926143107242348940e-01
9.845426856118775216e-01
9.699471181449995649e-01
9.878068723909851911e-01
9.884708823889580831e-01
9.697143413549849100e-01
9.836571035062096069e-01
9.552076043574099229e-01
9.721058164771454457e-01
9.768533586897314436e-01
9.619377373348130256e-01
9.747078922225889119e-01
9.807367669703276336e-01
9.836611977639666549e-01
9.681112022467459610e-01
9.437982272892118107e-01
9.949822774592316232e-01
9.759929876112217739e-01
9.939926392506934771e-01
9.500322823606667244e-01
9.716731313076122367e-01
9.879257565220773696e-01
9.636540729684319739e-01
9.901133158148867075e-01
9.819643903309765998e-01
9.809049777039083873e-01
9.843131834260077095e-01
9.676865243636467717e-01
9.680930136958898480e-01
9.865342377857490019e-01
9.912599702932221035e-01
9.784064666250302800e-01
9.743450623752707429e-01
9.907601390757884152e-01
9.888630963753836101e-01
9.525425396695040847e-01
9.845583647916724690e-01
9.567351638100469735e-01
9.937212564963375794e-01
9.899041923615353733e-01
9.931082913295045111e-01
9.752095103565473488e-01
9.847514516185570388e-01
9.944734240770958245e-01
9.846937440626152283e-01
9.918512766497211697e-01
9.631955074092639624e-01
9.785901327538935046e-01
9.861018317117448140e-01
9.569044967578976824e-01
9.697328121280357482e-01
9.883322910214119572e-01
9.799541273691041443e-01
9.791544546667017013e-01
9.757466810982652339e-01
9.761281332785196607e-01
9.740937072382359618e-01
9.350399304687379010e-01
9.862923898676105861e-01
9.732129137340692626e-01
9.650106818946077025e-01
9.687514487475947789e-01
9.782882786615958448e-01
9.832027357714185900e-01
9.798624110765498108e-01
9.817906065566985863e-01
9.899753963373915111e-01
9.784864001402270306e-01
9.655147054016960384e-01
9.812018143175753604e-01
9.664008190850430502e-01
9.674975684877761273e-01
9.683385684489514977e-01
9.960219405323278430e-01
9.830431605735168166e-01
9.881168513145653920e-01
9.852314338112977410e-01
9.753099595250915854e-01
9.939417952892944941e-01
9.799963573349163015e-01
9.935709522940963101e-01
9.713874070513252024e-01
9.833788390509782262e-01
9.963997758474543165e-01
9.853506032745833476e-01
9.825906011454260680e-01
9.927640461556601625e-01
9.667686251717849677e-01
9.876830262927591697e-01
9.806005718791217518e-01
9.719723811478619968e-01
9.833543873054536588e-01
9.873619312868543441e-01
9.891039129438905508e-01
9.730097751562312158e-01
9.493491905062299008e-01
9.874821788024674696e-01
9.662177780792691184e-01
9.739842935646912947e-01
9.821062896715681001e-01
9.892523128118766440e-01
9.813334108709531600e-01
9.924190275363505842e-01
9.838177425463752179e-01
9.772816235050066913e-01
9.654925852586057067e-01
9.521628900275134200e-01
9.851691331291789755e-01
9.835064764279223271e-01
9.557563462285081357e-01
9.859630469629364624e-01
9.795772923846705060e-01
9.760687057878969508e-01
9.878999283855520730e-01
9.742925461119074093e-01
9.876917700982360548e-01
9.740010242510733773e-01
9.877516790040390404e-01
9.782695459169017393e-01
9.926683348324779610e-01
9.768450008364090165e-01
9.713100052661765016e-01
9.846771187888740950e-01
9.656741173856684401e-01
9.721487102596645391e-01
9.733760067576394670e-01
9.813652156489128808e-01
9.875404804525248492e-01
9.880259955268951844e-01
9.909588289027605468e-01
9.624290071877930064e-01
9.866139351862187601e-01
9.633584960681242926e-01
9.826257522795766031e-01
9.762644348012671225e-01
9.921580510434554467e-01
9.733172164736807463e-01
9.719671530784409486e-01
9.882225717286091671e-01
9.622328721962171150e-01
9.821972114862062009e-01
9.460674612158959107e-01
9.837149618676823692e-01
9.890000944932831883e-01
9.715846775984885442e-01
9.674660684045058856e-01
9.878373628011555274e-01
9.707288021162899794e-01
9.682546590781295759e-01
9.726250185627304257e-01
9.666768656918227620e-01
9.583593473981781852e-01
9.771691065963694633e-01
9.844483130373522517e-01
9.883541749586590708e-01
9.694129619967157829e-01
9.717355409081277484e-01
9.894722422465643819e-01
9.750666418415810943e-01
9.913772562312043179e-01
9.829622427735901224e-01
9.786271865823026328e-01
9.759017960870068897e-01
9.812783342568142109e-01
9.444660931010997462e-01
9.808981168481589741e-01
9.752437084982262805e-01
9.688114989671946509e-01
9.779508171789155213e-01
9.808777544478365362e-01
9.853341392616939975e-01
9.744455448237130391e-01
9.816528448030751308e-01
9.618832396736628487e-01
9.711503518086893605e-01
9.631468020017454057e-01
9.508732523774064971e-01
9.798469094809144631e-01
9.700053770770274975e-01
9.974083827636294197e-01
9.586730804323349009e-01
9.680337633491317151e-01
9.807382415170136092e-01
9.641735325628323361e-01
9.878811409384877784e-01
9.794792540500847355e-01
9.763042828134901319e-01
9.626287539838402907e-01
9.913987296021053996e-01
9.650776001489513867e-01
9.907920059415951108e-01
9.850658275168920897e-01
9.761087379347479498e-01
9.915561721291501485e-01
9.704248757605269393e-01
9.886437039790683112e-01
9.582714225761916893e-01
9.816662894144372320e-01
9.872746590730046012e-01
9.822768284225334989e-01
9.773150344806508238e-01
9.649970368193923065e-01
9.523170405757661605e-01
9.756033404096836614e-01
9.601430545391205218e-01
9.514710767216842946e-01
9.933925437959398863e-01
9.912440263794479733e-01
9.663752393300882870e-01
9.797947601108695226e-01
9.466194349837738775e-01
9.827360601640136029e-01
9.801417689913296538e-01
9.948031693376003792e-01
9.829562861452086908e-01
9.882793970842257414e-01
9.909980542973380047e-01
9.786142578410549353e-01
9.920402453671124388e-01
9.800553719994460344e-01
9.844507124588106617e-01
9.912463753778112396e-01
9.889183065863033084e-01
9.916310878039190646e-01
9.694929603588001710e-01
9.907319711092249515e-01
9.795508468385815126e-01
9.722089772095124927e-01
9.691913719360136792e-01
9.754416769744181925e-01
9.838671235469208520e-01
9.834606534466624472e-01
9.834708120901926032e-01
9.499863197118968428e-01
9.953659201905442622e-01
9.791935985905442230e-01
9.607352027912857695e-01
9.793524229489826149e-01
9.776362018521801422e-01
9.692905131860005685e-01
9.721616918454568657e-01
9.901729526962865791e-01
9.851086560095499989e-01
9.816619733882427923e-01
1.000245476913920406e+00
9.847287994475819595e-01
9.861838288365218919e-01
9.894535904067969234e-01
9.658241496900663581e-01
9.753709676803699047e-01
9.767922471171572862e-01
9.844279041128736196e-01
9.807104982788928949e-01
9.732371928031908759e-01
9.839457746594304499e-01
9.845535624696045707e-01
9.857658686737554854e-01
9.882407742892099778e-01
9.821004261863020002e-01
9.788230546680359856e-01
9.594481117699650286e-01
9.563686913463546047e-01
9.955333533535278834e-01
9.712941101860016468e-01
9.787614157118542657e-01
9.740498488393289911e-01
9.863137851757539654e-01
9.683000998852804297e-01
9.438728750786236077e-01
9.524956320045432356e-01
9.703724869491135996e-01
9.751235828604191136e-01
9.744294145733538581e-01
1.007636062029169555e+00
9.841586851210069042e-01
9.917289318601730796e-01
9.884068642086206724e-01
9.819958792047915885e-01
9.837697044732174323e-01
9.730236357311523587e-01
9.848757920715808245e-01
1.006539372598449500e+00
9.876754992149709977e-01
9.943439477561539785e-01
9.861002961583692494e-01
9.689749596337482451e-01
9.628940016959143255e-01
9.820287396067286512e-01
9.781759719520307650e-01
9.911125414619378349e-01
9.982383654176326671e-01
9.797738140196858847e-01
9.856958320014562736e-01
9.804451549128588850e-01
9.992456165322427530e-01
9.930005214857690055e-01
9.898312123720560685e-01
9.681318051576819350e-01
9.743540200067732915e-01
9.782318638263960420e-01
9.733615572675635708e-01
9.685030912086604049e-01
9.745498264734041571e-01
9.706357430400710529e-01
9.470811108240551057e-01
9.580300342504322053e-01
9.976507527382203477e-01
9.971571291317117280e-01
9.620427194498917256e-01
9.746485711598862345e-01
9.821802960148685591e-01
9.826495458653546899e-01
9.868993344229443077e-01
9.718680498176346383e-01
9.869068666446582094e-01
9.877657406384631189e-01
9.635129794960538563e-01
9.549739677974338203e-01
9.525804562586637214e-01
9.693395711227316136e-01
9.912286151714335691e-01
9.931495080650472040e-01
9.719919736738877880e-01
9.718439059789656387e-01
9.897120856725886151e-01
9.848053079939902421e-01
9.940802820818631647e-01
9.870920489522022612e-01
9.822220513815800302e-01
9.982851030400342607e-01
9.883453716470632644e-01
9.880334119902609569e-01
1.004644004083010689e+00
9.855823689943298271e-01
9.899441257875100098e-01
9.873245702896061848e-01
9.695826951543513594e-01
9.624213956354575883e-01
9.837951542301193175e-01
9.776416608753626392e-01
9.594886360095055133e-01
9.638876472608084445e-01
9.650894265033058694e-01
9.724393097589083546e-01
9.823284627562977045e-01
9.836602867793420302e-01
9.614103611896470669e-01
9.832153485990819952e-01
9.863771917007907453e-01
9.698109198883276827e-01
9.781357998490353145e-01
9.745442500789965878e-01
9.898734499239225659e-01
9.916799795512192262e-01
9.711491582622812091e-01
9.744417865114560762e-01
9.700161206589904550e-01
9.490598064180643112e-01
9.790222653715404677e-01
9.777248009170681486e-01
9.862252209023949501e-01
9.882258449651022403e-01
9.712262045257398224e-01
9.892974909027076880e-01
9.759264064899549895e-01
9.858559044240411406e-01
9.893086384495592966e-01
9.982381628046448352e-01
9.909664982241668252e-01
9.819699668730983433e-01
9.818308750755410097e-01
9.675019296911779865e-01
9.950561107942493821e-01
9.927825622887059831e-01
9.728372246462088091e-01
9.838229985170622305e-01
9.890030187105881554e-01
9.886852633251956846e-01
9.301661561179584981e-01
9.919517563430416685e-01
9.830164276853609051e-01
9.587909460004504503e-01
9.880356917334989220e-01
9.765649702690143430e-01
9.629137386529429410e-01
9.743224987724072861e-01
9.890649093715987439e-01
9.818662850279880061e-01
9.931377362425317656e-01
9.804007442973682318e-01
9.713917502948792304e-01
9.845766236609021504e-01
9.524147309735730982e-01
9.869903016329757417e-01
9.772981496053692041e-01
9.621595473346820082e-01
9.640169225357125837e-01
9.866313974599186798e-01
9.879033645047498036e-01
9.893293284323243508e-01
9.520743088123685416e-01
9.581385520030748504e-01
9.747946376019023251e-01
9.983243333654113760e-01
1.001561248115076408e+00
9.549005122289722092e-01
9.767256584473776870e-01
9.738398460547463831e-01
9.779854417251364618e-01
9.858669229639073217e-01
9.569535649381759601e-01
9.688004890374666278e-01
9.699788528610667759e-01
9.847304340010220036e-01
9.820063289198118772e-01
9.814983511369032021e-01
9.543632758818371142e-01
9.828036128664090487e-01
9.846125803430791912e-01
9.753907364736696950e-01
9.856940495405527303e-01
9.823021950735051355e-01
9.619474526105348255e-01
9.779764327929935108e-01
9.861118457100559453e-01
9.911968132321385960e-01
9.584496499219902210e-01
9.709077743263158089e-01
9.858529374865816486e-01
9.231026565252978822e-01
9.816181105356917014e-01
9.932558857761804028e-01
9.954659726032354383e-01
9.901862031326261748e-01
9.570142200597504534e-01
9.877811384661089322e-01
9.957485962819587755e-01
9.932366260577676353e-01
9.900599046064157971e-01
9.860896492916618739e-01
9.970386896580196723e-01
9.892840906064384043e-01
9.539049405970841944e-01
9.855143931450560668e-01
9.876363243921014723e-01
9.667503864117723555e-01
9.728857608794541090e-01
9.769269380442676676e-01
9.852739199539727322e-01
9.658577941472951123e-01
9.908433865967308796e-01
9.778857140724036556e-01
9.867099004394019879e-01
9.696473951838512351e-01
9.587114124617091004e-01
9.839656626278912022e-01
9.675627172232352802e-01
9.797908932919919822e-01
9.941418594362569916e-01
9.738113065152266268e-01
9.749581401686974180e-01
9.857711300847452618e-01
9.699069418766006478e-01
9.261961757811220108e-01
9.650712995971864050e-01
9.874905820903912002e-01
9.636499746564662905e-01
9.477628737713631457e-01
9.603102078105210104e-01
9.781654675577095004e-01
9.897079618801581935e-01
9.854822523024782122e-01
9.852593688835313834e-01
9.823570961933109080e-01
9.757303129668608577e-01
9.737702732015118823e-01
9.818635981027038495e-01
9.906557347469978625e-01
9.691485361779552665e-01
9.593022815639559164e-01
9.849436779370340789e-01
9.829960339544451253e-01
9.944323397589109881e-01
9.998451117657382037e-01
9.864034329282046487e-01
9.861959668454526318e-01
9.524960519622432953e-01
9.667177157529620590e-01
9.756924770348222031e-01
9.799343604412126263e-01
9.870421085239083903e-01
9.669836775449986987e-01
9.904411943768849369e-01
9.964203581681561062e-01
9.681939227208706811e-01
9.803777575911609699e-01
9.755340266119026937e-01
9.698446109759234490e-01
9.701933957340179715e-01
9.782172986367713152e-01
9.635534382254187236e-01
9.875791319668162371e-01
9.738048361819069410e-01
9.596133467208997070e-01
9.814420959334340111e-01
9.557312719212752716e-01
9.915258460240397032e-01
9.849368876771837922e-01
9.622876601082014369e-01
9.837466116653338366e-01
9.765864159510305731e-01
9.850167118422964441e-01
9.783932443138290136e-01
9.845806949683856280e-01
9.746507031028651680e-01
9.781044992195144783e-01
9.825605687009035805e-01
9.557612209667704084e-01
9.696491269102051058e-01
9.665863472092810493e-01
9.666820551528684247e-01
9.846899385509461089e-01
9.522074932453176155e-01
9.404434889656689833e-01
9.715014934781530664e-01
9.576561485062745627e-01
9.840470722526859504e-01
9.880427704609910933e-01
9.715479076586115426e-01
9.672764229825795423e-01
9.620813984927684137e-01
9.924775743325146005e-01
1.012896152677980055e+00
9.782379856775089699e-01
9.707384845423211450e-01
9.683405930353156110e-01
9.760291630708290977e-01
9.694090590459620849e-01
9.806003665677354153e-01
9.788166253133152583e-01
9.806903727995017750e-01
9.866357749365749497e-01
9.824924399449328494e-01
9.555562980740898160e-01
9.716578131592975565e-01
9.766434729057078545e-01
9.937957932480778744e-01
9.809109159392197519e-01
9.857763822342955340e-01
9.731738496296058472e-01
9.801792613086249828e-01
9.760511522869808054e-01
9.457977803381608650e-01
9.801992728276679445e-01
9.411454762691707776e-01
9.929166047950472862e-01
9.928897286053808280e-01
9.742829956986606144e-01
9.942045607660011663e-01
9.720784113401778059e-01
9.872265417490420081e-01
9.622621656210058605e-01
9.720229923794986293e-01
9.618566647804813741e-01
9.904949853622004863e-01
9.456227018651988114e-01
9.916972086781364881e-01
9.842023490810631881e-01
9.816962091347646302e-01
9.741863973213609196e-01
9.816915530626053599e-01
9.864318174825726926e-01
9.679537600723741031e-01
9.920004291920322403e-01
1.002657973100999245e+00
9.799722470785011685e-01
9.787458300075949635e-01
9.869856363384119646e-01
1.006303682497638130e+00
9.834306311197501538e-01
9.875252194963647367e-01
9.878030684937293415e-01
9.592708131808429517e-01
9.721343057443571078e-01
9.674406285009936601e-01
9.792151788899312592e-01
9.652735952044722012e-01
9.827114583876950249e-01
9.652871570041846594e-01
9.658443511450023333e-01
9.868956956587628948e-01
9.706023625327413473e-01
9.602136700312975393e-01
9.720400832916998857e-01
1.007323245273727297e+00
9.665716898519810529e-01
9.833660017083241112e-01
9.843420556485945605e-01
9.994214498633841037e-01
9.891769770681870799e-01
9.876565270032074961e-01
9.960019935438433336e-01
9.873722122592190065e-01
9.740281253618536805e-01
9.964863513110799875e-01
1.003215379876145175e+00
9.761322559988118153e-01
9.837798761626064259e-01
9.819216991452024423e-01
9.872760312731797550e-01
9.941273094931170062e-01
9.528657444852698388e-01
9.920043457145873989e-01
9.769545507287118458e-01
9.944242498961861632e-01
9.708166002282709872e-01
9.655849336245885262e-01
9.713233384525935543e-01
9.813915065205672805e-01
9.644977445251604609e-01
9.872165064675089141e-01
9.642803589481532267e-01
9.849713611510069189e-01
9.753216251933873870e-01
9.718956716405307006e-01
9.947510784371946801e-01
9.897430717616938489e-01
9.606753314691276469e-01
9.800255746468131690e-01
9.788293692247562738e-01
9.837442300886548585e-01
9.752281489175027573e-01
9.748346789378602439e-01
9.948161768242498315e-01
9.945259724067057050e-01
9.789306493276814791e-01
9.595417414267496392e-01
9.724165024337211305e-01
9.591890833725957854e-01
9.685547730007092460e-01
9.561079052178939053e-01
9.396492190816069234e-01
9.927628211113205259e-01
9.939635763388141587e-01
9.965313958429168339e-01
9.807790708005756919e-01
9.838176873581796489e-01
9.972390003048989815e-01
9.943735712409447203e-01
9.883217683751037708e-01
9.850367850750986198e-01
9.666125711229148765e-01
9.715310637983580744e-01
9.683060758098018805e-01
9.808911358140265380e-01
9.747728482495746638e-01
9.792026574666830019e-01
9.870420336822572915e-01
9.758299593692679741e-01
9.759846055779801688e-01
9.740065017693421145e-01
9.966407033590475306e-01
9.691791005658860758e-01
9.861450826323640007e-01
9.778201669067593249e-01
9.892280028734007358e-01
9.705938715696015295e-01
9.798488023112341683e-01
9.877337267844209512e-01
9.524798280034798559e-01
9.545815944701137035e-01
9.940473160967643329e-01
9.790560553778783204e-01
9.692605262749836026e-01
9.665031480026581301e-01
9.656479552526546772e-01
9.791479764306578737e-01
9.979518027170316552e-01
9.734048055404284083e-01
9.914841940044969437e-01
9.483687691515256812e-01
9.827037456203291388e-01
9.898051891111305789e-01
9.874198777572839036e-01
9.934608702911136291e-01
9.629602321428054612e-01
9.445306864728384433e-01
9.851289686894595388e-01
9.777936324895621922e-01
9.855859981281839266e-01
9.653221977539659937e-01
9.930373699904179174e-01
9.824707405439512264e-01
9.843427330727820834e-01
9.766933423221185739e-01
9.956220948416322214e-01
9.735147655367171193e-01
9.892148804895752878e-01
9.855851203596841525e-01
9.726521542703732148e-01
9.769656145713518924e-01
9.745695442388787599e-01
9.707573639742240745e-01
9.864993662756222914e-01
9.984350860750661472e-01
9.863451064446384642e-01
9.620394147014045272e-01
9.896737719106489806e-01
9.934662581949996740e-01
9.826987311513792900e-01
9.818762773329946514e-01
9.732479806005398526e-01
9.913720455784846841e-01
9.822586685252250316e-01
9.711530841973781136e-01
9.840464654375343789e-01
9.840973765682673458e-01
9.685657726312523197e-01
9.770189717117928607e-01
9.731782240061173095e-01
9.737569478092953368e-01
9.710634904165799108e-01
9.803133230127913933e-01
9.853487790184265460e-01
9.462089345385632511e-01
9.920479531962156372e-01
9.787310092834435871e-01
1.004788002142649406e+00
9.879232159491383447e-01
9.908122954615788958e-01
9.855122140755295801e-01
9.603610540736359225e-01
9.963178918745042578e-01
9.487917386007668208e-01
9.686987090511234300e-01
9.949490947061693236e-01
9.857245991951711916e-01
9.922234816581557704e-01
9.831618785712518127e-01
9.938174587542911720e-01
9.982806559011178082e-01
9.865634051393717963e-01
9.937529222615510971e-01
9.885909926832061601e-01
9.902000059307931590e-01
9.787140575567144785e-01
9.617673693868803442e-01
9.702258906306576725e-01
9.361769822149229592e-01
9.731158879572213705e-01
9.851244269816457066e-01
9.738280692537000238e-01
9.674275159861169815e-01
9.689971499941567590e-01
9.866061595094018921e-01
9.713306513245675289e-01
9.892889716666145583e-01
9.862587414292111054e-01
9.939892769695340968e-01
9.787630201911621253e-01
9.750451047937813698e-01
9.935841938041627408e-01
9.910820541027494102e-01
9.853023787692857249e-01
9.969793329001500615e-01
9.873522122437667914e-01
9.701492110993203966e-01
9.970237249855293804e-01
9.808642264335353245e-01
9.464777401550559244e-01
9.874813028244366908e-01
9.897048699759765089e-01
9.794687168523001919e-01
9.672073617139786972e-01
9.516062019780794357e-01
9.866628539112992646e-01
9.714267768742206322e-01
9.963661604143760897e-01
9.960940562318544300e-01
9.817234349933940951e-01
9.780117665568549556e-01
9.445644404205627565e-01
9.773220508977339405e-01
9.875992406638746113e-01
9.852091121603497870e-01
9.759762404476989284e-01
9.730278708167966473e-01
9.904388253401767983e-01
9.954853758714599099e-01
9.872446123005534924e-01
9.633685508640044137e-01
9.667660413309893119e-01
9.790779504353332996e-01
9.642384271448631861e-01
9.804214244057314342e-01
9.969953960596626974e-01
9.859663707115553510e-01
9.777167656380237881e-01
9.818963599372455553e-01
9.812079620891149823e-01
9.874183238449099065e-01
9.847961520762665844e-01
9.902498435647386632e-01
9.781436458350595275e-01
9.872034683836949931e-01
9.672297979140909163e-01
9.531059494042699587e-01
9.647958296410609202e-01
9.787967860434388934e-01
9.977279390612917576e-01
9.789369850197277012e-01
9.511997950036625848e-01
9.667415112215803630e-01
9.873466745395906852e-01
9.676267089085381912e-01
9.904530157923215894e-01
1.003877473168757639e+00
9.803089245688531017e-01
9.822110018095724371e-01
9.566174175292070370e-01
9.584579166737157152e-01
9.627115147038156628e-01
9.789974224830934046e-01
9.853698434051576527e-01
9.676434938946657516e-01
9.856708269600357175e-01
9.735980529507813896e-01
9.832133638168427670e-01
9.711440981280241580e-01
9.792486030395456398e-01
9.974077870254284273e-01
9.756458635965433723e-01
9.862257264390462685e-01
9.835307722069939196e-01
9.907157624983830013e-01
9.654237784305346182e-01
9.750845942655286258e-01
9.942749471454056520e-01
9.600254062764200791e-01
9.874467119458996134e-01
9.683591737408688838e-01
9.862543712872426926e-01
9.888897613251561580e-01
9.839066349298862812e-01
9.896263785849245265e-01
9.863228989224572807e-01
9.922724298169282031e-01
9.721701540562495136e-01
9.499059603768451598e-01
9.653985321390899932e-01
9.507098383709792211e-01
9.662958191115497142e-01
9.536242376359063133e-01
9.527919328362811635e-01
9.672058999452258776e-01
9.666793112408538224e-01
9.636041202312780607e-01
9.695497118775044942e-01
9.689446790451430314e-01
9.622794315706136858e-01
9.825053589925573094e-01
9.965263423708680124e-01
9.849801284432919690e-01
9.667926833139215415e-01
9.919583145555320725e-01
9.853417505834218826e-01
9.480817130354265432e-01
9.641463122657613072e-01
9.758539223594956402e-01
9.468403717959757993e-01
9.590539130694881731e-01
9.807909490235392491e-01
9.868182393935118757e-01
9.863866974640442820e-01
9.656677710385823676e-01
9.993775522919030596e-01
9.726839200584589396e-01
9.808757173455504574e-01
9.604717252032489716e-01
9.781092055378322048e-01
9.656528682479447179e-01
9.854893514149206668e-01
9.652736681550565523e-01
9.631221202933428760e-01
9.784249789014420884e-01
9.836812596204492776e-01
9.673405597268427414e-01
9.862231829729781740e-01
9.567942952664583167e-01
9.894477350223113143e-01
9.751440690049908433e-01
9.868626108118909723e-01
9.916784052192576526e-01
9.819511234470581496e-01
9.756438336394401833e-01
9.722508891362235950e-01
9.874519000035721916e-01
9.864258314356959545e-01
9.639485017553721669e-01
9.665696200547885253e-01
9.739536781909367003e-01
9.628227884423063987e-01
9.850282282826940961e-01
9.878690354760402137e-01
9.786898114235336177e-01
9.863394684476984864e-01
9.827809180817267398e-01
9.770939978367193524e-01
9.756079874508748473e-01
9.704408476386613414e-01
9.770365734119061951e-01
1.000810817140435516e+00
9.901511687059487699e-01
9.873777344582144178e-01
9.872773985669874852e-01
9.807530516482307892e-01
9.884399140574418041e-01
9.905942638232190234e-01
9.901763099004405877e-01
9.840071917867910800e-01
9.737188107651152391e-01
9.885646738466978833e-01
9.792650172453422064e-01
9.872208938408258971e-01
9.674771281708127724e-01
9.893872100530117786e-01
9.665853538123326816e-01
1.000839892716887336e+00
9.663081430665312332e-01
9.605950390259649918e-01
9.692763425201947891e-01
9.776507948619796995e-01
9.641547940811387996e-01
9.931299808048399402e-01
9.736112608100769839e-01
9.538890505270962716e-01
9.676725052428891694e-01
9.910408221329973788e-01
9.891013564381566647e-01
9.758090160728762896e-01
9.753304014793945376e-01
9.851172709680107165e-01
9.878097210416972862e-01
9.888860332984127366e-01
9.689393646172234087e-01
9.781617402454425569e-01
9.629605891533178363e-01
9.689156844705147931e-01
9.762377656877159193e-01
9.662960128410387206e-01
9.817227450339058858e-01
9.704770094339897346e-01
9.890758679071081083e-01
9.880620764093117625e-01
9.881404595518434864e-01
9.831032563030530635e-01
9.870171147359408925e-01
1.002205081521316599e+00
9.909670074710583698e-01
9.551111498597867344e-01
9.663602970423706973e-01
9.802701227383739946e-01
9.928669826664726639e-01
9.485807537906786324e-01
9.716734698403787229e-01
9.892353200981659489e-01
9.998788568543609534e-01
9.830138334912751352e-01
9.908196701151763541e-01
9.849844386894761605e-01
9.626811621311345268e-01
9.762099965257149403e-01
9.819425489440318788e-01
9.890215136414221009e-01
9.866253023064418537e-01
9.785169868337301180e-01
9.766890489815956977e-01
9.954420262919135842e-01
9.677967197653571940e-01
9.562680047532527983e-01
9.876904905892928133e-01
9.857065878195282460e-01
9.820193025586796409e-01
9.905467418173021787e-01
9.645941555543180446e-01
9.622214085786608972e-01
9.397743548625477894e-01
9.729975888864156319e-01
9.927999284713713291e-01
9.859541151045959628e-01
9.785958326343818792e-01
9.695699607026785349e-01
9.853486981161967417e-01
1.003602751876153221e+00
9.834131480529859637e-01
9.869291411406710957e-01
9.855680370045762917e-01
9.672039314631735163e-01
9.864889093610539339e-01
9.856666740516080161e-01
9.846724455684492394e-01
9.902417080547200046e-01
9.872195553486687869e-01
9.943601218021217436e-01
9.864563009583690034e-01
9.851765670289175381e-01
9.701872653225005472e-01
9.567516661710502301e-01
9.407821549155349627e-01
9.677156708765315418e-01
9.881927585452787710e-01
9.673173184416230530e-01
9.752658373415563631e-01
9.766841240147571268e-01
9.761296369778454940e-01
9.634997975141068594e-01
9.886171382796775653e-01
9.929678710927888341e-01
9.825564608907314534e-01
9.755580508638664883e-01
9.857973853252026686e-01
9.471269958875463413e-01
9.758184975131788397e-01
9.744057168951627546e-01
9.896668145018161500e-01
1.003219463985139726e+00
9.450352286700480775e-01
9.835835568521619221e-01
9.985966174574394394e-01
9.838036095790234636e-01
9.809301835570137795e-01
9.843336938810604009e-01
9.721999406073802419e-01
9.790227367893742372e-01
9.552112915678967475e-01
9.844955948125583278e-01
9.790015827457315689e-01
9.932294189023762598e-01
9.904165143907324165e-01
9.686627370837632700e-01
9.785355539935230995e-01
9.888831827038344624e-01
9.790724533835822863e-01
9.790413687835080037e-01
9.918435840339517862e-01
9.854207605586566832e-01
9.851174089942467127e-01
9.890491389491290475e-01
9.766383370265686592e-01
9.782630037305861670e-01
9.829839927570332980e-01
9.866594269411483875e-01
9.827538524971988210e-01
9.770664807278377495e-01
9.871873476493796540e-01
9.721127754139429200e-01
9.852607909075218329e-01
9.708069126285699957e-01
9.832637622692721457e-01
9.721100511760837337e-01
9.842936886167971133e-01
9.876093117339939109e-01
9.650462356571084532e-01
9.654538998385574500e-01
9.577040991496884592e-01
9.821104095669979106e-01
9.875714843540470689e-01
9.753889490151422814e-01
9.751899805766527374e-01
9.834787634716553040e-01
9.889747764080074610e-01
9.495833222114082872e-01
9.857363953323843297e-01
9.889381833245146636e-01
9.517210869161347730e-01
9.932444785675024201e-01
1.000406374020373246e+00
9.743682870837518939e-01
9.589141981614737187e-01
9.767941548961467380e-01
9.899635610514436745e-01
9.761633021578522973e-01
9.941614107317801041e-01
9.932987409574695059e-01
9.655866518954255850e-01
9.921455135957500948e-01
9.763279243371248972e-01
9.978621788639997492e-01
9.745880217117820488e-01
9.748817455324809700e-01
9.802091141943951591e-01
9.475352151946565549e-01
9.990157755961575070e-01
9.604683314012608664e-01
9.659621551386268212e-01
9.837956434671466521e-01
9.894765320071923220e-01
9.833404544834906114e-01
9.641992134340366949e-01
9.900205747466553907e-01
9.533822247023824303e-01
9.816113468225157179e-01
9.847470427605418131e-01
9.873126053743167541e-01
9.918532136079691863e-01
9.433916546710294782e-01
9.497407429605166929e-01
9.629027426895316877e-01
9.932725822253433146e-01
9.626739566543449644e-01
9.918057177819584735e-01
9.942450692075848195e-01
9.911824481074474891e-01
9.575053033436451422e-01
9.920854756141308517e-01
9.755498412155779731e-01
9.840865398920147777e-01
9.604427122603304001e-01
9.579352770822464613e-01
9.556303204270958362e-01
9.717021088162877129e-01
9.592093375950483392e-01
9.879968740283895379e-01
9.873594397137338552e-01
9.903688098120626560e-01
9.862425106896370863e-01
9.782946301721020532e-01
9.711377552845256167e-01
9.911744568066718220e-01
9.653595604232564353e-01
9.619442562996527446e-01
9.646797844446040049e-01
9.721949944476815375e-01
9.748564813782728544e-01
9.944198025662793761e-01
9.916507072274863832e-01
9.872291885753115004e-01
9.916665959804082942e-01
9.737598802715077273e-01
9.766978883207450002e-01
9.994307336859006297e-01
9.920679806082998153e-01
9.628186297190607368e-01
9.930163261726152601e-01
9.839144165048309132e-01
9.657985750107627165e-01
9.947199987010781896e-01
9.600811116300754788e-01
1.001025735254210902e+00
9.622169220858429739e-01
9.687323233784199683e-01
9.891425690457126274e-01
9.773860644812950582e-01
9.907316627409006315e-01
9.596782324545718446e-01
9.709035276114209578e-01
9.654563406108858103e-01
9.726572444417515007e-01
9.686921213903051386e-01
9.689281622593874932e-01
9.783891837322414853e-01
9.586857436749838257e-01
9.882954358081683655e-01
9.801905702244906315e-01
9.868112941239481906e-01
9.855081021146023801e-01
9.849691437933216775e-01
9.470969481230352427e-01
9.809364105362198272e-01
9.825387276594163000e-01
9.831282705017735379e-01
9.484721623702561111e-01
9.600215166859359384e-01
9.841061227439837911e-01
9.830212860581670764e-01
9.530117959960674456e-01
9.539898368866656098e-01
9.383189158729400292e-01
9.611596268448018288e-01
9.764524657897447613e-01
9.783591498853245749e-01
9.864807092527588805e-01
9.856477626058484098e-01
9.690165446472196464e-01
9.763040637243154407e-01
9.561628453397118532e-01
9.903996118563291873e-01
9.800350198791579759e-01
9.644882737990440047e-01
9.826442814292892791e-01
9.815556816570183418e-01
9.661406809542422147e-01
9.886369405697272850e-01
9.876299183999247555e-01
9.840054914095966998e-01
9.664382766230857902e-01
9.921451070720896936e-01
9.716437216147945088e-01
9.909725898405775668e-01
9.716950348415380745e-01
9.843662767432589389e-01
9.838921671553716441e-01
9.601594727514655148e-01
9.581150078590922048e-01
9.843887047262109835e-01
9.892788451072053180e-01
9.807125077935442414e-01
9.771100431083428184e-01
9.795809737374259196e-01
9.832673384894619062e-01
9.813091067698300751e-01
9.883135643613970567e-01
9.940716729547943720e-01
9.918660067094570154e-01
9.945134628351044448e-01
9.904240553307778194e-01
9.709179227968043335e-01
9.737793786604764801e-01
9.941852350148038253e-01
9.511992674161380279e-01
9.703417855806120151e-01
9.915507423914521334e-01
9.849216159626927869e-01
9.929642673283608501e-01
9.897469272272757523e-01
9.912524381334274493e-01
9.841347364625814276e-01
9.635849029041129166e-01
9.832816948293775505e-01
9.876622327622659459e-01
9.923431593310810817e-01
9.713531729223484623e-01
9.799402249229882678e-01
9.686626259567476804e-01
9.778983270300440900e-01
9.846999262111141293e-01
9.616307189195996141e-01
1.000758974093221010e+00
9.926188235731999709e-01
9.415279158712993590e-01
9.889664156144315488e-01
9.859015580946849377e-01
9.925190697107448834e-01
9.690668668356230420e-01
9.758595979194457648e-01
9.797194199398753245e-01
9.775351383090576940e-01
9.609347124043695620e-01
9.798024634034744329e-01
9.507373863024288774e-01
9.853218417638537341e-01
9.735931088244020870e-01
9.492916276209847348e-01
9.893890382920020876e-01
9.702072521414919493e-01
9.838181940584030949e-01
9.691407243146481498e-01
9.853211707923761331e-01
9.664717612882233189e-01
9.495739575690823608e-01
9.806553914865629995e-01
9.763723057641585656e-01
9.865187014827784262e-01
9.878698711564671830e-01
9.592867599232048903e-01
9.729450633062343146e-01
9.813271120564160954e-01
9.650224711928567789e-01
9.803401954023691633e-01
9.892659508269013857e-01
9.809245970154983896e-01
9.915726002593499011e-01
9.938414145927476628e-01
9.826392970416918393e-01
9.704991832483884640e-01
9.799699047803838159e-01
9.883622505367419819e-01
9.863257104353565508e-01
9.808672029480999255e-01
9.857076417073007413e-01
9.562474443617584585e-01
9.602086764828666743e-01
9.747500743027734948e-01
9.949786743341619832e-01
9.861110411718915225e-01
9.813369238629748859e-01
9.691834717604641547e-01
9.938075894943234623e-01
9.787073670158924488e-01
9.718172326691020269e-01
9.888257233887915998e-01
9.762682143659111578e-01
9.814296463248464164e-01
9.896817761361569321e-01
9.932661715013157977e-01
9.792948927001939863e-01
9.748888612000037313e-01
9.666921229345563082e-01
9.949425572537121676e-01
9.589872605417537610e-01
9.740142814082363154e-01
9.909230389156959973e-01
9.651517434592766786e-01
9.956973368151154080e-01
9.802858164445897859e-01
9.736100075280994526e-01
9.901391702747247558e-01
9.387980313825116108e-01
9.627030038326512829e-01
9.733722900417092205e-01
9.542023376240128529e-01
9.943033709695987543e-01
9.749251195835754169e-01
9.707369709820431458e-01
9.925737305246492559e-01
9.940806655831426752e-01
9.667971495908497248e-01
9.833440597873560618e-01
9.974898679205314034e-01
9.931081243278641058e-01
9.718511302407499830e-01
9.839751988437653862e-01
9.655072910507949135e-01
9.697336725798285650e-01
9.626875753488123300e-01
9.973146284871158285e-01
9.832269930344912368e-01
9.912992667082568543e-01
9.636955522755975556e-01
9.919953928238002261e-01
9.850191183987635490e-01
9.922157226480382564e-01
9.876899323432792865e-01
9.521141113786795174e-01
9.616572569198654774e-01
9.620645970527761381e-01
9.825160952521408975e-01
9.867896091461798580e-01
9.966740988806852553e-01
9.816365959918800232e-01
9.728731675902817511e-01
9.682073695208451847e-01
9.725582747226881875e-01
9.789046686215649995e-01
9.605420917722283791e-01
9.682149609882664265e-01
9.847229701825109816e-01
9.885769315083768882e-01
9.859490138639808166e-01
9.382686447465810042e-01
9.510164301400161335e-01
9.793662455240907949e-01
9.837970894772150032e-01
9.827868379533397647e-01
9.665349130957558987e-01
9.998372724862724104e-01
9.713073901342506034e-01
9.845724692880605255e-01
9.925716563533160119e-01
9.747053182014792094e-01
9.667632149940439401e-01
9.475262910734568722e-01
9.701037112359849335e-01
9.807487363562606975e-01
9.905733460996926087e-01
9.800018428855399311e-01
9.852737354446373663e-01
9.886521919272726056e-01
9.861938090692885517e-01
9.818993744817924307e-01
9.760334905036264219e-01
9.869627028509184719e-01
9.821702088134437458e-01
9.833017739153838699e-01
9.752874323428791792e-01
9.793011992378757302e-01
9.864916333406965609e-01
9.650268225982683301e-01
9.789974366071189094e-01
9.774079079046874563e-01
9.559519661037541027e-01
9.854154903268079746e-01
9.782264865023543310e-01
9.916210912283575096e-01
1.010286657304813485e+00
9.847860289745504758e-01
9.813501406712645814e-01
9.836863600414327280e-01
9.892609869757459373e-01
9.695588127224090691e-01
9.859988516733015906e-01
9.741885907755580831e-01
9.898410850793263327e-01
9.846347014029919187e-01
9.647410670728968629e-01
9.516556189094906859e-01
1.006561424604225818e+00
9.802023321419836011e-01
9.833907868474653924e-01
9.915505711736797290e-01
9.661348152146252977e-01
9.621101477334711438e-01
9.810254045886102059e-01
9.915235267646174133e-01
9.890509763243428010e-01
9.601725379943811811e-01
9.738728912396226178e-01
9.901183251554797060e-01
9.784683930754615178e-01
9.917581249800191401e-01
9.752065322685781190e-01
9.886794795042033179e-01
1.002117390013987919e+00
9.865180194527952695e-01
1.002923317591495334e+00
1.008556375010259076e+00
9.912018608540565934e-01
9.683624288810022129e-01
9.566304410755261944e-01
9.611269336083752002e-01
1.000774865414597148e+00
9.563265845074214733e-01
9.754629635595004622e-01
9.740209918738286232e-01
9.767495104385292004e-01
9.790069314948406376e-01
9.735474309966209994e-01
9.972786280661096736e-01
9.793345443865473232e-01
9.774428878416336897e-01
9.711759649004716444e-01
9.867652491405518589e-01
9.842710934193664718e-01
9.541839582246584017e-01
9.838289090014865623e-01
9.937977833939606320e-01
9.957382450289666842e-01
9.818103257946143581e-01
9.864892759051947513e-01
9.612370852443402613e-01
9.716464410141324448e-01
9.797469326719068228e-01
9.647859343306800506e-01
9.740249417163800993e-01
9.880222409378580650e-01
9.985644149313790408e-01
9.850304579154474105e-01
9.912806164102373474e-01
9.613434722711767799e-01
9.911918777388614155e-01
9.852135015765703940e-01
9.807800149015679647e-01
9.551421287242934932e-01
9.756561161157404349e-01
9.836827522388305045e-01
9.810238394675390161e-01
9.926436365798877448e-01
9.989478448132017574e-01
9.903521667063557299e-01
9.930467203537258758e-01
9.673704928677031578e-01
9.865875676747003498e-01
9.621421721414505912e-01
9.787218040005650765e-01
9.826950074486642261e-01
9.924448483041310443e-01
9.802462437515329086e-01
9.875376186548578961e-01
9.921468733784962746e-01
9.789941390077624428e-01
9.867726782270069830e-01
9.875633563828360995e-01
9.869035105617670611e-01
9.822147986720617396e-01
9.776582108643380176e-01
9.791278248943198204e-01
9.910896214893950562e-01
9.694393085473894667e-01
9.796249466555188024e-01
9.804909150980847254e-01
9.911901049799548558e-01
9.513835107326190643e-01
9.854452460471316844e-01
9.797785798968892124e-01
9.927019827900296356e-01
9.742526354616267703e-01
9.817549599447356057e-01
9.807957469707604403e-01
9.862259670207528250e-01
9.807207696651889517e-01
9.846259026517718560e-01
9.719402513812394062e-01
9.925623883699047356e-01
9.781935118800567652e-01
9.868794344272330266e-01
9.803565454899457743e-01
9.884685745441094129e-01
9.689643489277089961e-01
9.834542022155403629e-01
9.573376008099442336e-01
9.962942641268928146e-01
9.833206560712859368e-01
9.980688713274430413e-01
9.670561391217749048e-01
9.886048851710049767e-01
9.809849816560353153e-01
9.956930936463057602e-01
9.452959195584000884e-01
9.663803534900173853e-01
9.611099129413444020e-01
9.821636282780333849e-01
9.637589802285311258e-01
9.834851853219417350e-01
9.857729553393809185e-01
9.731632335741252637e-01
9.444880371281224596e-01
9.715018599081211015e-01
9.594532394433160638e-01
9.733182824256551013e-01
9.587279479365147239e-01
9.819886635563970234e-01
9.879127549571353750e-01
9.920753130845307854e-01
9.837079214246255976e-01
1.007462508831575621e+00
9.728779920132236692e-01
9.534193714580728729e-01
9.824148404762159670e-01
9.806838710114813562e-01
9.903349675932319185e-01
9.815822638817720547e-01
9.863107249651078545e-01
9.744705122531976960e-01
9.397252158827787971e-01
9.858116816857678266e-01
9.669594110217173411e-01
9.689571664505759463e-01
9.883990366484500800e-01
9.877063054929210439e-01
9.721284476954685783e-01
9.937145982634046915e-01
9.803846113065850520e-01
9.824275942911756543e-01
9.936003385965039847e-01
9.456993351508380385e-01
9.745623407028417562e-01
9.656331994615194869e-01
9.849407716253690825e-01
9.911851401772364678e-01
9.623309995128715988e-01
9.533790768053769238e-01
9.970040092478438254e-01
9.620724990136739763e-01
9.751998526544349843e-01
9.491574660867628799e-01
9.912881799404813510e-01
9.856357996703581925e-01
9.728899215184705351e-01
9.826710736742892971e-01
1.006881091700958075e+00
9.674547405227291730e-01
9.777205507382411565e-01
9.762464137403609188e-01
9.549508941944081508e-01
9.748156397019065444e-01
9.861747466404794382e-01
9.891500207903138886e-01
9.934629304603491695e-01
9.812124671932646036e-01
9.751730391441352230e-01
9.715775544385570894e-01
9.626614437108008682e-01
9.652972299879860607e-01
9.821128159271718117e-01
9.839930974055585144e-01
9.829935095671150647e-01
9.587306936931012658e-01
9.759840659562222243e-01
9.835161973296204785e-01
9.670122949429422743e-01
9.559739999196743554e-01
9.537318704239671208e-01
9.912923897425856001e-01
9.810195339465177522e-01
9.525854162611022691e-01
9.863234454446154764e-01
9.883191843424075085e-01
9.669578808026749739e-01
9.932060439572888422e-01
9.885466703112708586e-01
9.777760298737173672e-01
9.753377765988519021e-01
9.985093932584701015e-01
9.890359891471305342e-01
9.899312107399785843e-01
9.858783897943729224e-01
9.860177626630166614e-01
9.975531374611477098e-01
9.599615165738470957e-01
9.609046815792423590e-01
9.746558594797186670e-01
9.654655000550373956e-01
9.799995070160192334e-01
9.729818436601755938e-01
9.904452291984996437e-01
9.788925073287274570e-01
9.906962210670315905e-01
9.929062089654548950e-01
9.707038305645298015e-01
9.696552001008056365e-01
9.890001112568037600e-01
9.847922907563135819e-01
9.790126367405160845e-01
9.688190928980003891e-01
9.772533966147480822e-01
9.662571318904528139e-01
9.789035144653095433e-01
9.606065371730488911e-01
9.901664085331933762e-01
9.973702321308629548e-01
9.726257789675671894e-01
9.482749587472452113e-01
9.730812544686761045e-01
9.760242713693638716e-01
9.797344142735443517e-01
9.943380051780804640e-01
9.871426487626087098e-01
9.778673593003530673e-01
9.665140310459617856e-01
9.879259959506425659e-01
9.500896534274425598e-01
9.902448398455448997e-01
9.746851877127894470e-01
9.627363855625761246e-01
9.802339254010230540e-01
9.818376421041099533e-01
9.746676057367493762e-01
9.767718845301232022e-01
9.832880206004650514e-01
9.888262966989566083e-01
9.979532320161472736e-01
9.639835866847636936e-01
9.613918675912876965e-01
9.890240107786389956e-01
9.786798025318784733e-01
9.659748517765073261e-01
9.549643112908106080e-01
9.870701069164892205e-01
9.880093582948079600e-01
9.720588856880230111e-01
9.858392125866775046e-01
9.819093649007933911e-01
9.671031717009014317e-01
9.886531083611028725e-01
9.721455149944101537e-01
9.840560929192686546e-01
9.884786251613587593e-01
9.649254291864921562e-01
9.767741723246260444e-01
9.822009506692959135e-01
9.845594163264966836e-01
9.792495302430352933e-01
9.908043675133404449e-01
9.754027466610629693e-01
9.982304636748698945e-01
9.852736113904054793e-01
9.760841673775112470e-01
9.852433878059957406e-01
9.814458462619868317e-01
9.821481695946884249e-01
9.838847779131082438e-01
9.889865717618255836e-01
9.796893576759997391e-01
9.952015690847489937e-01
9.817656666365583984e-01
9.610455024476532992e-01
9.810413273216120889e-01
9.893026073056948588e-01
9.751263870333021222e-01
9.786325929678170166e-01
9.985261285622915040e-01
9.525260674077709044e-01
9.780082676217018989e-01
9.901641626588318923e-01
9.582941962579697437e-01
9.685375539766205577e-01
9.861113761708478753e-01
9.774553644330109536e-01
9.728266737506173767e-01
9.865636586265412733e-01
9.764136406753859410e-01
9.889089294083271975e-01
9.893059033552038528e-01
9.938369010953700400e-01
9.812706286043311188e-01
9.747422094278394011e-01
9.735619571377575054e-01
9.837573165679237563e-01
9.985665130607210838e-01
9.810889587015516611e-01
9.800417412440417531e-01
9.629671403756663306e-01
9.647477746542334476e-01
9.752666292040150786e-01
9.896308144394571071e-01
9.979402401097402509e-01
9.925332539983873215e-01
9.925854717717023101e-01
9.798812245079482341e-01
9.948131013738304995e-01
9.902786542994106433e-01
9.851754622844791642e-01
9.840992607955233451e-01
9.843117406149988202e-01
9.750718955069629379e-01
9.931165604230400845e-01
1.003788317258789586e+00
9.989206624879443108e-01
9.665802394318731006e-01
1.002156769103450307e+00
9.952203604102395351e-01
9.877798888032832680e-01
9.993651697462049288e-01
9.869301141450415038e-01
9.805683257732853431e-01
9.734172830289742340e-01
9.749381099412280927e-01
9.877569025901437039e-01
9.681518743941932570e-01
9.817310058637374048e-01
9.692381772440840093e-01
9.853207515976857289e-01
9.766367477271056252e-01
9.773284105762510832e-01
9.716400765817010399e-01
9.353188588617903365e-01
9.808973039837226571e-01
1.004991060995634955e+00
9.792391186301829809e-01
9.784367287633161103e-01
9.959344770674036784e-01
9.897619783939736182e-01
9.719323263147287006e-01
9.823130715417147663e-01
9.900375960538149167e-01
9.833829175911623643e-01
9.625656594449479853e-01
9.922169319777472962e-01
9.844962980521997364e-01
9.575917711003308908e-01
9.332980959101481178e-01
9.732807819703661600e-01
9.759900134275805161e-01
9.784368431020561419e-01
9.781638011699578250e-01
9.894546358364096905e-01
9.673724571950373941e-01
9.718924405641289344e-01
9.686512217976888106e-01
9.698879801248827537e-01
9.810083852815623118e-01
9.885205653856088404e-01
9.609403004984492513e-01
9.698439561160048239e-01
9.897926698527610423e-01
9.544005742415694327e-01
9.746219378086612428e-01
9.661442445830605852e-01
9.659152223380157443e-01
9.814849661247025958e-01
9.894046853512842299e-01
9.771810150529103289e-01
9.851699498166838209e-01
9.855156523865841178e-01
9.896288913920725516e-01
1.002014077101325507e+00
9.862690247015825085e-01
9.842593070594383153e-01
9.642211242221145895e-01
9.741494688774763322e-01
9.839613786144650875e-01
9.499052470371386336e-01
9.839505000917549982e-01
9.973177555131713667e-01
9.879546025382806018e-01
9.881571919311079588e-01
9.773511208647136517e-01
9.872367178164170864e-01
9.874422791368492325e-01
9.694262097444753534e-01
9.513607454801010777e-01
9.806308385975628372e-01
9.943887749757427397e-01
9.820246787868597282e-01
9.772494633854909019e-01
9.834659479842292606e-01
9.782094513043703143e-01
9.869284557876917274e-01
9.802900334026111162e-01
9.801054823318564591e-01
9.925780590387343061e-01
9.875244316606239803e-01
9.919180936118976444e-01
9.879827444380225865e-01
9.865584735377049830e-01
9.866657990540421697e-01
9.931232503928690836e-01
9.705728990408944989e-01
9.905308968744535036e-01
9.812377863646317699e-01
9.867773149440167701e-01
9.626871915502828170e-01
9.767777301081183028e-01
9.828718264286717687e-01
9.605350047035652317e-01
9.843445271072515101e-01
9.762334440773789979e-01
9.803170137649116489e-01
9.667226375385855608e-01
9.893712784448178699e-01
9.619573517898174497e-01
9.972707224729803199e-01
9.712703066418424402e-01
9.590058987768453891e-01
9.656712123785698987e-01
9.797536631937222573e-01
9.846892624390504167e-01
9.655521275702868556e-01
9.832360750515893866e-01
9.711690610982705030e-01
9.823628998607482066e-01
9.904136075678510176e-01
9.719152179363579336e-01
9.741689711538055185e-01
9.815519682423781145e-01
9.917157721580430740e-01
9.681826373079640558e-01
9.549221380251261548e-01
9.922224955776993705e-01
9.830965086307539291e-01
9.932834607234730662e-01
9.782146235787094746e-01
9.813945024173833520e-01
9.922958892442258483e-01
9.616499480849590720e-01
9.815185957117978921e-01
9.663532068826073962e-01
9.895273988380322017e-01
9.763046674870374808e-01
9.901996360887108661e-01
9.717726950661965679e-01
9.690236555027716969e-01
9.805831396387787446e-01
9.926024456560381681e-01
9.548149497739180092e-01
9.685806930579234919e-01
9.736498634037423772e-01
9.873384240203968432e-01
9.771256860815920042e-01
9.837305725523454170e-01
9.886929217421762672e-01
9.840806338797305486e-01
9.820654123886058962e-01
9.627336589378456821e-01
9.821476279251938335e-01
9.748812692384651868e-01
9.608823557616874567e-01
9.799488979740730299e-01
9.744757435896415076e-01
9.796106699879812973e-01
9.730489745345732855e-01
9.748525519777719861e-01
9.595644764908265456e-01
9.873898052210741128e-01
9.720945230619729704e-01
9.909646385051682493e-01
9.618812528750605439e-01
9.801681377681339402e-01
9.706275703096868268e-01
9.873801636648106284e-01
9.742957336771432830e-01
9.739860067599879212e-01
9.861231238503983532e-01
9.809294148122109647e-01
9.918432445160442201e-01
9.944414050605902000e-01
9.697854197426977185e-01
9.797875297203900713e-01
9.918216119350876658e-01
9.803507782778541069e-01
9.852927585190424109e-01
9.883875197758515974e-01
9.588060961852387099e-01
9.875956077364139718e-01
9.924776298191660961e-01
9.822470807274139570e-01
9.844679892351836381e-01
9.774901890992571118e-01
9.749892665753023824e-01
9.813495248580530461e-01
9.907500489031351165e-01
9.831522873682990715e-01
9.707791403962966470e-01
9.816920424228672282e-01
9.690607074791092179e-01
9.880756647322889163e-01
9.708151430431533058e-01
9.179187771721190048e-01
9.727109379281342338e-01
9.712600475539261424e-01
9.943802506100904992e-01
9.749551532998366188e-01
9.701392183381364331e-01
9.807296416809466733e-01
9.644413539311754713e-01
9.628802997495500282e-01
9.896175460548436442e-01
9.680242086128467704e-01
9.877444503008505627e-01
9.526990227849574389e-01
9.800095249514786389e-01
9.469623848041397451e-01
9.913075267010288405e-01
9.817579996747780591e-01
9.882468758906362005e-01
9.685724321432312989e-01
9.816530030188042044e-01
9.813272224567861635e-01
9.866389630645925335e-01
9.822972646517832418e-01
9.888315521543601383e-01
9.887871427318752904e-01
9.943446039357224375e-01
9.920415130630760858e-01
9.692065519798858109e-01
9.925570711448689076e-01
9.929130905659713235e-01
9.875085944927940451e-01
9.927221914669868141e-01
9.834698892063329367e-01
9.826218790352125865e-01
9.881230090575986447e-01
9.470232057397159897e-01
9.788350763509199304e-01
9.863731605930895485e-01
9.762329564962820561e-01
9.771217379151286853e-01
9.695831764226294780e-01
9.557224945997154775e-01
9.546508942457968550e-01
9.737938306182822856e-01
9.711158752982720355e-01
9.762085038210021048e-01
9.970241434257357538e-01
9.909730250305951449e-01
9.971967274715368701e-01
9.753099081161239470e-01
9.771584883801701649e-01
9.960800415839768940e-01
9.885325774137461163e-01
9.810480702470073533e-01
9.760545660774515575e-01
9.768165903397867389e-01
9.943867518997735466e-01
9.729904502829382906e-01
9.545788922178950475e-01
9.879938760203662573e-01
9.570567389228872290e-01
9.847918076939958798e-01
9.914083266950300954e-01
9.809308366514882804e-01
9.475813818910028274e-01
9.882909264466522847e-01
9.938940400925025953e-01
9.521604513829159400e-01
9.814972738247300654e-01
9.596596682952284185e-01
9.822979880805932096e-01
9.821914583677392452e-01
9.450799330534480625e-01
9.825129212155662151e-01
9.668653532798827666e-01
9.929019079213489141e-01
9.847484213143079534e-01
9.791336334993652191e-01
9.889350932070593014e-01
9.832467073412154424e-01
9.912757866098830251e-01
9.823647720537301842e-01
9.774983524105818056e-01
9.822183648855971061e-01
9.806068029919648987e-01
9.728525523821417442e-01
9.960353573799156646e-01
9.849539168263513611e-01
9.900376894547634476e-01
9.692974807396447234e-01
9.913722379276670438e-01
9.863769062827812961e-01
9.691384508212310678e-01
9.665354635127423322e-01
9.793971589940080325e-01
9.663599377467002594e-01
9.844745047923016967e-01
9.662895448518578068e-01
9.858416439132333675e-01
9.971420371930928006e-01
9.779988466579316864e-01
9.796949098201026551e-01
9.820933329094534425e-01
9.907322304003678415e-01
9.814674255726912877e-01
9.787288825499914635e-01
9.955663906194428536e-01
9.945315559776402026e-01
9.904997408556763805e-01
1.002788727333364216e+00
9.756876709373135670e-01
9.771517489429357717e-01
9.812103978921647984e-01
9.889726334769439742e-01
9.643760901294851084e-01
9.688177313575162541e-01
9.995430198273503875e-01
9.887145140265392040e-01
9.866320527843576160e-01
9.809917912590531142e-01
9.629099763414732394e-01
9.640472972067175572e-01
9.717964192118809796e-01
9.751676056818846527e-01
9.919722985554663142e-01
9.840024591453173652e-01
9.851519090767603126e-01
9.813471695752459256e-01
9.710908778642719508e-01
9.938250992988163501e-01
9.399564042721437751e-01
9.916082329732058831e-01
9.883143327161865166e-01
9.925941259227520908e-01
9.863262125213463349e-01
9.614712568189575093e-01
9.519237435110476930e-01
9.883111622550622144e-01
9.696912687174946699e-01
9.985398984480795548e-01
9.805147264229812087e-01
9.894960921847174573e-01
9.824348345526390247e-01
9.522165282077486026e-01
9.931954791910755365e-01
9.833156184161290225e-01
9.720859039068158181e-01
9.492475617893263440e-01
9.946780628468322449e-01
9.848396876228009411e-01
9.860056468415813180e-01
9.796295089320737892e-01
9.846623985328402107e-01
9.831336967348121014e-01
9.648236265692348157e-01
9.686935226921276065e-01
9.909545999340302336e-01
9.831246070919671398e-01
9.685605763180448191e-01
9.723158744013136179e-01
9.748270648861890875e-01
9.836075224879758938e-01
9.901363460342328393e-01
9.786548731746633756e-01
9.965345886094872929e-01
1.008540062185879993e+00
9.743121625649335815e-01
1.010762784453762553e+00
9.845900323241263408e-01
9.958931982918645121e-01
9.776789105742784702e-01
9.900520901472990021e-01
9.814060861819851045e-01
9.658989770007784248e-01
9.915518523389028616e-01
9.650883945647585893e-01
9.799916845057837778e-01
9.825594864498323755e-01
9.836372586553929764e-01
9.989505846571254954e-01
9.830730548292782034e-01
9.786945752597689951e-01
9.914799615218875539e-01
9.756315140708223810e-01
9.845669774847536360e-01
9.588473640602082071e-01
9.919922402995502431e-01
9.853028905438511176e-01
9.504229135471613521e-01
9.764104961409942884e-01
9.580060239970268343e-01
9.653340836759649601e-01
9.761559216667037298e-01
9.887233212360955203e-01
9.822792847607884070e-01
9.853892164487221272e-01
9.899685179276058733e-01
9.809967420230053525e-01
9.836564487556889169e-01
9.990570891368252271e-01
9.570686106651834502e-01
9.594159511915639760e-01
9.601222804140283618e-01
9.778687881180899710e-01
9.629240899881961191e-01
9.818959052981622859e-01
9.817886384646337117e-01
9.407926139331606041e-01
9.936109084321449458e-01
9.928072073220751692e-01
9.857888257016228506e-01
9.672008969628962394e-01
9.872885478377148027e-01
9.878335800675687173e-01
9.728479040048151338e-01
9.757480396714922621e-01
9.923808061181481621e-01
9.773922311734027923e-01
9.899611717009112466e-01
9.659954940030821557e-01
9.543991589296563216e-01
9.670335872005639821e-01
9.949061913089699560e-01
9.777802573422152976e-01
9.832799324986433165e-01
9.996067603598691731e-01
9.476899096815392110e-01
9.698688179524730391e-01
9.885453874443423938e-01
9.852264705273052758e-01
9.673303063417566516e-01
9.514632121764194927e-01
9.907439792303084358e-01
9.907311728228628267e-01
9.830810444756176159e-01
9.864002504446480746e-01
9.711264928368859017e-01
9.724669650227938389e-01
9.486666197136799372e-01
9.979238928063893788e-01
9.817604705604030535e-01
1.003563343377698258e+00
9.786153734019172878e-01
9.875502761337586755e-01
9.775427323970541371e-01
9.778928856183395357e-01
9.806599405294794680e-01
9.854553731885159484e-01
9.932847808414178026e-01
9.954237072147857912e-01
9.410630939116818583e-01
9.922660803968267329e-01
9.811494058032941279e-01
9.471276652756831504e-01
9.781417678487238643e-01
9.549179782957779583e-01
9.851250210495864357e-01
9.908054912116989188e-01
9.800541444164063698e-01
1.004285042394455818e+00
8.981484639118499924e-01
9.648473698383657204e-01
9.751859001456516518e-01
9.903660872870734266e-01
9.749443070251403443e-01
9.783805100624773932e-01
9.532950131527800908e-01
9.913775714821686513e-01
9.613891110494586778e-01
9.706495764707816498e-01
9.639026250102493698e-01
1.001841669430216131e+00
9.754849905788979259e-01
9.844620385756087666e-01
9.733441786710035348e-01
9.703875986222622041e-01
9.713798957552154389e-01
9.693999601322873527e-01
9.670235073662836189e-01
9.880751436042980451e-01
9.796684473258578940e-01
9.714764043425831996e-01
9.817053181319491673e-01
9.914255614684363005e-01
9.837332861889954705e-01
9.695031843366811453e-01
9.954577333816284623e-01
9.734975375754568727e-01
9.848380304690750320e-01
9.653179659902211274e-01
9.845373230992963132e-01
9.740027788070566572e-01
9.833286712712450139e-01
9.965826974563142260e-01
9.619581439143296553e-01
9.895556668063623107e-01
9.799919064218602927e-01
9.661617409407616819e-01
9.831637213304558198e-01
9.808773638509056259e-01
9.918400936664190093e-01
9.838354048278298292e-01
9.954194071197381977e-01
9.929538421508767865e-01
9.813891171227615562e-01
9.790177592480228119e-01
9.574154808527401972e-01
9.744585717294366178e-01
9.599044583314538803e-01
1.008641707038713697e+00
9.697250897959407423e-01
9.851438047590070912e-01
9.630480393436634534e-01
9.844549140583679359e-01
9.811000396563753778e-01
9.752749838520240466e-01
9.875659774961272896e-01
9.646010458635483342e-01
9.777058898366760564e-01
9.793051064159546959e-01
9.926302516681948518e-01
9.775255076588066361e-01
9.905378747761632852e-01
9.804883404899698007e-01
9.932261392722565585e-01
9.901264451781596199e-01
9.710684310930147722e-01
9.857933601505880494e-01
9.694385470619363288e-01
9.728197526603422629e-01
9.795127062222973580e-01
9.836682865993020553e-01
9.630975557791408015e-01
9.856085097977104192e-01
9.791657281032952742e-01
9.553414303967312504e-01
9.708458426476667125e-01
9.752599899927338889e-01
9.863517022465142503e-01
9.696135533604806067e-01
9.911236301855917974e-01
9.810618140312938884e-01
9.774106497549593930e-01
9.747544531541446622e-01
9.563885947447576807e-01
9.856161900259298170e-01
9.807033475823891955e-01
9.561154448663994332e-01
9.610635001605291050e-01
9.947289158352912164e-01
9.682555938814715324e-01
9.883266877013484608e-01
9.955339721593791102e-01
9.934914070738066760e-01
9.657437652360206792e-01
9.848470826360522512e-01
9.918467399368093851e-01
9.741015410222944038e-01
9.831068368698151483e-01
9.913881049556093616e-01
9.886939057277661647e-01
9.872690115044701065e-01
9.595434377144852478e-01
9.932777758779349764e-01
9.880722332258626839e-01
9.834244536211242949e-01
9.881859762529804359e-01
9.811562122262750263e-01
9.908038977211680587e-01
9.609794218582404790e-01
9.695912072741416088e-01
9.520971011391986538e-01
9.362474726274406800e-01
9.873918754634410933e-01
9.534550699449615419e-01
9.761854555701784397e-01
9.852093602138893846e-01
9.770290800600226477e-01
9.760700664930179737e-01
9.773827922465018192e-01
9.836938471833742703e-01
9.789721466229989177e-01
9.765722982375355521e-01
9.914090603848482175e-01
9.712401219581551226e-01
9.924656646133107607e-01
9.746490028375571768e-01
9.668446175721174818e-01
9.620768332385691846e-01
9.637976968829045088e-01
9.916586543988327174e-01
9.820600245382907767e-01
1.015683486843713235e+00
9.770223588577218177e-01
9.815900190887830723e-01
9.774532595052994877e-01
9.939633920860390104e-01
9.777268045856803980e-01
9.959611633515015328e-01
9.768155437508525551e-01
9.811710448385927430e-01
9.913232072650762783e-01
9.616622937726995168e-01
9.828046427032927079e-01
9.843748705385162445e-01
9.782124045974682769e-01
9.862595090951010723e-01
9.655488565211338692e-01
9.854382587539094462e-01
9.673242747283817833e-01
9.859386795207962795e-01
9.919616976510053918e-01
9.846125472016908908e-01
9.849266264959003481e-01
9.518830103749217342e-01
9.500793867494946587e-01
9.817370675721355244e-01
9.909346679857399254e-01
9.607084750693343222e-01
9.655986966912148972e-01
9.956688017903014831e-01
9.845677175335892928e-01
9.890355773742628420e-01
9.738450706538201995e-01
9.828258410632447761e-01
9.317820020138615211e-01
9.947024951868319587e-01
9.756884685800530921e-01
9.886605760415649868e-01
9.698490335541255503e-01
9.702515364810260223e-01
9.772699740051586925e-01
9.966402465316620551e-01
9.913917892354718875e-01
9.793232454160795131e-01
9.939989116186384033e-01
9.976363549211731963e-01
9.654438530027767973e-01
9.514636932532553049e-01
9.951538373407563531e-01
9.885903791782493233e-01
9.935812783755703093e-01
9.670688184014414324e-01
9.722203601107790583e-01
9.933259707225513546e-01
9.938309560276373800e-01
9.776975486033157026e-01
9.903231588610071912e-01
9.748719014776633385e-01
9.426079303057305347e-01
9.908910266004570255e-01
9.940518933352993081e-01
9.794080798923682218e-01
9.661790361945212791e-01
9.915894130216491575e-01
9.759041238981096544e-01
9.931404704335078382e-01
9.699755204248882157e-01
9.853021546821240095e-01
9.865368121185462691e-01
9.841915515336987497e-01
9.842214435882836732e-01
9.775632255654710390e-01
9.847278479494600001e-01
9.820213555172854214e-01
9.730460492473415046e-01
9.620372062326578710e-01
9.719092655876429010e-01
9.910258223192428551e-01
9.565607523541250767e-01
9.953990886941093130e-01
9.820952679703179866e-01
9.905795261885222969e-01
9.783180011453073144e-01
9.669241935308909852e-01
9.814545126006983811e-01
9.595253264975740493e-01
9.937952114963589656e-01
9.883267405275605322e-01
9.895408167870133331e-01
9.772982614883310992e-01
9.952044188995073926e-01
9.670394387315911500e-01
9.495143049592598139e-01
9.788548536159232816e-01
9.995298933004466146e-01
9.742359177930747238e-01
9.502648178787322930e-01
9.856617056773931962e-01
9.811174939721569732e-01
9.916724958569640425e-01
9.897321626648161175e-01
9.863043107356752603e-01
9.818349041734499849e-01
9.813262483617389842e-01
9.988137842084731099e-01
9.762518743499574159e-01
9.730448144677934508e-01
9.220155278913585439e-01
9.854705130547563030e-01
9.813334529299784226e-01
9.810010917137392816e-01
9.497514395827458822e-01
9.956692438510700294e-01
9.847926399782667151e-01
1.006724975637751429e+00
9.853467478928856771e-01
9.826138159529177463e-01
9.828376118903111580e-01
9.767229816857900815e-01
9.800211384022465833e-01
9.909049572949136797e-01
9.892451303218680048e-01
9.763598884934326927e-01
9.886049403498271548e-01
9.479366677135826480e-01
9.897125053550528406e-01
9.821425881703212957e-01
9.644268615411072387e-01
9.336642609598608811e-01
9.820560378571473459e-01
9.882144211823638003e-01
9.880631131989605631e-01
9.988915433792275866e-01
9.607646187111866798e-01
9.795444599655204199e-01
9.985506425040449052e-01
9.969544877907228209e-01
9.920705911377067920e-01
9.651816985643834057e-01
9.833890834163266925e-01
9.555928523436070243e-01
9.615533526570536615e-01
9.861848340411922820e-01
9.699903259920426013e-01
9.717070311810754868e-01
9.861982537739933941e-01
9.870615066327068643e-01
9.724755967494504993e-01
9.738187671025734238e-01
9.846971809264956077e-01
9.858540912894361297e-01
9.814744222240130433e-01
9.861873219659541556e-01
9.630776586211144963e-01
9.700103140221160158e-01
9.537950607438338002e-01
1.005170456836289805e+00
9.720859525096036124e-01
9.808562922449961530e-01
9.819194905322827793e-01
9.859008804652165114e-01
9.771370487453214793e-01
9.859856745905164477e-01
9.834553160859927923e-01
9.782406339083559166e-01
9.888864247766351312e-01
1.000741183235028142e+00
9.818131394742067863e-01
9.849007316139687385e-01
9.826209511897844306e-01
9.763456569955324404e-01
9.801240443740605324e-01
9.694678523163081652e-01
9.741078910531947299e-01
9.946929286395645997e-01
9.826596973737578011e-01
9.919004190612052962e-01
9.483526463262236250e-01
9.775582668579241297e-01
9.931792677539836856e-01
9.779236754206677151e-01
9.832827378413300234e-01
9.685025103903722732e-01
9.577723793271077923e-01
9.879317559707951890e-01
9.677769255883104105e-01
9.967630334370681799e-01
9.554225818777632995e-01
9.812555490419195836e-01
9.914616896281058800e-01
9.898844919940030795e-01
9.559918960930077203e-01
9.878430622453595600e-01
9.779087732552304013e-01
9.694121029968573167e-01
9.629238402775910366e-01
9.897028359673494258e-01
9.831929293070331699e-01
9.802887152832489015e-01
9.838967285122909301e-01
9.727058199065188315e-01
9.764062441263212655e-01
9.764368736857954589e-01
9.842887976931341543e-01
9.939089156093958710e-01
9.659221600511420647e-01
9.774564856832254067e-01
9.522984149300730561e-01
9.946909733490918448e-01
9.910279574088056709e-01
9.804814531988161885e-01
9.738736509691592325e-01
9.829332559728883867e-01
1.002496404933714391e+00
9.909516033156555714e-01
9.779708740129828826e-01
9.464106282777838830e-01
9.790975700375731394e-01
9.926551508767913479e-01
9.645077790812662810e-01
9.876319552318356676e-01
9.815254439845304546e-01
9.773848732907126635e-01
9.812378080679856618e-01
9.798551553960760385e-01
9.575739055124820043e-01
9.864533320927270088e-01
9.941717634764153377e-01
9.775215842422367851e-01
9.960853462618405318e-01
9.871671129793853083e-01
9.752704335535485880e-01
9.889745103655952496e-01
9.840014193831332356e-01
9.718050886589628679e-01
9.726231466095229816e-01
9.409961846964380872e-01
9.617386660596022319e-01
9.619880852731306220e-01
9.738512079424185286e-01
9.436446776409077586e-01
9.745558449688654923e-01
9.859596911611535619e-01
9.825859724455479061e-01
9.881491447898494984e-01
9.687721721499648053e-01
9.791520951988404997e-01
9.450147776359588692e-01
9.722478711064421741e-01
9.801804285188668864e-01
9.719490286021409409e-01
9.829491289045121372e-01
9.688441575362302105e-01
9.892748298982356747e-01
9.900156452094690529e-01
9.839814208939110518e-01
9.798445919285481143e-01
9.788993971171455755e-01
9.615101960139406101e-01
9.842265733434699682e-01
9.458228715965036892e-01
9.523024297244838676e-01
9.806098806625220821e-01
9.854615801446762191e-01
9.586593173479686092e-01
9.872116157902321998e-01
9.759247618419049086e-01
9.777206318164143317e-01
9.443136997176602154e-01
9.546858965150373244e-01
9.798436710242163228e-01
9.687494024705303186e-01
9.900804865738538352e-01
9.766101077442321809e-01
9.680211138174794616e-01
9.826333924036321221e-01
9.689597146720738685e-01
9.836899924182230803e-01
9.820254617882193671e-01
9.873400176432703956e-01
9.842668901045399377e-01
9.518113170152205926e-01
9.841210644513544992e-01
9.619880826939667395e-01
9.690122080487545420e-01
9.805146854615652829e-01
9.881476233822045208e-01
9.823159344232798018e-01
9.834639157925021413e-01
9.968883673663265776e-01
9.835717749498777973e-01
9.734235091305754040e-01
9.869886373916478828e-01
9.696564319229945550e-01
9.507009450619369195e-01
9.886941404374065545e-01
9.695255528392977551e-01
9.685402632130859502e-01
9.395492365952369251e-01
9.672896307222309531e-01
9.705127777845194981e-01
1.000709441414784795e+00
9.695726951258165638e-01
9.826525799498506686e-01
9.738720308109788393e-01
9.999044666888269317e-01
9.975078182710536145e-01
9.847188509648968635e-01
9.819375978170394870e-01
9.856957916342441450e-01
9.877599076452597826e-01
9.574240856148191758e-01
9.951841408188727423e-01
9.703082399019499205e-01
9.890908529353044099e-01
9.893974490496973972e-01
9.782262855719863204e-01
9.895946069710144233e-01
9.684503647314594010e-01
9.835390921292597177e-01
9.611483183386151374e-01
9.584210587613934962e-01
9.869416037624985094e-01
9.676085410432825329e-01
9.886148589692922428e-01
9.867256590188986376e-01
9.830578583378422053e-01
9.792856501947332371e-01
9.860247769403266416e-01
9.792525564539271699e-01
9.837875263448245811e-01
9.652503353140352571e-01
9.743236640233511325e-01
9.785359320523049353e-01
9.746160516213761005e-01
9.846505710382216225e-01
9.855772646352544131e-01
9.586033811853064135e-01
1.003744587049105519e+00
9.950998983929810748e-01
9.664668949775233608e-01
9.672183791651790541e-01
9.786483252973446900e-01
9.816241962944869393e-01
9.473117213012560711e-01
9.299688979189466576e-01
9.949719993019466857e-01
9.889229852545831090e-01
9.766710648754138857e-01
9.731553914608715994e-01
9.754669218031670752e-01
9.816977866330033331e-01
9.797017670892161911e-01
9.948199543618088114e-01
9.707692363204694086e-01
9.944891600455223468e-01
9.744824899954790398e-01
9.911937335803974181e-01
9.845485427965359193e-01
9.895014685246821262e-01
9.575212088137072808e-01
9.864099052355789210e-01
9.728781365777418033e-01
9.927107775553540847e-01
9.700183014919544489e-01
9.818487177865101723e-01
9.913564407973031178e-01
9.689847658710812883e-01
9.955746131652728481e-01
9.842322667820175841e-01
9.773857071734728397e-01
9.840994280954534768e-01
9.756104111501654463e-01
9.811071260029066154e-01
9.848952615990667070e-01
9.837209166846629937e-01
9.930754027025228137e-01
9.843965364048231637e-01
9.637629004952322775e-01
9.595427636466491439e-01
9.431058953027586789e-01
9.781091929976841737e-01
9.790050958393564651e-01
9.924976633499639211e-01
9.862665102328387334e-01
9.841507282809807133e-01
9.763247649984090337e-01
9.845597519730322489e-01
9.850817236167841440e-01
9.895834687873350521e-01
9.311186431560047883e-01
9.883033474092696169e-01
9.750180092552886979e-01
9.861314789391152358e-01
9.897794323589822474e-01
9.894499183002871678e-01
9.585914676273814550e-01
9.728546654690056750e-01
9.977272820578876322e-01
9.649515512267222705e-01
9.859372625987415928e-01
1.004019795592532072e+00
9.766499360436946553e-01
9.832545709069874240e-01
9.956426437869690949e-01
9.884132367129303542e-01
9.694710592012186767e-01
9.809120324278172154e-01
9.849818852970705363e-01
9.799386239939921195e-01
9.918441613667347001e-01
9.603096912543881425e-01
9.484206382304725125e-01
9.736826097788174872e-01
9.585730006342616516e-01
9.697713351199633847e-01
9.916204935117125530e-01
9.952131569453283033e-01
9.703402946533610240e-01
9.970856713144770067e-01
9.629708425474909905e-01
9.119714569848280661e-01
9.610623215780651485e-01
9.499759599291464074e-01
9.469325402239567868e-01
9.623698859987361853e-01
9.838812543529338317e-01
9.842283636583870621e-01
9.970991544000622486e-01
9.818304915125840582e-01
9.699348777453692394e-01
9.868485380184880418e-01
9.767496078358981482e-01
9.874558715248993312e-01
9.360139192090416449e-01
9.941634204924416629e-01
9.642969036703754604e-01
9.938598093053614413e-01
9.886026861148513589e-01
9.899857938708316318e-01
9.843339266658232001e-01
9.937239676031883739e-01
9.412427620321984767e-01
9.732720507018818301e-01
9.808693296787861504e-01
9.826742131770115352e-01
9.695900921433701081e-01
9.793757583979670889e-01
9.903832096293393450e-01
9.823299514055775505e-01
9.749703437127771322e-01
9.638100591997819100e-01
9.573232166305232216e-01
9.885615185096726654e-01
9.778581951829353747e-01
9.838205999674891622e-01
9.815470775965555728e-01
9.807889403355720681e-01
1.000261776805901892e+00
9.791092961531764338e-01
9.686503624910108856e-01
9.754770368298733008e-01
9.833572574260975863e-01
9.559209307662297483e-01
9.909903638624650846e-01
9.821953730378646386e-01
9.848814043073701452e-01
9.787928052810904722e-01
9.514458079299634718e-01
9.831025465798388652e-01
9.942991917293699800e-01
9.671782215991838738e-01
9.818649412081612571e-01
9.871146065389003743e-01
9.608305805264569788e-01
9.496369326591124205e-01
9.965459347336926843e-01
9.858862426440472282e-01
9.592481588414459859e-01
9.699327865269030680e-01
9.633834197387785014e-01
9.805608630558936278e-01
9.835909649294783952e-01
9.823182085164090527e-01
9.889728269138492456e-01
9.935384103426988522e-01
9.619411995976528962e-01
9.711532178955768480e-01
9.754488587397311949e-01
9.849471870516630645e-01
9.952028105344760123e-01
9.779738778207280880e-01
9.883989869027055564e-01
9.736846910311253156e-01
9.680687263270985055e-01
9.709943761706372189e-01
9.684014249436303512e-01
9.750623420470251324e-01
9.826961023171246756e-01
9.781713156608613513e-01
9.965323571498121424e-01
9.888161541686391054e-01
9.881911201164971237e-01
9.796299317395651407e-01
9.766471413937890533e-01
9.780564714432337103e-01
9.871585014227736155e-01
9.593987544349401597e-01
9.586455423580370061e-01
9.731538036901942190e-01
9.886348570506526823e-01
9.887267834606603412e-01
9.829449957448336272e-01
9.796090487574915517e-01
9.705874671087868499e-01
9.641111139740765612e-01
9.748085869405350712e-01
9.427821976698343986e-01
9.823016770444239487e-01
9.875416756232635596e-01
9.802917914522961684e-01
9.622666590013359000e-01
9.887491072327498909e-01
9.592342458962157536e-01
9.882014967598807820e-01
9.999661153701777661e-01
9.433163946842877401e-01
9.816244771360139731e-01
9.529258824225124158e-01
9.803269910815594068e-01
9.932312602943785818e-01
9.827341684741722760e-01
9.731212699644341546e-01
1.005904998267458605e+00
9.828879061015504126e-01
9.711778119592369141e-01
9.674447592075199331e-01
9.866736089709701174e-01
9.677096155253525067e-01
9.806705491300969912e-01
9.845798456450250979e-01
9.693306896153112140e-01
9.789412718574582728e-01
9.860754359917881517e-01
9.860993950626064652e-01
9.938011452341567464e-01
9.826518552275973484e-01
9.912400115927003652e-01
9.755060102988784010e-01
9.895012099072478806e-01
9.797612444293293255e-01
9.820672469991232889e-01
9.895311691848500679e-01
9.939743150086276513e-01
9.809501256428843075e-01
9.833250696927839929e-01
9.908156924498213725e-01
9.916347443201416478e-01
9.768380124343918336e-01
9.759302497250772479e-01
9.824157793988850251e-01
9.879562306003795147e-01
9.759155367767663458e-01
9.619710416333937530e-01
9.557256661190967062e-01
9.750749912050632462e-01
9.777192841200406104e-01
9.766599454840707573e-01
9.690776664652639427e-01
9.785757723064859581e-01
9.833497263149910683e-01
9.943825369226727551e-01
9.767822589363146513e-01
9.927022299363829072e-01
9.994452050227345952e-01
9.767539526748045819e-01
9.726549097757932749e-01
9.871399130299509661e-01
9.587072643900012014e-01
9.864733888813795870e-01
9.951563616464798034e-01
9.681894881622498117e-01
9.832993613584019021e-01
9.890935877374320562e-01
9.859711099704890902e-01
9.596625773291608263e-01
9.912293839397409156e-01
9.694916330777577640e-01
9.889131038931767703e-01
9.689051611859984536e-01
9.799551400364776566e-01
9.834756563768225490e-01
9.878316651581652286e-01
9.671183926204507397e-01
9.775192006316990589e-01
9.658610143732092590e-01
9.798173806973891065e-01
9.599985580141203734e-01
9.782787623976809677e-01
9.727985551624775962e-01
9.640721880055943549e-01
9.943760773831744615e-01
9.650886048652043137e-01
9.869901285462222562e-01
9.830011659701847204e-01
9.686791472521710800e-01
9.923507972391184540e-01
9.711553445672020946e-01
9.801853392651420638e-01
9.692917823544566769e-01
9.524338171943583786e-01
9.877731654633454816e-01
9.869855130793442344e-01
9.863971500733599296e-01
1.000754629712438559e+00
9.874355729786126190e-01
9.797500697432522943e-01
9.826833058978496904e-01
9.558611948028747918e-01
9.717887551779965660e-01
1.000758846699415283e+00
9.845861331943976946e-01
9.436343787346637146e-01
9.693222102383175498e-01
9.899113605962587270e-01
9.350414887904028305e-01
9.777267707499776028e-01
9.708746374686543223e-01
9.798987045268032769e-01
9.855981048239932374e-01
9.852452454923993352e-01
9.692618056207931154e-01
9.469472030699481735e-01
9.893644220538145850e-01
9.911179456178653702e-01
9.916584613685494043e-01
9.796777531323663801e-01
9.628559969871932633e-01
9.843160345666882582e-01
9.824362993878653638e-01
9.943140019297959098e-01
9.830318716597190587e-01
9.371356802835860700e-01
9.688887751373228552e-01
9.963644503797262075e-01
9.881539358501174597e-01
9.725208901657871330e-01
9.893348065352727261e-01
9.582382377634728332e-01
9.727853117087285062e-01
9.791485113861945200e-01
9.895293864571349518e-01
9.805233610679591205e-01
9.741495271988555027e-01
9.579587238084589229e-01
9.698796855045729304e-01
9.591265443664447332e-01
9.895460387215995191e-01
9.963922539155671831e-01
9.906549432097582208e-01
9.865299489237673303e-01
9.895735586962930430e-01
9.827784305129043663e-01
9.715612013064488517e-01
9.571730013265986603e-01
9.691643605588393662e-01
9.877772230891112004e-01
9.598119914919873708e-01
9.399887622801911258e-01
9.852091588647163833e-01
9.897152596165650351e-01
9.897843571706149701e-01
9.575412536304592770e-01
9.614543092417353609e-01
9.701311476745645423e-01
9.979309873868440484e-01
9.913610976146229881e-01
9.908756776600069482e-01
9.652538205325584819e-01
9.782517508886948709e-01
9.864024791454515384e-01
9.508842148176951392e-01
9.773714714138523885e-01
9.760995718033277369e-01
9.922493313574556328e-01
9.748945876935819488e-01
9.750941321015085261e-01
9.763617012331554657e-01
9.956883860218245230e-01
9.869208953477767166e-01
9.814515801182950305e-01
9.823163624514282821e-01
9.671713620338866502e-01
9.893503299034622778e-01
9.749464903293696416e-01
9.908492921487257465e-01
9.928213172437970746e-01
9.790693688242461112e-01
9.474781060210945016e-01
9.960201628099859539e-01
9.739271652613251673e-01
9.777066805883424250e-01
9.878148389140271046e-01
9.770453629512839688e-01
9.786595177489811892e-01
9.833384925431081225e-01
9.975955159468010702e-01
9.892063906569812382e-01
9.773034053532054788e-01
9.826605265025010194e-01
9.782490205291574092e-01
9.470953410123573724e-01
9.990748005450589275e-01
9.595607016442493364e-01
9.558912102709116176e-01
9.895908269862515594e-01
9.747195810441247055e-01
9.773980363293780504e-01
9.851806542179014636e-01
9.687917793754360352e-01
9.924830641333353132e-01
9.773392746226302608e-01
9.843487313231243929e-01
9.824020508444964994e-01
9.875757037880578126e-01
9.469355716778511400e-01
9.895256259609067628e-01
9.792754684064186588e-01
9.747660063015930465e-01
9.923425404384587090e-01
9.702316315638122024e-01
9.754694254425704258e-01
9.952831169721035875e-01
9.765076195765566291e-01
9.735758409671232405e-01
9.818376340998626883e-01
9.877896085848463237e-01
9.587138787013462782e-01
9.875453070795165988e-01
9.587323469416363375e-01
9.776614039171840354e-01
9.868479632447264560e-01
9.897805175303540093e-01
9.870491384543598201e-01
9.757281935455993649e-01
9.803114302254213319e-01
9.844414078034946503e-01
9.824086815823283025e-01
9.966491332353404342e-01
9.830688766723204575e-01
9.915009289070086940e-01
9.760542950796260442e-01
9.857707741577292904e-01
9.671658300945992215e-01
9.760712801627554613e-01
9.753154325623069054e-01
9.852469928482644468e-01
9.820109517419364220e-01
9.892064882356651490e-01
9.671851757178079323e-01
9.752347067776949707e-01
9.781230917279025716e-01
9.377135462990614512e-01
9.679883739802597198e-01
9.735471270270192878e-01
9.780504231054256703e-01
9.750514745559935026e-01
9.903947487068667233e-01
9.702627636178413617e-01
9.939379817272786521e-01
9.881803484662042836e-01
9.774752177069371273e-01
9.797892801320150502e-01
9.811043947438624624e-01
9.574402829724137920e-01
9.796046745980350190e-01
9.450426400697718998e-01
9.848451601823391410e-01
9.806881395214185337e-01
9.608026014941661863e-01
9.917948246685492908e-01
9.659759080633130157e-01
9.808448997007231940e-01
9.790802254296521179e-01
9.873895882960070924e-01
9.882062756854111951e-01
9.866101357399589267e-01
9.945667007473838472e-01
9.858512407690762647e-01
1.003940761046136165e+00
9.729763697628310837e-01
9.802305669521366172e-01
9.591818447621560662e-01
9.855939332278561560e-01
9.808526883912099814e-01
9.940286941482787686e-01
9.885862292344766988e-01
9.872942703727709546e-01
9.644598026711613814e-01
9.772124222705131924e-01
9.709694471396711490e-01
9.780962294232727894e-01
9.870516179336151774e-01
9.915036233906673324e-01
9.892033660515524573e-01
9.790852978870322465e-01
9.814963770812031862e-01
9.886190124357489006e-01
9.318812264766572762e-01
9.741973799597625217e-01
9.899496499629025781e-01
9.739192782061758535e-01
9.340540008977947783e-01
9.893629552711269426e-01
9.873440637683204013e-01
9.766042374992899289e-01
9.917945427896348587e-01
9.873851613462348853e-01
9.678412117072339171e-01
9.817517441106713427e-01
9.864499487324724925e-01
9.834249675738915286e-01
9.802764361133881055e-01
9.817476647606480089e-01
9.550115758930750598e-01
9.802657076845927575e-01
9.573945509112725682e-01
9.892628470089902537e-01
9.554289586024290459e-01
9.889326761333970817e-01
9.763989603789164917e-01
9.534007146678779021e-01
9.766275720735432264e-01
9.685561400501403462e-01
9.942597001878524798e-01
1.001793048969396249e+00
9.745251403224717279e-01
1.003996671899765269e+00
9.650883792832568586e-01
9.733327801064480811e-01
9.940869912619868520e-01
9.785779170177195674e-01
9.927888131287760931e-01
9.737998778725388549e-01
9.714966458185889664e-01
9.786855636551869964e-01
9.725759938082307876e-01
9.718967611690851882e-01
9.854336482147028065e-01
9.736040469011071341e-01
9.851400033356233488e-01
9.876068187804259990e-01
9.902008890833826626e-01
9.922256175545519641e-01
9.832245942166214503e-01
9.853416872379391345e-01
9.813990741037167398e-01
9.574077232870787935e-01
9.824963863695770350e-01
9.865919319283192879e-01
9.935962744756224874e-01
9.606111399593247890e-01
9.775298147977266039e-01
9.914097530776758704e-01
9.917441016564654266e-01
9.840738852267724157e-01
9.608303496902528273e-01
9.595206505174771472e-01
9.728314059346990783e-01
9.207012115129067364e-01
9.801497721846879063e-01
9.896535300269970747e-01
9.535043590315805950e-01
9.848261802880868832e-01
9.957965272359191600e-01
9.947617345136851030e-01
9.748827911874475838e-01
9.526232105755658708e-01
9.896700303535749255e-01
9.637450514367935650e-01
9.772685296581986591e-01
9.701305353984440716e-01
9.771540183822806647e-01
9.742877767573010495e-01
9.862784463153818626e-01
9.935573572025799827e-01
9.735618990685183105e-01
9.778699329498995452e-01
9.898618551188377301e-01
9.870844933707422220e-01
9.954465882706862168e-01
9.794077844284071466e-01
9.743400946797782236e-01
9.921556322695280761e-01
9.791459889744889011e-01
9.479626227795815430e-01
9.660528361789075813e-01
9.906859863369732455e-01
9.896288604275133016e-01
9.876764288458210750e-01
9.962727427469302288e-01
9.914376155850840311e-01
9.819215336647216796e-01
9.759989908486887966e-01
9.829624697974422842e-01
9.813916687085115775e-01
9.847237864425844034e-01
9.844229425660251387e-01
9.821387760610004181e-01
9.913029654657126155e-01
9.512453246227917658e-01
9.767712388926701461e-01
9.904394384289152420e-01
9.784977900328587497e-01
9.847773081158498476e-01
9.937255230342800782e-01
9.888582839193176266e-01
9.806301388485741954e-01
9.729860936625773782e-01
9.959337207124528968e-01
9.873412151997068564e-01
9.851607355216138728e-01
9.880291855735939821e-01
9.857647609146634737e-01
9.583304103548556663e-01
9.474957267613978162e-01
9.904524375490288968e-01
9.969535146014459892e-01
9.798437776858617276e-01
9.653675075528174165e-01
9.824790425271200389e-01
9.686720117362926930e-01
9.888608763305438698e-01
9.850265436172486178e-01
9.973827378042521286e-01
9.771514927552310548e-01
9.923464915484736526e-01
9.934110891626894979e-01
9.696723884028191076e-01
9.587077346584137461e-01
9.760255988168131669e-01
9.778751377141158274e-01
9.630418274589779282e-01
9.622982965064175165e-01
9.646559306196049732e-01
9.618669934299101110e-01
9.888157026285296913e-01
9.873450589720128567e-01
9.712651249948057730e-01
9.713244688794565596e-01
9.608229181652083728e-01
9.823482788190291970e-01
9.960542563153390594e-01
9.945481095011016182e-01
9.748889198909417297e-01
9.383809543208261328e-01
9.805233759643772196e-01
9.873408028044352580e-01
9.793506526978041915e-01
9.810164471706438460e-01
9.628927254278105696e-01
9.926872727243500893e-01
9.711965398353515910e-01
9.646527458756387619e-01
9.756813846977203664e-01
9.805561094190453630e-01
9.667373363067910397e-01
9.960632253669668978e-01
9.601485873333454046e-01
9.609991141657504565e-01
9.792529621342607182e-01
9.771528154477703287e-01
9.724334496818419771e-01
9.668242005071477907e-01
9.765226898983776493e-01
9.448895190106542108e-01
9.822834786574181631e-01
9.753612412287937516e-01
9.907761143899191936e-01
9.681533613223144430e-01
9.831937760525628622e-01
9.802123689090672665e-01
9.465691662040752741e-01
9.779346916366714604e-01
9.624652368232085031e-01
9.862247208845589252e-01
9.474247879492569968e-01
9.876948246393942865e-01
9.838711545358377331e-01
9.768760174022381726e-01
9.843192613848734673e-01
9.626337390055130783e-01
9.841644108006493141e-01
9.742754722953996804e-01
9.679210081223574846e-01
9.776681164350863318e-01
9.892517694201612422e-01
9.865802088330595243e-01
9.786520061988430719e-01
9.822326491810099425e-01
9.894359983782357038e-01
9.688999404195828280e-01
9.952101740826690968e-01
9.820352467029570542e-01
9.864979371372082362e-01
9.659054275297787040e-01
9.954819001038436310e-01
9.610256281753715157e-01
9.884911534703512137e-01
9.853956038707694098e-01
9.828545461312299114e-01
9.798505435797073559e-01
9.541820940973160248e-01
9.872262290714556299e-01
9.860357946573647947e-01
9.873663981155069713e-01
9.979800587849531057e-01
9.632011311360449968e-01
9.778397290236905404e-01
9.793893592588374108e-01
9.780534793874906541e-01
9.746932189071574326e-01
9.429721268846447124e-01
9.905236068130067739e-01
9.862748737993560777e-01
9.762814997316113796e-01
9.920266606771910300e-01
9.615111128737386936e-01
9.959491407272225150e-01
9.909337326938917334e-01
9.814992491285102760e-01
9.832630267675540603e-01
9.499663267628908336e-01
9.971982595749692146e-01
9.794051783200693473e-01
9.614855276889895386e-01
9.802312409495940182e-01
9.863488575245923373e-01
9.822386702975830497e-01
9.998192918631512160e-01
9.850663864555317950e-01
9.873613142058923486e-01
9.792158027131797615e-01
9.756129694308753875e-01
9.858006239538723570e-01
9.833438001581259469e-01
9.844745691055321046e-01
9.665375852664502832e-01
9.744951397710247543e-01
9.861887139387188750e-01
9.886652881004963644e-01
9.547172838359681002e-01
9.753224645055145192e-01
9.913113796294816815e-01
9.603221526003152819e-01
9.878548548707608568e-01
9.865554032744844326e-01
9.841583810555152301e-01
9.767002560658979426e-01
9.889361360701790504e-01
9.724768301769323164e-01
9.870419134607277822e-01
9.797462768951537004e-01
9.306702697578344008e-01
9.886927201600593795e-01
9.937640351799191807e-01
9.833068222654294255e-01
9.785853248167115659e-01
9.688537173472030473e-01
9.811618713889899146e-01
9.708411002364834008e-01
9.726701890994517985e-01
9.648098043659214529e-01
9.909782826821728063e-01
9.743243608862222072e-01
9.802056696375129885e-01
9.820822136954332482e-01
9.893676011001938386e-01
9.708938626999698007e-01
9.860490482931305589e-01
9.804428972830390165e-01
9.877750127128576141e-01
9.894109668314339245e-01
9.936188562185241935e-01
9.747740901277622827e-01
9.824971943188206547e-01
9.812022262974803288e-01
9.821083595726718407e-01
9.567392123519413705e-01
9.833168994671934726e-01
9.569139121505589873e-01
9.813229890927738230e-01
9.834692091310824891e-01
9.969566800082488855e-01
9.910208794821430134e-01
9.881736211248279833e-01
9.910103564210825944e-01
9.691999565506955738e-01
9.909756637540994006e-01
9.645850978603308645e-01
9.856870795895845694e-01
9.946435043237030760e-01
9.627732352005636818e-01
9.831111074444662812e-01
9.546288681213245253e-01
9.791894135927927678e-01
9.648200956921820781e-01
9.605522325190689603e-01
9.941339069527892480e-01
9.818269072339372849e-01
9.764372069367583951e-01
9.647928995442335287e-01
9.780855494257596483e-01
9.913790193173764864e-01
9.902360398391967244e-01
9.851311165524069269e-01
9.767381936459899050e-01
9.832795918640541144e-01
9.800189403522945319e-01
9.788336400989524622e-01
9.863441406827913038e-01
9.898163491175894224e-01
9.889415211793038951e-01
9.970081773903173294e-01
9.514477754355173955e-01
9.535213541705307438e-01
9.827940707882812932e-01
9.820368688501067700e-01
9.754105463601066006e-01
9.920968022439663470e-01
9.918127579024467178e-01
9.941518813172415259e-01
9.757767272476230991e-01
9.947760018532741944e-01
9.663366722615135407e-01
9.818763291205615529e-01
9.819165340731047520e-01
9.802505170508445387e-01
9.833380218117876437e-01
9.823607848764404071e-01
9.925939772280708562e-01
9.940798303959201832e-01
9.846713834476934490e-01
9.708107752212219443e-01
9.855655638259173124e-01
9.935198762578755227e-01
9.859582147655581164e-01
9.944123942921747616e-01
9.787100613942967264e-01
9.691399526902080286e-01
9.819850736480573161e-01
9.953066449695769924e-01
9.886358013789843246e-01
9.878133424849409039e-01
9.602957678960456489e-01
9.946723970311701635e-01
9.896428139278549141e-01
9.752178444966611570e-01
9.773363962619777690e-01
9.818190057369151624e-01
9.853054183103622243e-01
9.883605187353390331e-01
1.008393266681877343e+00
1.005444129295534728e+00
9.747731862723144625e-01
9.740054643573056170e-01
9.876813233973000816e-01
9.869817914968859185e-01
9.766586800252922140e-01
9.741603712289687023e-01
9.820569104533284355e-01
9.816103814213977818e-01
9.856015234830711735e-01
9.865081590960799174e-01
9.684928530608349906e-01
9.889308856448534302e-01
9.885137905833012439e-01
9.563725045581076278e-01
9.765694692654509623e-01
9.858513409141335115e-01
9.907938115983075944e-01
9.719855427958601357e-01
9.808691112652951904e-01
9.853479216099525484e-01
9.804648585773361180e-01
9.839025092443062226e-01
9.885611027540770479e-01
9.902200448262745702e-01
9.865955201169762656e-01
1.000532483643151282e+00
9.599918985080457823e-01
9.880182904072820627e-01
9.779078913515021343e-01
9.775262644231499376e-01
9.968296977631048161e-01
9.926816800989762823e-01
9.840502071991379385e-01
9.805651084523078209e-01
9.845937966097668692e-01
9.708438971355465297e-01
9.832850333334726134e-01
9.828845578034066666e-01
9.886651976447090595e-01
9.871671672530833996e-01
9.503090438803735163e-01
9.936009163888135376e-01
9.348276059703484187e-01
9.843593811001952743e-01
9.787940527327789741e-01
9.763786517080246252e-01
9.868334782707639530e-01
9.796155623476364704e-01
9.813463197232815682e-01
9.864762204973043236e-01
9.481386784153136293e-01
9.877356408628368278e-01
9.704939094481257467e-01
9.702456177856741970e-01
9.802677583760075475e-01
9.700702140323181899e-01
1.002741900222741567e+00
9.847326585776359220e-01
9.876554224072423560e-01
9.855945125060230350e-01
9.740064434931501314e-01
9.827462384594091160e-01
9.598601705479505863e-01
9.775844011648788801e-01
9.667052563727981385e-01
9.444772343755561961e-01
9.510412022123634346e-01
9.858531604505931245e-01
9.908098273325227634e-01
9.769519706811350401e-01
9.788944007625800525e-01
9.639093587642691974e-01
1.006697331154817743e+00
9.659757098540040499e-01
9.870690474689179927e-01
9.670334554855267717e-01
9.311999987789467692e-01
9.812861703704303107e-01
9.572358933932989533e-01
9.848567807033359323e-01
9.655793042836693374e-01
9.854890166572747301e-01
9.894268813147248931e-01
9.788789025149375878e-01
9.835705869262019174e-01
9.498411426183929196e-01
9.852651743295544051e-01
9.818577979814547829e-01
9.751667126519584228e-01
9.842301959711402537e-01
9.995969022389517011e-01
9.782943217594105567e-01
9.752282220527730416e-01
9.990712178815803757e-01
9.901212469388583903e-01
9.816527722531320777e-01
9.410615147409946424e-01
9.854664303458888774e-01
9.702707425552238307e-01
9.890785981137714122e-01
9.907040182924542471e-01
1.000149724263022843e+00
9.677306879499286696e-01
9.801806651039342011e-01
9.650790572042167170e-01
9.910816672632019042e-01
9.767080070532005998e-01
9.715614474639179265e-01
9.846674040605357670e-01
9.867480249395035319e-01
9.843802532616674483e-01
9.920081885002354216e-01
9.780742749947854975e-01
9.870222341817277423e-01
9.970655422222164388e-01
9.831647589178640345e-01
9.881303776475759415e-01
9.870311017958116606e-01
9.850323697018925628e-01
9.798185645978890745e-01
9.767077392860058493e-01
9.812365704712383563e-01
9.757726603577221436e-01
9.934325426568088035e-01
9.694220649972239423e-01
9.869487312042206639e-01
9.795664283041558562e-01
9.722482064366715360e-01
9.838083731001442400e-01
9.928751485773250618e-01
9.848831308756778036e-01
9.954662811817960311e-01
9.411990436623429712e-01
9.773096332726336488e-01
9.851036919888420673e-01
9.547250003196326995e-01
9.644446579831282840e-01
9.879551194544740067e-01
9.870002672846697189e-01
9.741694482530310895e-01
9.441173082351960177e-01
9.819479339054868472e-01
9.849105969827742779e-01
9.816368854724722981e-01
9.877052829783635746e-01
9.839207400292508954e-01
9.864981760185621562e-01
1.000630475537139130e+00
9.906659733012133096e-01
9.815433773686375041e-01
9.771118283710640284e-01
9.949894618788869272e-01
9.872959360927449080e-01
9.885634045533917558e-01
9.788917488225522545e-01
9.954089442915190489e-01
9.126762175132714372e-01
9.886177678515545297e-01
9.647240771884316723e-01
9.915942259235791534e-01
9.981164509058296774e-01
9.686989828469204644e-01
9.831092277127743140e-01
9.948968876050698906e-01
9.891995142766627502e-01
9.855798253608484272e-01
9.573244006163563746e-01
9.558737684342227814e-01
9.715585675874407467e-01
9.688740403382257727e-01
9.761843760914882262e-01
9.739100432020828535e-01
9.594516723761898902e-01
9.745830149028749112e-01
9.769216606254850221e-01
9.901420473680825340e-01
9.888095808614060234e-01
9.831826000115794217e-01
9.906666421256713484e-01
9.940255500474109995e-01
9.905721669842307842e-01
9.594852926186712150e-01
9.751355839216223620e-01
9.861128603288070726e-01
9.521355610669296476e-01
9.771799091678911031e-01
9.797514638972530943e-01
9.702178088161005354e-01
9.684643580664971108e-01
9.830503550063789397e-01
9.742818946183980922e-01
9.773823445269607113e-01
9.836221483164317991e-01
9.768025863807079379e-01
9.916994855881630100e-01
9.876500972525441568e-01
9.704453282728667807e-01
9.897391513609431479e-01
9.834145778419627337e-01
9.933762945611084305e-01
9.880934663414627783e-01
9.910546792661485416e-01
9.676788979995551987e-01
9.813077794032128987e-01
9.644364943586218875e-01
9.702258010412417866e-01
9.891298932910080888e-01
9.742464643291380844e-01
9.976202161113908451e-01
9.689365402613683287e-01
9.752819899808305992e-01
9.749343427755613467e-01
9.885270194190886039e-01
9.471190370455292440e-01
9.892619561173272569e-01
9.817621370074203213e-01
9.956062870448846303e-01
9.780921640540434225e-01
9.838237340169635470e-01
9.826058327378091040e-01
9.839039856577308507e-01
9.738083833191099048e-01
9.937203847621026709e-01
9.812676203675558817e-01
9.899748546861532050e-01
9.722123086932878966e-01
9.830082645327429258e-01
9.902440149203185493e-01
9.430179377911237504e-01
9.685055359302325861e-01
9.791790600558570867e-01
9.888095301110617630e-01
9.920960867937685945e-01
9.946049215652787989e-01
9.622128213469709479e-01
9.839080328087183025e-01
9.823968621444347793e-01
9.803517862912761727e-01
9.664605125115798279e-01
9.468734549896380415e-01
9.684503319167978574e-01
9.802277986419696276e-01
9.718376999645244041e-01
9.884977255950957442e-01
1.002792730825446954e+00
9.798596669334357356e-01
9.818952287368244436e-01
9.863309775862610929e-01
9.869415465916006047e-01
9.819335144707749263e-01
9.750489422964051522e-01
9.776238459251807011e-01
9.569566822829154162e-01
9.653103284036168574e-01
9.815923323246464882e-01
9.626740274100804573e-01
9.766985035751678534e-01
9.847235733450808715e-01
9.932363794309360117e-01
9.808117429427353207e-01
9.837154372309470096e-01
9.703169392874033683e-01
9.934949303334824622e-01
9.669746455006417163e-01
9.852711628524462029e-01
9.674036163645025610e-01
9.473579865086986240e-01
9.835500261953394885e-01
9.774348984520140338e-01
9.818793180273541754e-01
9.927819587855908345e-01
9.621184567659479825e-01
9.832015244206889770e-01
9.923701627706041917e-01
9.457347902989871047e-01
9.833290702348281842e-01
9.855961023890686956e-01
9.836008014246390152e-01
9.803450022495949767e-01
1.014779692100062469e+00
9.588373271571287715e-01
9.714569427328656470e-01
9.876321114837660620e-01
9.771253672302198101e-01
9.978026499405096006e-01
9.685239519776769335e-01
9.882353230132719935e-01
9.590117793731559592e-01
9.930564556998080494e-01
9.633915038778244622e-01
9.840564079618923099e-01
9.660235093737640222e-01
9.886405817625207870e-01
9.875208733899673019e-01
9.697193543737677723e-01
9.982962213781764182e-01
9.648396319108611952e-01
9.906351740455022759e-01
9.800562933446920200e-01
9.884097153659558987e-01
9.765689765147157475e-01
9.284472582509907257e-01
9.815408866730102044e-01
9.707892952080068305e-01
9.884366971709567240e-01
9.745698547036307779e-01
9.848901662296547510e-01
9.575841672891964862e-01
9.666451600569314628e-01
9.750813419595981690e-01
9.912637850442586052e-01
9.768419431259569574e-01
9.802422519523469324e-01
9.728637397531432196e-01
9.836102122880463483e-01
9.854982305622638217e-01
9.915851446461976249e-01
9.829569963991905412e-01
9.808457102340921718e-01
9.683536456663288661e-01
9.697205933131481936e-01
9.684472363038229004e-01
9.768373050344700825e-01
9.740841591779597630e-01
9.775779757749476495e-01
9.738721982064322269e-01
9.936276628809467271e-01
9.848628151324643198e-01
9.419415340278067816e-01
9.640225440812211222e-01
9.720112132277745065e-01
1.003147583198378934e+00
9.853485366999102935e-01
9.855591141950164058e-01
9.767959529937484398e-01
9.920772835754931851e-01
9.835177134181957159e-01
9.709654157431366617e-01
9.886601493490995152e-01
9.780509843353619726e-01
9.901370208574207243e-01
9.802742205189901581e-01
9.785247711573854534e-01
9.716270747763409155e-01
9.823758255861985145e-01
9.942718118881386236e-01
9.830408815611544338e-01
9.835313564128448371e-01
9.838123067580302195e-01
9.744221767936374068e-01
9.916557532019791843e-01
9.417287450069002919e-01
9.700795289667035748e-01
9.793665386182071053e-01
9.835547151248924536e-01
9.659349318207819390e-01
9.918952443792474760e-01
9.945568278522978201e-01
9.877835640803941386e-01
9.838911733891813061e-01
9.830126515583120783e-01
9.802264892400702756e-01
9.899616721524617802e-01
9.800671327399042010e-01
9.691706938941682115e-01
9.896215742391007986e-01
9.897556511428102777e-01
9.766068671759514652e-01
9.915999020318008172e-01
9.793423472604200208e-01
1.006037168715445684e+00
9.926649990958922309e-01
9.665431295579618443e-01
9.770015069194353252e-01
9.961424131061699105e-01
9.888079046765703151e-01
9.541644259206112366e-01
9.659487871694896199e-01
9.772243657181929333e-01
9.705000732242630157e-01
9.738764155252928045e-01
9.863602421206830728e-01
9.884545244908462536e-01
9.844886137678680038e-01
9.949272717736669103e-01
1.004701278298604894e+00
9.822358916289569697e-01
9.654195955970782395e-01
9.723543054425295429e-01
9.836606370708160796e-01
9.767923200926302840e-01
9.837117904696884851e-01
9.593798454339820259e-01
9.572215630234672812e-01
9.754594774894311815e-01
9.791453055775719561e-01
9.762537892236372583e-01
9.935241489990213060e-01
9.735110153748472994e-01
9.745626945063162738e-01
9.922750109333833279e-01
9.535787230399349612e-01
9.834073378379321051e-01
9.663417552189558224e-01
9.957959898692815282e-01
9.946539188876575288e-01
9.790782133052786662e-01
9.857908210751842315e-01
9.818281402085752285e-01
9.836883892064901547e-01
1.005869584699858210e+00
9.809007747847229286e-01
9.759481851346408776e-01
9.481009597026043290e-01
9.951674461615898082e-01
9.757903114158482660e-01
9.719010746703865555e-01
9.790360933049576664e-01
9.919809171058207031e-01
9.674991325513314644e-01
9.820103145794318866e-01
9.941787810970333927e-01
9.906765924111432531e-01
9.842504853923033092e-01
9.767519273887579345e-01
9.652564810138972717e-01
9.860477228183880394e-01
9.905428013863994963e-01
9.918912251631809562e-01
9.905623963666410070e-01
9.825023792231475372e-01
9.702080980016444256e-01
9.962823283085155968e-01
9.963772240892948551e-01
9.984700989977143282e-01
9.715753909956283962e-01
1.005128893508926424e+00
9.733876798331435598e-01
9.864512119536688051e-01
9.694458835265232777e-01
9.419796945587604053e-01
9.643901562468880639e-01
9.828379969206589850e-01
9.731844299092065054e-01
9.666119453471084810e-01
9.725253935861380983e-01
9.626499166691486753e-01
9.872306334202780587e-01
9.710465063579182265e-01
9.722512888487254701e-01
9.951117805481290990e-01
9.704240487627010525e-01
9.937802575354734991e-01
9.771214273450504750e-01
9.939622846978293236e-01
9.853724531015658483e-01
9.861036373678888634e-01
9.592730660737474047e-01
9.772774149609831928e-01
9.700351678830365643e-01
9.943652462206646891e-01
9.857093508666868731e-01
9.334432885779246902e-01
9.672069892777286348e-01
1.002099438934120901e+00
9.851053519736494568e-01
9.772503100384635211e-01
9.920480820644955733e-01
9.884508295707923331e-01
9.703990661780848015e-01
9.682945032125128693e-01
9.752022733024937606e-01
9.919158918215177367e-01
9.829238964875959272e-01
9.613888935586462070e-01
9.624022179385087750e-01
9.643736847073290930e-01
9.800102833129145097e-01
9.968454569081579564e-01
9.831728579221783448e-01
9.746483715087598254e-01
9.728123320450718925e-01
9.777402784382277501e-01
9.828607350750870886e-01
9.822477348667838504e-01
9.853356072032392055e-01
9.814188475207796802e-01
9.897355855098565192e-01
9.539285364650116339e-01
9.931376440626926705e-01
9.766817415282844639e-01
9.878738059332194954e-01
9.858452380421363070e-01
9.936182972297445959e-01
9.740880211610561945e-01
9.837358884182733076e-01
1.000713092420646211e+00
9.803462632989483616e-01
9.912760135307769893e-01
9.679439227458918049e-01
9.758074923756614449e-01
9.761997236318245008e-01
9.847656847853235584e-01
9.942558786877351285e-01
9.910463439562183785e-01
9.588837216744052760e-01
9.848512312059360951e-01
9.685874232265518913e-01
9.939049178547756380e-01
9.649270434596394219e-01
9.836578475548712897e-01
9.867092381891200414e-01
9.807185342983235632e-01
9.790961742380420718e-01
9.496952756260240713e-01
9.927125181255374020e-01
9.889977600190039686e-01
9.625236885491210703e-01
9.887927607306133959e-01
9.842611171107716883e-01
9.696750539045045914e-01
9.904321027288813806e-01
9.546993476346882224e-01
9.722284996902278431e-01
9.859596107403264531e-01
9.882984325244622559e-01
9.896960978427549183e-01
9.971426734160994121e-01
9.540608246648787372e-01
9.700790647728705363e-01
9.677383518551715413e-01
9.871301768861946435e-01
9.820266241926509654e-01
9.921067273064813063e-01
9.646322064416149589e-01
9.869028973151735551e-01
9.947450853568402529e-01
9.658093884613392355e-01
9.674028894917151566e-01
9.742701501264919850e-01
9.881723261547487036e-01
9.850195925518421269e-01
9.920740359074345927e-01
9.702233948561885812e-01
9.872613456925976028e-01
9.646188209345321063e-01
9.811827500823773196e-01
9.828305949745693715e-01
9.895165218397947715e-01
9.857161110781059721e-01
9.612708676561356747e-01
9.820671680870169951e-01
9.897799250723070541e-01
9.854686783963334529e-01
9.722879033200678700e-01
9.938997978787788012e-01
9.854485304024052095e-01
9.939060669864131503e-01
9.823750106213469113e-01
9.967650302739269330e-01
9.753211236850251042e-01
9.659820867896640184e-01
9.924378576576139421e-01
9.947760581341459352e-01
9.895064839879721408e-01
9.901810114999780588e-01
9.755162953475514653e-01
9.785399915706712859e-01
9.813669242644805779e-01
9.866403176863866031e-01
9.765431589017478098e-01
9.806084106015359181e-01
9.771844261749090821e-01
9.711118795075542875e-01
9.953498288693352070e-01
9.918358955626974671e-01
9.888217891669887072e-01
1.001153372792752627e+00
9.638146210059014285e-01
9.936526448124437527e-01
9.900507705921518520e-01
9.907299969280326524e-01
9.972775792054325850e-01
9.684848036726210196e-01
9.934834739548699112e-01
9.809782346654803975e-01
9.780145522397140079e-01
9.909767100366702053e-01
9.873687691121348919e-01
9.838012728914101723e-01
9.912488529411570548e-01
9.915016951096686793e-01
9.792202858360163908e-01
9.834387980915181293e-01
9.686918550051107912e-01
9.794855069992511876e-01
9.715501892642394166e-01
9.432480481739569100e-01
9.958148006790121798e-01
9.869470068116784622e-01
9.777044571821773555e-01
1.004786195617378253e+00
9.891595849504888349e-01
9.848538248369606007e-01
9.704453867107448728e-01
9.838877955144634813e-01
9.852896379269741045e-01
9.953853176113045542e-01
9.673756953858486662e-01
9.793300162424615207e-01
9.932176142087054682e-01
9.846974121582572348e-01
9.972739917480413219e-01
9.824518109780567832e-01
9.644396481977062230e-01
9.852832716633262988e-01
9.856643459378802152e-01
9.820089957912538914e-01
9.926391226573075821e-01
9.685445106932418780e-01
9.740233472925921010e-01
9.836543704405747990e-01
9.911041529889250690e-01
9.784483407230436525e-01
9.495475136692946849e-01
9.745849071389490748e-01
9.822999990077327936e-01
9.663994530349420131e-01
9.645710034460458493e-01
9.615606556885669676e-01
9.693856596806633696e-01
9.695049490764228173e-01
9.822189492205143369e-01
9.919527391252105364e-01
9.759491966371214300e-01
9.795543003028572837e-01
9.727251845003536124e-01
9.928172994361103010e-01
9.845799452409556007e-01
9.879542158326862777e-01
9.702221081235643529e-01
9.687543085813582477e-01
9.768403510497002395e-01
9.589207648669226813e-01
9.537000989294571740e-01
9.626641801064473869e-01
9.912677971207047856e-01
9.770775376108622456e-01
9.963896390731189490e-01
9.810332366179679298e-01
9.659818678094883593e-01
9.958842003524899233e-01
9.881724028994348652e-01
9.715394569429844918e-01
9.884588215003864420e-01
9.856155748807766681e-01
9.726848535210815827e-01
9.613265184214148107e-01
9.464070360712242280e-01
9.966300819161015845e-01
9.757960342175174828e-01
9.829804287983239242e-01
9.820484472880389726e-01
9.944489296872257578e-01
9.660713993443833525e-01
9.297413509885612548e-01
9.813617362006448186e-01
9.814703790703511732e-01
9.886225093745407699e-01
9.723723995042458101e-01
9.914524097134812530e-01
9.928432985753029572e-01
9.899740870607959264e-01
9.928370342486277922e-01
9.742043253610803699e-01
9.970438662974716593e-01
9.861169712823822930e-01
9.386492225310363313e-01
9.858824939001608056e-01
9.784043927859830125e-01
9.808607356500476104e-01
9.810329191521732772e-01
9.895882934922571872e-01
9.646103438801952867e-01
9.623335590715655918e-01
9.794590916308800743e-01
9.927279459474203094e-01
9.687632885271360017e-01
9.740753788512716005e-01
9.450077713575727456e-01
9.693483563356670718e-01
9.566689240210427547e-01
9.823614875904824739e-01
9.918285875456276379e-01
9.802773053516157242e-01
9.628050907799164948e-01
9.526770149302966617e-01
9.492258406025839701e-01
9.814753522244540340e-01
9.938557052791974211e-01
9.715102655767652307e-01
9.821122551670538048e-01
9.867990873850441824e-01
9.728112277137067609e-01
1.003414038372219430e+00
9.878187594742044997e-01
9.998078853581148229e-01
9.954941445680761669e-01
9.857976075000458582e-01
9.880098867652996608e-01
9.894714107203226305e-01
9.903788854033857003e-01
9.858046582886228482e-01
9.892266808532483857e-01
9.684513729990972264e-01
9.935079777866174799e-01
9.750337595765752319e-01
9.552209430505982368e-01
9.879516419592594412e-01
9.899781502431792557e-01
9.841414262515548739e-01
9.564283495825912640e-01
9.632128432444955202e-01
9.948481297922574518e-01
9.766918615926787339e-01
9.655027038352331781e-01
9.780075101681061644e-01
9.724020924297412938e-01
9.915121036582157377e-01
9.797760945884949058e-01
9.723833214791803847e-01
9.869062728884621105e-01
9.851657548226817607e-01
9.861857860332179371e-01
9.776671543278874221e-01
9.886485087860975574e-01
9.668596423457201938e-01
9.971841780629633334e-01
9.702652923675333385e-01
9.727482166481388193e-01
9.885254807728433013e-01
9.783924105152231876e-01
9.829667335034866227e-01
9.931919194449456700e-01
9.781581178302020119e-01
9.889258714399447037e-01
9.981425704348076966e-01
9.919791199691975203e-01
9.749817192252473452e-01
9.901217069358093648e-01
9.681682630847148197e-01
9.592050511823296821e-01
9.756741411617526616e-01
9.520214763887762111e-01
9.661348483746340365e-01
9.512072397101274390e-01
9.959645188469654631e-01
9.677312550176955241e-01
9.913079509779445520e-01
9.648817736217092378e-01
9.756041107025136272e-01
9.884151465333559372e-01
9.514659413340226246e-01
9.877385911256488793e-01
9.849440190539924256e-01
9.536452884286835685e-01
9.777412104290010841e-01
9.864474094697101014e-01
9.930253252607157410e-01
9.621573490542736362e-01
9.794860876690049123e-01
9.727142896535044825e-01
9.741703063529166817e-01
9.721758162188666175e-01
9.873875184278321226e-01
9.854396095183919346e-01
9.897572431218762956e-01
9.674276863197640575e-01
9.820101626096515712e-01
9.779487063435408079e-01
9.722430704883924246e-01
9.934753094946054963e-01
9.872609316691624004e-01
9.916671984634529702e-01
9.564876924297123217e-01
9.848619442201241858e-01
9.565118254671808318e-01
9.909020935908036121e-01
9.705405975313909916e-01
9.848196024753786970e-01
9.882077402446410863e-01
9.863583533291002681e-01
9.965800790492861383e-01
9.805357134319532264e-01
9.703688315655060181e-01
9.835815124368771922e-01
9.742036357039188799e-01
9.968319348990477557e-01
9.910620887221261999e-01
9.735904679874544110e-01
9.665399526917044515e-01
9.817238090734049516e-01
9.830749365271727047e-01
9.833014875339645133e-01
9.785627790143213156e-01
9.939502086931562008e-01
9.799640139565539698e-01
1.003100310005881957e+00
9.738377559145422468e-01
9.844028759408264273e-01
9.615268494523756537e-01
9.772254100514212727e-01
9.853007664076358640e-01
9.862658901015936008e-01
9.747249779168216666e-01
9.722613887210421746e-01
9.838212162326074317e-01
9.800301381632771092e-01
9.737717384194205517e-01
9.783433852216928406e-01
9.913370423424869848e-01
9.849348079747182183e-01
9.825312269872187310e-01
9.739149474449209087e-01
9.775656161258583499e-01
9.563277704310373384e-01
9.808467250544327110e-01
9.984553104599421802e-01
9.559577255731414036e-01
9.901929734064628397e-01
9.441387758926079732e-01
9.781916226423659211e-01
9.822968941807271870e-01
9.822926478848870158e-01
9.663337802060271153e-01
9.697861398584103343e-01
9.862492503921811426e-01
9.712248113271438887e-01
9.743108689785351384e-01
9.893929171476235629e-01
9.833446648450072658e-01
9.928215270858307129e-01
9.896315318546718975e-01
9.811257144528430230e-01
9.695876584225192607e-01
9.834575544692917282e-01
9.742928395546645026e-01
9.879160883864480658e-01
9.848937698636680560e-01
9.916937189344772197e-01
9.775009525593864046e-01
9.642738054106626544e-01
9.853785948860072086e-01
9.626947528984859392e-01
9.875282145571602221e-01
9.653672779321960107e-01
9.739166700444423785e-01
9.811511358975991692e-01
9.870183890483926747e-01
9.828280645007050342e-01
9.948704738277635018e-01
9.857004804591918967e-01
9.907693772389928322e-01
9.785111530926026147e-01
9.917424551969304947e-01
9.815271979689159654e-01
9.766954275321405587e-01
9.841068237935584051e-01
9.744028802096463826e-01
9.569062788838986755e-01
9.915698567450640377e-01
9.635960729327073260e-01
9.866173709781572709e-01
9.960136361082795320e-01
9.805762222076699341e-01
1.000315017280958285e+00
9.718397020844855572e-01
9.791696621944616652e-01
9.837388237430767512e-01
9.766564822197192353e-01
9.806631177604379079e-01
9.836924214622414508e-01
9.935069984748099436e-01
9.887751270148397165e-01
9.848274713300594341e-01
9.561617209475329338e-01
9.879150424699266742e-01
9.666236689318168374e-01
9.832200085413984603e-01
9.581723883957046217e-01
9.831238519874472281e-01
9.323673191384820313e-01
9.941781225033283764e-01
9.606428771000681266e-01
9.706768546843531631e-01
9.744796016181179743e-01
9.874481046672523021e-01
9.614481254509090746e-01
9.385439544241607202e-01
9.659130917695347707e-01
9.872017897474393289e-01
9.578356033690182958e-01
9.800102845105622684e-01
9.834161723288750157e-01
9.903487638300266793e-01
9.815983490419468716e-01
9.614438661651469875e-01
9.966821669980162612e-01
9.619207854279896441e-01
9.856079635162280361e-01
9.873235581199756306e-01
9.819966979118150974e-01
9.873058792156667041e-01
9.689296627787600258e-01
9.887651841544060627e-01
9.908881618315007467e-01
9.869331406762614778e-01
9.917033147194103115e-01
9.790784861167987074e-01
9.730351487296746704e-01
9.840661060398292470e-01
9.852482865613150231e-01
9.893462753655752895e-01
9.894002652637298167e-01
9.687057651937079905e-01
9.712377136935410604e-01
9.734597645946388988e-01
9.504251702908658173e-01
9.426205837356823602e-01
9.921590543602027967e-01
9.902289263543687658e-01
9.648828716781561177e-01
9.920142301897678649e-01
9.842210082687676831e-01
1.001770048865538554e+00
9.668247914605553328e-01
9.778912424032251138e-01
9.486426755965923219e-01
9.888390378020179838e-01
9.855403045992447986e-01
9.852595648222193248e-01
9.865143781867202755e-01
9.771572067002901596e-01
9.911795971354535606e-01
9.794168919327417289e-01
9.811505633918150560e-01
9.492972367112394450e-01
9.837801277772553199e-01
9.954940675046773935e-01
9.693969306786294204e-01
9.873501662043967508e-01
9.410233909159030352e-01
9.894507933235929809e-01
9.779740748648902970e-01
9.704191619492973375e-01
9.730679082838744609e-01
9.857925125403564914e-01
1.008147741315738033e+00
9.719294439531771523e-01
9.849780019535928632e-01
9.870822920094720621e-01
9.613187003078900172e-01
9.949671707195488768e-01
9.615154110689608791e-01
9.707505308428480140e-01
9.631560108111594243e-01
9.815667903866684973e-01
9.621882254204201512e-01
9.881285692876481397e-01
9.875377499007478299e-01
9.670554639110071626e-01
9.771086318599847553e-01
9.774341591957391717e-01
9.739350684078079690e-01
9.592934005203990200e-01
9.878419461352347941e-01
9.949523060485445658e-01
9.637797121177374970e-01
9.773383723021039637e-01
9.929762254321130577e-01
9.940098675239410486e-01
9.921539457042519716e-01
9.851041024173560201e-01
9.784609550915418508e-01
9.873723635041170565e-01
9.820837702809325220e-01
9.661785864847258765e-01
9.943921249557097219e-01
9.900792771011608373e-01
9.763332190830439350e-01
9.913062966074218663e-01
9.820094194493367290e-01
9.592207390493193708e-01
9.939647621980318704e-01
9.703016894959636263e-01
9.635535620098427678e-01
9.836673579219691321e-01
9.768214830882270272e-01
9.857218562559019182e-01
9.854899875002650633e-01
9.627144725989589258e-01
9.864999236514760961e-01
9.920558321256335299e-01
9.656733019708920729e-01
9.698607241011433233e-01
9.728427270804155258e-01
9.860756672134377565e-01
9.645569928892738787e-01
9.824139509143863247e-01
9.877249193301137487e-01
9.873745344647685274e-01
9.929589799087873425e-01
9.834291116715417891e-01
9.675915283265634770e-01
9.811760805661469131e-01
9.830301372174198304e-01
9.851275678637202438e-01
9.704022008515251763e-01
9.888506290487540928e-01
9.785839938203111377e-01
9.769614348769269929e-01
9.886926729522808044e-01
9.682280160343236242e-01
9.658504325771678500e-01
9.756544368560967628e-01
9.821746030439464370e-01
9.890796166365593001e-01
9.784771649232458790e-01
9.851836728645452235e-01
9.869501139338457962e-01
9.809580254928775833e-01
9.758644849031011814e-01
9.818805939865096200e-01
9.864330043362234957e-01
9.629725217610327626e-01
9.766215089873194755e-01
9.902167291539656357e-01
9.838529082002132053e-01
9.596984642837737001e-01
9.819823484033352035e-01
9.764537797088110871e-01
9.756529390535750856e-01
9.877794481429366114e-01
9.815327643598424912e-01
9.946347071620861291e-01
9.772496170676326921e-01
9.721245133239017067e-01
9.649715023323448548e-01
9.897713385347028936e-01
9.756371112638366760e-01
9.796057847853966161e-01
9.896704287457482874e-01
9.701115692104963495e-01
9.926668096684320153e-01
9.944932469261851260e-01
9.796443935147074455e-01
9.932169329140840830e-01
9.694392552625179516e-01
9.306239645817074857e-01
9.759467019403853527e-01
9.854758682835411676e-01
9.859925606230383055e-01
9.832430543088253039e-01
9.934213191939518239e-01
9.885000958140923721e-01
9.876827739304884224e-01
9.759961273165584927e-01
1.000052305613291503e+00
9.821563134996520450e-01
9.806881955175521526e-01
9.941850944658491285e-01
9.541151595171847299e-01
9.598757109837977586e-01
9.850727625029574996e-01
9.861668170951611856e-01
9.883847994164460804e-01
9.680128311214986070e-01
9.803467928482111349e-01
9.606145052239698501e-01
9.809063499156155386e-01
9.774501821475596319e-01
9.904766034098364536e-01
9.847242448709303542e-01
9.784256062154211842e-01
9.846645565831139146e-01
9.575837955952454239e-01
9.667993577790034987e-01
9.820398460315752365e-01
9.875907306369621219e-01
9.894413444729031060e-01
9.743508988302287399e-01
9.806238471449321148e-01
9.508849398289784816e-01
9.798446729390422050e-01
9.880990603469479439e-01
9.892970289565814479e-01
9.791216438787054832e-01
9.858827856983294335e-01
9.936936017148738642e-01
9.890168089329296475e-01
9.752146911025172393e-01
9.717384020066396344e-01
9.994619430713100883e-01
9.580280898253790145e-01
9.777354984459574183e-01
9.895237698286792893e-01
9.679719821138781377e-01
9.863014848755558006e-01
9.879853648260639165e-01
9.801777177376127526e-01
9.621560405814953976e-01
9.640773663494652812e-01
9.779392031471384472e-01
9.637528391870763267e-01
9.687859418785720322e-01
9.522100466117604523e-01
9.820178835584660870e-01
9.747093592761155723e-01
9.654688655150567289e-01
9.903153352430743572e-01
9.831684526001671642e-01
9.738386650288435309e-01
9.861537817935653871e-01
9.803113642258965976e-01
1.013840544447127678e+00
9.761991128832959719e-01
9.877097821194655847e-01
9.593108645260770562e-01
9.600749300372433126e-01
9.844607946905374884e-01
9.825129377451438106e-01
9.789453125503509989e-01
9.934567279696491227e-01
9.752064231265713534e-01
9.896047224466740788e-01
9.851334984730906186e-01
9.933846279148460523e-01
9.714157993925268686e-01
9.726088963797795417e-01
9.870335016782046944e-01
9.969824748861306762e-01
9.869054216344825825e-01
9.869114054499222854e-01
9.606072434059281795e-01
9.857698941673591619e-01
9.812601173352776263e-01
9.756852685234146394e-01
9.901657261077072558e-01
9.594138118777869595e-01
9.678271259948435512e-01
9.795744680374597335e-01
9.454449782418623549e-01
9.833433307604169116e-01
9.839021745975579103e-01
9.575513536241362367e-01
9.700858186828216212e-01
9.921185854224610079e-01
9.735247772902867469e-01
1.000838527147670076e+00
9.922741110342269133e-01
9.779576806168944758e-01
9.811594366768174869e-01
9.810155355814909051e-01
9.656588932262637481e-01
9.942173554128985735e-01
9.810445130008750292e-01
9.913821921085526068e-01
9.685525861542756410e-01
9.821124601305125656e-01
9.408800393266111284e-01
9.795996695655285746e-01
1.006559798639304226e+00
9.854537358716886075e-01
9.895169190620405342e-01
9.827757336166460522e-01
9.933436655308366392e-01
9.837381205988351418e-01
9.785785329310219272e-01
9.937679567206245679e-01
9.765009907134618583e-01
9.597695509063389752e-01
9.850552862154627887e-01
9.673642718581122457e-01
9.777844155654618064e-01
9.809265216845067803e-01
9.888430854741423470e-01
9.629023125817994799e-01
9.930185078546995836e-01
9.856978327092011938e-01
9.705150419263303130e-01
9.377601845132209624e-01
9.843727107425257472e-01
9.827207221556093497e-01
9.938063318166411308e-01
9.682951361352618580e-01
9.887695526361627296e-01
9.831125988017194173e-01
9.895644584707875557e-01
9.886509348325632773e-01
9.594709634912835794e-01
9.618772886611542949e-01
9.732349658616052945e-01
9.878814926522445639e-01
9.880031131962949686e-01
9.925147267233809245e-01
9.829414749098509541e-01
9.853980542887097460e-01
9.461881673585849084e-01
9.829108533994371788e-01
9.742138128785797768e-01
9.889553683330876144e-01
9.533626984993084363e-01
9.693911455580868086e-01
9.985044408864722776e-01
9.975907986594620969e-01
9.451056855061111817e-01
9.852665714495100202e-01
9.764276882492417542e-01
9.743565492439516529e-01
9.694818110076661721e-01
9.835976713035186059e-01
9.963886161050342638e-01
9.959161340826063746e-01
9.800587771183700836e-01
9.354686957928985969e-01
9.601637377493965619e-01
9.665964932925041886e-01
9.906307866451323774e-01
9.915155894833184158e-01
9.923387310246021276e-01
9.628116193752603857e-01
9.745956374995949911e-01
9.894520810057093607e-01
9.470914169603301680e-01
9.908068700753593916e-01
9.873302391984002391e-01
9.908596391569161055e-01
9.796388978292757121e-01
9.888782519416614569e-01
9.804150677909269085e-01
9.880202909431086145e-01
9.794395770248170985e-01
9.493416055245325058e-01
9.862153194628393571e-01
9.913438349498479019e-01
9.843508833595279173e-01
9.907752359934447473e-01
9.861167510798887204e-01
9.875123210505971638e-01
9.753178954966347236e-01
9.803453439450908746e-01
9.781544364508230061e-01
9.761957936115541745e-01
9.836326449684414941e-01
9.734222284598127439e-01
9.885548528407731572e-01
9.773992166463840725e-01
9.862715601780942531e-01
9.886131699848992316e-01
9.904845755879201352e-01
9.667739417273653046e-01
9.466692989191816121e-01
9.920410198920514011e-01
9.622719972083155771e-01
9.904748591506923328e-01
9.869335366332414594e-01
9.923313711760340938e-01
9.754398820449661223e-01
9.731568584060260596e-01
9.625070339640497963e-01
9.808737508708545993e-01
9.847217159699224176e-01
9.905030211428744735e-01
9.884994840393233062e-01
9.729989929983094976e-01
9.604427938043443858e-01
9.860113658545752724e-01
9.992171848168185377e-01
9.610048202601481071e-01
9.836131727029411298e-01
9.939746004695132475e-01
9.750008223948622987e-01
9.864099339913779962e-01
9.703937269508503549e-01
9.742100335114053378e-01
9.858898561530212712e-01
9.880762157038247562e-01
9.705615561434833838e-01
1.000514968872052934e+00
9.752575543484039988e-01
9.897064186887344350e-01
9.953676272902458599e-01
9.736466296875595505e-01
9.662991881200919675e-01
9.838998535986046567e-01
9.543396670222118461e-01
9.856131282811069205e-01
1.002818714754444507e+00
9.886071530923989936e-01
9.909356942627729481e-01
9.868882151263594915e-01
9.714425410739968569e-01
9.709445959549457550e-01
9.918395159235592340e-01
9.789147226900558607e-01
9.753639771647759638e-01
9.765972713630888258e-01
9.807928073916056810e-01
9.793917257074205018e-01
9.747204563552750445e-01
9.848684781857474091e-01
9.779701679922209179e-01
9.945241539702411870e-01
9.428023969395503689e-01
9.718711903845240752e-01
9.769959833018514450e-01
9.821916060562499995e-01
9.903666210339483467e-01
9.842376680042023152e-01
9.930742530066296592e-01
9.742050948333675908e-01
9.717862611950343066e-01
9.908909712329803110e-01
9.794882267087544614e-01
9.810071126310253575e-01
9.868113599460974772e-01
9.810703923163280882e-01
9.936738830259327360e-01
9.594874026708397619e-01
9.846423803043469203e-01
9.861079499037267437e-01
9.951825810050397569e-01
9.859754507974379800e-01
9.743624464865751067e-01
9.866334211849053792e-01
9.922883859950071272e-01
9.814518153795198652e-01
9.849662844243259885e-01
9.799344476594654685e-01
9.414819230504174463e-01
9.741334862885615564e-01
9.620909688444417851e-01
9.942368814976881852e-01
9.979003026604771343e-01
9.883427890651116376e-01
9.883186423386990382e-01
9.410954042795171004e-01
9.916037659903150780e-01
9.911492056188380140e-01
9.972854541872799850e-01
9.611787561229072629e-01
9.960327926641658891e-01
9.796682125660171048e-01
9.929258844284062357e-01
9.741276467036970033e-01
9.878037694158191551e-01
9.689668320284009484e-01
9.919445228514075508e-01
9.918728449708097417e-01
9.554859688586760935e-01
9.828346818885784764e-01
9.760478453139799226e-01
9.896470835527899634e-01
9.511588102698078639e-01
9.840911224868533758e-01
9.808052773250512946e-01
1.000776299553008508e+00
9.859833198036992430e-01
9.873696877630526725e-01
9.798050434988373469e-01
9.675727272998958517e-01
9.956084385306046558e-01
9.747390319141793213e-01
9.768586051440105722e-01
9.600040747876263936e-01
9.767578823393963106e-01
9.828401221187595960e-01
9.810536561372975584e-01
9.614101546409367094e-01
9.726998145048537658e-01
9.892730939964878845e-01
1.003731185481190336e+00
9.841927896699367295e-01
9.398940994956858086e-01
9.556218926750003062e-01
9.939780027427123077e-01
9.534594502158652007e-01
9.825022216242295103e-01
9.744379314889525245e-01
9.896859617051940727e-01
9.615766627871891181e-01
9.966085499709351758e-01
9.942220220680573206e-01
9.626431344808804580e-01
9.666501437319749979e-01
9.864843476805235101e-01
9.666794795042616961e-01
9.831485692499495332e-01
9.744576602481147543e-01
9.838400207721379465e-01
9.761839930861890835e-01
9.830357460234877554e-01
9.806888623102157920e-01
9.842251597734175128e-01
9.567096726187316325e-01
9.512903472670172222e-01
9.911244329162703925e-01
9.622604755280078637e-01
9.531440070417178667e-01
9.831746744725385900e-01
9.776319247340203855e-01
9.917719890902269020e-01
9.678074621257332089e-01
9.887673704774559980e-01
9.900171898412905014e-01
9.875419835311936012e-01
9.828389928025741407e-01
9.824155945110401023e-01
9.825409972424841154e-01
9.816953597502476869e-01
9.871314548152528845e-01
9.777826700841697471e-01
9.658440298367113597e-01
9.698477714854487619e-01
9.846489437182510684e-01
9.623523241850463483e-01
9.848113228886659076e-01
9.530342590290045157e-01
9.951994762935811867e-01
9.987597992398115077e-01
9.650488172540521159e-01
9.866236656239643077e-01
9.603074956115437155e-01
9.976593500682110482e-01
9.705611784163259426e-01
9.786204921901188181e-01
9.911276016512602371e-01
9.812710254565790713e-01
9.734140681078219393e-01
9.877738229277959192e-01
9.788283104382941024e-01
9.726416409121965145e-01
9.830508125343042636e-01
9.954814169153867187e-01
9.746338903242025564e-01
9.752774600176266073e-01
9.873566573886632947e-01
9.919155419962446540e-01
9.869052291645104003e-01
9.734660364883008787e-01
9.506413467863397138e-01
9.899506105798216993e-01
9.888660965151652160e-01
9.771876191371313691e-01
9.631308547017418675e-01
9.653131149374974962e-01
9.547584038563730058e-01
9.904381686597115708e-01
9.849351312229032152e-01
9.858003313581658045e-01
9.730141425544480693e-01
9.728440810703977704e-01
9.701275998990018801e-01
9.762144607057930967e-01
9.798266867685804238e-01
9.695339735264362213e-01
9.535060027054751419e-01
9.843701739601291578e-01
9.717657485734331191e-01
9.858951347542557198e-01
9.517354528323738183e-01
9.858322105113085376e-01
9.874276538091832922e-01
9.673564162676564493e-01
9.709577848450445803e-01
9.761910775667852480e-01
9.670964140338158543e-01
9.841585189490780206e-01
9.817073733543578706e-01
9.752301196301832453e-01
9.919126178292214657e-01
9.912920715061241950e-01
9.823915153798263855e-01
9.765988989177540880e-01
9.483420550774467328e-01
9.806662903250673580e-01
9.421297789369141862e-01
9.842363689806111759e-01
9.599106619407342667e-01
9.887285386439812473e-01
9.858579728243953566e-01
9.837223181963485885e-01
9.842885551077344974e-01
1.001440791987093126e+00
9.908522157341402847e-01
9.666118541952295473e-01
9.867142940600903689e-01
9.850218347766882543e-01
9.611971513698999159e-01
9.817450655685100447e-01
9.640212104700791595e-01
9.679392170218531488e-01
9.737945854872992468e-01
9.673264783957297164e-01
1.009291541985371854e+00
9.805158880813340527e-01
9.676022931251370141e-01
9.803971838764687918e-01
9.690332701132881033e-01
9.865354328057356348e-01
9.949794593314550406e-01
9.715542547689970387e-01
1.000199417471157926e+00
9.760015326854433182e-01
9.953039109522047179e-01
9.886664738112120876e-01
9.751904099914485702e-01
9.930592177733610360e-01
9.857208976411023782e-01
9.747402944592765683e-01
9.753120278003691856e-01
9.741377620218720779e-01
9.700117241181548389e-01
9.897995304397126937e-01
9.887497326988903268e-01
9.841531579426041620e-01
9.842050270965444492e-01
9.785588865667214087e-01
9.702506422915916362e-01
9.953826258817750627e-01
9.891325811602040829e-01
9.771762176706129122e-01
9.794538006754727189e-01
9.903048180653846178e-01
9.886202970479289753e-01
9.840477408214188815e-01
9.686633959083387202e-01
9.785420370792272671e-01
9.841189709112685424e-01
9.776351007570753815e-01
9.623986218463591591e-01
9.717709129268139456e-01
9.875218475427671727e-01
9.868575568514207363e-01
9.815366665123864687e-01
9.865820814580018583e-01
9.552678685522421054e-01
9.937221011893275779e-01
9.840591123860852329e-01
9.319757721448693744e-01
9.891390681971033993e-01
9.922079448080678432e-01
9.716262065685221661e-01
9.965236269065305130e-01
9.653617497338614628e-01
9.708604722391973585e-01
9.865798886951450131e-01
9.666061069644532600e-01
9.673465955585487386e-01
9.733893713460091135e-01
9.911367453258388416e-01
9.483895290037905879e-01
9.872120700864626119e-01
9.876203672049004290e-01
9.910033700329351491e-01
9.839103441012225781e-01
9.725949259184279994e-01
9.976858817193493545e-01
9.883942824261823246e-01
9.842566095518960889e-01
9.735266342463616551e-01
9.530702375802377890e-01
9.743470232266371323e-01
9.880024827212091632e-01
9.843717269529416170e-01
9.586268452604072010e-01
9.680738528384080777e-01
9.867598081394767240e-01
9.840574494310976306e-01
9.678471003707823650e-01
9.637295031334264239e-01
9.795521322704119349e-01
9.965564690567310091e-01
9.855851570395682826e-01
9.756089028345448222e-01
1.002536261545717178e+00
9.781933904511794786e-01
1.008442015722451846e+00
9.875465830348879592e-01
9.883214092565190123e-01
9.927511860790013687e-01
9.842635167130627805e-01
9.878203628391629687e-01
9.713681525067572320e-01
9.694671364184807016e-01
9.606456349446996779e-01
9.766223032751421007e-01
9.839569809180350735e-01
9.858303228027556209e-01
9.807005038704978972e-01
9.786297323827459760e-01
9.735866842575967572e-01
9.948596717718023452e-01
9.713000320172386903e-01
9.705107478769194884e-01
9.774497208137856719e-01
9.922415196147366112e-01
9.868405255932263254e-01
9.864109378866935396e-01
9.792784554714397682e-01
9.676834806816627665e-01
9.986273040647462018e-01
9.619520360547580973e-01
9.676574651898677271e-01
9.924153851029863249e-01
9.855859737527242759e-01
9.707661881474417553e-01
9.593783182385570152e-01
9.713882253818265644e-01
9.431462381061087585e-01
9.341839709826040838e-01
9.641618620734659917e-01
9.786382677141531872e-01
9.878822510368470144e-01
9.731298517949252824e-01
9.770933599166262695e-01
9.938626368267680089e-01
9.707341366413300143e-01
1.000893977984225192e+00
9.989867228482658401e-01
9.723249794110225830e-01
9.622049846308853294e-01
9.854946661072028213e-01
9.868346782111777626e-01
9.547953641086165399e-01
9.821734915174624714e-01
9.886434324821624653e-01
9.578190933731078882e-01
9.340469420144452695e-01
9.657463991629232636e-01
9.945884804595597206e-01
9.691201316606001814e-01
9.810325368593837414e-01
9.894556194306838304e-01
9.533472405316061327e-01
9.825181998501419933e-01
9.709950486720233531e-01
9.820182799608441204e-01
9.754070637529713705e-01
9.576243904823589226e-01
9.787208355958806338e-01
9.737486397829683282e-01
9.871432737345178232e-01
9.651125739372936607e-01
9.896832086073175105e-01
9.835759175931418907e-01
9.703420551984492937e-01
9.880112675589984850e-01
9.599467503021777981e-01
9.810944499319230738e-01
9.822344597963553747e-01
9.988834486643649591e-01
9.671169286388697772e-01
9.897158788430702181e-01
9.935675915105262046e-01
9.802290884833675388e-01
9.901497686363417428e-01
9.840395853528114412e-01
9.730180703378621399e-01
9.791340133323709338e-01
9.984417528310168821e-01
9.750824692434039154e-01
9.639978178003356657e-01
9.877561517036581584e-01
9.853956116449611446e-01
9.899130011269080542e-01
9.723057783223001405e-01
9.466554694502539169e-01
9.857317379954954051e-01
9.523947191619503982e-01
9.828055653041735118e-01
9.855564061179360458e-01
9.852026146778922744e-01
9.758864487505997110e-01
9.865945875286000755e-01
9.760225039423000570e-01
9.918584997750492516e-01
9.799084209615086527e-01
9.847483242445698171e-01
9.731890603541607510e-01
9.750470476827357569e-01
9.817994906092754048e-01
9.235723238596568185e-01
9.735526924501175516e-01
9.695545305140900183e-01
9.856814820523590592e-01
9.872510094166365713e-01
9.860317556827125074e-01
9.917838184408919178e-01
9.649523007868362479e-01
9.838480022255119417e-01
9.950936381310830914e-01
9.426422897470662088e-01
9.921172123876834670e-01
9.869185590275463271e-01
9.479117755580056537e-01
9.603774613926844284e-01
9.797395113181754933e-01
9.722722873745999195e-01
9.467210333716963300e-01
9.558755082438306072e-01
9.908470157356641383e-01
9.891822760818189675e-01
9.727719814409450105e-01
9.938996813004649100e-01
9.833728658609841577e-01
9.917827648867091339e-01
9.808495073628823446e-01
9.709175618051598677e-01
9.880797686019479054e-01
9.788894434664862088e-01
9.830326136630154199e-01
9.586280767221697641e-01
9.801397266176794520e-01
9.857767727264601376e-01
9.834393560473694285e-01
9.894345566270582593e-01
9.670424671113875270e-01
9.878521221385396789e-01
9.605782169832912665e-01
9.726134092986387092e-01
9.969398335024131086e-01
9.899026498244921646e-01
9.989235508958054233e-01
9.838755070954795512e-01
9.979821739510827960e-01
9.734496949624702467e-01
9.743164462123772296e-01
9.725264070348373924e-01
9.618025015499446218e-01
9.738914244957388444e-01
9.834128769754173494e-01
9.893327252958058482e-01
9.644510035275510873e-01
9.766436518793550903e-01
9.722620099335468336e-01
9.937954673246330861e-01
9.928950653662326209e-01
9.901720444008806910e-01
9.694448405521667311e-01
9.650937822105232211e-01
1.001872549423916237e+00
9.887850315134599777e-01
9.848237542324251859e-01
9.556037150806510061e-01
9.360005543682285989e-01
9.857810621354972103e-01
9.813711703215068916e-01
9.557671371704211660e-01
9.923588635855838946e-01
9.863152927548149984e-01
9.642032565035532077e-01
9.905276617470234468e-01
9.796845320273264157e-01
9.852742795109206142e-01
9.827394899037492637e-01
9.648187505505281258e-01
9.714483371829141234e-01
9.917832330746502167e-01
9.971942141277552185e-01
9.729607629759262633e-01
9.917314035974817976e-01
9.891781249117466146e-01
9.942589636862573244e-01
9.525902445451702727e-01
9.860476331046362786e-01
9.597247050758540565e-01
9.842006698721312841e-01
9.892430767951320147e-01
1.001622288063532151e+00
9.817174441339405755e-01
9.836718147132577084e-01
9.908910060742135428e-01
9.607099019273062090e-01
9.903883784809488500e-01
9.888565941182716479e-01
9.667025016582795338e-01
9.461034780651501608e-01
9.951850944022464507e-01
9.602428487468812612e-01
9.880707988604708891e-01
9.658601907481887405e-01
9.853260056027196567e-01
9.515326888244570736e-01
9.702409354241527950e-01
9.917383618448188942e-01
9.875896682115787861e-01
9.578327478836852205e-01
9.920876129039063462e-01
9.723596119315717212e-01
9.988705823720587240e-01
9.929519496230195807e-01
9.864963162516708906e-01
9.641879240615711666e-01
9.840549047615936296e-01
9.973159271147411520e-01
9.898587244949184072e-01
9.808878843391924951e-01
9.838701112278742666e-01
9.988283633016381557e-01
9.752671888311630344e-01
9.517782774015537406e-01
9.891922491134187423e-01
9.939405480328170617e-01
9.619061516541427270e-01
9.885693107442461436e-01
9.773961233582587615e-01
9.852102998636204090e-01
9.941872734894809938e-01
9.761474139258692340e-01
9.745057620506792917e-01
9.816500350813414100e-01
9.755002724113491785e-01
9.785271385916827214e-01
9.661468102894337218e-01
9.735240038001904406e-01
9.586020356258830866e-01
9.590494639116631248e-01
9.889115757644937332e-01
9.856256515867418688e-01
9.910054350011419100e-01
9.592280783475478634e-01
9.752557703219763008e-01
9.885840856078437211e-01
9.987852865749999864e-01
1.010421271037308166e+00
9.724201420647544669e-01
9.750962129476217211e-01
9.814154800497255637e-01
9.910663692472003738e-01
9.740992781565988023e-01
9.875997781705071477e-01
9.966958353369127499e-01
9.863494068325213693e-01
9.944230795518955723e-01
9.931370842705803392e-01
9.940079268513705157e-01
9.867559739899355309e-01
9.685941873323065110e-01
9.771170595540822346e-01
9.591447637206631516e-01
9.880196943251323694e-01
9.790724319058251579e-01
9.856960519429029954e-01
9.648604421678663723e-01
9.820626908002599853e-01
9.939970721895192707e-01
9.847168139089106376e-01
9.638927700059568560e-01
9.731251212718293742e-01
9.840638279032346558e-01
9.826867940424239833e-01
9.835235448094479249e-01
9.931971623043281960e-01
9.766125218410559583e-01
9.751173232449664718e-01
9.998002092933684359e-01
1.001844790390927109e+00
9.890978953152679276e-01
9.870961824749057145e-01
9.786954760826572786e-01
9.763319867686985898e-01
9.751425668890623122e-01
9.943961205620351906e-01
9.758354221447118615e-01
9.542219145495486332e-01
9.462881962462188490e-01
9.828472815997799650e-01
9.697797821260729645e-01
9.517032867968255871e-01
9.627063268200137802e-01
9.912028099192979891e-01
9.903080145119175226e-01
9.838011359678293655e-01
9.827159488140533306e-01
9.906376781766891293e-01
9.923883210960309231e-01
9.519282292903091802e-01
9.868766382601817932e-01
9.925924236003509371e-01
9.492501264096757652e-01
9.801347490741117996e-01
9.626748712026587107e-01
9.993864536663963349e-01
9.738763094609708126e-01
9.821140881390562072e-01
9.761094602373001639e-01
9.915184199948106070e-01
1.000649489364245248e+00
9.659968092902352366e-01
9.928676763313823983e-01
9.575896406338858524e-01
9.769702001935171021e-01
9.787888307956198464e-01
9.847287472560535271e-01
9.914008095654537334e-01
9.624103734534033006e-01
9.663242064870901649e-01
9.727581953482349331e-01
9.867044466441343697e-01
9.732839199506285732e-01
9.968880154475214805e-01
9.846247715621967433e-01
9.773200196553312180e-01
9.904976368671660758e-01
9.999690713629175720e-01
9.746963974832378863e-01
9.838628302690924921e-01
9.762641635363199510e-01
9.785724775305069123e-01
9.980300398756315472e-01
9.787130924903549856e-01
9.979028480376811450e-01
9.672491400322142940e-01
9.680031172167754550e-01
9.642038879931583706e-01
9.818455141783254403e-01
9.998037273722245599e-01
9.653223862488740092e-01
9.921922737712564055e-01
9.599166815905981753e-01
9.846097676611954563e-01
9.694619771219303850e-01
9.938998054840770813e-01
9.704466662287546397e-01
9.811088840871390326e-01
9.742011912431266518e-01
9.825293181746571625e-01
9.679557001525411764e-01
9.838350085559278702e-01
9.752627175720928188e-01
9.562833994703250351e-01
9.824269850373940072e-01
9.957510052906389797e-01
9.837816737250020260e-01
9.927708793238225748e-01
9.744864429719037879e-01
9.886536276190983630e-01
9.919853219368784947e-01
9.848268023519870518e-01
9.496046342302655319e-01
9.974881373298030152e-01
1.000261307198479388e+00
9.874944333272490660e-01
9.842148202824615444e-01
9.878067584249337063e-01
9.815069220051475529e-01
9.814755540725766947e-01
9.828782862685038202e-01
9.943560706154339623e-01
9.631971780152459583e-01
9.880973879665451154e-01
9.852463951125796093e-01
9.520107847961563063e-01
9.749789450394412693e-01
9.496331811122153965e-01
9.905805915241487902e-01
9.985208055624646972e-01
9.778879101384317929e-01
9.878583177807320759e-01
9.604990792437732017e-01
9.991981475437710092e-01
9.947194601106537082e-01
9.912199996342876407e-01
9.785438394014813746e-01
9.478359855801669065e-01
9.759735587302663662e-01
9.867505487103358508e-01
9.808187260791095818e-01
9.598627233446577200e-01
9.699073695371788206e-01
9.860655769202889553e-01
9.898222296663377051e-01
9.748766316550117050e-01
9.473266707646655904e-01
9.792989546521180255e-01
9.845398616213747456e-01
9.870133292116410884e-01
9.766505517723583774e-01
9.787833384770721068e-01
9.537763326866881552e-01
9.922645222323159819e-01
9.917371291224823526e-01
9.598637601978596834e-01
9.749572001326776149e-01
9.772800368792208259e-01
9.311032095865355851e-01
1.006312237919056995e+00
9.842624653895306608e-01
9.585946299211330901e-01
9.704485075190022458e-01
9.979205164348855517e-01
9.846492290232955469e-01
9.889316307817231921e-01
9.631654581479387467e-01
9.405430272532242508e-01
9.778505504868423293e-01
9.776895110880644557e-01
9.777604933893028205e-01
9.940450747655951158e-01
9.835619556642409833e-01
9.901102631856550929e-01
9.718511511927263591e-01
9.700271520236746214e-01
9.643179715464066382e-01
1.003673771231905931e+00
9.879418083960829211e-01
9.883545985825216151e-01
9.577430933048119988e-01
9.791340542286783855e-01
9.825164309748219971e-01
9.725734177643782230e-01
9.736890226497032508e-01
9.779127103762398354e-01
9.730731641767232931e-01
9.923164691355590428e-01
9.803124893536377948e-01
9.529681535729372932e-01
9.980003130496245545e-01
9.508836371402525911e-01
9.620508109458800750e-01
9.759923836175564693e-01
9.567744857390348967e-01
9.794342536019102763e-01
9.603677819709101060e-01
9.888921943286306249e-01
9.881204633901199408e-01
9.918142012974352495e-01
1.002906000089430094e+00
9.852611531177609683e-01
9.673730649123930547e-01
9.421062042206448384e-01
9.464856565508423802e-01
9.913171501166461175e-01
9.926936738925709047e-01
9.545889572440832138e-01
9.914061065152758312e-01
9.857557653945012710e-01
9.925269466490291848e-01
9.845112303806734522e-01
9.899664481501347923e-01
9.916135494530918804e-01
9.755050720139278875e-01
9.840128199301241274e-01
9.890734085975667611e-01
9.966176083803369723e-01
9.962355667323479214e-01
9.895902171818985460e-01
9.917023359043035668e-01
9.551052647470554824e-01
9.934217108414423736e-01
9.673639209707880493e-01
9.886920337137953263e-01
9.530896650861545583e-01
9.884729011721539171e-01
9.694020002945078485e-01
9.830970125452774822e-01
9.894428461825369725e-01
9.697313428076199671e-01
1.001470075192276044e+00
9.798884053899845625e-01
9.941833864115556807e-01
9.765966338821802095e-01
9.877252008977257525e-01
9.926337982204448407e-01
9.747543458293458363e-01
9.945638010846588051e-01
9.751293623208547867e-01
9.891144368749945626e-01
9.793829009250820672e-01
9.834996382276897098e-01
1.000724704961437173e+00
9.954593945520058274e-01
9.770780186946677048e-01
9.426157934227838986e-01
9.853814722245936020e-01
9.782631760691697931e-01
9.759566189951560666e-01
9.738249532419578358e-01
9.727407481610360618e-01
9.872702836019879857e-01
9.874619688873407242e-01
1.000440333856876807e+00
9.982813594387435208e-01
9.838738682940741942e-01
9.798173696160235036e-01
9.825609112916270371e-01
9.873423437525953306e-01
9.688947285535969289e-01
9.628507495926199589e-01
9.749219558973823974e-01
9.697152268272367648e-01
9.675771826807367804e-01
9.718729929387595057e-01
9.820593116463202099e-01
9.789254375762387328e-01
9.800278080962794292e-01
9.854540180865166699e-01
9.819419127065053265e-01
9.858104654566557379e-01
9.874749970988221381e-01
9.737951297900241387e-01
9.880665699267414670e-01
9.989612110756416197e-01
9.651703799926335536e-01
9.877455330350279894e-01
9.634887240221661209e-01
9.675874245828557374e-01
9.610095085242246205e-01
9.878531574676296945e-01
9.718954632131783233e-01
9.875350199817508612e-01
9.650700689225181206e-01
9.653127058139315819e-01
9.911933107686839994e-01
9.712119998047447078e-01
9.826627653422287390e-01
9.748724097115684106e-01
9.729819619995626612e-01
1.001990059188872406e+00
9.763269399160641182e-01
9.708749703511833085e-01
9.736606806819103621e-01
9.618036901377081671e-01
9.917211948328659155e-01
9.338146344369485652e-01
9.841951902254988394e-01
9.854896615944064298e-01
9.600864585346117197e-01
9.951042147306249364e-01
9.824974471397608378e-01
9.600942268647056910e-01
9.769529461160320061e-01
9.605015336347754173e-01
9.872060896714742739e-01
9.700962199244652640e-01
9.890646458498486560e-01
9.694185911433280678e-01
9.732052208998011045e-01
9.899966289192807523e-01
9.786450840022236086e-01
9.937087237209354385e-01
9.834395999546071687e-01
9.749873161876619898e-01
9.946338965813573685e-01
9.802934836898083981e-01
9.809153066170011037e-01
1.010710818408584233e+00
9.948111716414038685e-01
9.745989505935712671e-01
9.900878183230369389e-01
9.664166554691338007e-01
9.891261223043670281e-01
9.807562487563892262e-01
9.841492060741379166e-01
9.993044240152116897e-01
9.730045248043621697e-01
9.688804291403334545e-01
9.610885848530185127e-01
9.671514984556089933e-01
9.597103482025793886e-01
9.751337013052786551e-01
9.672270496465006362e-01
9.407299998910917394e-01
9.800242803516291401e-01
9.759960522216325485e-01
9.820431263151631063e-01
9.745440369109651391e-01
9.643518889143425366e-01
9.731855002819407296e-01
9.614380434601557113e-01
9.794214836048236172e-01
9.623671940772000610e-01
9.855769423500198023e-01
9.605483859490547838e-01
9.945564918803135868e-01
9.841798762415153723e-01
9.870035789951222549e-01
9.907547747169872521e-01
9.695939082521097818e-01
9.911995849508015155e-01
9.914697947926697230e-01
9.734610912014356465e-01
9.738370627758804465e-01
9.827498483941375929e-01
9.382374553202673662e-01
9.772590148395894349e-01
9.665571628906242108e-01
1.000764064134650910e+00
9.846025931887948390e-01
9.728914511673643073e-01
9.953580369815251405e-01
9.836941844287494519e-01
9.947530738158697483e-01
9.961913466248119020e-01
9.929481812994066514e-01
9.857501187200056192e-01
9.801732354448452478e-01
9.815475181372395053e-01
9.929457367536265178e-01
9.481320940283294307e-01
9.841076777404615950e-01
1.009433327072891240e+00
9.540107122310313992e-01
9.862470906288525185e-01
9.732477236960302980e-01
9.808644419477857701e-01
9.914343017037058337e-01
9.692973724825760806e-01
9.631033145925649297e-01
9.961204884360223000e-01
9.849753534434244617e-01
9.802106182853990157e-01
9.639763928070093080e-01
9.540427894433842759e-01
9.889200386160418299e-01
9.743358599837588230e-01
9.793301649730833391e-01
9.878250553980233439e-01
9.920920156147335911e-01
9.812406609954905656e-01
9.915016222786058320e-01
9.867531925132727588e-01
9.564649658986350556e-01
9.943850924692148041e-01
9.692892572676171659e-01
9.479576654404322511e-01
9.683436238092033577e-01
9.825879794587586424e-01
9.915648141384615366e-01
9.877991418653138123e-01
9.587388797334228663e-01
9.773886433994499745e-01
9.707189313494859473e-01
9.768664665422647220e-01
9.817540299843046103e-01
1.009031056741193755e+00
9.999983716974339965e-01
9.833911738286861270e-01
9.829046860734180768e-01
9.968682995569934091e-01
9.952828630003748289e-01
9.831165383121579504e-01
9.919795654311590605e-01
1.004805727616925104e+00
9.982992669866262991e-01
9.671752411515200931e-01
9.826481055621766325e-01
9.850029932468107319e-01
9.772024423754379630e-01
9.598332603014219089e-01
9.717298237974703046e-01
9.792365123011876893e-01
9.651701846654555661e-01
9.706042152831284575e-01
9.980746597773213491e-01
9.746094546738685027e-01
9.840567844977246015e-01
9.693396670142674365e-01
9.806101528433608383e-01
9.787660264501811813e-01
9.484493307724377598e-01
9.667358562930062904e-01
9.623644098377404088e-01
9.802980291548025749e-01
9.309740406015278857e-01
9.789234327793951973e-01
9.901782684347023578e-01
9.903931063765945009e-01
9.704743436673065604e-01
9.678838953021945413e-01
9.950383727342302365e-01
9.976135264668741787e-01
9.825544076674378458e-01
9.647886417427914418e-01
9.773205466053886958e-01
9.812384647812691929e-01
9.991532601298478422e-01
1.000997517951327298e+00
9.920634019262321024e-01
9.678297988964306153e-01
9.620029761677614255e-01
9.563996306071524955e-01
9.912779449969221224e-01
9.604109429875025139e-01
9.674482222798490572e-01
9.738306366225437660e-01
9.905541623256337580e-01
9.787854228112250476e-01
9.735989352230806082e-01
9.786874995177583525e-01
9.797184339408362419e-01
9.963253419018093249e-01
9.813234657627292190e-01
9.821256610533715126e-01
9.612766094256885996e-01
9.859665318086543451e-01
9.742043483727318431e-01
9.637938044835557827e-01
1.000230356730138270e+00
9.775043284312381342e-01
9.874609502218814061e-01
9.912126842213774269e-01
9.796430980283510337e-01
9.814681736793765543e-01
9.865671553800766658e-01
9.853076443641531901e-01
9.789155048784745627e-01
9.810825900394454235e-01
9.578557987624150005e-01
9.784689342275399992e-01
9.837401307316641086e-01
1.000268110538221178e+00
9.777489794920232180e-01
9.922097640748281933e-01
9.691527055556858894e-01
9.784242635542460542e-01
9.714373798531599213e-01
9.821925079485324117e-01
9.584235850443626470e-01
9.936899555482013868e-01
9.883569154461125938e-01
9.798868910296325563e-01
9.674545993665801813e-01
9.899211888846063401e-01
9.817415965250932963e-01
9.809296775982380145e-01
9.873369012829995572e-01
9.665245529008094083e-01
9.770741820107743392e-01
9.467330956268006359e-01
9.708102906791478137e-01
9.821426677171708475e-01
9.688717700889113438e-01
9.944457616903966679e-01
9.769406629955198484e-01
9.577551128669871128e-01
9.983479226358644709e-01
9.883609954495797822e-01
9.790400673146243404e-01
9.826252066367473503e-01
9.721716253160573862e-01
9.433530972288045602e-01
9.917545171755486333e-01
9.742684026405603603e-01
9.453052101404615382e-01
9.926214833251661984e-01
9.895971747376235417e-01
9.619319241714853197e-01
9.987949864445936354e-01
9.764851038937558680e-01
9.568458336311911339e-01
9.758052152036881255e-01
9.888541792529427221e-01
9.800284039380418033e-01
9.851214233988664359e-01
9.714460072648449795e-01
9.904001008391869476e-01
9.867553695507609302e-01
9.611150749935760684e-01
9.471028082417730642e-01
9.760629993187430742e-01
9.876974088650554151e-01
9.633972057308124448e-01
9.644167727414842961e-01
9.921248212622194584e-01
9.772008583070150856e-01
9.847421758212154819e-01
9.715856637491616654e-01
9.625477336640830828e-01
9.830759630785211867e-01
9.905160312778130693e-01
9.791549519925225598e-01
9.758328392934012552e-01
9.892076407499659219e-01
9.971824012410278604e-01
9.400553799927527932e-01
9.914165649626217602e-01
9.904138243299468458e-01
9.961939956814422903e-01
9.821043680847402202e-01
9.878478817979706728e-01
9.848008456379652165e-01
9.920229862419781552e-01
9.745157697052558854e-01
9.575143065120680363e-01
9.921032519635606395e-01
9.790577571700413984e-01
9.694312796139036292e-01
9.646180893636679965e-01
9.834826646952318230e-01
9.705040338180289661e-01
9.840476725433151550e-01
9.904435168290448566e-01
9.827686737189756938e-01
9.456175213368714916e-01
9.814831941609143406e-01
9.937991816874762740e-01
9.838664031646330299e-01
9.567589143386325823e-01
9.867092918577514693e-01
9.853139748485293392e-01
9.654983218167231263e-01
9.850446427790809922e-01
9.333971170497235015e-01
9.979654126089808619e-01
9.881288642645417175e-01
9.657189612556774660e-01
9.690115931865801446e-01
9.596419883473126244e-01
9.878430519165228851e-01
9.694264876129524700e-01
9.741375416782468433e-01
9.880564371028819348e-01
9.591504296827592091e-01
9.821932579020391518e-01
9.974005673613108858e-01
9.605264665686106262e-01
9.772402632241318221e-01
9.908213999180864873e-01
9.866296689317899382e-01
9.888625025150283854e-01
9.886879088666488125e-01
9.737237343424649527e-01
9.888837839586170908e-01
9.696999652805275982e-01
9.712882544321655987e-01
9.933191819420394975e-01
9.925868469112003600e-01
9.858592844630383878e-01
9.793988934677456681e-01
9.485643237398148075e-01
9.866564682570440059e-01
9.812713040713337831e-01
1.008157077598297979e+00
9.579762827507923850e-01
9.718988866077038491e-01
9.572669645760072399e-01
9.839793916913184280e-01
9.692815077040629612e-01
9.920178311043521546e-01
9.967513627329046555e-01
1.004304953914114229e+00
9.798874996552959793e-01
9.795027875985067300e-01
9.844997828016255337e-01
9.919615553714257183e-01
9.845989530851654292e-01
9.888245859340321076e-01
9.454907206161821120e-01
9.702925078269931669e-01
9.920490999739982607e-01
9.844273116476619512e-01
9.807062401852972844e-01
9.873342416265981081e-01
9.835144619602479432e-01
9.760770493989883168e-01
9.751348491379573380e-01
9.743265610639187946e-01
9.783085532127778761e-01
9.858060272016510028e-01
9.852037642026874043e-01
9.776498463026475072e-01
9.614034064196771423e-01
9.868042452341534432e-01
9.738555045408107125e-01
9.954513553897205158e-01
9.591434910463413344e-01
9.564652489877284447e-01
9.734302478792276059e-01
9.825383341525677494e-01
9.828626684753488663e-01
9.868897380722229107e-01
9.583524885270517935e-01
9.760523695977130210e-01
9.831417003622140438e-01
9.905478412923911513e-01
9.699005798200264206e-01
9.579179542246950563e-01
9.864616560930279388e-01
9.802643169610187890e-01
9.923630724528946789e-01
1.002042578916644056e+00
9.766243686658167000e-01
9.847942901120271264e-01
9.756417775366200695e-01
9.811032195330479100e-01
9.559275001341039912e-01
9.753126699149570200e-01
9.839799877895253344e-01
9.820231740067945081e-01
9.864500573830549124e-01
9.773325278076987477e-01
9.914694732889901552e-01
1.002885426639679167e+00
9.679246201565849805e-01
9.357113261536865734e-01
9.930426357904185153e-01
9.901587579711023102e-01
9.625060352264399599e-01
9.403037486461355288e-01
9.751337921699375633e-01
9.793590758025618737e-01
9.877544522089040102e-01
9.771557298379455192e-01
9.925686382680691811e-01
9.848025706640475274e-01
9.929189744332844736e-01
9.715251230389627679e-01
9.357192040504292985e-01
9.815420210824584712e-01
9.605499978886745671e-01
9.830995310336213544e-01
9.830435964014019312e-01
9.695993890015203176e-01
9.905582728700793593e-01
9.742741900462054128e-01
9.891029450634575282e-01
9.855472678624812577e-01
9.868531811083449679e-01
9.834610284981387673e-01
9.906287464067885518e-01
1.003463757218522101e+00
9.944293540514943519e-01
9.886369158993606465e-01
9.665830573722702379e-01
9.877398896332978406e-01
9.902267282339493049e-01
9.416702442006035234e-01
9.815055465778532717e-01
9.872004912341820759e-01
1.002318439592624788e+00
9.616378713194100314e-01
9.880932512272985191e-01
9.899463821895266857e-01
9.888325222589842145e-01
9.938713352553846248e-01
9.856217677468288585e-01
9.617707129603439986e-01
9.643729949323396333e-01
9.930010576665725397e-01
9.882395126253720186e-01
9.946426945389682528e-01
9.727615348319288424e-01
9.840893346341058612e-01
9.915670154142276482e-01
9.665602576127657608e-01
9.705119264489657782e-01
9.805112817657634094e-01
9.874820216739027545e-01
9.770306977992517794e-01
9.721894740083428799e-01
9.800036189081254845e-01
9.592781711822495616e-01
9.583731596133960862e-01
9.840233179577789757e-01
9.751247674264892362e-01
9.687548183057412832e-01
9.785446607717246392e-01
9.861942222200883457e-01
9.982870624656995373e-01
9.849130837236655944e-01
9.848734587471602575e-01
9.803278836687218112e-01
9.762034912800674480e-01
9.718855461320436984e-01
9.904889719237791601e-01
9.727901897704933631e-01
9.896603864777440140e-01
9.592195291812160018e-01
9.740943697663395628e-01
9.797169257278646182e-01
9.793793933018066777e-01
9.727082460064722103e-01
9.860478825160864380e-01
9.858354428350944998e-01
9.793059624802056273e-01
9.924274878163944491e-01
9.848959477960160802e-01
9.751399156511605382e-01
9.759219526381183174e-01
9.731899200536501260e-01
9.842605341468365632e-01
9.877970785665580733e-01
9.394469429489371581e-01
9.944419257062897533e-01
9.849240362117748226e-01
9.786318763476874460e-01
1.001644728708756427e+00
9.641665731785605820e-01
9.702051518883187953e-01
9.784224950221347417e-01
9.828280731960883365e-01
9.849318396459489922e-01
9.938463886780271039e-01
9.805017974994599816e-01
9.837211595991767199e-01
9.715919758851548904e-01
9.413616201600362166e-01
9.778813814829847573e-01
9.920725492457239669e-01
9.888520505238793668e-01
9.841728406431636822e-01
9.678620323030753259e-01
9.855395056193394510e-01
9.843056649890780108e-01
9.826497554910973431e-01
9.860602257858174235e-01
9.661093298169727284e-01
9.576455694576336830e-01
9.942127008792180920e-01
9.857336992449852175e-01
9.547359326160893556e-01
9.555711319693688255e-01
9.862698469947480673e-01
9.841375751019483253e-01
9.701117882494929567e-01
9.778449153058920151e-01
9.611176971579045158e-01
9.797711604983757594e-01
9.669514938247797398e-01
9.828672116253415192e-01
9.548828345980515664e-01
9.546341269953464437e-01
9.830042538033411104e-01
9.882983281528414654e-01
9.672730881286393245e-01
9.728840293737980316e-01
9.624859757392090209e-01
9.920218848741657602e-01
9.882508454109744100e-01
9.769627684950621394e-01
9.687373794081998168e-01
9.895556440866758452e-01
9.644159691514668786e-01
9.733460789515757661e-01
9.796996849863958134e-01
9.838057876327077622e-01
1.001111790009615365e+00
9.801948746886789410e-01
9.883734850477235989e-01
9.397853818739656528e-01
9.980936000905921146e-01
9.825316426680411608e-01
9.771986726190766692e-01
9.738589993356379093e-01
9.849875225210937835e-01
9.824874029827000976e-01
9.837771454250844316e-01
9.988704433481510048e-01
9.533439538872040542e-01
9.914193335586428679e-01
9.747523283257620852e-01
9.849472712535708441e-01
9.736904497701405203e-01
9.882487133354064257e-01
9.844301056498132585e-01
9.605169399512252237e-01
9.819691487640727079e-01
9.858273064156318766e-01
9.605435523270092757e-01
9.860910469587730320e-01
9.901754658454923197e-01
9.779611980210652922e-01
9.842526299645570909e-01
9.807346909454756068e-01
9.484978599923573617e-01
9.939387104755117441e-01
9.753490607111513500e-01
9.900760848802777625e-01
9.781680763552249580e-01
9.724930934820756878e-01
9.814235807810549606e-01
9.367944354231380055e-01
9.882698030491834373e-01
9.865333992784715011e-01
9.826375643342696309e-01
9.799683430565606646e-01
9.734158652267063117e-01
9.871258293989703114e-01
9.903717830907921016e-01
9.794108879505849519e-01
9.903522511024204222e-01
9.724474488316903198e-01
9.864431076878221738e-01
9.877324605284778514e-01
9.847449635974205862e-01
9.870150800199030128e-01
1.000684761477736551e+00
9.880902681774148544e-01
9.865038371192095257e-01
9.926765074695250712e-01
9.808955861065146165e-01
9.964915653133814555e-01
9.644120297197709135e-01
9.819404361056415231e-01
9.926189570080476976e-01
9.503768602279062394e-01
9.787923001040943483e-01
9.799260599133957639e-01
9.940841054268841903e-01
9.707115719510697183e-01
9.791043172334976674e-01
9.847867769859733889e-01
9.885043096025367682e-01
9.846176319649191377e-01
9.727179120974839277e-01
9.943184075137385669e-01
9.929534012981572344e-01
9.707368026742589917e-01
9.851437484844399739e-01
9.944337791158582851e-01
9.816496774745223641e-01
9.798339872709233012e-01
9.834259993116230003e-01
9.680917542114977348e-01
9.709417065357331955e-01
9.614158828232374221e-01
9.523400786828856157e-01
9.936945326618209506e-01
9.882937610091694358e-01
9.830751579751144664e-01
9.626384256053669430e-01
9.790667607781261550e-01
9.773364539750499791e-01
9.765493313646308460e-01
9.836799880890240155e-01
9.826895381635717408e-01
9.984517346034967877e-01
9.721758332724915741e-01
9.744936119537724872e-01
9.912231933215113200e-01
9.758585683716534120e-01
9.910397096469123479e-01
9.744142264680859533e-01
9.799036287690182645e-01
9.794497205601566669e-01
9.833311885867952462e-01
9.829462098287208294e-01
9.669026374630652620e-01
9.776827709423211443e-01
9.821423614563613569e-01
9.919202633358097376e-01
9.904234930579973728e-01
9.784476702291721173e-01
1.007190107471221285e+00
9.759622178088361855e-01
1.006548102892568242e+00
9.682559468174248840e-01
9.725220586870161332e-01
9.851584986575906422e-01
9.891596778641627008e-01
9.691025752300879148e-01
9.739331277879360593e-01
9.889886553585934825e-01
9.804072551931262147e-01
9.733768281209848050e-01
9.525265086519734137e-01
9.918421051978147940e-01
9.718670004754885738e-01
9.940076174411328624e-01
9.881055129074142185e-01
9.443022427020653087e-01
9.750977273233272236e-01
9.807505870304783491e-01
9.917718415801467513e-01
9.593881351277675495e-01
9.867088608080848422e-01
9.905064491673301053e-01
9.837306797590050778e-01
9.839664599193507222e-01
1.003454388889132076e+00
9.865418879528237150e-01
9.658184452076055138e-01
9.923830478482081885e-01
9.708284398741217069e-01
9.646113679697112531e-01
9.864630991684874006e-01
9.797178396044999849e-01
9.805341268464710103e-01
9.700598883766087255e-01
9.968615057037215621e-01
9.781190094658311907e-01
9.826505251446298050e-01
9.728409488310800768e-01
9.825804254851963071e-01
9.743132269884127172e-01
9.851040726419031390e-01
9.822267277539781238e-01
9.564358636311818262e-01
9.989841880677651220e-01
9.693431110511062654e-01
9.850968775288378998e-01
9.838721052453240912e-01
9.857286637114542893e-01
9.793059213663242168e-01
9.750764862135148370e-01
9.871525937269565176e-01
9.726110777613528047e-01
9.571823779517922848e-01
9.832793035282864080e-01
9.804379620496838088e-01
9.827996562605483266e-01
9.934661843132251979e-01
9.878173316944505178e-01
9.673663318065893746e-01
9.941837027312543373e-01
9.605806145102099292e-01
9.773824822691986602e-01
1.002193956954723575e+00
9.899343235738853330e-01
9.753385509455726465e-01
9.710561150420686793e-01
9.694125655883453208e-01
9.908231666753816169e-01
9.779220988063482833e-01
9.751973009929110203e-01
9.744963355770436264e-01
9.774542139085213854e-01
9.800041350056767353e-01
9.782095751455971433e-01
9.900457478771418351e-01
9.682952967823369450e-01
9.844851084766795823e-01
9.792179313885179814e-01
9.856433980327419242e-01
9.677003489729649743e-01
9.846640634668527570e-01
9.845813794780163830e-01
9.830308893128012482e-01
9.873134318595200298e-01
9.891730933119151636e-01
9.755400409164424191e-01
9.692452396176430840e-01
9.483621468986669356e-01
9.801952306214749555e-01
9.861639345685122571e-01
9.904909961689254416e-01
9.678516890121275917e-01
9.794412151152646073e-01
9.501270411951263650e-01
9.918679983798597277e-01
9.904005472536963062e-01
9.743696274391970835e-01
9.868904893845007464e-01
9.447846915820090619e-01
9.976905819637285067e-01
9.834329855695447264e-01
9.640739967453069159e-01
9.658791796069291502e-01
9.801321403792589981e-01
9.817209137419947718e-01
9.801514849477614977e-01
9.824296947238542188e-01
9.820119384777520333e-01
9.849803983511771222e-01
9.788373202047363497e-01
9.658844475190003775e-01
9.828175588875621704e-01
9.881252426790709809e-01
9.808488286820100654e-01
9.750017178348281410e-01
9.787046470430816880e-01
9.800304879907345557e-01
9.959188394738969219e-01
9.723341181646910636e-01
9.830442410942545894e-01
9.831728757727359325e-01
9.458747108203044984e-01
9.883247539684236749e-01
9.852133170185143340e-01
9.767495110021863214e-01
9.672259178869238028e-01
9.873084327330187149e-01
9.834601640668276801e-01
9.835340451058613986e-01
9.843063597578108892e-01
9.685538916772302720e-01
9.820648121238433337e-01
9.712680601563077332e-01
9.863764942143673498e-01
9.855986962529174056e-01
9.904199673816825866e-01
9.858087678703258971e-01
9.862839544559305338e-01
9.653892711279981054e-01
9.922018382181467810e-01
9.999664829670210642e-01
9.909954183518033810e-01
9.854358750921096144e-01
9.841204409286726795e-01
9.900519598026611412e-01
9.981811447013737570e-01
9.887270641155182505e-01
9.836277874079789596e-01
9.720004510817574772e-01
9.708045273292331689e-01
9.519368958030918204e-01
9.622102228869565677e-01
9.796003102371372284e-01
9.687930264205534270e-01
9.837827133444065897e-01
9.727867506421805643e-01
9.752146994425879845e-01
9.795070223011420607e-01
9.876505812060013545e-01
9.787368966040579377e-01
9.826884426587572108e-01
9.429370248315102065e-01
9.937205685525232202e-01
9.715597047970361277e-01
9.895594580853199762e-01
9.740572711385486748e-01
9.621858849863081931e-01
1.003798627555319234e+00
9.982301928962380444e-01
9.855053790596255414e-01
9.628801765431782567e-01
9.753798275151613906e-01
9.844117439391617541e-01
9.731449457912040302e-01
9.915896963888722881e-01
9.565254517120330702e-01
9.785617159490135331e-01
9.575659160190734820e-01
9.837589961758453905e-01
9.823831367303768047e-01
9.772318291722511541e-01
9.858484962901359339e-01
9.612622716082859231e-01
9.603054245720225035e-01
9.891763174847293394e-01
9.837018668480517203e-01
9.863645916607288733e-01
9.804884269472636804e-01
9.887076225369958449e-01
9.911010713291262819e-01
9.909355556966887857e-01
9.857343176363110304e-01
9.994500400481730606e-01
9.920071483497487907e-01
9.770052280843658510e-01
9.601983988605914400e-01
9.927293209307126443e-01
9.654363609766306586e-01
9.545694896105413330e-01
9.776327933032267214e-01
9.630616064266328546e-01
1.005462661938821611e+00
9.959358584692490357e-01
9.865094095415648523e-01
9.833446367750960926e-01
9.821416863766351257e-01
9.725427536760383740e-01
9.624817374390433056e-01
9.892817710168466672e-01
9.798378551114867996e-01
9.619538151917198521e-01
9.800490261694032590e-01
9.660061859547729446e-01
9.926754093894761821e-01
9.867330278509064412e-01
9.678485400412658590e-01
9.871590407052401872e-01
9.521134521618663804e-01
9.924995225330304205e-01
9.943904682464758116e-01
9.828002386848111449e-01
9.762914339317190215e-01
9.821215294245260186e-01
9.754112353938684254e-01
9.907452497209698894e-01
9.848583506080276218e-01
9.854386628017558492e-01
9.762606758942998786e-01
9.686020483827970651e-01
9.827249526531093293e-01
9.620717129095172071e-01
9.854702146331518753e-01
9.889194695897237652e-01
9.838913735135532690e-01
9.831782970436135916e-01
9.824479014508379349e-01
1.000966333410376219e+00
9.943857856343258916e-01
9.863784385711535929e-01
9.660501821308092874e-01
9.812703937454186898e-01
9.805798257864128953e-01
9.764826096425186508e-01
9.888542577663897992e-01
9.735070736147733994e-01
9.812789575731775127e-01
9.674170754654303206e-01
9.801003182115298751e-01
9.748152663133021756e-01
9.746854378065449298e-01
9.881965639224090658e-01
9.935632620415369987e-01
9.689767285397111740e-01
9.878488767239154145e-01
9.830061424540753601e-01
9.730935974294770974e-01
9.916284896213310995e-01
9.891353642030873417e-01
9.919377023535607130e-01
9.850612303484933552e-01
9.752001191655351731e-01
9.959742569682812352e-01
9.840926951801025613e-01
9.828853476576767667e-01
9.841650835989775858e-01
9.322037746077271869e-01
9.811178210987112625e-01
9.777029248234692105e-01
9.758294301517240754e-01
9.887496524640390083e-01
9.811380309573706215e-01
9.636614950436531712e-01
9.602987389932667872e-01
9.771436216819981979e-01
9.809555921799687495e-01
9.771142322037162931e-01
9.820362289201706174e-01
9.462823964481602568e-01
9.826092118027669464e-01
9.763483190279473867e-01
9.724107376597149743e-01
9.693585389382548545e-01
9.892161833733056353e-01
9.774608637747307371e-01
9.637188331377007922e-01
9.375424504315905683e-01
9.785332099221799584e-01
9.802810395077089511e-01
9.733216793804794209e-01
1.000337575752966224e+00
9.932998627450719820e-01
9.818478791643222570e-01
9.419650209628382953e-01
9.698180136406874263e-01
9.942557448412486787e-01
9.831478913189074520e-01
9.710904619012760142e-01
9.878679820064474315e-01
9.772453667184926029e-01
9.932413179034562667e-01
9.825473498751433610e-01
9.411458974312635339e-01
9.685013617863094115e-01
9.813433300458849207e-01
9.958649577431705202e-01
9.959601490130998158e-01
9.796575056308394203e-01
9.655532063474587812e-01
9.578758602602164274e-01
9.823465447350581137e-01
9.402168369263932401e-01
9.893863104260576247e-01
9.914096158522922586e-01
9.462884548785204242e-01
9.517937308528249263e-01
9.971117518926481127e-01
9.795170297805907422e-01
9.217172689719703715e-01
9.772175277150415562e-01
9.804937453316089346e-01
9.868544511430145105e-01
9.517274984959775974e-01
9.865570512764091360e-01
9.680596714003931735e-01
9.792590554968478855e-01
9.831138336164981784e-01
9.795654287586259557e-01
9.848909109687448149e-01
9.953306642528931825e-01
9.882247876554690613e-01
9.839298320289643351e-01
9.900937213552926108e-01
9.876267889818994838e-01
9.812160284663005161e-01
9.754419801160982839e-01
9.725947205130739404e-01
9.960635567512668986e-01
9.754283496333291392e-01
9.839258746759353969e-01
9.851920738379419396e-01
9.953645386139436946e-01
9.763298860787111844e-01
9.863133741738913107e-01
9.827678239056553133e-01
9.802418191794243230e-01
9.884610370497098897e-01
9.761710422337410709e-01
9.869693537243858783e-01
9.847353146501326426e-01
9.646905412041026917e-01
9.539445188527791997e-01
9.744523801865242474e-01
9.793915208377506065e-01
9.659478329709031419e-01
9.784244538667278279e-01
9.591173906262000504e-01
9.833109239135806590e-01
9.893786795889353280e-01
9.773834715823751518e-01
9.771640507754617566e-01
9.641076062203278729e-01
9.893932789356980617e-01
9.748886379156845861e-01
9.988333831878501989e-01
9.711696069789299557e-01
9.805350194959583376e-01
9.727289370183379580e-01
9.664881063938763894e-01
9.878703218567067568e-01
9.950172456218244754e-01
9.602590527247751861e-01
9.802776686930400052e-01
9.616356084291889372e-01
9.873624411107992938e-01
9.840978956613865014e-01
9.879045104107703201e-01
9.871580470374244909e-01
9.797004247065235205e-01
9.862357343724434955e-01
9.695964991867461746e-01
9.734158945724887824e-01
9.676657436616469266e-01
9.648492772950286733e-01
9.879797515230195337e-01
9.750229948567523675e-01
9.811458390181527767e-01
9.738982639535919139e-01
9.854985999438010680e-01
9.865081076166799523e-01
9.764522291605216564e-01
9.678253383754302774e-01
9.861570738204441522e-01
9.946041923263516660e-01
9.865574388007676276e-01
9.925891063798303326e-01
9.885466643453547642e-01
9.872911638714110261e-01
9.659671370633183818e-01
9.940216801144867720e-01
9.831008024523550937e-01
9.640432602445935251e-01
9.905337718392625002e-01
9.945950130708458570e-01
9.879432498580358324e-01
9.868042812195378932e-01
9.776583864436206861e-01
9.811786562408807422e-01
1.001849230999318996e+00
9.944309360320606750e-01
9.556948226635703092e-01
9.514050596808480975e-01
9.664131525707191361e-01
9.656118076133466399e-01
9.879977240332616928e-01
9.933347873408231443e-01
9.783979343599344958e-01
9.797119949004664541e-01
9.846660350198075395e-01
9.858799563370098662e-01
9.760185675273319594e-01
9.664697189416812106e-01
9.809514788990514322e-01
9.493903636912991439e-01
9.950891897167077893e-01
9.941498658542533562e-01
9.947040475607303867e-01
9.802356968808935145e-01
9.902061832444308820e-01
9.587862990273765540e-01
9.892272109606813357e-01
9.788550305721850364e-01
9.826654069495710520e-01
9.882094729242514308e-01
9.738112992572206528e-01
9.703078107695072285e-01
9.890260518604696571e-01
9.921588451250491492e-01
9.673749131014631741e-01
9.624150381594274162e-01
9.874232573029757543e-01
9.834172946776607027e-01
9.844415039213060270e-01
9.631334088722912634e-01
9.848339168259575560e-01
9.748310309531283968e-01
9.886871644131796089e-01
9.746862635194251112e-01
9.888329554407114808e-01
9.802765369207362411e-01
9.581417157580333077e-01
9.944226373590210333e-01
9.730657474268133988e-01
9.672397672406259916e-01
9.789981589823488761e-01
9.780584625640438290e-01
9.716680983962563412e-01
9.797295399649214032e-01
9.797387456506205794e-01
9.910697741034656394e-01
9.855075962415806856e-01
9.614803496021251394e-01
9.794289872819526011e-01
9.622188599903404027e-01
9.828958498007099864e-01
9.867678461489739483e-01
9.833393430711874217e-01
9.789867147038565642e-01
9.829799780036875267e-01
9.802660955532974674e-01
9.904689898356435762e-01
9.887080348328205481e-01
9.640682809822384014e-01
9.788603824608265169e-01
9.767578797910357880e-01
9.765328104916720653e-01
9.939853303084896785e-01
9.586165566929454318e-01
9.626985787454196419e-01
9.895507651759819501e-01
9.920383587571203199e-01
9.491544122275216155e-01
9.793309226887882968e-01
9.796588756472247583e-01
9.825074100781306941e-01
9.663640439908167679e-01
9.988484691609739174e-01
9.552047281484155050e-01
9.758663380916926533e-01
9.675009617744042556e-01
9.669805773962006912e-01
9.915359034566587626e-01
9.934929941845035417e-01
9.697395178455135989e-01
9.834567657008270736e-01
9.954847808178045598e-01
9.584363573942105141e-01
9.889587321033180833e-01
9.738210758251741872e-01
9.596977296364307408e-01
9.800410707147360068e-01
9.923971626766387999e-01
9.787047168142739562e-01
9.902660846907421766e-01
9.771268577475791250e-01
9.882890343563942581e-01
9.941063873908457804e-01
9.960110975146361234e-01
9.764258014966286092e-01
9.860489344499562270e-01
9.863298748527533633e-01
9.831551197096057848e-01
9.732284795939242228e-01
9.756660524627318587e-01
9.880175574914361603e-01
9.470046615146353597e-01
9.823247462191800894e-01
9.927806893752983974e-01
9.717236971735355722e-01
9.745337025804798881e-01
9.821158523622096626e-01
9.567879188680332714e-01
9.911316700088492748e-01
9.841180635091610895e-01
9.820169965689391489e-01
1.007170958801639093e+00
9.951321501127877722e-01
9.756703580856336266e-01
9.815068965241765531e-01
9.756596054143860108e-01
9.588943156380024258e-01
9.582562371910718912e-01
9.522696542305670864e-01
9.924653145394232157e-01
9.855737998169095126e-01
9.834873426872186020e-01
9.632901549635084493e-01
9.909910878622000263e-01
9.622245989752964412e-01
9.831378044491486667e-01
9.822558180835996300e-01
9.573609119757968688e-01
9.987342581849225631e-01
9.657553311886946101e-01
9.630345993070946742e-01
9.917674800674125546e-01
9.700081832851812358e-01
9.952107706185404634e-01
9.885804491183897147e-01
9.623204184279073869e-01
1.006395256252979209e+00
9.836658189176673561e-01
9.824139010225323432e-01
9.843836675636219447e-01
9.781626359616936162e-01
9.517991871034749973e-01
9.908237851379597672e-01
9.858745632516318080e-01
9.749721063568177470e-01
9.797663494498651815e-01
9.861748925699377333e-01
9.877727408217058525e-01
9.874612152572367352e-01
9.929302049710153621e-01
9.899872529409498023e-01
9.815278577659218850e-01
9.628768373008333992e-01
9.863358630883940492e-01
9.545420799702870607e-01
9.735175945953417065e-01
9.686402277609182931e-01
9.678491164739823072e-01
9.694336126122294894e-01
9.885162448041325822e-01
9.659848201492582387e-01
9.923088965573937381e-01
9.926719376164905295e-01
9.916366254959924076e-01
9.860454115607752978e-01
9.856883460755864190e-01
9.927855752936798339e-01
9.776782112354507337e-01
9.825359199527642362e-01
9.901845405689120305e-01
9.912522844972189162e-01
9.546372974958061697e-01
9.788124103634117112e-01
9.898906395297497607e-01
9.206613179322937768e-01
9.905673800639118731e-01
9.815582277815788625e-01
9.754131310974897273e-01
9.574626648642192706e-01
9.806894795679990118e-01
9.767754866711964024e-01
9.500705876745039191e-01
9.813233135402578133e-01
9.839786596045982936e-01
9.699060478862662205e-01
9.699038137021841477e-01
9.874108044790474992e-01
1.012091027032401280e+00
9.895651572281166652e-01
9.798715498615226949e-01
9.873521635515762895e-01
9.853301883031978514e-01
9.908801125519113295e-01
9.911586784933894556e-01
9.852081012965507867e-01
9.938640864364868266e-01
9.871131639130529267e-01
9.852876147114398853e-01
9.829516147775372303e-01
9.631445527455304578e-01
9.811311612968534046e-01
9.927858005009955189e-01
9.821878025928053590e-01
9.895734495096105698e-01
9.800149507990362219e-01
9.782577940038744702e-01
9.745382530754778116e-01
9.486863695624410120e-01
9.811063549336640488e-01
9.894251730904415343e-01
1.007430811862264575e+00
9.826354859746523340e-01
9.906299717624785783e-01
9.869242798415963636e-01
9.877589141000354678e-01
9.667498007064433407e-01
9.639725384188850832e-01
9.938539355256298391e-01
9.593808272927107916e-01
1.002942499593019621e+00
1.002450421806784453e+00
9.757963588103155672e-01
9.779441728711073534e-01
9.768505025379649043e-01
9.905105228856578847e-01
9.861640762233183644e-01
9.406789158271343654e-01
9.912499267578378515e-01
9.691983790638396545e-01
9.809544302390016401e-01
9.854376163905587127e-01
9.925514981349468080e-01
9.807104464554261547e-01
9.907084951420488395e-01
9.920857114017402889e-01
9.587528196994262730e-01
9.643276389438623086e-01
9.308034460249090536e-01
9.865217064134954583e-01
9.501321379066063333e-01
9.836389832136065436e-01
9.940418690705519200e-01
9.836835787853021040e-01
9.788007915558255556e-01
9.736211830852464777e-01
9.717122005930057815e-01
9.893745911766952394e-01
9.505159849265785166e-01
9.766510999384298009e-01
9.673249302164955710e-01
1.000053131635595172e+00
9.870687565433109434e-01
9.774337069057489336e-01
9.504041918014184409e-01
9.698192943958322543e-01
9.845958259931595347e-01
9.843450707684460177e-01
9.722094940694263610e-01
9.842357840270770097e-01
9.789429072679294297e-01
9.820367941547482049e-01
9.704469053258450995e-01
9.909238273414570086e-01
9.676386523964136677e-01
9.972623727458400644e-01
9.902310202420065988e-01
9.729707460113582451e-01
9.576083590838703197e-01
9.928918080488434716e-01
9.756166501611631681e-01
9.672698177626343208e-01
9.787658140878182644e-01
9.763397403614106906e-01
9.780013795461439674e-01
9.806616074552785278e-01
9.888131400762536494e-01
9.828528345705264124e-01
9.542624122329317338e-01
9.964606387380969821e-01
9.857210298216806388e-01
9.774516442028347019e-01
9.868999765577965988e-01
9.771224246268711555e-01
9.763273641393501734e-01
9.954109537928049756e-01
9.716479215963493843e-01
9.330610663361705859e-01
9.937657673378289536e-01
9.666995447662539709e-01
9.629194349950719323e-01
9.357981069716894140e-01
9.897059339476800277e-01
9.783461884847352019e-01
9.843425718251500589e-01
9.846900042378939899e-01
9.761292622772179683e-01
9.878044090950804934e-01
9.846323975086018754e-01
9.891562858369981059e-01
9.776895170069637153e-01
9.845995766072863642e-01
9.862497318589877882e-01
9.870463169541249249e-01
9.808126776213519360e-01
9.888407763284896568e-01
9.928167100027909253e-01
1.001185457038438198e+00
9.917751895065400891e-01
9.798420715076873178e-01
9.501649278288022415e-01
9.860113475186123022e-01
9.968452265003930890e-01
9.749974471773106277e-01
9.844641247486419777e-01
9.618517165357094445e-01
9.930874993551275232e-01
9.796942431907146309e-01
9.874912364125624231e-01
9.814167883725495312e-01
9.668557279387994807e-01
9.677936178790371713e-01
9.948693312522922660e-01
9.669602168918883800e-01
9.894255243507232844e-01
9.856930188200954124e-01
9.853662791336469384e-01
9.830445920960734218e-01
9.774366877416557076e-01
9.831080162759036067e-01
9.812348883417577605e-01
9.629010937178950069e-01
9.784956161835315358e-01
9.850443832761264229e-01
9.686328478562087341e-01
9.816082956174093654e-01
9.736973780113211685e-01
9.770124470517359550e-01
9.772701043862799253e-01
9.663131651950312984e-01
9.813810614415620082e-01
9.537819869886104973e-01
9.909483632166181666e-01
9.946010381115081289e-01
9.842641762843590270e-01
9.722857936194713169e-01
9.723136713237660045e-01
9.645447594801269675e-01
9.781303938988005209e-01
9.382439868293863672e-01
9.398495419098786829e-01
9.794377379317217303e-01
9.705814653060558239e-01
9.820240951208203395e-01
9.938647513721505788e-01
9.972069670770191685e-01
9.763807152708786630e-01
9.910457194157487049e-01
9.837437197272081990e-01
9.807494371317031501e-01
9.719565783444047424e-01
9.754916721841547789e-01
9.681371062993123777e-01
9.781997206139833034e-01
9.795236344262514550e-01
9.716363858634602391e-01
9.659863806142940934e-01
9.325432278312503209e-01
9.871037916079797858e-01
9.435973698756837669e-01
9.737091034589145933e-01
9.682437953920799423e-01
9.850641489774081272e-01
9.887151385267723969e-01
9.783252330012343068e-01
9.753062324188530585e-01
9.850005538875522548e-01
9.863802685464502229e-01
9.927440568453071990e-01
9.744074107025476605e-01
9.847729959739194294e-01
9.868195044915188952e-01
9.910473997461791695e-01
9.869469373792458811e-01
9.807457712237890313e-01
9.688271985617206150e-01
9.678873302292970715e-01
9.840271179543793600e-01
9.889687866821297302e-01
9.926093926870097617e-01
9.808440599473809973e-01
9.921119425499895783e-01
9.790004093169014654e-01
9.592982083444669961e-01
9.789097674336425525e-01
9.903027821772200090e-01
9.794427696682973528e-01
9.758382297739641720e-01
9.714728180421595694e-01
1.002009104327367783e+00
9.827111558933943058e-01
9.768388987734006879e-01
9.794897569876652721e-01
9.877589612919487339e-01
9.867248229672040960e-01
9.868615976772756593e-01
9.757035170254576562e-01
9.615072566537116172e-01
9.792213088722759862e-01
9.807989659668854276e-01
9.702000694611840892e-01
1.002686195487950682e+00
9.822070099148108024e-01
9.797111242623094407e-01
9.858431184717171281e-01
9.939047401719856012e-01
9.708749656533173233e-01
9.822588766938198379e-01
9.729860979028094325e-01
9.920323701152149454e-01
9.932827075140125972e-01
1.001773745032206397e+00
9.946235922492997483e-01
9.839794676055185763e-01
9.816485579370266557e-01
9.896299911422179463e-01
9.676764377041685572e-01
9.739670070375319177e-01
9.988966756469741526e-01
9.674959500100484000e-01
9.797786100743857141e-01
9.545158657843690886e-01
9.893317957407249397e-01
9.896875538706966235e-01
9.903291127400997151e-01
9.819989970274168867e-01
9.930043966975065084e-01
9.961984309527519565e-01
9.910244236902844284e-01
9.866255122900419172e-01
9.721593015922789238e-01
9.782639912270960636e-01
9.929093128250527922e-01
9.793807732830196455e-01
9.829179249185956424e-01
9.872973386233384607e-01
9.863323591163040138e-01
9.828318626918788325e-01
9.857200917145864105e-01
9.849103076851842831e-01
9.596030244115971719e-01
9.723965520808518503e-01
9.756193007901191594e-01
9.963599882686277054e-01
9.881165791622854577e-01
9.919109801087058198e-01
9.217401108352231143e-01
9.801403442784937248e-01
9.706893780791960857e-01
9.768317531924467501e-01
9.998207046981004709e-01
9.789866079368406693e-01
9.881475500707644910e-01
9.772056312370326348e-01
9.838293076049291486e-01
9.967026511707657299e-01
9.866962396018774673e-01
9.849150777461217476e-01
9.860205941154120968e-01
9.757953402291683620e-01
9.854695319396756803e-01
9.801566427678848337e-01
9.603043849758796657e-01
9.555920773491488607e-01
9.960726127470498348e-01
9.756018583029434366e-01
9.838029240957336663e-01
9.895131990344230299e-01
9.686754378128505927e-01
9.635526690335651789e-01
9.881988712682822085e-01
9.877689564801603872e-01
9.433178624556322056e-01
9.633436146604451578e-01
9.855774052441451660e-01
9.688276085005760319e-01
9.962624455065214324e-01
9.823049788048211495e-01
9.665808729689207013e-01
9.954325081906112427e-01
9.758712505779236768e-01
9.864849371759673025e-01
9.909492570342611772e-01
9.899063789746449515e-01
9.899998970120372777e-01
9.778793008300984413e-01
9.814685344758696806e-01
9.544349338382844827e-01
9.879301042503000341e-01
9.892523287779095842e-01
9.906873946800146546e-01
9.674666770691543460e-01
9.765796950523935038e-01
9.640851758960190532e-01
9.698549139854805157e-01
9.742579934548677434e-01
9.747965853877839093e-01
9.831888680288133342e-01
9.810149080230373686e-01
9.773959229279950423e-01
9.799668430696416577e-01
9.749746674596232454e-01
9.838977468610013988e-01
9.522370174816076061e-01
9.871617555948861700e-01
9.647193756140922671e-01
9.782873296758232140e-01
9.650938729458015120e-01
9.772562653462969484e-01
9.681592513687043988e-01
9.673042000361632420e-01
1.000979520159153369e+00
9.739183163996759651e-01
9.783073078293311742e-01
9.808578927683933024e-01
9.745717637599343730e-01
9.847129973168284867e-01
9.792218535075613017e-01
9.920661318089056824e-01
9.824661908663275822e-01
9.877924462733982391e-01
9.752005827095527879e-01
9.531108827622394308e-01
9.884550811821476435e-01
9.913642721799847957e-01
9.729284811705626312e-01
9.739086042288509493e-01
9.921547974774810319e-01
9.603532773881556794e-01
9.745776878706572388e-01
9.830669776992723152e-01
9.870331140799568637e-01
9.619823783282084317e-01
9.881264182708375809e-01
9.762331817666725087e-01
9.745599088435357160e-01
9.794851169173934835e-01
9.886526882753406964e-01
9.793474302959535027e-01
9.888185533796051141e-01
9.509205042469193181e-01
9.927200121370989283e-01
9.817309733440190422e-01
9.819713844217530241e-01
9.755406535353273734e-01
9.773646015779652307e-01
9.596537274540168916e-01
9.669725588591407961e-01
9.726143029293368159e-01
9.534108481943497360e-01
9.649843226012702058e-01
9.763519321543886464e-01
9.905322294928771143e-01
9.774282810256611498e-01
9.753492485684419622e-01
9.870309272239532472e-01
9.840726357917808365e-01
9.799076812418572313e-01
9.852018270330072935e-01
9.959366318011775299e-01
9.837597286226319460e-01
9.755998169751649574e-01
9.840859575187621555e-01
9.472343226947981254e-01
9.992576186555703899e-01
9.301128790592966267e-01
9.652958798261649376e-01
9.867484922530286306e-01
9.858960586331780851e-01
9.620517385176966529e-01
9.659493972460408973e-01
9.826373377475747795e-01
9.871351161826664722e-01
9.662003980825715210e-01
9.927458936145765467e-01
9.782171410822969593e-01
9.614713536177957875e-01
9.790361893158217033e-01
9.879931213431222270e-01
9.835535939583101017e-01
9.934561658688778607e-01
9.759647653916507792e-01
9.887704944662116802e-01
9.771168180179060636e-01
9.660072636719190253e-01
9.956291537701447147e-01
9.612949213223196399e-01
9.813807727971237682e-01
9.956765368535098748e-01
9.547666942503293397e-01
9.892757104065030838e-01
9.900187865219495231e-01
9.776178266954905771e-01
9.910340355700341108e-01
9.821401247306577043e-01
9.880969241709343098e-01
9.852695516656128083e-01
9.988319366517114384e-01
9.919309044533223263e-01
9.938705245136910671e-01
9.440888676348641040e-01
9.844799477442368607e-01
9.872237410775852595e-01
9.710486369993895917e-01
9.903446500302260924e-01
9.906538514738689738e-01
9.805593982878415549e-01
9.869350702904612360e-01
9.904629597335109503e-01
9.807320810197679428e-01
9.829096779525711147e-01
9.927039163987868564e-01
9.731253155026260426e-01
9.810685745125645729e-01
9.965172784757655444e-01
9.880262590962523017e-01
9.494286881997360261e-01
9.880326869639216580e-01
9.859323877564167837e-01
9.712953236933943302e-01
9.945307598669486104e-01
9.732999565397936204e-01
9.679801358978663561e-01
9.799524588547249282e-01
9.712237263334277948e-01
9.716059974646286124e-01
9.586695267494528272e-01
9.726747836176964368e-01
9.991541662775985655e-01
9.726575812776563357e-01
9.921248176425699894e-01
9.828896667504088969e-01
9.646071027832939793e-01
9.860412489108896228e-01
9.687819956370998797e-01
9.986636620805399156e-01
9.744560331601861414e-01
9.533378680210436995e-01
9.868290752308827019e-01
9.422721085988389200e-01
9.900570552664781365e-01
9.942299449077773854e-01
9.841632958924999564e-01
9.789677966329618508e-01
9.674118247552998540e-01
9.762313606863930460e-01
9.902407697072158621e-01
9.806559819868893024e-01
9.956333472937503037e-01
9.764999274588342937e-01
9.780214583445887566e-01
9.821360778917622714e-01
9.817046587735189789e-01
9.690034348466225467e-01
9.829536229037478812e-01
9.699507350159167762e-01
9.698959038746597372e-01
9.800357640236319057e-01
9.899414960274326436e-01
9.913828278111839198e-01
9.797832900869458683e-01
9.662944374446678086e-01
9.695449593365720320e-01
9.855702247232527302e-01
9.820863433855141489e-01
9.835612141410077225e-01
9.571947465106308561e-01
9.682752761742081660e-01
9.959008958155298741e-01
9.539104427533992014e-01
9.705946356985363233e-01
9.761553224115930849e-01
9.892317444250530167e-01
9.831145606583902019e-01
9.571198004226811884e-01
1.005397269779531921e+00
9.870222849067967763e-01
9.890913375798118246e-01
9.784968979943434730e-01
9.553118243574559854e-01
9.768887501590329814e-01
9.928414208746545455e-01
9.565341364165761417e-01
9.926849185033218559e-01
9.975320008067829480e-01
9.650562627728388465e-01
9.882408402697645533e-01
9.697258128624340889e-01
9.538335784114896354e-01
9.594960014727604847e-01
9.876661083026285759e-01
9.742320415721283933e-01
9.663025456617865272e-01
9.784958275221332658e-01
9.656651154876798593e-01
9.540869141132036768e-01
9.809530883416560654e-01
9.764283410664174045e-01
9.728656440096813407e-01
9.943308041492758820e-01
9.799962758231697268e-01
9.933594365852783659e-01
9.799742686119363722e-01
9.551170207432824188e-01
9.652267088358376101e-01
9.847900210996936021e-01
9.623620614904816462e-01
9.774851405358208067e-01
9.811281826896386393e-01
9.715056988532307924e-01
9.512904324719829718e-01
9.703655947038701823e-01
9.682301458572640795e-01
9.945838991478257451e-01
9.768415810650971087e-01
9.493704831856245585e-01
9.728657488579397494e-01
9.760061157852700786e-01
1.003843235554376934e+00
9.914562277663336864e-01
1.006295952179030895e+00
9.599495176526670059e-01
9.821112255633575039e-01
9.671016378400437707e-01
9.874969259503149077e-01
9.753752286738324173e-01
9.886484140817474175e-01
9.603279709275758247e-01
9.885605842980588198e-01
9.699505594082422633e-01
9.540846892875534113e-01
9.845737989567784343e-01
9.885018377490772945e-01
9.716987407346923122e-01
9.685302404220086370e-01
9.878748113332367353e-01
9.533080036750495312e-01
9.891092652640279814e-01
9.735477610063415499e-01
9.809299697593418799e-01
9.691988663852182384e-01
9.903561191788058382e-01
9.840888500942237549e-01
9.460114351398153376e-01
9.765713308077756949e-01
9.799663130216751394e-01
1.007163510828379849e+00
9.837953731745379127e-01
9.596615914164635663e-01
9.890186316767973773e-01
9.833083032726612771e-01
9.695037128114341041e-01
9.850379410877889708e-01
9.897356918902348033e-01
9.866573307048425168e-01
9.885700574496393278e-01
9.736179595817681109e-01
9.843218473600432450e-01
9.946954731139830974e-01
9.863902515758917744e-01
9.863677375096826516e-01
1.002392665329131294e+00
9.804815001983943068e-01
9.872687651298650557e-01
9.685189514772281072e-01
9.768727535251819916e-01
9.644487313178355947e-01
9.575344718314068304e-01
9.983370678436602752e-01
9.871983961188406376e-01
9.576755862058191626e-01
9.710449301060239957e-01
9.772898443370501287e-01
9.992073817826550020e-01
9.808501210911036994e-01
9.870505218417701121e-01
9.724246766103508133e-01
9.835867481601846540e-01
9.931259673730927773e-01
9.905626636660881390e-01
9.961269982857486882e-01
9.936859199415692956e-01
9.669852014757462921e-01
9.752183475894043996e-01
9.402183517010754832e-01
9.834791425017881394e-01
9.610427383506523480e-01
9.775453806536442691e-01
9.963028167258689560e-01
9.726404897538545313e-01
9.751811624347533902e-01
9.855939374052130608e-01
9.751641559814804294e-01
9.855010134129619237e-01
9.780580426885545631e-01
9.876692968740257150e-01
9.871592505748956192e-01
9.854896262778718441e-01
9.658063078323537720e-01
9.844719793771999905e-01
9.830073398526969486e-01
9.541943136908552781e-01
9.901597414929278473e-01
9.882930706603739734e-01
1.010615927424737048e+00
9.871921698437293724e-01
9.832303226794307793e-01
9.930589416553347037e-01
9.598192429845481266e-01
9.777405723360994561e-01
9.431630851355253808e-01
9.874390551093896740e-01
9.966328305588306735e-01
9.662504026562622750e-01
9.813932463438549414e-01
9.688143711697324578e-01
9.818998410035285618e-01
9.832841397478415679e-01
9.892503843191575719e-01
9.845854182261534193e-01
9.749140787386485485e-01
9.796837163825931061e-01
9.833128402058527451e-01
9.869178854005157264e-01
9.430596861503505179e-01
9.960663445409760897e-01
9.686224585404801246e-01
9.944864268150634956e-01
9.814777051650224182e-01
9.897457041487670582e-01
9.849341376075347876e-01
9.975802341284855101e-01
9.832889643689671777e-01
9.844477362568540002e-01
9.663152990982120105e-01
9.704005672055185938e-01
9.819595321907468310e-01
9.902434228347443135e-01
9.738545708178441007e-01
9.658649913946641963e-01
9.203082522600424253e-01
9.896472082732826747e-01
9.863836651128515820e-01
9.894976972535654003e-01
9.516314872473168318e-01
9.934602883471821411e-01
9.920262227765839214e-01
9.906253275987075835e-01
9.609495005361377018e-01
9.715335807997538264e-01
9.851141283061346510e-01
9.806389633045778931e-01
9.746424177811580103e-01
9.953486919730306637e-01
9.666900850117396971e-01
9.722777341839367038e-01
9.786817584236208178e-01
9.928917471780308590e-01
9.646650278614411489e-01
9.875159674640903162e-01
9.813343217088960069e-01
9.845865338477339801e-01
9.966391206090354782e-01
9.649375138547352515e-01
9.708401382062679108e-01
9.848746757164482668e-01
9.792941543497135637e-01
9.776423428226846957e-01
9.718175591861295537e-01
9.688272652144238606e-01
9.766797975707565138e-01
9.768613244479023017e-01
9.891041730920889785e-01
9.845953368929771798e-01
9.547890297739937138e-01
9.732792091858624151e-01
9.909766916604769715e-01
9.838178431765276510e-01
9.921354728049561755e-01
1.001697316979079710e+00
9.584140297679264453e-01
9.917763094696383508e-01
9.796849823450877182e-01
9.859277394195499200e-01
9.878261565863097893e-01
9.867177689731377876e-01
9.737906270295585420e-01
9.861580749311896765e-01
9.783835498028160549e-01
9.736879179691426689e-01
9.740843289763456703e-01
9.837091516494104182e-01
9.921886486209660072e-01
9.733380495508340280e-01
9.597590132835531751e-01
9.809430068461342245e-01
9.432025713099629893e-01
9.928605300117970822e-01
9.874417497812777444e-01
9.868825045084774761e-01
9.798433776452243338e-01
9.910901016473552261e-01
9.586454155316493919e-01
9.677868079445417493e-01
9.669335235738072409e-01
9.737309684755407480e-01
9.957740964545803708e-01
9.832812552765770597e-01
9.849518823376792742e-01
9.859345717241032592e-01
9.910332767042338009e-01
9.532892732252205015e-01
9.808446253319282881e-01
9.817700412817752520e-01
9.778479551133564263e-01
9.692730455883196150e-01
9.765678828682853307e-01
9.878907011467363830e-01
9.722254066272651984e-01
9.866945968612034212e-01
9.760031379321634226e-01
9.528504114700493410e-01
9.757846239969292235e-01
9.801821538527034638e-01
9.873162147451756132e-01
9.659722873950670197e-01
9.640893669004594324e-01
9.355145234803294851e-01
9.835059980452497408e-01
9.645646044686491116e-01
9.580620761062855761e-01
9.823192965467718585e-01
9.807043249424328701e-01
9.636741527355482395e-01
9.655089656248285745e-01
9.906603603429785521e-01
9.897930463336704898e-01
9.820670877851772618e-01
9.738075271144948086e-01
9.909502628236610544e-01
9.690527342765532515e-01
9.554945222214683564e-01
9.892738772862281760e-01
9.925225801643745571e-01
9.488752132479724155e-01
9.667212724087747011e-01
9.852270965985906459e-01
9.904818021670862560e-01
9.764139683972321571e-01
9.872610561031380794e-01
9.837889225968290408e-01
1.000287009814788464e+00
9.673202013640436192e-01
9.877679710297188054e-01
9.906054320335001551e-01
9.832286353742707430e-01
9.757672624117295079e-01
9.853604364808012939e-01
9.903335893680305091e-01
9.649385969935428964e-01
9.915109468304647011e-01
9.706266786352282239e-01
1.004415540888497160e+00
9.769695096326881378e-01
9.733882680171067614e-01
9.823154704144010374e-01
9.805472700369152195e-01
9.907612866068417068e-01
1.000594366951660819e+00
9.903980049215875825e-01
9.917890442242446314e-01
9.684567705686235595e-01
9.718801621943660152e-01
9.704030692241736311e-01
9.964266457986407088e-01
9.819880878562821103e-01
9.547910846170465371e-01
9.645716349984145843e-01
9.850154183988037992e-01
9.698328926717361131e-01
9.508470528209619355e-01
9.936384520423561240e-01
9.790394416543436451e-01
9.818877395077744152e-01
9.831831978292778773e-01
9.800074788428800865e-01
9.917857983578177716e-01
9.886257857912059688e-01
9.333847664945177369e-01
9.757562288489404212e-01
9.889905738798872026e-01
9.640569828099321281e-01
9.899993282950980689e-01
9.595511171004292850e-01
9.410197356225195042e-01
9.772939887678314674e-01
9.630180391588546440e-01
9.895903294213543866e-01
9.783735441574770153e-01
9.598508766416694593e-01
9.876660790455195071e-01
9.980423850001285402e-01
9.701961294040624129e-01
9.575150602672265476e-01
9.503516802078952885e-01
9.823975622437555177e-01
9.745108917521754233e-01
9.777843553962861645e-01
9.694692225227583560e-01
9.832445657761158531e-01
9.899142403269727275e-01
9.765245583727252265e-01
9.768012284391937028e-01
9.846530347842091802e-01
9.865726334077788984e-01
9.932383658242482927e-01
9.797805979295495238e-01
9.873060177622077216e-01
1.003022011076910358e+00
9.809240555460897459e-01
9.851082733858660401e-01
9.894834470403133242e-01
9.460583183723810796e-01
9.829358316941080309e-01
9.995004998873175950e-01
9.804864760499557574e-01
9.851355715927645473e-01
9.733675050328703948e-01
9.867472034411183257e-01
9.780335814483464008e-01
9.809695445923543033e-01
9.742371813531639502e-01
9.807412085996105588e-01
9.862152124298467770e-01
9.760700991565648410e-01
9.839776928443503268e-01
9.465095565568572011e-01
9.943455184000290492e-01
9.822583576552512685e-01
9.596589766783818476e-01
9.815863902697775645e-01
9.853414321705902257e-01
9.580580317541971258e-01
9.611355548943467664e-01
9.675736456253795081e-01
9.787400009671874956e-01
9.805523927192997258e-01
9.806729926725704649e-01
9.750504867733963410e-01
9.889852666461251829e-01
9.582120509531699692e-01
9.957073159592728651e-01
9.392532578289576328e-01
9.887660995600817682e-01
9.868023729811865596e-01
9.922644650507744801e-01
9.596253694945531265e-01
9.746529578801832461e-01
9.452557496567750572e-01
9.800620229678207451e-01
9.647079297466863990e-01
9.911979086070579203e-01
9.843166920694130795e-01
9.761178977770267329e-01
9.796491061429877245e-01
9.698283941029230970e-01
9.414129505940617149e-01
9.559738400761347288e-01
9.683690820964263590e-01
9.906043192528400931e-01
9.836995344111074679e-01
9.758580787562817216e-01
9.844695798655183072e-01
9.596669605575296469e-01
9.733816936598057579e-01
9.896216716994300500e-01
9.432049336882577517e-01
9.867164724450958602e-01
9.855970419618129696e-01
9.918151344507057932e-01
9.782806388436458001e-01
9.821187463861466016e-01
9.946758815802216880e-01
9.849267828245996670e-01
9.647053549769051273e-01
9.789987440361151982e-01
9.781451513668527609e-01
9.807252622560723720e-01
9.718377151245793932e-01
1.000367697159384894e+00
9.826360619062913804e-01
9.786089304004056411e-01
9.686505534909813919e-01
9.862851113102093503e-01
9.578666143088818696e-01
9.692430986785914859e-01
9.506869112625918605e-01
9.902192339154947121e-01
9.614582295305086346e-01
9.847771010875527864e-01
9.718378408339357621e-01
9.816000548197375553e-01
9.941435195829104732e-01
9.641887844208919534e-01
9.746358586985716110e-01
9.873576492553260975e-01
9.819000730803738586e-01
9.811520023113067257e-01
9.872487864889399889e-01
9.978346799044486293e-01
9.735124570216320272e-01
9.818151772499112973e-01
9.834877362552363333e-01
9.672935406219572707e-01
9.836198209953879168e-01
9.983205253594534812e-01
9.887867565786268020e-01
9.758786727561763463e-01
9.913219397516701559e-01
9.789542700542211984e-01
9.881507877105907278e-01
9.942958922754195905e-01
9.741387338888135572e-01
9.786083093627627738e-01
9.806607794252639732e-01
9.792245021265374438e-01
9.704660928661403840e-01
9.816485110595640773e-01
9.757661035631591817e-01
9.647475704440108268e-01
9.863248706362740537e-01
9.743957599031806138e-01
9.802906407202665040e-01
9.616418403907845969e-01
9.750296139865439748e-01
9.987524465718766731e-01
9.794849417459596808e-01
9.868014034979059046e-01
9.749732619922663046e-01
9.878772442803384068e-01
9.789560637667574783e-01
9.976414129275603671e-01
9.718310994457924901e-01
9.653900507806146836e-01
9.683701623152427551e-01
9.939415666395872151e-01
9.856342582914133787e-01
9.774020213534160284e-01
9.713102491519121084e-01
9.934015832564847548e-01
9.876646263485375776e-01
9.820008197820020435e-01
9.888732565856936940e-01
9.814693187803327223e-01
9.927166114037450084e-01
9.853875812693083658e-01
9.949886371424471188e-01
9.766615064224524190e-01
9.628724074184640269e-01
9.789205758798265045e-01
9.739903241182092941e-01
9.700527720435810908e-01
9.689832117899930264e-01
9.692793588253459935e-01
9.793100257083489080e-01
9.643662077511834241e-01
9.761204637375577864e-01
9.957024780629892824e-01
9.828198086023313129e-01
9.885645476249877994e-01
9.778548682376425605e-01
9.856849611627284125e-01
9.809918592506253754e-01
9.713308566177506487e-01
9.643940305519264067e-01
9.853514239013704268e-01
9.912471376820046753e-01
9.506470695501294532e-01
9.995904792776395542e-01
9.702879134712377729e-01
9.721891716444690523e-01
9.961566246246852385e-01
9.913178189360454251e-01
9.709481159252209004e-01
9.790958951343414762e-01
9.715201479904854720e-01
9.791247212440151726e-01
9.801477313795627921e-01
9.758204599353994535e-01
9.938533928061988876e-01
9.917578879246258250e-01
9.871413185962596426e-01
9.813138492675477220e-01
9.802405995718855847e-01
9.956756780888361691e-01
9.706815319949938514e-01
9.809017067974281634e-01
9.792380186995408575e-01
9.662348366171820135e-01
9.725543776134734086e-01
9.792414956894037736e-01
9.907147069151630570e-01
9.892677270922849431e-01
9.726949492892695837e-01
9.860733953721346756e-01
9.628263675595137849e-01
9.678108333734761759e-01
9.969011448885368720e-01
9.872220873512639328e-01
9.692898787759398616e-01
9.803944676449402040e-01
9.534695426794942419e-01
9.853713939155829271e-01
9.911207476192763766e-01
9.873839327353977069e-01
9.944984845925353145e-01
9.885349205309319487e-01
9.860247860274702347e-01
9.890787143404164983e-01
9.888418676401055096e-01
9.879796157031957016e-01
9.780560527183255193e-01
9.718310283981358433e-01
9.788161927233792747e-01
9.754605332977218657e-01
9.881400738200465383e-01
9.500630115491645045e-01
9.780315836181564526e-01
9.830718020973263638e-01
9.906881311124656753e-01
9.653730476089410484e-01
9.816409538387573797e-01
9.690303878903537838e-01
9.754989464921387521e-01
9.618197036312096104e-01
9.737819521041261028e-01
9.811621478814466224e-01
9.667660318739061953e-01
9.751240940619668729e-01
9.910094469896113534e-01
9.810503798153098476e-01
9.765346302177305704e-01
9.741140893784694388e-01
9.663972586558309263e-01
9.893058037658533088e-01
9.895692738640179398e-01
9.820360983912657105e-01
9.775952198923604231e-01
9.975114018469453114e-01
9.460280295503112891e-01
9.944416268970501793e-01
9.829760719386397838e-01
9.797862435562392225e-01
9.712022485277482797e-01
9.941674440353295283e-01
9.836003278929293936e-01
9.907629265110799999e-01
9.532488855589370536e-01
9.852226920164439683e-01
9.904873349494622836e-01
9.787244855250789577e-01
9.621578488420045039e-01
9.679451242891824458e-01
9.631942645583128071e-01
9.906394659209855069e-01
9.862258165557344913e-01
9.449685213321470378e-01
9.559883053855372514e-01
9.537723205754323752e-01
9.915587413427271457e-01
9.704167775412795294e-01
9.641392720391094295e-01
9.808693189493868925e-01
9.821315103789809431e-01
9.793244879475953013e-01
9.777950650567421853e-01
9.541027268692575669e-01
9.782025937700828955e-01
9.802497052285967793e-01
9.788442922509816846e-01
1.006088742643789002e+00
9.904998355194178927e-01
9.743603048276946454e-01
9.931287643734371118e-01
9.783504456467811972e-01
9.732474385783606019e-01
9.703118734413743729e-01
9.864993161627484408e-01
9.747466512710650788e-01
9.780066730778289585e-01
9.719713397905330732e-01
9.736241426935028365e-01
9.822402750878281852e-01
9.489491616448932909e-01
9.829056299542656694e-01
9.915859479954174382e-01
9.946230236432686000e-01
9.832483851078648307e-01
9.706506638826611910e-01
9.712052708626736086e-01
9.681847333551548695e-01
9.655345432995214860e-01
9.881291151679023610e-01
9.761340776395737162e-01
9.893710758697810137e-01
9.856261951786778885e-01
9.959300596764711910e-01
9.853288211151663978e-01
9.646622539701530386e-01
9.495838638735959458e-01
9.264146878746094549e-01
9.875292585704026349e-01
9.571663039796758365e-01
9.852102275805461051e-01
9.967756526746727186e-01
9.371784615307713340e-01
9.878951394842997447e-01
9.792594745763602004e-01
9.559439465374935940e-01
9.933277936137753228e-01
9.872396395683125103e-01
9.516739129596373248e-01
9.806515796113864925e-01
9.892951637283059485e-01
9.510019433806938816e-01
9.895777584934377646e-01
9.907221587302376120e-01
9.693141649061308707e-01
9.933209024110737362e-01
9.752450893537989440e-01
9.528888347374628864e-01
9.748163596050519741e-01
9.508685595222681197e-01
9.673802746599327040e-01
9.855574846011820878e-01
9.913970152538615910e-01
9.340127077043479664e-01
9.616800263932286930e-01
9.826330203625374127e-01
9.583546448083258840e-01
9.873967100115539353e-01
9.852322043541194008e-01
9.928107399857912796e-01
9.937640206550297783e-01
9.911350360120396719e-01
9.557777072209269198e-01
9.855269861143794996e-01
9.641158393907235391e-01
9.799904699603193547e-01
9.806392296272747888e-01
9.815481847307930829e-01
9.803724204747520377e-01
9.815479246072963404e-01
9.854804439219592149e-01
1.001892655102632368e+00
9.818046453081723524e-01
9.960289628750986779e-01
9.876464053316702518e-01
9.605641979950961806e-01
9.894987266091984646e-01
9.843642735499976704e-01
9.831880963872612345e-01
9.811901530538562621e-01
9.790020398900000087e-01
9.704108587840594158e-01
9.720794167431072719e-01
9.903845677616690546e-01
9.546570770797588867e-01
9.643444685827810003e-01
9.460228078121124540e-01
9.901566147065006263e-01
9.807586833566315221e-01
9.721223566657811732e-01
9.967264816606280498e-01
9.739277985926599879e-01
9.689360339946757605e-01
9.572345074980526114e-01
9.839545325184151370e-01
9.667334928886238687e-01
9.879106530497178129e-01
1.000844809278591763e+00
9.890209779066135853e-01
9.856403784542988600e-01
9.999227194086031112e-01
9.937642087880877995e-01
9.766194996339767620e-01
9.921436078621985732e-01
9.873330547420913206e-01
1.006192670280211754e+00
9.868667509389739134e-01
9.814917925823374301e-01
9.551485111201986067e-01
9.905176061967785328e-01
9.565100853672731107e-01
9.680591871187074204e-01
9.589651158406207188e-01
9.799085567145519038e-01
9.852421441531465929e-01
9.737871137667167831e-01
9.841998405546716899e-01
9.956251013161828700e-01
9.783799917576454508e-01
9.730400746837528647e-01
9.924522320404751685e-01
9.727117416063445487e-01
9.845489988783900914e-01
9.997907628365598764e-01
9.801745148127376517e-01
9.650125156745997801e-01
9.832835736264713411e-01
9.772112888743940129e-01
9.782483368314799366e-01
9.794364598682360201e-01
9.815379880921676348e-01
9.628804546982537849e-01
9.893412696922846417e-01
9.586049835713732481e-01
9.772644827165146708e-01
9.809694936714743463e-01
9.648788290569572101e-01
9.697321552614766027e-01
9.912335304989432494e-01
9.814768614912292577e-01
9.847743911890188828e-01
9.568501964434467100e-01
9.705516907126421344e-01
9.878313796374450506e-01
9.636416680199937357e-01
9.845757636398099200e-01
9.779618888917228636e-01
9.842852715824379484e-01
9.785705739573991035e-01
9.731895558853872474e-01
9.637804825574375345e-01
9.803389050289249562e-01
9.624286885847053163e-01
9.864034286593579282e-01
9.811129976404804331e-01
9.558946955207172635e-01
9.891342610995835782e-01
9.907510020024388186e-01
9.860567770806065724e-01
9.913339473000836177e-01
9.815788859118971255e-01
9.715871582732811262e-01
9.571754546006081554e-01
9.825268339846933152e-01
9.773346364679910137e-01
9.864021786723800034e-01
9.709405896376037681e-01
1.000680005593629573e+00
9.723574290861923819e-01
9.898673772446805463e-01
9.873431451082423926e-01
9.767669339872453449e-01
9.612775636792184608e-01
9.519320441197823834e-01
9.811477310324685508e-01
1.010769455614557222e+00
9.898360415413938185e-01
9.529272977840675951e-01
9.740490994832867733e-01
9.832350760470507378e-01
9.429574924380438317e-01
9.663842177075273598e-01
9.873245137099755375e-01
9.946750174519459753e-01
9.714484954335393940e-01
9.900190145394566210e-01
9.854386917534722068e-01
9.454182270082696071e-01
9.718159308226935744e-01
9.854988175211508716e-01
9.770566704136517400e-01
9.849504935655923887e-01
9.539778090220573104e-01
9.905737711323381323e-01
9.970992502256836865e-01
9.932992322472294910e-01
9.639504232854000376e-01
9.447491140415948951e-01
9.757769168244890823e-01
9.585654032302461935e-01
9.898683858346614128e-01
9.423185316618121199e-01
9.886665223174020412e-01
9.812418222998722239e-01
9.846335387501169434e-01
9.777247877415432553e-01
9.741991245181766956e-01
9.839399169501473752e-01
9.715394804667812911e-01
9.870206553815994432e-01
9.588529287799149037e-01
9.699287724459847437e-01
9.848202015755420646e-01
9.785370457942712541e-01
9.887246301946378546e-01
9.636042081630623590e-01
9.801059708692254624e-01
9.771213133159925013e-01
9.754000071642097147e-01
9.932377287509835950e-01
9.850944689369843799e-01
9.648614928268089974e-01
9.766508869577610330e-01
9.702750470490935086e-01
9.928879720246671647e-01
9.875540200673782465e-01
9.739906585728030919e-01
9.799425991381122136e-01
9.595105607265639325e-01
9.623885555564759553e-01
9.834738867539989382e-01
9.682616995570206830e-01
9.672803800895655169e-01
9.747184604893572857e-01
9.903055027380580633e-01
9.941555625702620524e-01
9.875393452592201582e-01
9.803696406722351986e-01
9.767046910168961649e-01
9.886286131170811675e-01
9.806853137859792291e-01
9.639148427516270878e-01
9.874327351617911974e-01
9.861108935820355192e-01
9.877426553693069433e-01
9.521737892186381558e-01
9.836904695360979556e-01
9.668508077170373527e-01
9.384159995220375805e-01
9.660476252806534658e-01
9.892525947944854625e-01
9.806212666228817376e-01
9.711359033566657750e-01
9.614483660758733619e-01
9.567591862148419057e-01
9.687172317963523849e-01
9.831240014859764509e-01
9.951039994600706651e-01
9.929758242315389616e-01
9.506650680096022654e-01
9.904788757174610714e-01
9.646750821612979365e-01
9.921602099778131789e-01
9.901316065284069268e-01
9.929756149194154391e-01
9.712743375527128631e-01
9.666167866619848059e-01
9.709169335590801531e-01
9.831807911091235974e-01
9.676600524260863256e-01
9.960620307271561558e-01
9.859680155796077816e-01
9.367601734530786040e-01
9.769819893894877705e-01
9.938438644671331312e-01
9.790263958188767379e-01
9.857789665389360412e-01
9.748789222934023391e-01
9.962189014700283396e-01
1.003999459465435784e+00
9.628468296936277815e-01
9.783764206039521349e-01
9.770849972548583118e-01
9.883913236634731536e-01
9.647260054741833013e-01
9.874251041050373656e-01
9.870825170340781218e-01
9.887591160120683398e-01
9.847951244495829481e-01
9.935571185121272464e-01
9.777255914725023755e-01
9.707786234918073243e-01
9.801656130481013474e-01
9.606573113688415821e-01
9.822136885427413810e-01
9.850631375833595049e-01
9.642022479837358828e-01
9.702053607913427857e-01
9.637817616787954789e-01
9.531174764367416063e-01
9.911434681793256374e-01
9.648822583121638985e-01
9.813682913962940013e-01
9.893595550628218049e-01
9.837161582452306208e-01
9.942257655618025325e-01
9.579354458492109758e-01
9.777616561826431019e-01
9.742333808013161622e-01
9.708836734681334235e-01
9.909125229846762473e-01
1.001669109482944187e+00
9.665217952273674751e-01
9.696247896955768608e-01
9.567018087129676163e-01
9.624030784719772580e-01
9.599457397527010327e-01
9.928478417336158435e-01
9.827903499542555155e-01
9.833815750146874812e-01
9.819818132050377457e-01
9.843037093813228333e-01
9.931247495981788687e-01
9.878152213317457075e-01
9.841590448087228493e-01
9.691626388202978504e-01
9.576105524764548793e-01
1.004735798175864225e+00
9.946736781019323015e-01
9.855616314111020904e-01
9.803803474134827889e-01
9.896542155699515897e-01
9.853462014516780609e-01
9.735874053273205764e-01
9.738292432001718346e-01
9.931160219294344893e-01
9.821714148137679068e-01
9.744194911015913174e-01
9.767574866231866215e-01
9.875101508083397039e-01
9.749407526308657701e-01
9.977380935648377802e-01
9.776842360481904359e-01
9.893632862961424523e-01
9.721719844211790251e-01
9.645739201511709382e-01
9.929393917275870507e-01
9.775267070143121018e-01
9.840829330065307134e-01
9.864098083393295635e-01
9.463604242984477999e-01
9.746928428701913116e-01
9.632030342010889923e-01
9.765101978519840076e-01
9.936589610333907974e-01
9.613053338487376198e-01
9.884233649479249317e-01
9.931194690970303052e-01
9.885371919972526511e-01
1.001736061857723348e+00
9.761306584252080754e-01
9.815657541213944626e-01
9.429207524409997099e-01
9.651087941061866626e-01
9.847524693839865284e-01
9.873902415055633153e-01
9.672337930162839825e-01
9.639001348154507820e-01
9.289391135640904240e-01
9.911408138800079648e-01
9.540978245792488543e-01
9.763061068763857486e-01
9.881996688534986362e-01
9.883502003177626616e-01
9.856178831073233448e-01
9.877727343108521074e-01
9.893971604981069978e-01
9.880913639852766384e-01
9.885185890392923502e-01
9.909660238181973169e-01
9.782841115195571868e-01
9.757486889286247633e-01
9.733634815807088447e-01
9.713669320158666576e-01
9.792946319636055552e-01
9.837556653951318175e-01
9.470737934614222864e-01
9.702273093831068618e-01
9.602866794975929432e-01
9.795139930682379426e-01
9.828243449810549759e-01
1.001842827817656101e+00
9.813157134648884394e-01
9.718009062782569929e-01
9.866429820677483642e-01
9.831396512494589013e-01
9.998289827665437501e-01
9.685760579859170605e-01
9.826823354620446427e-01
9.776955932484703293e-01
9.939408302304538756e-01
9.768245843585913191e-01
9.737070728306030931e-01
9.868665899311803713e-01
9.885817657682305359e-01
9.833233121693486511e-01
9.497754688342288087e-01
9.911349925970441843e-01
9.921189954957803092e-01
9.907620514513865162e-01
9.729006487760387678e-01
9.942932484769424484e-01
9.748721794352251946e-01
9.734037749697160846e-01
9.859044260672270577e-01
9.841396688044037333e-01
1.001023326314437911e+00
9.733463563567957832e-01
9.842738899274047215e-01
9.964248363924588237e-01
9.953832311555564916e-01
9.904280254372194170e-01
9.721314521073153303e-01
9.760112009812695888e-01
9.606281035735863005e-01
9.964116087469446770e-01
9.849900062037389992e-01
9.935826878118032557e-01
9.953459432144653452e-01
9.828918222004795480e-01
9.533866383099662833e-01
9.900703565197034317e-01
9.706979581655362788e-01
9.913068578182777646e-01
9.825421087618307903e-01
9.800422690592680564e-01
9.849034201418527257e-01
9.692694809667566913e-01
9.563228130829268814e-01
9.803693525323046165e-01
9.657525798580051113e-01
9.815225981537959443e-01
9.781325466985852923e-01
9.830830151727993904e-01
9.827580709885274102e-01
9.839526678736865151e-01
9.911442807381664055e-01
9.669586546073525302e-01
9.853685608062792145e-01
9.897290851406488343e-01
9.799176917823453348e-01
9.647968700456124314e-01
9.729211390674794568e-01
9.823976117063255575e-01
9.987784750221705421e-01
9.868426803534673386e-01
9.618985002908815307e-01
9.820651248832467095e-01
9.850727605039955037e-01
9.800697437602394757e-01
9.808961249745661304e-01
9.759892150603193262e-01
9.954695625306620999e-01
9.654960815227056070e-01
9.892035211061467326e-01
9.865321971327507544e-01
9.783365524246583345e-01
9.846206821906839934e-01
9.815849878174964793e-01
9.469342011993829855e-01
9.753752875299989133e-01
9.942732392989079848e-01
9.870926452016884900e-01
9.845686382411720228e-01
9.850625516250184344e-01
9.735120706716708927e-01
9.800222362589287028e-01
9.872718205901506172e-01
9.677489569485593357e-01
9.243959746954168999e-01
9.720458279921612155e-01
1.002555284673206426e+00
9.957433506724777672e-01
9.745825373048055962e-01
9.897513022636733604e-01
9.763129193543228501e-01
9.757696041694142730e-01
9.719765439573625487e-01
9.767577470095665237e-01
9.712051382348868556e-01
9.659069348775285446e-01
9.864901893782134223e-01
9.781868315366015754e-01
9.890338137712291200e-01
9.683173895312402468e-01
9.861433644643561314e-01
9.696021625675127487e-01
9.838698305250838105e-01
9.687204869401134788e-01
9.869588673069673579e-01
9.843048426475514701e-01
9.863416227175019202e-01
9.266133392192650309e-01
9.754094397005860229e-01
9.607794113166269190e-01
9.925422304567455001e-01
9.882572864532160883e-01
9.907090654697787713e-01
9.869605659387122865e-01
9.601222864264085111e-01
9.390735434840754570e-01
9.906748650828287595e-01
9.883709807592632179e-01
9.876637402577955749e-01
9.668874834378565764e-01
9.933206544178836417e-01
9.919422316775287074e-01
9.855950453547089873e-01
9.779327085312312651e-01
1.006342077745515873e+00
9.454876455539689140e-01
9.464787567038557281e-01
9.742934194945228610e-01
9.845281993683322463e-01
9.847859414338128170e-01
9.653127007593175213e-01
9.701645653549807458e-01
9.947503002695794461e-01
9.944504445809350113e-01
9.820802479196661938e-01
9.904561988013569351e-01
9.957815309787603208e-01
9.586871492119425353e-01
1.003434833059578146e+00
9.996704320567382229e-01
9.867054484619616206e-01
9.752041448466672868e-01
9.613222316311937909e-01
9.761428494343312723e-01
9.940700833508975265e-01
9.918112456258593168e-01
9.934712328875500154e-01
9.872197540963528750e-01
9.907646287537678065e-01
9.524619371876408280e-01
9.676816262057597040e-01
9.788012330287206852e-01
9.759578315518769864e-01
9.623415623542831421e-01
9.858725833326194010e-01
9.866454087896686653e-01
9.643220326882238069e-01
9.830535365009943627e-01
9.931922154726132712e-01
9.833732556492406074e-01
9.726596970453612601e-01
9.743442026084974117e-01
9.666203052446362687e-01
9.882280612680578447e-01
9.499583178079138435e-01
9.673001704592013583e-01
9.723791356113516970e-01
9.838257430415550120e-01
9.785348399344829806e-01
9.851363726403401522e-01
9.687460093221413882e-01
9.829191513273695113e-01
9.918948674368943674e-01
9.882465725680501523e-01
9.828670284529615886e-01
9.677956532196877459e-01
9.780847665968506188e-01
9.885767641942453388e-01
9.895764568200525746e-01
9.692702308687316526e-01
9.826320178270073757e-01
9.724478428122939055e-01
9.971477198748934789e-01
9.652299269814890170e-01
9.659051918583485552e-01
9.744247044683095327e-01
9.773817728448395137e-01
9.539798174938302067e-01
9.849660992028661521e-01
9.923923525424503955e-01
9.789771978285243259e-01
1.000822415592223180e+00
9.732471842857787214e-01
9.609397584998646824e-01
9.823019808399960917e-01
9.841370259753652316e-01
9.815088309537848277e-01
9.835758095521212052e-01
9.859649284710854111e-01
9.882785995052184580e-01
9.615539637645644788e-01
9.569664902860151035e-01
9.945395290155120138e-01
9.877335366356362334e-01
9.871861066375615668e-01
9.953205717026404331e-01
9.686449835453381230e-01
9.919883685012051977e-01
9.797947828305951790e-01
9.774766952045063073e-01
9.722636501778672002e-01
9.619712624006495627e-01
9.795252014418965869e-01
1.003445647658951279e+00
9.702824022797653658e-01
9.815681153958722982e-01
9.877824014824500010e-01
9.713571269748699777e-01
9.867531710543383516e-01
9.678792295330249651e-01
9.885729445266098203e-01
9.903031054919499976e-01
9.849282773203998920e-01
9.859535968345101153e-01
9.871667535516209790e-01
9.630430669585228198e-01
9.783992538620872592e-01
9.557776173826885158e-01
9.928425936740296054e-01
9.693152591187396139e-01
9.741507147625642071e-01
9.668345455210031192e-01
9.747675868867754501e-01
9.639875764683117909e-01
9.730335533467142639e-01
9.684685524146839919e-01
9.865921699335074013e-01
9.698632876198252095e-01
9.727572953574982195e-01
9.196791107642159346e-01
9.745989304434028444e-01
9.671031749305917247e-01
9.874089136972568070e-01
9.828773911731559787e-01
9.529008611974439935e-01
9.687481732217171349e-01
9.702274296744206605e-01
1.000578214464494353e+00
9.967237953557501751e-01
9.627911888660068973e-01
9.575658450103160524e-01
9.811522257309780448e-01
9.873336464257634892e-01
9.562750526709689058e-01
9.740864714528644219e-01
9.819996525792191733e-01
9.830652308937152251e-01
9.353292963509453051e-01
9.745067864350581699e-01
9.906342055879133746e-01
9.737768579602924524e-01
9.794678727609679170e-01
9.898351696338457684e-01
9.893332700856728446e-01
9.696254921957824235e-01
9.698130426001783100e-01
9.742530442449787165e-01
9.718349666848496993e-01
9.725581485166275852e-01
9.831659038637349246e-01
9.486978955859660667e-01
9.892922457453255936e-01
1.002601295464033759e+00
9.686109456424335518e-01
9.870897113275911572e-01
9.807262449324949394e-01
9.877341814958404687e-01
9.513035231450971407e-01
9.793396048266972409e-01
9.842849565863055483e-01
9.823701766361153664e-01
9.635989656857900654e-01
9.654718531232560075e-01
9.721911640050713288e-01
9.825622907958717622e-01
9.763467516379070732e-01
9.831522596366789601e-01
9.470312102266141840e-01
9.975752417734383704e-01
9.709246951960331939e-01
9.522495746206686151e-01
9.795504041217106828e-01
9.713235927917704959e-01
9.830880131831383206e-01
9.711270082469111165e-01
9.918818645595096628e-01
9.709016810572567158e-01
9.777819987596582108e-01
9.730586385243912284e-01
9.901380556014415246e-01
9.826240437453938048e-01
9.802060575381803531e-01
9.637866512824386778e-01
9.853583518083863790e-01
9.762872827249526875e-01
9.474057497974684994e-01
9.701514506388605463e-01
9.737839344637257977e-01
9.793064195186069743e-01
9.913735802303615952e-01
9.903022501719227488e-01
9.511081452540542935e-01
9.595979754337405909e-01
9.712413307545496588e-01
9.864521316562596676e-01
9.845253081062504963e-01
9.884540583737533304e-01
9.839259334307692839e-01
9.867442619719504204e-01
9.773537824427973586e-01
9.774670661602207211e-01
9.622400008898890356e-01
9.918531914458211807e-01
9.894315368583788128e-01
9.870733418410225779e-01
9.656560368634268254e-01
9.749939545685413211e-01
9.676294622401110379e-01
9.837426234028920913e-01
9.836979124352154269e-01
9.568612644146222701e-01
9.854773762175141893e-01
9.847195989402948157e-01
9.853062883342670331e-01
9.902819601186292342e-01
9.753831625461935051e-01
9.731079379833120768e-01
9.783329636666150408e-01
9.825604049444672805e-01
9.833060499828102374e-01
9.669821606955226745e-01
9.755846574103735902e-01
1.002888487005809903e+00
9.834073901209203772e-01
9.828781995249409320e-01
9.632299462699732695e-01
9.751200160601291023e-01
9.878407914473615881e-01
9.964234181664448631e-01
9.643368334515268758e-01
9.889079240838706264e-01
9.729164051941060487e-01
9.870962167255247222e-01
9.652424872562890279e-01
9.797734392812335047e-01
9.689721506823197883e-01
9.666149381744693070e-01
9.695761616872802247e-01
9.868125763170607634e-01
9.804776243246426937e-01
9.914500680671720634e-01
9.782341205558485742e-01
9.446049044158080221e-01
9.627882568877812464e-01
9.703258585933598468e-01
9.946638355443980783e-01
9.606193267473056574e-01
9.728783302430276114e-01
9.835956688698450634e-01
9.610689157213906375e-01
9.620883812629362764e-01
9.652920633385863036e-01
9.895447709205132947e-01
9.750402072785330221e-01
9.863412831738885833e-01
9.624052338559755393e-01
9.893833477859956815e-01
9.624978570725878368e-01
9.831002905577834738e-01
9.698009007825100225e-01
9.840181127557980911e-01
9.816481952426009405e-01
9.857170493300914105e-01
9.809391452825597657e-01
9.650288647901303918e-01
9.712351170509925247e-01
9.897657351827197081e-01
9.633051652736475123e-01
9.622023435564515115e-01
9.702701689352402070e-01
9.589139253803987684e-01
1.004576958345510418e+00
9.975263667923331967e-01
9.746998068789225478e-01
9.573728529610369131e-01
9.831327339700464130e-01
9.663238336707349330e-01
9.683300845390659939e-01
9.798345613728788317e-01
9.995762653039949042e-01
9.794169727982539042e-01
9.867051118904895946e-01
9.687905563942633691e-01
9.864339310468540623e-01
9.914429807640164904e-01
9.597721121983164849e-01
9.771455093160392735e-01
9.752613215511098943e-01
9.937199090819075487e-01
9.842548010358519450e-01
9.485073585332589596e-01
9.450476471122976063e-01
9.748123061768108055e-01
9.695389739101918369e-01
9.844274196227910112e-01
1.006852465692793519e+00
9.830353657035590942e-01
9.841072211540050629e-01
9.825958225901992860e-01
9.613447735348310541e-01
9.459583114284597638e-01
9.873139532937816876e-01
9.803014392116733422e-01
9.585240627026255789e-01
9.803470094880125663e-01
9.845301555772069113e-01
9.757049960435538738e-01
9.883977486273238799e-01
9.915977169785071821e-01
9.764548628809875952e-01
9.978249249340752636e-01
9.948736558736356317e-01
9.841945397910712989e-01
9.930757252004016600e-01
9.829676664241469020e-01
9.782861831437943412e-01
9.745462676277646397e-01
9.828393077108075193e-01
9.594182086519738029e-01
9.758796114171701674e-01
9.605374263228713128e-01
9.821177446677282763e-01
9.579996934145570409e-01
9.664175460515282978e-01
9.668249562600806923e-01
9.639294426596306531e-01
9.835002186784624900e-01
9.892183831671289562e-01
9.937365191795425323e-01
9.862369615282742252e-01
9.888161880699430917e-01
9.797013176572231252e-01
9.822274932984490503e-01
9.452077701659409303e-01
9.917055625819758413e-01
9.892442963701775227e-01
9.842921864479627914e-01
9.919991618850955151e-01
9.869519016637563480e-01
9.460174117196549215e-01
9.517627218721352866e-01
9.863255770769560060e-01
9.788703608077961027e-01
9.623641005121837955e-01
9.883225820438393816e-01
9.602900343345680545e-01
9.976079393297297981e-01
9.670917231087661214e-01
9.903142457485658579e-01
9.671999195718069542e-01
9.907488086136445604e-01
9.920089561502141162e-01
9.721932932364478752e-01
9.787672403781421115e-01
9.427195788913176333e-01
9.708998087076650130e-01
9.791661763979579991e-01
9.929693280380469389e-01
9.781530238630395946e-01
9.873162724227028120e-01
9.677471554684622390e-01
9.734665426350631590e-01
9.842058500087399464e-01
9.872442135927126383e-01
9.708957987836928094e-01
9.754873817950258097e-01
9.537560724191668227e-01
9.855501815790769227e-01
9.637344738100066532e-01
9.828904767144982513e-01
9.716476302086588523e-01
9.872772544320550514e-01
9.919567728333271717e-01
9.680539738317464060e-01
9.944512120517207121e-01
9.643523840177553597e-01
9.863506745704427869e-01
9.473909611405560982e-01
9.795559885394691246e-01
9.859910172915274940e-01
9.759691116949478218e-01
9.771660157196940810e-01
9.674476246486791720e-01
9.891450249601055900e-01
9.818990303630829031e-01
9.964678586452158093e-01
9.998245943413803793e-01
9.437850382934730442e-01
9.858083282173076833e-01
9.777719864537615102e-01
9.794891266771184046e-01
9.816760393034266174e-01
9.663668097932976986e-01
9.367117652208928336e-01
9.870111287072224071e-01
9.765593532993497305e-01
9.877261568818772597e-01
9.790282908872383061e-01
9.857906444045475558e-01
9.764412164062503674e-01
9.816898664915503225e-01
9.739871636686404655e-01
9.767918299986639852e-01
9.849411396610807667e-01
9.944716470954303444e-01
9.659825356894492510e-01
9.904828574812916120e-01
9.827291387596751582e-01
9.911970558117820795e-01
9.789383656745174189e-01
9.749812707189943195e-01
9.912645948478531199e-01
9.878445009148336675e-01
9.801730956076172285e-01
9.725103524460654292e-01
9.736246613177909071e-01
9.785173416974145555e-01
9.885350187159103186e-01
9.931848808661325467e-01
9.691252888207686489e-01
9.819778840627684247e-01
9.770789070350474059e-01
9.581044915092906678e-01
9.876920997978492212e-01
9.862013352548515410e-01
9.858711937587023577e-01
9.906625345807290595e-01
9.855539039945661051e-01
9.889041756896328472e-01
9.823321087975244170e-01
9.900758061730757786e-01
9.768773167941667834e-01
9.689472669299797891e-01
9.882925700219857834e-01
9.839145980784268497e-01
9.827463806277562108e-01
9.230211823749505662e-01
9.800531873298059526e-01
9.808961672177233249e-01
9.816735502668569868e-01
9.998926456202014146e-01
9.807433110095330475e-01
9.489907184658377126e-01
9.821734567080103728e-01
9.846022867219614838e-01
9.773870856539287333e-01
9.725136073261519964e-01
9.701897743526025630e-01
9.885318062971413244e-01
9.662079044555142993e-01
9.924422570897948326e-01
9.849404938847898805e-01
9.728886692903802036e-01
9.915824174267309221e-01
9.781176745704786013e-01
9.627604773825760853e-01
9.617056671099903919e-01
9.746921055098629605e-01
9.759756886368795570e-01
9.824715371841615807e-01
9.839486101619689951e-01
9.491643414099184550e-01
9.740087644376196341e-01
9.808190812048901419e-01
9.609987104414412507e-01
9.882440253231847826e-01
9.913817441137130482e-01
9.901311047623607697e-01
9.579382187620085753e-01
9.979362455052653846e-01
9.861999439404275369e-01
9.872689481710379411e-01
9.802252766719095067e-01
9.959145963275339852e-01
9.949514098217112634e-01
9.860058960655241345e-01
9.711157676573600739e-01
9.885095859537428309e-01
9.741808654317072325e-01
9.841596831725909489e-01
9.904286300518504449e-01
9.781103980312202406e-01
9.935741756703929672e-01
9.787372940043359559e-01
9.656853306820702976e-01
9.538599261094414805e-01
9.668018214480557093e-01
9.934767711494647546e-01
9.911681894085712097e-01
9.777865190480009572e-01
9.864470011111281522e-01
9.526286917593729253e-01
9.835878263332703542e-01
9.826641171489600701e-01
9.808826713140257336e-01
9.778781109548754236e-01
9.910236676346448892e-01
9.882715172482537946e-01
9.842271399615563077e-01
9.847410041821624826e-01
9.862880905377960916e-01
9.748220501466248189e-01
9.737325342251457183e-01
9.853122998160993573e-01
9.806051928783589000e-01
9.926704714789718054e-01
9.857002187616544786e-01
9.805547409861510300e-01
9.897868351686341937e-01
9.551857881618593948e-01
9.305588217684027663e-01
9.663869853757481865e-01
9.890679495120144882e-01
9.912262274701548748e-01
9.903296200147965189e-01
9.837081010583660357e-01
9.750797038318330667e-01
9.881131328397509961e-01
9.404668910055544728e-01
9.731356912538957626e-01
9.967182665118398122e-01
9.708567979436280027e-01
9.894941136693758965e-01
9.880149167646780084e-01
9.870385042330254155e-01
9.894191848534216183e-01
9.709973145044660248e-01
9.694392394749103969e-01
9.715571195007597360e-01
9.841747619805119029e-01
9.818582402568487577e-01
9.852917041526330078e-01
9.623586617770799601e-01
9.866580248709088119e-01
9.724140415106765634e-01
9.710017958819231465e-01
9.808405025291487833e-01
9.831636657703628490e-01
9.820753624990411490e-01
9.853350219295496926e-01
9.656782404377503015e-01
9.650086418878410788e-01
9.947101578183767945e-01
9.954652986337269027e-01
9.775139618948563980e-01
9.561961945837628152e-01
9.788946830755737016e-01
9.755926757923628623e-01
9.829725634560498859e-01
9.842866283990813203e-01
9.790599796371609598e-01
9.874827402961089406e-01
9.883842692930573381e-01
9.983064469746194547e-01
9.735144424068860047e-01
9.669617458199448734e-01
9.595769102682851770e-01
9.880163247956612604e-01
9.810813986754148841e-01
9.890190305152244399e-01
9.870984752291276365e-01
9.870370864687139090e-01
9.816803385210483013e-01
9.686382480410584694e-01
9.617243588928303666e-01
9.599513416116595144e-01
9.387162324653021139e-01
9.807716819409837417e-01
9.844185403057167383e-01
9.760144254450070500e-01
9.820251942296182035e-01
9.607074268240797243e-01
9.768104745291290580e-01
9.692492484916271911e-01
9.749612510051844927e-01
9.868796337454516232e-01
9.742430090080456129e-01
9.542343754536691813e-01
9.768293098892130155e-01
9.629166571334761837e-01
9.991838340563409249e-01
9.852487405911420915e-01
9.955708185076153072e-01
9.890495326437221957e-01
9.829884049046642147e-01
9.829195505993523208e-01
9.867944600566538327e-01
9.800953527428776235e-01
9.981148011727265512e-01
9.885807964780192192e-01
9.902492289114972479e-01
9.775384081073674736e-01
9.437208540796939715e-01
9.783394917778217570e-01
9.844668514679099092e-01
9.838604788141601665e-01
9.718108532944936817e-01
9.835622479913266325e-01
9.767869181733481732e-01
9.872362764084660069e-01
9.852541605221850629e-01
9.401698903954605058e-01
9.888816080340712134e-01
9.937826768853875725e-01
9.610995532123771667e-01
9.865588306688891640e-01
9.893833185163453114e-01
9.688182786461171370e-01
9.952601458970837811e-01
9.802466257962002549e-01
9.693304614281491594e-01
9.656031605097384896e-01
9.781863500727985272e-01
9.867451931154994638e-01
9.906300962417771139e-01
9.603229651380967846e-01
9.622895747854285364e-01
9.855944744830781312e-01
9.780702688390606747e-01
9.713583151798328430e-01
9.857395958901252753e-01
9.836990095639449594e-01
9.934101431194225507e-01
9.830151792673196276e-01
9.620668283418646327e-01
9.768678807686013155e-01
9.715837063768167914e-01
9.795948331524343411e-01
9.684877425156693809e-01
9.750012616644327945e-01
9.886434438027744687e-01
9.822103279860127101e-01
9.582990526507176865e-01
9.856514536450254882e-01
9.502579249819697038e-01
9.764158780442039332e-01
9.641931514051901297e-01
9.641903100007395144e-01
9.963732587335739632e-01
1.006926560755976530e+00
9.793650007067639107e-01
9.865937723454411001e-01
9.449454369718133240e-01
9.726433716179055944e-01
9.707762524671005311e-01
9.664243577067078705e-01
9.497597561804745903e-01
1.014957940175601925e+00
9.525323427899070605e-01
9.517343733833136810e-01
9.710616859651219901e-01
9.657493374048620183e-01
9.882504290364872990e-01
9.650359435083791793e-01
9.663938254452434373e-01
9.581114822564527067e-01
9.914345463572030726e-01
9.666409719529879263e-01
9.793269228721424025e-01
9.802291193175207695e-01
1.006747166947432381e+00
9.633702673163728747e-01
9.941456537761728107e-01
9.752399922097634288e-01
9.890401969205585564e-01
1.001734327500379607e+00
9.868373688836425961e-01
9.782344884043402411e-01
9.838456933666811510e-01
9.390185918525679742e-01
9.707835157702916495e-01
9.940961178282475830e-01
9.659760077614434337e-01
9.820853917506322528e-01
9.754477249290420815e-01
9.476906934860163112e-01
9.644760710769492151e-01
9.484920784430534990e-01
9.739535580479530275e-01
9.592240999925458755e-01
9.845243057509456275e-01
9.822951244257812631e-01
9.862111809620964786e-01
9.814395818652515979e-01
9.734831881878551751e-01
9.775797627269340317e-01
9.714313831187295634e-01
9.912395750843185915e-01
9.863326492064538042e-01
9.770784283701478001e-01
9.730573964764807071e-01
9.911864771841535360e-01
9.591913538258214356e-01
9.786545400878383649e-01
9.786649413286075960e-01
9.950416845579254099e-01
9.888526558340700046e-01
9.519196401831683252e-01
9.825705176381761552e-01
9.707939848846793840e-01
9.408758142992217355e-01
1.015549467870947797e+00
9.698339116970609020e-01
9.819389471258065383e-01
9.654657005968934058e-01
9.825204344799051137e-01
9.898955898614298921e-01
9.857951082834301992e-01
9.758698839939563552e-01
9.876713512021949581e-01
9.810098606914119390e-01
9.862895133411696547e-01
9.748993750531339542e-01
9.881022998658663958e-01
9.711345387338942148e-01
9.623443765264629857e-01
9.961956947001147089e-01
9.999600195209774611e-01
9.908881761866666915e-01
9.455577551783470591e-01
9.776611355425560701e-01
9.910291204095924567e-01
9.699656921241734953e-01
9.785973036066147879e-01
9.702239094287592458e-01
9.694988215696689338e-01
1.001672391170297827e+00
9.959006491471830147e-01
9.796868446725061075e-01
9.912932365606453855e-01
9.821410855760845937e-01
9.647807387327468343e-01
9.998988119603747782e-01
9.572037926107059835e-01
9.402668330949062181e-01
9.817477349131512598e-01
9.528219840054742429e-01
9.927543355802942449e-01
9.755735109566768815e-01
9.660459551077527074e-01
9.851829126020686944e-01
9.785524937701659542e-01
9.657790553188005944e-01
9.697985074350958801e-01
1.001946888552197379e+00
9.557857388191297598e-01
9.827584542947200852e-01
1.001781953867931119e+00
9.372274113976239995e-01
9.873266385713103110e-01
9.728656039659447918e-01
9.780723295595097344e-01
9.703594177035976820e-01
9.599934498223389179e-01
9.964510646937566607e-01
9.814291273814429450e-01
9.731965718612056726e-01
9.837003323651581921e-01
9.813617906724524387e-01
9.743649358752362044e-01
9.976120886896047146e-01
9.888697383553248788e-01
9.751421222583723791e-01
9.798532156788744008e-01
9.601272440652005580e-01
9.891792383951959478e-01
9.821504571846428888e-01
9.674011488951025362e-01
9.861453427213772160e-01
9.823787534703247726e-01
9.638749993333227684e-01
9.818302664598179685e-01
9.969316183675310805e-01
9.423656767316386240e-01
9.898341547849692779e-01
9.787732550100410878e-01
9.764556231299152955e-01
9.751227125822462538e-01
9.860189001313636181e-01
9.900092730339207225e-01
9.779634526393304883e-01
9.855346191548176593e-01
9.823598875867632918e-01
9.781348025743576979e-01
9.910245404467409314e-01
9.536092298158268532e-01
9.800500005836889628e-01
9.889382671558181181e-01
9.718202619149273191e-01
9.717960555303210013e-01
9.952619709880715648e-01
9.847269474618264296e-01
9.692597208802394837e-01
9.777852974809474462e-01
9.678761063879753879e-01
9.762018644251281296e-01
9.737039448942913511e-01
9.623540202986563541e-01
9.638515984776383494e-01
9.724921314930156102e-01
9.793767547053598976e-01
9.876958494223471163e-01
9.676792056004711595e-01
9.908826404568222834e-01
9.730670642110188506e-01
9.705686084187281626e-01
9.611969187350853927e-01
9.882166404405237081e-01
9.803130814760248057e-01
9.526880415945004899e-01
9.680466352560808119e-01
9.736684115296078135e-01
9.640156803097280624e-01
9.659274085047668823e-01
9.766712925748528562e-01
9.647440189554502554e-01
9.868680631627774202e-01
9.500603503413446171e-01
9.831726667902619399e-01
9.780464294595380137e-01
9.794462400869209384e-01
9.895751503421956752e-01
9.567734810527320777e-01
9.872020940862843430e-01
9.683771736737374347e-01
9.915731384292978401e-01
9.883589934557811540e-01
9.979826250577007452e-01
9.845104758433225189e-01
9.834719844404944400e-01
9.604539176352110408e-01
9.860248438998785447e-01
1.008169836773400663e+00
9.780371687697499983e-01
9.904567827527778201e-01
9.546189634637713972e-01
9.705630406507075314e-01
9.938580379047673441e-01
9.858133781824605091e-01
9.757922209429767957e-01
9.625516188157324793e-01
9.618788737734307315e-01
9.878165415319687392e-01
9.660283392535227165e-01
9.845544055510213610e-01
9.864217726045138024e-01
9.574581486256137364e-01
9.851674890852614164e-01
9.874279241497624371e-01
9.722332667170757725e-01
9.712132955024417313e-01
9.851003136618246003e-01
9.515329349582735130e-01
1.003653929583990134e+00
9.807948349041201164e-01
9.845672528760704978e-01
9.710687622053023604e-01
9.915369865690231155e-01
9.943468982299255021e-01
9.780103142238177893e-01
9.930515919437900019e-01
9.923504503553782774e-01
9.696928458858745659e-01
9.893939493353265391e-01
9.761765084517058932e-01
9.933402706333519516e-01
9.735003789101872584e-01
9.651137825005468018e-01
9.755968059406657789e-01
9.974751311453322611e-01
9.721987687055707594e-01
1.001054764944374398e+00
9.878057968625723051e-01
9.836763419387115626e-01
9.796211337881338688e-01
9.634062116022555911e-01
9.804063011804809991e-01
9.824504569125148690e-01
9.707068195920794951e-01
9.736870442642302503e-01
9.858888783170747239e-01
9.856153623990467905e-01
9.812967685322008249e-01
9.829576944250096870e-01
9.893187902687271551e-01
9.913406475708375076e-01
9.852671495874268937e-01
9.939242463726691845e-01
9.764472542655308063e-01
9.748413093928803841e-01
9.910011318641069877e-01
9.738247541516833472e-01
9.931569831339319698e-01
9.848085001513522396e-01
9.805137112957303946e-01
9.785340510804727554e-01
9.566520262847595379e-01
9.718419640264839288e-01
9.617478817057620866e-01
9.814865784490388601e-01
9.625110959951386214e-01
9.956681200650081554e-01
9.956694697287433726e-01
9.849887905340796168e-01
9.606844038954188703e-01
9.758744171543162205e-01
9.695176560398303112e-01
9.693371770101562035e-01
9.796649322774050317e-01
9.845073180246971534e-01
9.913455598107734357e-01
9.751607153496175684e-01
9.734718398088719749e-01
9.792426492734610521e-01
9.825723702088403622e-01
9.896726141684865086e-01
9.748804100148612539e-01
9.884354307342927415e-01
9.657408145120368603e-01
9.681102747171792533e-01
9.697108251496300291e-01
9.557311484806483293e-01
9.939945336751645488e-01
9.866885625438364116e-01
9.817205390744628835e-01
9.794206159294588376e-01
9.698047243007998919e-01
9.882994923490054928e-01
9.913581444715373614e-01
9.622895604978879414e-01
9.795486383339918612e-01
9.873024320740503290e-01
9.772956006844696342e-01
9.554804531881252450e-01
9.863778964686152895e-01
9.807655769340760665e-01
9.883446381789461332e-01
9.692327564067841905e-01
9.841125497565316183e-01
9.872439011301302747e-01
9.911257291655165558e-01
9.748983787395176792e-01
9.802749444861558192e-01
9.620264320389229074e-01
9.794681700326601792e-01
9.666090614891257315e-01
9.870901073681196403e-01
9.552089981030010835e-01
9.637536529820213138e-01
9.835850553396409124e-01
9.918752538222829207e-01
9.933192419975788168e-01
9.860814348551725228e-01
9.839874216666862905e-01
9.720532100241502382e-01
9.756578835011464612e-01
9.857088364926225310e-01
9.790802490173222683e-01
9.744468543388208337e-01
9.790130810415926810e-01
9.959322687539133856e-01
9.891803361819998530e-01
9.854758617580255953e-01
9.823535613003174793e-01
9.748893800299581747e-01
9.770326022444482117e-01
9.811388540187733209e-01
9.867086550505239639e-01
9.664594114884366149e-01
1.000411867275864175e+00
1.004204476862031736e+00
9.864562755681542949e-01
1.012619995699976405e+00
9.919999047840937223e-01
9.810435889824761224e-01
9.733746160085069432e-01
9.708188580386959421e-01
9.753311450109988234e-01
9.370105292024852872e-01
9.767395273056159732e-01
9.725148074673051202e-01
9.584479455126263536e-01
9.775729841672404774e-01
9.639345502235695529e-01
9.791118492421491126e-01
9.702107923449331262e-01
9.862331330285837305e-01
9.451237100687313042e-01
9.763405858464562215e-01
9.802875954676091297e-01
9.843746941383727522e-01
9.972461504087767326e-01
9.885381769959150633e-01
9.932414745673368017e-01
9.859748421979364075e-01
9.731373370587093063e-01
9.537388545749839741e-01
9.940789024411779140e-01
9.880167183071577597e-01
9.800854909557787931e-01
9.767297048295234818e-01
9.867362596064140901e-01
9.636393055289207421e-01
9.843376103423616685e-01
9.809209209888188896e-01
9.686611071151332020e-01
9.860441832086556113e-01
9.533097014475427899e-01
9.676566525094921767e-01
9.791792515068461489e-01
9.963221915188252842e-01
9.658182302079402204e-01
9.886438519597519070e-01
9.739352701912337151e-01
9.801550575802974175e-01
9.764810212954114776e-01
9.873699971336724612e-01
9.821774902349135195e-01
9.854005843553096389e-01
9.806706095850228344e-01
9.870340787101112845e-01
9.777918763330696317e-01
9.926143103275769652e-01
9.769158346929546211e-01
9.884373981634684281e-01
9.900388509117834523e-01
9.640581210116326849e-01
9.919296031319804197e-01
1.004479378580705573e+00
9.689925060218399500e-01
9.521727140285254354e-01
9.811962912188432195e-01
9.793173791119942351e-01
9.873125123394159708e-01
9.631950432103900672e-01
9.823562981842426378e-01
9.945449143735676234e-01
9.827807876020770994e-01
9.848924413473625350e-01
1.001366234457805149e+00
9.828549419754233352e-01
9.791385183396384972e-01
9.770476414684993172e-01
9.949500640188158052e-01
9.790316909272746004e-01
9.996788487622301211e-01
9.844026907388614411e-01
9.790341136682183532e-01
9.845153819664491657e-01
9.627647261604898032e-01
9.835206992822751459e-01
9.784981641763925708e-01
9.869042707781586765e-01
9.789285083331746851e-01
9.793175729695181575e-01
9.732032553681129183e-01
9.870728701824803553e-01
9.750615791310205394e-01
9.555275386755630596e-01
9.918625633207364123e-01
9.831033321338723541e-01
9.651435957687061196e-01
9.718039786850866113e-01
9.923286464564864406e-01
9.611782095034470119e-01
9.888781086104228013e-01
9.638141755861326931e-01
9.647288704760419442e-01
9.768160192210394444e-01
9.828101427960835856e-01
9.758895775476728041e-01
9.760299821445254098e-01
9.522496421148138879e-01
9.661964546643766472e-01
9.625135979167196432e-01
9.898778021504383018e-01
9.829549106152002391e-01
9.816497498686096446e-01
9.620277868315365577e-01
9.910154498941262657e-01
9.982611753031054302e-01
9.764673693613898919e-01
9.921319596199773549e-01
9.866065629644925616e-01
9.674676738304418544e-01
9.778194131907592679e-01
9.833750197447023167e-01
9.854878633886277051e-01
9.846778876797893654e-01
9.797520163454144226e-01
9.849334263096192199e-01
9.683506295957338139e-01
9.883877828518375930e-01
9.555811963539432297e-01
9.902110221118639588e-01
9.516537626259209404e-01
9.656525322339176709e-01
9.903079918874018173e-01
9.453374044600297843e-01
9.876536725148098439e-01
9.839770605102706735e-01
9.837157114611585484e-01
9.798778242051623399e-01
9.772034451055642279e-01
9.999730191493299003e-01
9.614598595074388410e-01
9.901260878415868438e-01
9.652736098457819214e-01
9.904589928277448552e-01
9.621395974703189635e-01
9.896964481262433555e-01
9.767647103601700964e-01
9.863188334081417485e-01
9.809688688901558873e-01
9.517573256345183141e-01
9.761682279866432665e-01
9.941779143842622846e-01
9.586565688397012952e-01
9.938660039901855425e-01
9.790354463997783530e-01
9.954496808638725325e-01
9.906455404488682115e-01
9.784752927974776915e-01
9.855911500692798866e-01
9.834708160075985584e-01
1.004172723313499827e+00
9.862419462041811524e-01
9.638071983090337191e-01
9.936651468351426209e-01
9.703431445866546046e-01
9.689334725093728951e-01
9.929263899957119222e-01
9.762644344520143846e-01
9.872485538105485459e-01
9.813285928802157887e-01
9.724506184195947922e-01
9.677239198939578957e-01
9.687345329215187872e-01
9.788661727215298702e-01
9.686159930590056977e-01
9.483697724371661364e-01
9.659736416154841576e-01
9.826929337226006922e-01
9.859518932524534707e-01
9.670503054156112110e-01
1.000182310650458151e+00
9.920664489465932379e-01
9.870770581859702464e-01
9.864773990820181471e-01
9.733945137777512135e-01
9.948971196420957064e-01
9.922107337617115386e-01
9.954890376453083833e-01
9.766563940709124259e-01
9.839711246204625450e-01
9.791589980472934496e-01
9.543480388947817028e-01
9.831488825622529681e-01
9.743353594243545635e-01
9.897543047842153330e-01
9.949387987838200775e-01
9.799510587466894185e-01
9.805443401349425159e-01
9.562322910041587409e-01
9.844724582713100247e-01
9.874017833652876108e-01
9.879768433021196561e-01
9.777111389174975020e-01
9.862738305276190776e-01
9.752565241519139949e-01
9.798049376484355699e-01
9.655010257282499175e-01
9.772815254185166500e-01
9.891088759522398410e-01
9.612089916355056607e-01
9.907750910292300039e-01
9.820637090706817451e-01
9.853216296377869110e-01
9.897761246772546206e-01
9.824986494330907316e-01
9.669751307107239402e-01
9.639589396906711460e-01
9.728407429849837973e-01
9.687047445632752662e-01
9.685319464517228027e-01
9.882180924786624354e-01
9.902710751402684641e-01
9.910112566497616404e-01
9.875352131452705962e-01
9.712357822147511532e-01
9.780889827953893612e-01
9.708097053359685535e-01
9.773223364341818709e-01
9.729566716292311623e-01
9.895328243724562656e-01
9.733233316422773562e-01
9.659430608044048405e-01
9.880454939706158068e-01
9.779602049064995972e-01
9.838281001715863949e-01
9.905152328331938705e-01
9.808686728099956786e-01
9.891822302161743519e-01
9.541103275950029161e-01
9.884799419966459055e-01
9.427044895036588157e-01
9.861069891051308378e-01
9.824803872319131104e-01
9.862113531947962475e-01
9.882296426542180878e-01
9.746465506028968440e-01
9.595256634425259890e-01
9.718113081268789921e-01
9.851267602446902583e-01
9.919773422484835512e-01
9.941453244955785751e-01
9.661157858834031886e-01
9.794089354541066772e-01
9.894820894885305584e-01
9.683416617311503272e-01
9.703801305812078670e-01
9.840040892037835718e-01
9.868298386723226567e-01
9.777101062867648018e-01
9.714542344933623230e-01
9.788355066743454902e-01
9.649849752905221845e-01
9.798053456781014026e-01
9.541182966859773629e-01
9.910537237473482364e-01
9.946664881505986600e-01
9.611468966706803174e-01
9.892443837104418769e-01
9.675879358547776476e-01
9.772473743719636285e-01
9.765043050175445938e-01
9.877903057186585567e-01
1.000061863287035280e+00
9.512245359808804146e-01
9.864597729506915380e-01
9.695587923060048352e-01
9.835024637706667461e-01
9.789727974245171493e-01
9.845449566214146131e-01
9.796963584949786030e-01
9.860353807442701068e-01
9.949934400894941966e-01
9.811910435627519966e-01
9.690666879927481991e-01
9.756309280301752596e-01
9.583574953156456244e-01
9.550406661117918361e-01
9.797331090975526235e-01
9.737373070845031231e-01
9.798799731702108051e-01
9.891524477709008334e-01
9.864167791644170569e-01
9.842698277004404694e-01
9.769065440376613063e-01
9.751760993290281565e-01
9.626804685992300659e-01
9.610676628769057039e-01
9.647554483131852709e-01
9.714408869678965441e-01
9.686873906067505757e-01
9.912395339114058457e-01
9.803977460306084746e-01
1.005186591891603864e+00
9.546864601588460619e-01
9.947721970664720192e-01
9.812653443463070779e-01
9.747089527933693320e-01
9.864602520877906455e-01
9.528384198862673848e-01
9.578475386445022277e-01
9.908705766150573968e-01
9.755711439169710841e-01
9.948734884003282986e-01
9.840285452849112380e-01
9.853386682398199703e-01
9.754996603650937237e-01
1.010354318619287373e+00
9.585516678308446670e-01
9.888161384484722705e-01
9.749862065792783694e-01
9.963682403737035287e-01
9.524802250701849271e-01
9.786358119615650164e-01
9.780677227524626760e-01
9.462631850246483456e-01
9.842421593178002359e-01
9.601657759199809794e-01
9.944030548079907383e-01
9.896751134468900757e-01
9.881950928659085642e-01
9.716810813377589895e-01
9.786304703932670046e-01
9.884637769905412208e-01
9.608813061590470994e-01
9.879014237363811235e-01
9.772905648670766610e-01
9.815625000472356643e-01
9.739317616862713800e-01
9.859362475599007247e-01
9.783718379144037414e-01
9.850075925282848477e-01
9.676762482531092724e-01
9.958300792363515841e-01
9.822067530525334655e-01
9.693469311576679015e-01
9.684437112928323543e-01
9.797307815035322109e-01
9.935087946477518805e-01
9.893748087177123285e-01
9.802132330376926994e-01
9.755434432469286543e-01
9.804880376972733291e-01
9.589507996506710930e-01
9.884982947717597668e-01
9.878192205418155902e-01
9.625171176911132553e-01
9.898292990679328218e-01
9.708168287288034826e-01
9.774564548637243444e-01
9.942988949213296124e-01
9.767515106055394414e-01
9.854766974944125790e-01
9.671407034094053889e-01
9.717104044128278550e-01
9.920321319651717040e-01
9.934205320694099450e-01
9.620474301119145144e-01
9.768401878170696051e-01
9.773590683335655616e-01
9.484279608880962220e-01
9.906753833421800826e-01
9.854876083011693266e-01
9.859440431327290977e-01
9.747151405411410563e-01
9.750844194104538731e-01
9.892803718640714727e-01
9.859959457827786045e-01
9.779164030605685953e-01
9.476168799005109111e-01
9.755587116548026794e-01
9.848259719695687808e-01
9.836295182381628033e-01
9.946207378631337637e-01
9.906876086353919586e-01
9.903479339447887053e-01
9.951446744932349597e-01
9.851637740679489719e-01
9.838325781541287229e-01
9.878701775252908268e-01
9.836466701836396043e-01
9.971567204842115562e-01
9.803788160469004698e-01
9.874686334097895202e-01
9.891252131861010266e-01
9.883377046077636008e-01
9.390500601140435721e-01
9.918311082497923703e-01
9.763444481348574344e-01
9.764221002329974697e-01
1.000668779085825300e+00
9.759889937329970788e-01
9.720311002672868961e-01
9.717997252828476373e-01
9.813627662517697692e-01
9.812431423949520282e-01
9.943726133443209214e-01
9.870309454084819079e-01
9.890823823080200361e-01
9.864325154718893707e-01
9.914509529501350782e-01
9.811097378142581427e-01
9.888177397709665417e-01
9.532477082575051552e-01
9.936643524052160004e-01
9.765924087641109086e-01
9.997143501306241520e-01
9.762484838929423869e-01
9.750930334323639759e-01
9.571143752422001105e-01
9.807464053853875985e-01
9.905637148279925475e-01
9.754900419764567232e-01
9.538733412875800566e-01
9.935729371279730104e-01
9.817216726472194344e-01
9.818720727133423143e-01
9.840087634680183548e-01
9.785596061204479001e-01
9.921363352276223457e-01
9.613310372415705407e-01
9.523851909057410303e-01
9.655509878513626187e-01
9.702993892200538761e-01
9.604026509389060884e-01
9.714268652571681484e-01
9.930714069601649374e-01
9.878820591734843726e-01
9.723632622683846538e-01
9.582894831080260856e-01
9.809964467627148021e-01
9.869728987361505723e-01
9.744480522465559513e-01
9.822435833093210444e-01
9.838560573287670197e-01
9.881775552020103381e-01
9.839305198243155637e-01
9.865915151601426514e-01
9.819782587081128389e-01
9.722841076886195033e-01
9.902159038885975928e-01
9.715008960926362347e-01
9.833191304752973982e-01
9.920982907763289393e-01
9.783178747418158627e-01
9.650588628992963214e-01
9.550006890884544797e-01
9.793982338041932190e-01
9.727599203281860341e-01
9.692646675942286905e-01
9.817284175404121793e-01
9.725785998149167888e-01
9.905282542101461196e-01
9.841020579049731820e-01
9.735421997203345112e-01
9.846758520145451055e-01
9.678600016023258812e-01
9.898672985819502168e-01
9.751831587949523206e-01
9.759171087060424243e-01
9.787358173533994288e-01
9.922227071438632917e-01
9.775558443043104173e-01
9.702445250674327504e-01
9.790194800179403689e-01
9.863654056209605336e-01
9.731047258547909085e-01
9.597021692173084428e-01
9.874497489387360494e-01
9.881584704293524535e-01
9.713760315141255486e-01
9.780890916139829416e-01
9.904206482724262628e-01
9.918794741712078089e-01
9.830871220109416164e-01
9.969253593306385275e-01
9.770253509345877552e-01
9.709844708364597787e-01
9.861795505460893008e-01
9.799048930780671629e-01
9.572774248615061321e-01
9.832871310562584233e-01
9.646050235226439895e-01
9.734879973612067250e-01
9.605829606496270046e-01
9.811150459502139265e-01
1.006687811752137618e+00
9.760658748807479190e-01
9.763457324859807773e-01
9.827554597325941499e-01
1.001022258888383254e+00
9.688671918809601546e-01
9.661641778893730326e-01
9.693228251770833470e-01
9.398192306563384335e-01
9.825096852437574801e-01
9.659471693957627503e-01
9.965658763742085702e-01
9.775349454369101077e-01
9.812141333774239138e-01
9.825019917721578011e-01
9.713688924647451151e-01
9.867584390574472009e-01
9.813252588514428387e-01
9.830169390648784145e-01
9.669027193884035531e-01
9.719139541460714016e-01
9.914851557490015344e-01
9.936769445294639791e-01
9.822051243299146916e-01
9.614128362486640267e-01
9.715319011871246246e-01
9.874367296423636198e-01
9.791952359855334853e-01
9.838147429706355362e-01
9.817325262737588432e-01
9.589982778210283110e-01
9.864735404254731943e-01
9.931773132553307626e-01
9.614673600407465104e-01
9.841377893444197555e-01
9.622324171255932646e-01
9.681506694624391063e-01
9.920052758997441877e-01
9.830682171199318642e-01
9.886854194095736625e-01
9.756331487275582415e-01
9.477128648954170620e-01
9.873013958169724047e-01
9.652809964944484289e-01
9.870065338949794986e-01
9.797926066227621300e-01
9.873935386271458503e-01
9.669089092900664539e-01
9.658664365324018952e-01
9.782726539325340420e-01
9.193755322889132220e-01
9.893238265505037710e-01
9.929901444518814957e-01
9.813629803395177431e-01
9.828087074089918440e-01
9.932704125070606072e-01
9.768796426592012416e-01
9.560991441470956254e-01
9.968855592283488720e-01
9.775212910976487368e-01
9.832706401103927796e-01
9.772712826275750109e-01
9.823924848923052400e-01
9.825911024624229828e-01
9.553213412256862380e-01
9.858171858452016156e-01
9.917673817150254312e-01
9.846700385325335425e-01
9.568864152880951490e-01
9.849191583410612516e-01
9.635149238114290027e-01
9.925508732743322238e-01
9.857003671847416326e-01
9.722869986455098257e-01
9.585495595766978516e-01
9.882316457432384071e-01
9.561387157330081266e-01
9.704332270668507565e-01
9.831818190795280632e-01
1.001427409293753845e+00
9.578617875852449837e-01
9.646510561477800172e-01
9.884623991174040780e-01
9.530788667788071544e-01
9.914355035261148696e-01
9.758339930076280755e-01
9.463717233245471094e-01
9.912149911154262139e-01
9.650432342075057068e-01
9.815960206201791438e-01
9.898746526138025859e-01
9.757773492942473093e-01
9.566738037694647590e-01
9.870021007195660667e-01
9.932341288876914698e-01
9.863397448039633586e-01
9.788708804510601880e-01
9.819928748019933762e-01
9.940659450718322132e-01
9.306317080462487290e-01
9.829744824445865170e-01
9.834055809615180888e-01
9.831901480245107683e-01
9.884286241034613285e-01
9.577598030231669890e-01
9.858266501165554585e-01
9.577017996171344194e-01
9.893674154580184288e-01
9.617013783803751714e-01
1.001983241474711406e+00
9.939013180586903085e-01
9.735762906754814594e-01
9.958312090943498562e-01
9.770379619421261097e-01
9.839833195160021528e-01
9.744044307248912462e-01
9.907379454305378363e-01
1.002517254187994533e+00
9.516161443588873059e-01
9.897327650585583392e-01
9.721461396261468213e-01
9.834015880389438413e-01
9.609064657479615690e-01
9.566613409260501522e-01
9.873205535320019877e-01
9.856585611116461809e-01
9.810134362932805274e-01
9.766124788708934190e-01
9.846049321120416975e-01
9.806824376464391424e-01
9.909234829073709783e-01
9.832183719872058525e-01
9.725478660103896722e-01
9.869405455354633983e-01
9.574752037067337795e-01
9.791704263934780661e-01
9.684846016625124898e-01
9.615308014734385011e-01
9.908896799987634285e-01
9.694821622657587845e-01
9.864747406180502942e-01
9.322753688281758544e-01
9.856862081720477731e-01
9.755944915540439855e-01
9.552776306343849777e-01
9.866207324273268409e-01
9.726669488372786665e-01
9.612033344677226587e-01
9.829888490775036125e-01
9.957761672016904875e-01
9.917131230608354775e-01
9.893385792108976284e-01
9.860600729463170344e-01
9.657551252047031909e-01
9.828009051293450371e-01
9.819352542991104382e-01
9.961352580150528713e-01
9.812552592592125311e-01
9.799604915509888547e-01
9.875299489687812127e-01
9.557978282018033678e-01
9.798141653469658596e-01
9.949807560215515601e-01
9.836210566839558300e-01
9.808022467719357262e-01
9.482497931489113352e-01
9.753008981116815246e-01
9.607931703466954243e-01
9.750729827433036734e-01
9.762391609979373941e-01
9.791466690757298919e-01
9.895653841208216228e-01
9.541686931943916816e-01
9.767380347871452706e-01
9.877534053432016625e-01
9.833497363576066963e-01
9.938458591523336993e-01
9.649254016218505869e-01
9.781876490617873454e-01
9.895247667836358785e-01
9.869443963166840694e-01
9.758177194867410087e-01
9.562613388484002552e-01
9.861315203841717336e-01
9.753513939957230150e-01
9.805694939319818948e-01
9.942800412422629908e-01
9.797429638204476765e-01
9.816094213873821639e-01
9.520657015099419640e-01
9.796395781854017049e-01
9.772729919710699820e-01
9.854766712446095811e-01
9.644534717747956787e-01
9.769329446114434212e-01
9.791054395168667934e-01
9.642487641169827928e-01
9.655920439157887891e-01
9.883430506907947555e-01
9.822061046678092211e-01
9.874448922082806890e-01
9.938049501531055485e-01
9.927825637915773660e-01
9.656452660542250710e-01
9.822017301325077776e-01
9.674706946488698112e-01
9.821333828716471981e-01
9.455066985037471339e-01
9.856875830039502073e-01
9.872994282534566235e-01
9.886027720210867065e-01
9.806123370814189277e-01
9.785214349685420476e-01
9.819880848142835683e-01
9.904133278018907305e-01
9.739785247994753314e-01
9.925060851731271061e-01
9.804525587126888819e-01
9.817935058990080455e-01
9.901407161282086422e-01
9.872362888557496552e-01
9.816005796173227216e-01
9.732073635202728168e-01
9.837608646541229351e-01
1.018247249589450565e+00
9.936386159791897876e-01
9.875749132396891561e-01
9.769082910799120612e-01
9.950278674529000611e-01
9.951930154557822039e-01
9.924069026920249170e-01
9.553217232946509263e-01
9.969224920110529853e-01
9.740983184535706441e-01
9.813567344867589748e-01
9.555523689926248565e-01
9.730138018800957855e-01
9.851139397707586731e-01
9.834614842800927237e-01
9.908924700791940099e-01
9.974227293885337131e-01
9.657938064797225719e-01
9.916487022367068693e-01
9.767985529830479630e-01
9.815539944870457223e-01
9.772157509351744320e-01
9.869327068097760725e-01
9.832396658533705258e-01
9.714997678496311018e-01
9.993360816965223270e-01
9.864635803947235937e-01
9.761251529346637312e-01
9.740833012856551232e-01
9.861188845113697532e-01
9.814108885028660634e-01
9.720063664569325024e-01
9.683360001310022946e-01
9.737478206299733374e-01
9.849719329596338113e-01
9.969150768910983729e-01
9.507019598328645404e-01
9.967520806058242089e-01
9.772756338311352486e-01
9.858752240133931144e-01
9.760466428242859926e-01
9.920813915632918922e-01
9.774330182031617520e-01
9.960557494229990150e-01
9.856148963271595953e-01
9.546563011064108650e-01
9.892503331406695688e-01
9.606412557289676357e-01
9.982205262648877753e-01
9.502328997097895247e-01
9.850452808622520706e-01
9.578113909091052758e-01
9.909297865736845790e-01
9.827141167914543729e-01
9.943741552480693802e-01
9.597177560026729504e-01
9.771000346253539970e-01
9.797819886402024947e-01
9.866883556725313253e-01
9.909159407680543374e-01
9.915615905749921577e-01
9.898423326262576483e-01
9.865652460952005764e-01
9.838885247924851196e-01
9.579077351518635597e-01
9.830127767866720934e-01
9.704240490818697440e-01
9.806356310980486324e-01
9.953439859038331061e-01
9.786114857241732246e-01
9.760280822288729397e-01
9.722483182624981346e-01
9.614689582793281009e-01
9.863444832290576558e-01
9.702172683154293154e-01
9.786643173087763437e-01
9.738747123714585063e-01
9.612564206111832155e-01
9.846879313531307076e-01
9.880277454133831183e-01
9.838438465326303506e-01
9.847335660484132225e-01
9.821001138066889347e-01
9.853444711265515465e-01
9.734032664549738811e-01
9.391383053164881201e-01
9.830218474079199797e-01
9.804155290949646551e-01
9.928477233715755634e-01
9.419959268814206421e-01
9.853015257929071957e-01
9.801396462715894486e-01
9.687735340154799424e-01
9.845284343796733006e-01
9.832805849405065191e-01
9.806894855633421226e-01
9.298518259593919755e-01
9.800632107722648811e-01
9.898246640055815559e-01
9.882046402036875898e-01
1.003295350595441393e+00
9.509088936864219521e-01
9.907322003766616536e-01
9.774097401038233102e-01
9.830451562426959500e-01
9.727151564598873756e-01
9.848344740124598262e-01
9.872035147495579199e-01
9.906917705148052811e-01
9.726436318978051165e-01
9.894413045116680072e-01
9.952047801226545642e-01
9.607281539771239665e-01
9.776635354462426264e-01
9.702730183040452205e-01
9.630546364263961046e-01
9.707104475905828922e-01
9.745050965728230263e-01
1.000290076312506882e+00
9.752735422846494640e-01
9.806886598466759697e-01
9.808613373417416348e-01
9.680658202401281054e-01
9.509347001186897463e-01
9.849292307966251991e-01
9.846949742780513049e-01
9.709682616474213379e-01
9.829249459168034608e-01
9.911130706770578946e-01
9.530719765144125555e-01
9.928842752116107118e-01
9.672168500717145401e-01
9.883714380589870840e-01
9.433514965235465510e-01
9.650962539960897812e-01
9.632637482713906074e-01
9.805681116596276503e-01
9.943106146198008588e-01
9.803562767231071007e-01
9.899771000717044744e-01
9.863191759384987156e-01
9.911037966374622865e-01
9.682082031161481916e-01
9.899231780389045054e-01
9.886766104540839484e-01
9.798974835759398649e-01
9.889352836261124935e-01
9.350702620315664015e-01
9.834028707051589713e-01
9.867252411969158477e-01
9.588727201307003511e-01
9.907166258079722621e-01
9.891327634986315509e-01
9.675169205842752973e-01
1.005325396600451837e+00
9.611433236743570641e-01
9.763200204736696142e-01
9.824688501939881080e-01
9.870169365907336401e-01
9.517230726159171539e-01
9.796228265437884053e-01
9.900896716740951176e-01
9.556899171303251395e-01
9.884286348323945148e-01
9.762342377903268087e-01
9.684198483507695521e-01
9.662105444457060877e-01
9.572494550880881192e-01
9.939116612934916217e-01
9.914046879001487955e-01
9.853454848435836411e-01
9.763954016986147177e-01
9.894936543409581509e-01
9.858505844266067797e-01
9.797545476532660835e-01
9.633947830912403809e-01
9.863373389352451115e-01
9.727163092583572812e-01
9.907385228382419307e-01
9.828950997312253524e-01
9.847557952413100724e-01
9.873390307606240146e-01
9.780954669794909018e-01
9.758950494952998156e-01
9.909111127678787989e-01
9.821959595057643266e-01
9.671528531051445388e-01
9.403606279434510995e-01
9.744731930593689695e-01
9.522312003605984954e-01
9.758950414886294888e-01
9.899951032083403879e-01
9.506425510365253961e-01
9.903318659760523834e-01
9.612108786768049917e-01
9.819237898675555742e-01
9.777539630895900613e-01
9.716715653815563014e-01
9.858152214479255493e-01
9.883318327321534147e-01
9.622354221850223377e-01
9.802949207987828872e-01
9.681293835779617440e-01
9.720590101844325259e-01
9.692970233610875841e-01
9.469602830374505009e-01
9.459964770564562864e-01
9.787656313979428147e-01
9.922479405899540250e-01
9.777500422323927021e-01
1.000884617837845214e+00
9.485550237919301297e-01
9.767950298775235352e-01
9.694065322864395817e-01
9.808024847485240505e-01
9.980070411301336097e-01
9.854496499101671469e-01
9.692751739975941083e-01
9.803063287757015631e-01
9.954490520707001133e-01
9.925343150455576691e-01
9.712170586542500095e-01
9.721864422180451770e-01
9.736177514395586430e-01
9.717794589560407870e-01
9.895026120613438225e-01
9.996520481133537306e-01
9.902959455615940598e-01
9.856684464647725852e-01
9.725754637348267284e-01
9.760893760496881510e-01
9.690329306118462549e-01
9.590899146012028531e-01
9.761448876148239862e-01
9.545156240392644875e-01
9.777293807402961390e-01
9.871737106126681205e-01
9.672774973787193753e-01
9.672586950054568034e-01
9.837173205036610080e-01
9.806495848894711820e-01
9.746938296639002797e-01
9.933881634202466060e-01
9.893219624371478726e-01
9.770607857303570398e-01
9.753650558506086199e-01
9.806987614780698914e-01
9.798620592286858555e-01
9.833745588790635539e-01
9.669856762921815729e-01
9.736873373414733912e-01
9.753119737893237717e-01
1.005560286419789229e+00
9.405927766451971372e-01
9.541282583650401161e-01
9.927700941405691593e-01
9.576021466896285084e-01
9.595067257311761244e-01
9.897055569476458370e-01
9.691365300710855779e-01
9.929382537511307616e-01
1.003151113880830003e+00
9.441486059663657393e-01
9.724644820885057772e-01
9.737588634516667341e-01
9.800895424886499896e-01
9.879102316796806171e-01
9.405688086596196706e-01
9.930753671718333120e-01
9.846233221622060494e-01
9.911959651023548590e-01
9.920345495008338066e-01
9.765411305424696042e-01
9.855047086183407190e-01
9.806615119800888847e-01
9.941658361135622402e-01
9.767441469089657158e-01
9.714715802701162639e-01
9.696412949118667912e-01
9.746187599327885698e-01
9.887294963360740985e-01
9.722212978253707005e-01
9.805358137318643807e-01
9.729379480430646598e-01
9.461447888778564685e-01
9.757477943308091595e-01
9.626391340706863531e-01
9.856473475987175270e-01
9.812545556852981798e-01
9.722045533121979055e-01
9.594959782827316985e-01
9.721108309924343382e-01
9.750205677367348445e-01
9.628474651691990571e-01
9.993912550824815000e-01
9.865107156262510335e-01
9.851947859690131093e-01
9.914599142496276496e-01
9.814302048413269253e-01
9.565126498380389641e-01
9.656008519274066337e-01
9.863156948934566071e-01
9.828585352014879151e-01
9.668664808011376843e-01
9.882184774075778444e-01
9.559736655731011501e-01
9.709452741781436913e-01
9.758758119226640382e-01
9.906488029377215065e-01
9.887553372806776597e-01
9.818153921305158294e-01
9.730598049898627755e-01
9.864561371993405547e-01
9.902425213868438769e-01
9.544758198160964158e-01
9.858595554242955972e-01
9.793749582981248203e-01
9.611924744131408183e-01
9.812966859909135753e-01
9.909800692003351008e-01
9.763288810284453945e-01
9.874829109200204957e-01
9.825061230399630974e-01
9.844040291648853414e-01
9.528387454817743851e-01
9.775607856839173548e-01
9.627289093518069940e-01
9.688642266605941300e-01
9.880228385860461149e-01
9.814126078999344527e-01
9.847147985061091013e-01
9.772890292930568323e-01
9.855438681233122944e-01
9.880713223176501581e-01
1.002449945881042082e+00
9.834755675794512042e-01
9.847743867382685590e-01
9.990229321359244130e-01
9.444831479762291204e-01
9.776049217781054290e-01
9.985254710158831815e-01
9.917264432358604553e-01
9.883422630980631673e-01
9.938501168965990784e-01
9.766929072923781208e-01
9.938617396185505104e-01
9.832548942517660429e-01
9.836715622324221364e-01
9.858492320604441694e-01
9.773522317918152957e-01
9.842954867294808619e-01
9.803676382470536410e-01
9.778188806914631659e-01
9.915813403115635305e-01
9.797517570871610015e-01
9.806440650396069936e-01
9.702565034429749824e-01
9.824446444556300673e-01
9.813174037201596311e-01
9.710537224346396101e-01
9.689446987077595663e-01
9.770426194565435818e-01
9.853137075279596591e-01
9.954981550681902824e-01
9.815520664689635355e-01
9.734517483556462958e-01
9.746405654761154391e-01
9.768870964403728596e-01
9.629707287753270784e-01
9.483144692964543543e-01
9.655877849544319824e-01
9.752135270100835696e-01
9.908566925535398084e-01
9.714147933736347884e-01
9.585687498601073164e-01
9.779297596673151016e-01
9.658818692893755831e-01
9.880818290248455371e-01
9.905924567026435090e-01
9.681161374773229467e-01
9.657552480635266390e-01
9.799715389672796206e-01
9.563340705856442359e-01
9.821601291906069120e-01
9.832883346599577967e-01
9.931809588000317657e-01
9.932087581258211006e-01
9.700830712287534796e-01
9.855023716153278324e-01
9.840190442908618440e-01
1.003504277445351756e+00
9.945374660308806680e-01
9.918117300718239937e-01
9.586057677493575735e-01
9.620003410249851061e-01
9.686489156074432616e-01
9.852299938934118151e-01
9.910292153061663889e-01
9.738405834476490108e-01
9.692644239946518470e-01
9.801363615260763051e-01
9.980868491600163317e-01
9.929434652116478910e-01
9.935851803003687976e-01
9.719529777925819403e-01
9.774262361822863010e-01
9.582317752205687933e-01
9.784445968492961887e-01
9.663193729267999244e-01
9.759032764733936993e-01
9.625125138494339261e-01
9.824343147315467428e-01
9.703233526383933105e-01
9.854668962175262559e-01
9.687807271753008376e-01
9.759348778719407758e-01
9.568528858242569823e-01
9.620408530540421888e-01
9.872471438546033262e-01
9.936825490525730276e-01
9.794416281880330422e-01
9.867458540138850376e-01
9.670939398838002132e-01
9.629728436390756485e-01
9.835884649100501420e-01
9.732421339977477270e-01
9.860027793507117888e-01
9.855726802302665623e-01
9.876496243047470092e-01
9.458270489610083320e-01
9.903249105070541791e-01
9.872979804284424121e-01
9.812588215040962680e-01
9.789818061333600552e-01
9.952675981550027640e-01
9.955564936456666736e-01
9.640166456513968862e-01
9.671965970741490670e-01
9.647941375159918564e-01
9.878977538487869747e-01
1.010726996009535084e+00
9.853493151032709507e-01
9.389942645954623135e-01
9.923088772622891129e-01
9.966576901766625030e-01
9.953176951224896873e-01
9.834754852690329452e-01
9.849505653118058035e-01
9.625652946321676673e-01
9.823575730700396802e-01
9.909721277216834157e-01
9.772961955744188245e-01
9.883121531678620286e-01
9.662249123781910809e-01
9.768424980530927559e-01
9.684351847599765861e-01
9.213935727928624919e-01
9.829190046844562545e-01
9.596165243873497896e-01
9.801199359075306594e-01
9.841644818171644271e-01
9.898487208255262182e-01
9.813136826365762566e-01
9.900209940520684482e-01
9.777541002655515401e-01
9.865041959253526560e-01
9.859760815923030997e-01
9.698619740154277302e-01
1.001508647902691118e+00
9.791570363456573167e-01
9.943876139035229267e-01
9.765752928410432743e-01
9.704846129454247627e-01
9.807942454816588329e-01
9.851523062378195750e-01
9.740207566124042815e-01
9.891629922658966567e-01
9.639778242734926561e-01
9.680152651037472467e-01
9.675856793567803038e-01
9.828329720884401155e-01
9.853295654912379575e-01
9.682658442514660013e-01
9.752589417285648654e-01
9.563111711034985030e-01
9.733074603452165352e-01
9.910360196479343076e-01
9.720233894853949064e-01
9.719114567582020081e-01
9.888403664380596148e-01
9.864739048071361482e-01
9.840677268123374510e-01
9.819280563310942567e-01
9.955341888629336555e-01
9.997162947666237143e-01
9.783247206700633747e-01
9.612141678562531322e-01
9.795819135063074112e-01
9.534333492111591868e-01
9.688903702361494341e-01
9.775734712572324847e-01
9.660305257051309269e-01
9.974648467638522753e-01
9.889925970524690024e-01
9.759746817963642629e-01
9.858098113837855392e-01
9.863128705913516425e-01
9.823438659297347719e-01
9.859555744111179187e-01
9.796001793285804560e-01
9.714792513214653980e-01
9.498597266941327666e-01
9.860048396719348629e-01
9.886823987879349573e-01
9.907470149078491106e-01
9.664655003095259378e-01
9.788788077572169177e-01
9.969195967371856648e-01
9.713873810236419715e-01
9.857108514720169801e-01
9.837719079347956308e-01
9.803508256397432952e-01
9.594320178016202405e-01
9.833390977532285859e-01
9.707938336743111574e-01
9.581298272725822240e-01
9.735434628701666870e-01
9.830210624774169403e-01
9.772553787077206122e-01
9.677641458983624601e-01
9.834077625127256583e-01
9.856218228418434091e-01
9.893139042156302576e-01
9.605626370939477354e-01
9.825768519868027795e-01
9.851703272459214622e-01
9.715025974033271172e-01
9.696190097177026512e-01
9.765677860739059302e-01
9.847467048657910782e-01
9.874818725081705439e-01
9.830927020892445967e-01
9.621116657233946823e-01
9.809652035735801912e-01
9.668797813015411746e-01
9.793932430937338784e-01
9.860095585467215651e-01
9.694743213668786108e-01
1.001807946026071594e+00
9.729624021844319737e-01
9.957519518853866769e-01
9.803395913337026313e-01
9.709422292323873771e-01
9.915705281625957213e-01
9.792160079682612484e-01
9.506367750224191671e-01
9.906100997486516624e-01
9.931238008529721384e-01
9.814925441796618077e-01
9.631149629843610560e-01
9.776116359963352709e-01
9.826278302969041478e-01
9.967905031508781377e-01
9.780575902650423536e-01
9.624578446826121958e-01
9.785005978890328748e-01
9.785967110890813059e-01
9.789370570129898308e-01
9.796031128360228601e-01
9.759890807766286036e-01
9.857411175481192167e-01
9.826945473033493750e-01
9.770213319173772781e-01
9.799117848521516905e-01
9.584528380286361227e-01
9.687821237491598403e-01
9.696513330530239783e-01
9.732310143336764252e-01
9.750498736430862623e-01
9.889428646859851346e-01
9.837056234785930275e-01
9.984406254864880426e-01
9.680451348077605545e-01
9.847146896867369215e-01
9.853084078378423483e-01
9.934357936631312835e-01
1.005921307257204411e+00
9.739388215345063937e-01
9.888667979739780289e-01
9.928575070954728243e-01
9.826488673448745548e-01
9.835055554915063114e-01
9.790174201589718628e-01
9.883286538649157515e-01
9.799213793275590723e-01
9.798766130297955623e-01
9.817177249197509559e-01
9.913667548882816316e-01
9.802238087627896945e-01
9.700806229000218384e-01
9.881399525119207716e-01
9.824565437564735104e-01
9.932305402950695195e-01
9.942263771650144966e-01
9.570018269201006067e-01
9.888981494902434610e-01
9.770349352475659055e-01
9.578707208501648918e-01
9.824108502133157561e-01
9.833665429455071827e-01
9.873576149839057292e-01
1.000713629253900283e+00
9.692312760205327171e-01
9.761592662925281383e-01
9.842221637895596231e-01
9.769741560758313792e-01
9.682727598791754930e-01
9.720419713749267610e-01
9.758842325595082912e-01
9.792525245883388907e-01
1.000920415961507937e+00
9.612980322288052770e-01
9.852511344066589016e-01
9.858596743675158702e-01
9.689216090149210814e-01
9.783290691939732220e-01
9.685142426792699988e-01
9.866701047448344086e-01
9.690809341187882620e-01
9.745315692659565210e-01
9.839643752660182097e-01
9.924604851309530851e-01
9.625746291012894362e-01
1.005326975571165571e+00
9.950026831133961247e-01
9.790016386881368327e-01
9.644183615971959611e-01
9.765394227698859231e-01
9.822934326607167810e-01
9.965780123598864115e-01
9.656586179909593115e-01
9.826688680597299719e-01
9.786274371089404012e-01
9.750610623211736216e-01
9.851759067716484575e-01
9.797561893531966382e-01
9.560708906574902910e-01
9.871550271404657684e-01
9.869766676601845479e-01
9.868013131640178681e-01
9.637668179394763834e-01
9.823677724736576966e-01
9.834790172579016554e-01
9.896608898322059034e-01
9.852730495622645801e-01
9.969178221085553959e-01
9.530023790585617771e-01
9.814452188936795274e-01
9.772573966351050245e-01
9.520466478105269470e-01
9.758038055883289097e-01
9.763611609077885722e-01
9.871737443828328962e-01
9.821104930553289369e-01
9.818315819552537738e-01
9.959968801081072742e-01
9.991107318077520061e-01
9.557934386051406550e-01
9.722081774378682484e-01
9.854290516628220198e-01
9.713730644321139085e-01
9.720741657955258574e-01
9.942961115249211446e-01
9.491912062287832796e-01
9.799199570183872998e-01
9.873950626910630302e-01
9.610968088932883013e-01
9.913619405704050536e-01
9.697236380010197943e-01
9.900832842843350079e-01
9.757428519802322509e-01
9.829932231404779897e-01
9.569440418628890610e-01
9.910106349389273817e-01
9.912203501791845284e-01
9.742761711744573061e-01
9.733790058271500900e-01
9.865693590675563840e-01
9.722639304327596044e-01
9.902177911009879541e-01
9.851125905250807113e-01
9.558409921655842689e-01
9.926832007094859023e-01
9.774328803709608771e-01
9.883846683546004819e-01
9.912091011304962063e-01
9.736309469845060294e-01
9.354000079551266778e-01
1.001445371883356250e+00
9.833936350285812367e-01
9.764201231919207302e-01
9.785014431828851222e-01
9.741892788363700761e-01
9.877771279588145603e-01
9.894510971600277704e-01
9.490459464063754069e-01
9.932650375099512097e-01
9.832623383929763872e-01
9.763428439531678382e-01
9.802656261296586182e-01
9.545689550582980853e-01
9.572250246733553514e-01
9.484856399994170406e-01
9.756370842742964067e-01
9.706532573253489060e-01
9.824791442928556551e-01
9.734638472923867747e-01
9.733530609780670639e-01
9.826373033194930606e-01
9.927931865433045067e-01
9.669329419279558691e-01
9.703195380011194748e-01
9.882382998091363557e-01
9.787370936210583183e-01
9.614948712337710868e-01
9.595632293795702816e-01
9.550301326076467978e-01
9.835551874582971754e-01
9.670679727630001610e-01
9.973313616223025146e-01
9.723701058251309481e-01
9.707514423353312827e-01
9.810375069386410019e-01
9.905819612925128581e-01
9.781093205334536744e-01
9.893455565008929531e-01
9.854490047121647889e-01
9.624226361199808011e-01
9.883622837492282986e-01
9.739765798327697510e-01
9.712083524362286058e-01
9.525632522837403915e-01
9.877043967845867689e-01
9.831052471771372092e-01
9.937728741612616989e-01
9.754098931503375480e-01
9.544711706709315679e-01
9.827007246811783059e-01
9.343535838418354222e-01
9.793579330818078521e-01
9.845745665645456723e-01
9.795786403197005443e-01
9.643268633165558157e-01
1.000248298039607686e+00
9.848056308354142807e-01
9.670935258949878710e-01
9.838560477719525688e-01
9.771123074299589151e-01
9.805672014651855006e-01
9.589667184302658187e-01
9.573061605820947229e-01
9.838331778286554252e-01
9.977287193396603415e-01
9.796157766983586423e-01
9.832958807417456759e-01
9.819836742607994662e-01
9.869359183046103601e-01
9.905584076436546592e-01
9.942639251227061159e-01
9.682511254339689621e-01
9.872531747419385217e-01
9.662025194528177652e-01
9.599071523394459016e-01
9.847634387218242580e-01
9.804255874513555513e-01
9.830186052467912994e-01
9.924030868646025461e-01
9.865770325579377165e-01
9.785467960524000253e-01
9.789763740890391475e-01
9.558388315598551621e-01
9.738976550832009194e-01
9.818642058701433362e-01
9.897744639517402909e-01
9.766866151921966832e-01
9.788056610204731722e-01
9.782848849142855574e-01
9.725264699376211519e-01
9.252726156478248143e-01
9.731896663763125455e-01
9.716431001714248561e-01
9.979017823824204436e-01
9.756846413866901990e-01
9.899866388497402525e-01
9.710816975302163367e-01
9.877659863070253898e-01
9.649844966757161746e-01
9.868160621745167838e-01
9.868609237829775171e-01
9.944986311460806139e-01
9.794868163624158575e-01
9.808806402539360647e-01
9.855213214678906208e-01
9.616913135392100020e-01
9.944565324633254377e-01
9.819728059907301132e-01
9.887077632355478762e-01
9.745025986859660039e-01
9.808722125520549229e-01
9.741071594293240210e-01
9.871737354348698590e-01
9.619856694689410403e-01
9.826075699701515287e-01
9.832058674886271499e-01
9.888855387027939425e-01
9.873609519917563304e-01
9.885386542725776993e-01
9.692112484268109451e-01
9.958958695877193623e-01
9.747839525643160474e-01
9.683498157665002548e-01
9.789274324364943825e-01
1.000123795067618504e+00
9.726710666252962323e-01
9.672500614871080149e-01
9.891890718031921548e-01
9.832515968794446337e-01
1.001675450362411901e+00
9.796954253139367186e-01
9.804483428718322457e-01
9.837850604390336873e-01
9.949382579315787511e-01
9.860707213438951735e-01
9.791800433560766681e-01
9.822718324497824449e-01
9.805838743224158938e-01
9.779415607325622206e-01
9.854928445034700779e-01
9.905833523533870144e-01
9.467601299313632701e-01
9.854207361812901134e-01
9.892993461554018264e-01
9.694156101636512979e-01
9.682531537289182921e-01
9.899691434144120006e-01
9.770047048464257644e-01
9.760599408912667974e-01
9.633705413389621608e-01
9.603585809918548932e-01
9.589884216984669862e-01
9.736703686770631361e-01
9.887043158877896198e-01
9.780921721300570582e-01
9.762500830337609292e-01
9.853719769891082780e-01
9.887170508884461917e-01
9.920143235871611287e-01
9.850890197953898753e-01
9.791464054608172152e-01
9.821220067954170574e-01
9.695939957134425136e-01
9.785795292474979146e-01
9.344713795975736481e-01
9.802977004753040680e-01
9.923397919013048352e-01
9.620797322234101445e-01
9.861627591090456058e-01
9.896596018750809520e-01
9.939912556846697278e-01
9.871361015985472553e-01
9.823341549042686749e-01
9.933169313631045050e-01
9.932445729201612172e-01
9.868269459480357719e-01
9.810219202793777349e-01
9.616190454473197979e-01
9.856404049048377303e-01
9.779187388556892513e-01
9.897854998145938499e-01
9.765091037555698739e-01
9.877479816753140796e-01
9.867473555043501099e-01
9.893394848630329141e-01
9.783892056806403614e-01
9.848884364028686056e-01
9.873171228082365802e-01
9.511115565590630982e-01
9.977552484229937901e-01
9.880143327872085157e-01
9.763559442733831251e-01
9.659628519695900861e-01
9.861883983299613021e-01
9.702815603204132389e-01
9.858794528570102855e-01
9.870804918427769081e-01
9.927432152338383498e-01
9.756556956664265146e-01
9.812727413686672673e-01
9.826886140619106591e-01
9.673383144029445990e-01
9.695978335393979908e-01
9.902794568524851959e-01
9.763068447947530482e-01
9.622152756389450445e-01
9.848924400570562288e-01
9.704732279102462611e-01
9.811223909885424810e-01
9.768627994004515092e-01
9.814706362616095747e-01
9.640489001412876346e-01
9.823118334168569055e-01
9.702397912293440063e-01
9.668221768177446274e-01
9.770910340952179141e-01
9.605923442183431638e-01
9.769938152095442030e-01
9.688894875587805711e-01
9.732471920710376034e-01
9.744086269265322953e-01
9.921195879803130779e-01
9.815371212165396875e-01
9.842187058381527409e-01
9.768147015677174361e-01
9.822065234959002078e-01
9.842091678616451400e-01
9.796794675312546774e-01
9.826686046882460168e-01
9.626527282644128380e-01
9.708465092776455974e-01
9.899515677491136367e-01
9.884629697184230679e-01
9.746018480612456125e-01
9.911050927287056167e-01
9.785439972309029066e-01
9.531894398935910617e-01
9.830775990060701686e-01
9.833642787714877986e-01
9.925944603263601174e-01
9.938023094478575237e-01
9.698391462472910618e-01
9.743773359833155512e-01
9.857572659304625340e-01
9.787916600354062968e-01
9.959682250954144944e-01
9.658797032910997338e-01
9.784340451192397037e-01
9.914915431791054834e-01
9.635375161785548759e-01
9.684333625858799754e-01
9.618381802104070122e-01
9.712968931341734447e-01
9.717054033664509483e-01
9.769706660955821409e-01
9.850396668130921851e-01
9.954647579776991773e-01
9.531159769677770566e-01
9.803019440097709980e-01
1.000760508453948816e+00
9.719583239743992964e-01
9.854149826980267424e-01
9.791191318852021652e-01
9.763552960506470813e-01
9.760040640033753601e-01
9.855918290867339282e-01
9.794363833509087680e-01
9.990731038777971307e-01
9.845821355450827816e-01
9.959431653729566847e-01
9.796703849128794994e-01
9.876505709667298127e-01
9.714807357567410984e-01
9.821064641021886032e-01
9.791894442658890529e-01
9.479706634962860035e-01
9.885837582116647759e-01
9.731513513112821645e-01
9.924091205447211905e-01
9.933334814163785609e-01
9.795976814868094795e-01
9.846840001190519942e-01
9.812705094031947128e-01
9.682995731057975064e-01
9.977493892534887721e-01
9.728028673530593196e-01
9.735148030537162933e-01
9.854512201817446915e-01
9.834295332031453007e-01
9.894407071662347786e-01
9.910206254253762781e-01
9.737888223157116219e-01
9.880941114472412412e-01
9.584992912111852670e-01
9.857794472615615256e-01
9.864844831386201385e-01
9.743395671002225145e-01
9.852448184689411859e-01
9.907012855318385602e-01
9.794257208875210008e-01
9.442957359227581726e-01
9.718403612446442352e-01
9.669857761230026272e-01
9.781448757750188516e-01
9.812623586249156205e-01
9.979794124328423832e-01
9.828591573400885517e-01
9.623901678473583132e-01
9.736125255353756947e-01
9.801482379951869106e-01
9.724165813412940507e-01
9.589188618096194938e-01
9.787616125756445351e-01
9.833522729349495339e-01
9.899541227976456081e-01
9.635658700448903602e-01
9.810496375833195337e-01
9.775863854487482074e-01
9.822754535234612394e-01
9.835433094634833395e-01
9.816348001019179481e-01
9.775571255260124826e-01
9.851417911344233502e-01
9.244525827538984109e-01
9.583416244589705313e-01
9.636263758508192279e-01
9.801706706735368035e-01
9.842771299132700991e-01
9.913878923930163900e-01
9.558887393214039463e-01
9.937949070496826520e-01
9.769202580604526842e-01
9.496662699797677742e-01
9.878353852477979036e-01
9.898012902501941435e-01
9.794323531240483049e-01
9.880244987211498353e-01
9.837040865098601872e-01
9.895479986344738466e-01
9.908437655452759785e-01
9.805109052935592207e-01
9.928624632868614519e-01
9.743807117216286562e-01
9.653856285842313811e-01
9.780308456639380532e-01
9.758001054738625335e-01
9.392659069338320510e-01
9.914602141766513110e-01
9.868686152974887049e-01
9.940347051354331276e-01
9.845492244964694217e-01
9.741112383134156172e-01
9.827418339191987817e-01
9.809916567806291621e-01
9.808521067473732202e-01
9.689752409193650440e-01
9.861169225668032778e-01
9.854469788102900862e-01
9.619351882373078366e-01
9.747693274602945435e-01
9.717025905665749308e-01
9.874773018078568665e-01
9.923432829321804372e-01
9.777720867254133807e-01
9.700813977795188503e-01
9.886633221505708446e-01
9.920702746361859115e-01
9.705380968893918547e-01
9.548668453123955180e-01
9.604839980979548164e-01
9.951500788588314439e-01
9.596885661150188485e-01
9.718579949045647037e-01
9.905889201602475769e-01
9.868762966770256995e-01
9.733149344102203226e-01
9.749144433772207741e-01
9.752055497812499585e-01
9.718986401427616162e-01
9.867345432160594676e-01
9.802857782480618454e-01
9.822540281001646001e-01
9.638030639509986841e-01
9.785776108310287880e-01
9.805716766450865984e-01
9.882932659355896376e-01
9.829309515632836947e-01
9.846292844310824410e-01
9.318380917280275622e-01
9.926299807690862620e-01
9.913812467215976643e-01
9.866824453245068849e-01
9.870756694326916492e-01
9.823335991727353278e-01
9.685641663317707817e-01
9.874749547956888085e-01
9.828763064077200573e-01
9.785105571555912096e-01
9.866996427248619916e-01
9.833358641811683620e-01
9.485023187417902513e-01
9.834800930064498958e-01
9.737908271543340710e-01
9.752486959388237953e-01
9.870715603219616385e-01
9.914818399666849302e-01
9.846996220312118631e-01
9.819068619346141835e-01
9.909290117132796283e-01
9.701920041621115987e-01
9.706251123098266209e-01
9.971781016006248111e-01
9.737109612721419616e-01
9.711604500103452331e-01
9.910513343757849647e-01
9.761490879055895187e-01
9.884008190400354055e-01
9.851240601376773931e-01
9.713516838260564112e-01
9.867161151214485226e-01
9.757072669309945212e-01
9.731951724507118540e-01
9.863351458401395933e-01
9.593117570089064738e-01
9.744626238524691786e-01
9.869636585684474772e-01
9.771871951910079401e-01
9.824317859532242236e-01
9.915266010842406219e-01
9.816276923203798299e-01
9.636602676151689861e-01
9.767346299691573863e-01
9.612131567258510589e-01
9.904173512714946614e-01
9.878922169420502053e-01
9.914173766397130771e-01
9.829817033445136243e-01
9.878232823074023505e-01
9.962777715275538126e-01
9.699427098135439129e-01
9.792948208705219981e-01
9.841468601168293917e-01
9.695306993817747188e-01
9.827695463042506185e-01
9.916430337985929766e-01
9.894028849737068754e-01
9.856988265681411177e-01
9.815067463206577081e-01
9.852251327477370424e-01
9.586135159492197300e-01
9.928369918326659382e-01
9.799030039276490633e-01
9.755039903818722991e-01
9.902582043120671251e-01
9.987036515698939354e-01
9.883348958883445556e-01
9.811063823030745645e-01
9.972321278716048676e-01
9.699017398771385690e-01
9.883584898079709191e-01
1.009468215904939736e+00
9.745535118838235533e-01
9.796716619817467109e-01
9.819324674637011086e-01
9.678790487171835544e-01
9.904745227888868131e-01
9.949153347631335409e-01
9.892581033851558514e-01
9.798895972141111743e-01
9.877337725085648668e-01
9.829174808745749781e-01
9.869348732115559297e-01
9.758871723351698613e-01
9.944352754622034496e-01
9.808470947654662764e-01
9.604646102096638938e-01
9.679638321873313966e-01
9.551171061821118746e-01
9.816233608570061886e-01
9.745010981988754262e-01
9.836599004597045282e-01
9.454705495268533877e-01
9.801211289734299559e-01
9.730103364391825549e-01
9.660018648924817430e-01
9.695610700863902531e-01
9.900846131372410541e-01
9.838574874691996541e-01
9.694702071000459442e-01
9.750540912083361933e-01
9.917394284600519194e-01
1.007623619847412222e+00
9.776035444271067298e-01
9.846784894009080746e-01
9.924141369495635967e-01
9.653272299326648431e-01
9.915226484414191299e-01
9.766740122640299449e-01
9.759069522882544145e-01
9.855544924414828545e-01
9.908235134539130629e-01
9.705825753976121684e-01
9.861693728202356457e-01
9.834056697406636793e-01
9.887130983011892527e-01
9.452202741825316279e-01
9.817528963024747535e-01
9.347558925176114863e-01
9.759613500479895620e-01
9.949794581203214028e-01
9.716867667896156302e-01
9.663393572133999188e-01
9.946985198797686500e-01
9.796444629466061205e-01
9.816176019493579874e-01
9.858855340694279157e-01
9.821488660905167700e-01
9.923348962094092895e-01
9.891744631905973195e-01
9.916697522842944368e-01
9.882361699532462573e-01
9.687138317721245562e-01
9.592949852948354783e-01
9.574874954361848323e-01
1.003321252033234190e+00
9.891964410690325948e-01
9.762104891965897036e-01
9.681697600015412020e-01
9.888000070107892947e-01
9.947191156899720665e-01
9.880493744381357857e-01
9.695191967706241476e-01
9.791997403290284563e-01
9.645966646911886544e-01
9.700650937697181675e-01
9.701192814289421040e-01
9.853059983962142443e-01
9.866298673562937660e-01
9.641829888025830186e-01
9.576950519950450103e-01
9.734836469846532836e-01
9.684306952627750320e-01
9.418341207943501381e-01
9.671530446800534753e-01
9.774320631532698034e-01
9.484845050039438785e-01
9.896471686474227480e-01
9.528286814197366450e-01
9.944064218122007359e-01
9.938789457383652159e-01
9.713855719953707890e-01
9.693783416575991740e-01
9.897980094778212612e-01
9.883075012083766264e-01
9.570877868473696148e-01
9.884092463799578621e-01
9.822600555411790113e-01
9.616868867973832335e-01
9.902778805087041336e-01
9.870896009835306018e-01
9.929216367142115196e-01
9.778557401497902646e-01
9.779565115054541513e-01
9.851039616895769235e-01
9.816401824934872788e-01
9.787219392813962804e-01
9.848720418500943596e-01
9.464835926053597470e-01
9.640124356726272881e-01
9.956451556903322953e-01
9.816991783041214559e-01
9.746030273066716987e-01
9.753315405214446621e-01
9.690326397926053437e-01
9.677271698805655076e-01
9.693241051507195394e-01
9.960547612431069897e-01
9.720448964895934685e-01
9.720961018295174449e-01
9.730001617518581059e-01
9.935522776881483553e-01
9.622347517771866476e-01
9.775578777968987332e-01
9.830263009710308308e-01
9.727881430729290457e-01
9.652149250565171812e-01
9.792191593951847794e-01
9.886848979766792445e-01
9.707794755033748446e-01
9.897365971499259008e-01
9.654341369498196102e-01
9.798926131289030783e-01
9.855864509115226380e-01
9.740805102501920443e-01
9.833373991340212950e-01
9.668074445782903759e-01
9.762844178979755982e-01
9.782208598826259704e-01
9.824096223204475953e-01
9.892778832918247556e-01
9.744915912106271172e-01
9.749061647165253586e-01
9.724620394808206614e-01
9.799164914462331621e-01
9.758904954502485296e-01
9.784877263543404480e-01
9.712352644100271659e-01
9.846940138303976742e-01
9.726846677303323530e-01
9.846388910933367988e-01
9.769015072697848634e-01
9.889675943780033007e-01
9.907261140410443812e-01
9.846654198151487680e-01
9.828292439946036962e-01
1.006280854161205829e+00
9.543392543266753236e-01
9.889884662204105892e-01
9.600637722370480853e-01
9.757939444864257572e-01
9.478872072772404067e-01
9.754696907942939088e-01
9.662501088385513359e-01
9.734541307687317735e-01
9.826270454277402644e-01
9.727914099645018631e-01
9.787056620988570099e-01
9.729357336902727527e-01
9.500026127919686258e-01
9.860739217816988367e-01
9.884593808417428962e-01
9.653700919165939531e-01
9.743009377019212769e-01
9.968809097063340285e-01
9.848207235222362632e-01
9.693927232450146869e-01
9.644427875128274152e-01
9.659615878238860809e-01
9.879027704269421895e-01
9.986397862255675939e-01
9.838166919645695563e-01
9.787525346967854700e-01
9.827220601178068282e-01
9.924124977431248995e-01
9.732208802554633831e-01
9.915919685810874462e-01
9.801800349243917632e-01
9.669459431667991600e-01
9.615001771352846838e-01
9.667200142048024691e-01
9.802659026258163655e-01
9.874701580917667476e-01
9.824033521527258950e-01
9.789533262123424340e-01
9.991206584365825982e-01
9.429837626512869164e-01
9.894448535883768603e-01
9.876705631209687919e-01
9.561945445516307762e-01
9.934612416292855075e-01
9.804831512057701204e-01
1.002304099165141293e+00
9.935366840170924974e-01
9.700390095353992326e-01
9.717454730225240089e-01
9.753149874758304527e-01
9.545575441873981326e-01
9.741235386451124745e-01
9.827740590606233173e-01
9.644636791278304866e-01
9.846606833679101278e-01
1.000851523733812254e+00
9.592152481550966225e-01
9.941106723224683028e-01
9.944003131480759761e-01
9.697273417341540913e-01
9.974821568550099604e-01
9.911964938485380294e-01
9.783650702385396913e-01
9.641684056629158395e-01
9.811822025848317974e-01
9.900167369458190425e-01
9.838255077050632735e-01
9.766691447229600698e-01
9.597025339060732962e-01
9.431180655836719495e-01
9.572724965452672485e-01
9.874323045418986755e-01
9.721804654876476937e-01
9.775620218589758936e-01
9.780558201507641991e-01
9.832299798972344851e-01
9.893642231350878724e-01
9.728149368795949714e-01
9.844907198307843998e-01
9.690607062393723492e-01
9.660606766728118133e-01
9.564125571680092142e-01
9.479766734980579201e-01
9.647327177202326132e-01
9.779343523593521104e-01
9.610490043762338619e-01
9.632002486557259546e-01
9.875735899531665751e-01
1.007676975265615837e+00
9.951445486511701910e-01
9.564069866170082923e-01
1.001971407320582985e+00
9.930198958766387474e-01
9.621714867801518523e-01
9.668415339081470883e-01
9.869507767270632170e-01
9.903785753691995986e-01
9.730538012213615362e-01
9.905727955695861064e-01
9.651592388603968953e-01
9.908078336712486944e-01
9.714574594030325194e-01
9.834249926540938880e-01
9.703703103697605137e-01
9.816463933665788844e-01
9.829044777134272604e-01
9.721508901373401290e-01
9.930979785971106866e-01
9.687126900569432708e-01
9.673424993432205854e-01
9.675309028453668025e-01
9.601414233054352820e-01
9.901744048868020842e-01
9.611360376897910562e-01
9.848675820170466055e-01
9.936031373828231317e-01
9.770532926872143031e-01
9.897128111939019757e-01
9.822209398769405908e-01
9.833336681565983950e-01
9.693582571887744415e-01
9.804833865476904053e-01
9.831478161026327989e-01
9.599882643620351041e-01
9.898527390938290926e-01
9.830611452108631854e-01
9.906826584959923521e-01
9.850787401166537505e-01
9.771911862386131187e-01
9.856323313348853699e-01
9.761061094575621544e-01
9.832055357369473558e-01
9.828055894472366161e-01
9.758344982294825387e-01
9.658807760551332278e-01
9.927490255762166926e-01
9.807706403667260098e-01
9.708336585519199424e-01
9.736338669345244723e-01
9.696257033314525930e-01
9.841798157089410859e-01
9.685199811245325252e-01
9.700051058126812897e-01
9.815296124471295514e-01
9.831889057265994492e-01
9.864521560332911720e-01
9.535012832173423991e-01
9.610981061119030500e-01
9.824666713296634768e-01
9.798596261666481233e-01
9.881691033869660634e-01
9.793875553127980860e-01
9.714904460691340393e-01
9.474243226226116699e-01
9.871726292686541226e-01
9.731303274693466898e-01
9.946762142394134365e-01
9.973048206550451100e-01
9.856945457178571957e-01
9.956144622318460202e-01
9.724413836615313222e-01
9.816738694139640620e-01
9.440108196998354684e-01
9.558192439280873698e-01
9.771478493887322259e-01
9.812874412226928467e-01
9.960007484765428520e-01
9.886195239867767715e-01
9.817774415121113263e-01
9.621842043815203027e-01
9.799729176992570956e-01
9.834146599628112995e-01
9.841553938778091482e-01
9.696050138423965015e-01
9.770414402612042082e-01
9.913003319709039474e-01
9.878401013022233279e-01
9.623597905243317374e-01
9.660664191848048477e-01
9.688791025225730325e-01
9.883172756155956806e-01
9.861993979159729973e-01
9.791078187746334871e-01
9.769154143006811841e-01
9.790626633632047993e-01
9.569012685706127508e-01
9.788801714144595989e-01
9.883531855256803000e-01
9.893389878153602268e-01
9.762145185521882151e-01
9.796471669978441543e-01
9.753132097425208924e-01
9.804016146115577257e-01
9.623078120148194081e-01
9.946656943574982979e-01
9.637528109406299226e-01
9.784417454012722670e-01
9.591600065406740150e-01
9.955454611533900433e-01
9.890935905163329434e-01
9.794648680081178282e-01
9.630156360048737207e-01
9.891824046820352212e-01
9.815191025399632174e-01
9.667416697379380697e-01
9.832089489501749657e-01
9.706724127337892361e-01
9.674760036937992691e-01
9.931830831158859896e-01
9.672161751555874432e-01
9.932340283151663840e-01
9.496027628212667659e-01
9.843781416854784361e-01
9.843194590212641648e-01
9.691682764131125394e-01
9.884570330817286088e-01
9.872797578012822983e-01
9.899866589012598084e-01
9.667093838444215104e-01
9.863868672829859685e-01
9.695993651046097561e-01
9.984814135386372858e-01
9.895068635720373207e-01
9.686737970096575001e-01
9.488577646118574460e-01
9.735754674487457905e-01
9.847954438394654897e-01
9.685247117062903977e-01
9.855494148379579933e-01
9.864504939643843340e-01
9.765615069224500289e-01
9.779764364876896154e-01
9.723472499583323270e-01
9.824353751309728988e-01
9.812836305422456551e-01
9.850478739674799478e-01
9.797202944239938871e-01
9.697108325768903914e-01
9.769780081518498749e-01
9.759312416850027816e-01
9.906082219315900383e-01
9.510762704932376188e-01
9.826554955035958772e-01
9.782399614290907541e-01
9.809728127120102004e-01
9.562695748642818794e-01
1.002473634206069830e+00
9.819938881361590655e-01
9.730596729814787738e-01
9.816255722661441085e-01
9.810582580269398001e-01
9.876266825218091849e-01
9.874290046013988187e-01
9.808527153405666166e-01
9.664097833670238780e-01
9.762112602868171507e-01
9.767778937261659689e-01
9.751614154382360899e-01
9.724547096213885800e-01
9.895448066707314139e-01
9.826046410844041512e-01
9.876906605490448632e-01
9.682379898560141696e-01
9.829044000313864604e-01
9.894088614841977103e-01
9.839885262312868530e-01
9.730993477369576095e-01
9.301245941137712414e-01
9.663937332831132876e-01
9.827786685212294149e-01
9.768218330816637041e-01
9.743161706960350443e-01
9.796498946988136947e-01
9.740997136873150719e-01
9.796856292431320723e-01
9.848016188774434410e-01
9.871140710842440935e-01
9.701283044635748976e-01
9.891534542487991910e-01
9.406522076526274700e-01
9.684388889142433454e-01
9.555873213041977676e-01
9.496480632866788341e-01
9.958637733897505173e-01
9.787975581366276101e-01
9.906141555698607659e-01
9.984680436713211371e-01
9.224884723569870548e-01
9.868620995782806382e-01
9.806030574017361445e-01
9.838153588622633450e-01
9.912842865041205931e-01
9.690541125353361318e-01
1.000355297884016892e+00
9.668724588988558688e-01
9.860923186351000513e-01
9.915814658469667142e-01
9.923640314289985387e-01
9.759623704765562069e-01
9.838258470053740101e-01
9.854847904365096056e-01
9.842193539208718978e-01
9.866965973487124009e-01
9.764500605461859939e-01
9.961471184743515561e-01
9.931595074328813944e-01
9.733096192103559696e-01
9.944551991215779818e-01
9.874799643336280575e-01
9.833710757953771919e-01
9.486661269771977656e-01
9.862056918365180724e-01
9.813417774289965312e-01
9.706232352367630822e-01
9.759907753803607200e-01
9.911815935874307426e-01
9.800771191543744543e-01
9.759204937650423073e-01
9.775778525476979119e-01
9.528358497271918193e-01
9.730384459575405209e-01
9.823398029273594512e-01
9.668747215893869207e-01
9.947451389427381940e-01
9.784227565705575502e-01
1.002355350255806021e+00
9.833471744066341058e-01
9.770636466745656890e-01
9.823409630849923024e-01
9.880532327950727334e-01
1.001172550528959038e+00
9.873897066586506677e-01
9.716964484407379921e-01
9.830580997999665005e-01
9.792346946022985055e-01
9.900760543064307528e-01
9.957574767165769947e-01
9.848262935599882972e-01
9.721748371661046439e-01
9.579741714492493454e-01
9.895522984139530909e-01
9.785664531898374818e-01
9.409811993739457536e-01
9.960575096427143338e-01
9.350050234841574825e-01
9.842514794993403315e-01
9.742138407841501868e-01
9.744435747355574273e-01
9.742337275345261949e-01
9.754399997567880787e-01
9.880479819229078808e-01
9.734146428208071411e-01
9.628731206445263480e-01
9.718480846403649842e-01
9.865424944291102394e-01
9.748887054222429294e-01
9.755350779503195735e-01
9.810304422984720274e-01
9.856687108598547464e-01
9.787733476020065160e-01
9.791214861653562140e-01
9.449203367437604140e-01
9.981634943180499597e-01
9.810007929757910139e-01
9.694309485918367608e-01
9.898643717012098886e-01
9.841202608714600952e-01
9.863522969975845323e-01
9.809751312863321804e-01
9.771215028219419896e-01
9.823070666089738223e-01
9.845557796797856920e-01
9.701012267127652189e-01
9.841093176532780262e-01
9.961169687944234630e-01
9.920255092023084753e-01
9.758004913365642130e-01
9.834275127100986502e-01
9.848919653973322585e-01
9.667278465736031112e-01
9.568093951614987658e-01
9.893426316572603296e-01
9.807447254779866341e-01
9.863446318480022512e-01
9.926567304477770248e-01
9.749134875730208760e-01
9.750780873330991971e-01
9.979215802819534353e-01
9.490961193769928972e-01
9.984811301968615771e-01
9.850114414574815402e-01
9.935578534088154168e-01
9.637506065260992294e-01
9.903180408885648989e-01
9.683961130575675647e-01
9.896450459469841032e-01
9.812070065096069049e-01
9.526430012674917958e-01
9.651265522494164584e-01
9.730532321977739540e-01
1.000852673107144764e+00
9.875808672399790655e-01
9.881733952644949914e-01
9.846036506990959447e-01
9.886582107991271906e-01
9.890002327425416739e-01
9.647390210980657521e-01
9.600355771544925032e-01
9.813860678287861239e-01
9.874385246068868582e-01
9.862889508332127741e-01
9.958699515664076740e-01
9.777426172716898733e-01
9.867309672639792417e-01
9.744797069049002669e-01
9.815132586608980025e-01
9.855534632523872407e-01
9.700670615969566590e-01
9.512557836187649496e-01
9.853428847715967054e-01
9.586618593572056035e-01
9.793404805205113695e-01
9.944286552335113161e-01
9.772422371566443777e-01
9.918234332297101163e-01
9.936988748258560600e-01
9.771889763402271667e-01
9.627851585027714654e-01
9.976029148530238810e-01
9.653836437069126530e-01
9.887153506822951021e-01
9.844363695328478547e-01
9.608477742437177005e-01
9.773120684453046048e-01
9.880648895606095605e-01
9.786196359695059632e-01
9.952393119312804570e-01
9.823470417902429030e-01
9.620441085528846914e-01
9.838379548422847565e-01
9.709598038449137603e-01
9.574595908941387901e-01
9.646053153460690810e-01
9.678955033954693699e-01
9.841965015459351873e-01
9.800540015222232171e-01
9.820159295218159334e-01
9.629753781925917133e-01
9.740718544279102220e-01
9.856478280104965517e-01
9.926434902914359482e-01
9.809834949802187509e-01
9.654629408803989676e-01
9.878916659304256553e-01
9.593812277388721332e-01
9.909197808391971840e-01
9.715976583968911617e-01
9.631131821170766383e-01
9.693985708412803382e-01
9.488119591542526488e-01
9.743216738482859407e-01
9.669581827540034702e-01
9.969326438185760475e-01
9.640136559894355583e-01
9.902475643778917425e-01
9.841066092796664222e-01
9.707609785837626459e-01
9.812985958869031577e-01
9.929642349104980115e-01
9.827412547400420362e-01
9.835250079004431711e-01
1.006088301872215762e+00
9.690963156092389230e-01
9.811925516459025776e-01
9.681296194381084907e-01
9.865067920938038748e-01
9.898876865983472495e-01
9.685334085269032833e-01
9.976064742080844594e-01
1.005190684254794187e+00
9.836450241567247232e-01
9.745462539533499280e-01
9.949215584308659377e-01
9.804541678540531491e-01
9.808713220381315434e-01
9.910103114104968913e-01
9.777975729226215940e-01
9.698845025428016742e-01
9.835336385749843258e-01
9.910636405935449034e-01
9.819184331246363362e-01
9.629172980867570786e-01
9.886281735356341471e-01
9.757191880955917718e-01
9.849733173825828692e-01
9.663128115030056309e-01
9.997769415916293312e-01
9.813880397362967356e-01
9.583587913963437233e-01
9.900211919980013153e-01
9.839242341691512017e-01
9.746011819909780050e-01
9.822061108420695463e-01
9.687046798654757040e-01
9.732660754991330210e-01
9.829310194338610751e-01
9.979327507175524969e-01
9.864727262291484999e-01
9.858591274779961999e-01
9.857300135435159705e-01
9.750686147074960619e-01
9.595782231692967512e-01
9.714689220514015622e-01
9.698596111795710906e-01
9.622269045611394622e-01
9.868739830080142106e-01
9.810201527093456164e-01
9.827171181452069026e-01
9.914697778681179630e-01
9.700443399180789239e-01
9.595993043723538563e-01
9.661184920505984097e-01
9.607029912847162567e-01
9.746140700273123736e-01
9.770848253389973204e-01
9.504942326595040569e-01
9.964992866281927597e-01
9.928240422046992197e-01
9.775365883217015384e-01
1.004138591556048121e+00
9.733624368960437367e-01
9.900478565073067561e-01
9.614175873595373067e-01
9.674881479121720806e-01
9.686612551918086789e-01
9.894342584258064566e-01
9.873919922896648993e-01
9.861093816754861185e-01
9.868564647329094441e-01
9.551899875837309706e-01
9.588738524570511457e-01
9.758782699090168267e-01
9.807213671201440164e-01
9.687466837768985428e-01
9.889819024888720778e-01
9.951601152353580781e-01
9.607536266261169633e-01
9.313499608436117683e-01
9.820538450277972453e-01
9.717761374193001345e-01
9.751553948852765830e-01
9.929390201990869746e-01
9.881381811891470912e-01
9.821086845356974404e-01
9.848454748404213976e-01
9.933228720229294595e-01
9.469662238307910984e-01
9.818009930614611802e-01
9.781835754496622792e-01
9.643017328196563653e-01
9.600405092762237524e-01
9.679441263038750520e-01
9.885546764112377316e-01
9.850729401959128495e-01
9.961880446911330900e-01
9.603285493215693025e-01
9.740820928963572767e-01
9.882255729098967656e-01
9.933372916626025395e-01
9.848504353097161657e-01
9.487369285307920563e-01
9.796093973213415573e-01
9.764951159748513909e-01
9.710952170511191195e-01
9.631615666744726134e-01
9.680559129738666169e-01
9.699768386964087163e-01
9.693491677953444130e-01
9.448271612319906199e-01
9.837913449237912777e-01
9.864166037528774300e-01
9.919685882937714361e-01
9.953207539904783685e-01
9.915401625999293866e-01
9.811114858340573841e-01
9.927910655687451902e-01
9.946434841885762879e-01
9.817202884693442266e-01
9.853509001932143629e-01
9.865942220839777343e-01
9.896664911393080466e-01
9.794424053504074967e-01
9.788920695536064143e-01
9.523195918389489867e-01
9.847213516697966851e-01
9.888891737215790290e-01
9.704965556035454188e-01
9.763259511682295111e-01
9.608507165769714087e-01
9.862577189220599339e-01
9.944468055370494497e-01
9.768709593293040117e-01
9.904255615469241825e-01
9.950951821988810453e-01
9.963523459022801676e-01
9.869759309753053378e-01
9.820316329170371006e-01
9.843252034318995536e-01
9.822851607760089143e-01
9.728340892523860139e-01
9.598501004863022601e-01
9.970332865618869445e-01
9.821426320726142078e-01
9.822030956623788445e-01
9.799914684712316415e-01
9.804260607617411027e-01
9.639698004377105223e-01
9.739978008944550902e-01
9.779863305252042283e-01
9.871958304079666568e-01
9.575973170898310904e-01
9.908683553725247117e-01
9.861854127572270423e-01
9.839700376084132838e-01
9.919728091210525678e-01
9.796337581754434032e-01
9.970250822221911058e-01
9.874681101970219643e-01
9.861678066050445501e-01
9.898888085589193642e-01
9.894626575985711048e-01
9.880046850683213977e-01
9.519994162176955710e-01
9.800134614972468849e-01
9.495453128731654591e-01
9.626543070896106391e-01
9.804264910049902415e-01
9.633281105409879919e-01
9.899555654898898327e-01
9.923631366605115689e-01
9.837406603375127290e-01
9.953348033485976964e-01
9.857023518495148240e-01
9.924387376964652896e-01
9.885343317704556876e-01
9.719651526698793731e-01
9.836100182844088602e-01
9.933722798783911623e-01
9.833218142352967428e-01
9.936323364657072554e-01
9.849319649749685990e-01
9.889276184981488083e-01
9.849266198747015366e-01
1.018666625442460338e+00
9.864131904891287883e-01
9.285115534417470728e-01
1.010945192398148285e+00
9.780788821278606493e-01
9.819848222590247255e-01
9.923691965705646600e-01
9.671880008812437923e-01
9.794583728348361662e-01
9.796441623834715173e-01
9.695975141048762680e-01
9.898099050939801469e-01
9.957736714951355150e-01
9.589628120120616828e-01
9.823075500642822755e-01
9.760700169854513719e-01
9.963361951931885008e-01
9.903620268647966851e-01
9.737959996512242089e-01
9.872549402402152063e-01
9.825982261030031806e-01
9.922624298798962128e-01
9.906354287587701979e-01
9.761243984406942076e-01
9.875091063214364029e-01
9.809929400542074518e-01
9.759038806946643829e-01
9.883480192551367116e-01
9.733072668055476884e-01
9.840169251651539328e-01
9.357169695787899144e-01
9.967272008064813615e-01
9.850467956759213495e-01
9.931952805517855198e-01
9.874643509050707868e-01
9.597332070541971794e-01
9.804101603547720201e-01
9.842110319601413693e-01
9.869173672427694610e-01
9.881456700184839681e-01
9.923942763978861326e-01
9.822607478274377746e-01
9.829521830067342592e-01
9.727248509715563651e-01
9.483343243847153214e-01
9.701920242692276819e-01
9.754401246161759076e-01
9.728299726761125976e-01
9.798339923677104046e-01
9.837167598588739681e-01
9.652448310629090367e-01
9.990388260471100290e-01
9.887982543912399169e-01
1.000907122068854571e+00
9.993613145459754321e-01
9.795553760681485755e-01
9.944774000417829773e-01
9.801933994569430597e-01
9.658533125956039189e-01
9.701587634506183555e-01
9.873277409709324548e-01
9.560392715248430262e-01
9.762956041927557393e-01
9.528663307364534374e-01
9.663722934518960139e-01
9.823676872632883805e-01
9.779610477108864330e-01
9.815627006328885296e-01
9.691052058827047677e-01
9.921294202530837048e-01
9.826628529844404492e-01
9.775050785654265662e-01
9.822300487017135984e-01
9.865389975859432115e-01
9.704296498879231292e-01
9.879286624501145697e-01
9.938357160027350146e-01
9.597104239358135169e-01
9.797027231128427882e-01
9.883962386649015608e-01
9.771339971241456146e-01
9.890204064016928642e-01
9.835752498532445154e-01
9.852610652675573011e-01
9.836535123199768860e-01
9.832073185732040921e-01
9.907107964860406568e-01
9.964202914251258925e-01
9.993012529386464671e-01
9.942911456072440757e-01
9.870446501295232489e-01
9.877879149339814369e-01
9.610767649034195337e-01
9.861399897499565359e-01
9.877242034529228887e-01
9.759560186211052590e-01
9.845304519883489869e-01
9.861615817129284478e-01
9.834576358012468988e-01
9.827202081415982171e-01
9.817639948946815798e-01
9.812849007679377289e-01
9.898528275724081116e-01
9.812269923597648491e-01
9.944586025958992437e-01
9.778263065190067049e-01
9.581724809991607472e-01
9.756151084241495575e-01
9.937015690339129348e-01
9.803948619225462124e-01
9.805220094261023478e-01
9.505153049303279866e-01
9.835407812972932762e-01
9.523275842883167641e-01
9.693075534695538842e-01
9.968465314037753267e-01
9.900744287900962171e-01
9.833720513059183155e-01
9.836191313502870015e-01
9.819713690955534924e-01
9.877182357871843177e-01
9.822434263889263661e-01
9.722979886129289318e-01
9.561600112099205573e-01
9.558132716556739794e-01
9.832182375981048938e-01
9.877035919013120724e-01
9.871983351207332946e-01
9.491531388257022916e-01
9.754168736817764307e-01
9.866986978422380705e-01
9.607995830993291131e-01
9.885403547150535264e-01
9.596966908756727754e-01
9.724996974213212519e-01
9.784816366843620550e-01
9.845740198215370276e-01
9.788446993754608139e-01
9.671803825005352850e-01
9.789334206344310063e-01
9.840624079391698809e-01
9.786817918467353161e-01
9.803987126859062817e-01
9.756383064768804347e-01
9.844760823010787476e-01
9.678401337503242940e-01
9.794248364109318095e-01
9.798632985737673051e-01
9.679152176113391404e-01
9.875254595761002729e-01
9.882686100077319180e-01
9.837329327805461876e-01
9.900000228876083552e-01
9.670409799953231245e-01
9.654947271645311080e-01
9.830161238328344320e-01
9.652285575442280940e-01
9.779449807587996535e-01
9.490332374386198921e-01
9.682687538955218054e-01
9.805668830393834412e-01
9.950306120164431611e-01
9.779512643564753915e-01
9.841779187309493970e-01
9.793713027508890168e-01
9.809683353415556972e-01
9.472614173461709752e-01
9.890863046518163504e-01
9.957479440830219186e-01
1.000072431219283020e+00
9.871938111189488829e-01
9.849122915423362823e-01
9.999790348883409452e-01
9.782735800426445305e-01
9.845544247820613437e-01
9.622196938591689452e-01
9.936769200366061261e-01
9.971830566874282376e-01
9.701032829555916726e-01
9.697626436285469165e-01
9.908618920266059060e-01
9.973330669137762117e-01
9.615253063560368352e-01
9.860586750527461364e-01
9.699328088030333417e-01
9.686753786664045185e-01
9.630026861114404646e-01
9.854816053572393875e-01
9.909437287783834369e-01
9.809872849537156769e-01
9.836768513573020956e-01
9.777781038359691923e-01
9.882651226854923809e-01
9.632770443445805020e-01
9.563940054856691075e-01
9.662584480348785920e-01
9.946380044190489267e-01
9.877708390751948064e-01
9.514889869913016884e-01
9.858293045052922698e-01
9.786111495749629796e-01
9.903292294103607230e-01
9.804590525277934177e-01
9.856472066576899005e-01
9.839651504710074104e-01
9.828507626582158041e-01
9.449323647324330278e-01
9.876957566513666631e-01
9.892392287254188066e-01
9.615649669814670952e-01
9.726433026864635956e-01
9.758685277252295842e-01
9.944551309692766239e-01
9.811129601768276975e-01
9.860869027571830259e-01
9.570546114223174028e-01
9.849630092985484087e-01
9.817139762223128230e-01
9.833505893665062114e-01
9.912101625799274451e-01
9.463635151861100603e-01
9.679831900425538427e-01
9.831597752759918540e-01
9.685036089541643189e-01
9.836303467649580856e-01
9.935010195858747784e-01
9.781142221301880602e-01
9.697707400050255000e-01
9.824270665835034277e-01
9.816269979773700749e-01
9.890116805528014199e-01
9.700065892709034410e-01
9.614977471480189442e-01
9.929039840148086160e-01
9.759611075944784053e-01
1.000332778589652971e+00
9.716999470874985168e-01
9.739845899315910938e-01
9.785801006584732287e-01
9.821608040571242482e-01
9.885629197509490096e-01
9.946350664942810171e-01
9.992341775354163236e-01
9.773200241195010296e-01
9.831361275226380148e-01
9.864114137080324252e-01
9.747982663564134231e-01
9.843356706366561681e-01
9.949666155845409143e-01
9.828469803808237426e-01
9.739027760040901427e-01
1.006176360139851678e+00
9.836902337986129785e-01
9.567368800617859215e-01
9.701200071464484154e-01
9.936273454087095613e-01
9.593957154050948288e-01
9.758387318549704981e-01
9.513510446967792245e-01
9.704319574434364659e-01
9.547566434385029721e-01
9.816077509136893475e-01
9.965448506878179513e-01
9.929059793656860311e-01
9.778150224177892813e-01
9.846342844463170652e-01
9.774947439481679323e-01
9.614305008723467161e-01
9.694471493042768895e-01
9.547173832095298129e-01
9.918644807945076192e-01
9.510663488570458846e-01
9.871793624056768302e-01
9.638752299798647449e-01
9.768427224544333765e-01
9.737835163349258805e-01
9.909790933664109902e-01
9.894866860417773635e-01
9.670668246707689875e-01
9.752533011349359127e-01
9.834741637321726682e-01
9.578910875910594536e-01
9.834124813979934210e-01
9.682875313650837201e-01
9.862138613526437725e-01
9.628739482332944188e-01
9.654816958742096222e-01
9.896500705508302076e-01
9.523357724614972541e-01
9.690754832660269935e-01
9.941844348637286499e-01
9.684865888908635867e-01
9.922881789300632693e-01
9.526042190887692440e-01
9.855846499300685570e-01
9.721119497258127184e-01
9.922814576841182399e-01
9.783886054067422178e-01
9.554988329473178554e-01
1.004963344217823407e+00
9.997820191826296554e-01
9.507556862618696814e-01
9.643150398993920458e-01
9.858802636724409707e-01
9.700508207396306704e-01
9.879170464384796624e-01
9.898547059092809297e-01
9.862785228735986287e-01
9.770620097791202774e-01
9.841237166467983188e-01
9.930048442175526402e-01
9.707592264727367137e-01
9.546877550916008648e-01
9.782250484052972261e-01
9.960324832281748364e-01
9.865188392100419090e-01
9.676921735397199242e-01
9.904370244942823920e-01
9.616336957514245443e-01
9.873309712717197595e-01
9.733007956399961635e-01
9.673956638704642730e-01
9.972957689358290523e-01
9.432323815954188895e-01
9.613790453066205499e-01
9.742922464183715325e-01
9.765153494740703710e-01
9.862483068079683779e-01
9.785809457137277789e-01
9.875513515190219582e-01
9.945660739132686778e-01
9.749610072082633971e-01
9.691969682734822289e-01
9.696655090519242792e-01
9.856404088817863895e-01
9.786867051634957626e-01
9.955462473874302498e-01
9.532556576260304837e-01
9.751577374158687528e-01
9.848061971948773863e-01
9.832197212494030447e-01
9.900149201234610397e-01
9.911627621555892942e-01
9.674699129354668026e-01
9.890675875875980516e-01
9.824181307114884243e-01
9.682428603503928644e-01
9.904453183782804260e-01
9.608542928466470290e-01
9.716916411855849312e-01
9.671704119406282496e-01
1.006491453940861813e+00
9.916190768607450190e-01
9.800187279663207240e-01
9.819092127949858861e-01
9.797004803369601111e-01
9.769554867180805235e-01
9.671707008809583561e-01
9.837894395838725492e-01
9.765637633372896698e-01
1.011346307719779292e+00
9.814069414892742094e-01
9.930971538779327368e-01
9.777220585089364535e-01
9.904748912504769409e-01
9.706182290795627443e-01
9.790747156603322177e-01
9.610010231358168120e-01
9.837628915656622119e-01
9.648698573244151033e-01
9.878671060885750865e-01
9.768203657764608083e-01
9.660622840692112412e-01
9.610090260904924353e-01
9.906432117294056150e-01
9.915235530945530895e-01
9.850708705147571687e-01
9.839428328070349838e-01
9.847342994885085465e-01
9.843966684479875662e-01
9.901170074718927960e-01
9.869296634807169788e-01
9.817700926204625533e-01
9.946148460980998030e-01
9.894277475494027696e-01
9.834016512098672225e-01
9.744054273547056999e-01
9.894597616392065698e-01
9.729566030248439912e-01
9.837053650586158327e-01
9.801450776838014356e-01
9.863701758771065142e-01
9.924171248921075383e-01
9.826506970574021560e-01
9.844085920904021014e-01
9.593132627254703504e-01
9.754399525362226209e-01
9.889887472371570176e-01
9.776334279985257059e-01
9.633147962927975927e-01
9.952730406105042560e-01
9.955418207572038769e-01
9.923132660348582545e-01
9.840963778623906810e-01
9.719374259946390593e-01
9.775556579242639099e-01
9.930014445819298485e-01
9.843137150105245592e-01
9.759921338067910623e-01
9.948233886356652178e-01
9.805317989057207306e-01
9.519786251798897370e-01
9.557798166523844285e-01
9.813695050315309754e-01
9.838760529754988493e-01
9.748777251582242398e-01
9.863895436404377381e-01
9.899843286844067780e-01
9.648658606925387682e-01
9.659030799474321860e-01
9.799639374984195905e-01
9.582435447702649656e-01
9.881042724957084245e-01
9.790360054941106283e-01
9.614939753026894298e-01
9.729300284698155776e-01
9.839316253280349089e-01
9.793492959641652007e-01
9.819543948234673580e-01
9.824836359580402245e-01
9.646743185974879786e-01
9.575435510335883471e-01
9.618035063423849840e-01
9.898693975466628103e-01
9.811763154233454909e-01
9.616386865597554845e-01
9.768863904608074966e-01
9.789013433741347026e-01
9.846116278311642933e-01
9.759147540363029005e-01
9.851757011405506415e-01
9.803533526960003242e-01
9.793506027285423521e-01
9.782234398712206236e-01
9.698856501300909816e-01
9.843063028645890888e-01
9.806463671389664682e-01
9.928487001542348755e-01
9.802458956685642377e-01
9.942192916783558765e-01
9.715308885617472967e-01
9.791253608825755128e-01
9.762435501445857478e-01
9.791855152752638736e-01
9.913336664387789599e-01
9.764046257644710680e-01
9.543089395689674515e-01
9.839069187130160543e-01
9.732298784216999454e-01
9.637114618585235215e-01
9.793802145898791167e-01
9.822368922954841652e-01
9.942967923406119679e-01
9.842397698425571217e-01
9.799521634280743410e-01
9.830762371885832795e-01
9.522466519546912700e-01
9.745362053316690698e-01
9.406154518793672370e-01
9.801861178134960717e-01
9.892523716923495858e-01
9.761356523624479253e-01
9.890965330531432675e-01
9.835523233863122661e-01
9.900095138213891310e-01
9.629747128237221565e-01
9.861856550283064626e-01
9.875035237637111996e-01
9.739493423717252574e-01
9.818948449820376068e-01
9.969341715554057570e-01
9.628962340827861288e-01
9.653962089408134606e-01
9.961967141424609151e-01
9.734793711312624831e-01
9.927368242773438878e-01
9.936370422233453681e-01
9.645693641238828331e-01
9.874906586342222514e-01
9.588398357314446008e-01
9.852946926449295262e-01
9.951787105865979033e-01
9.926537724774571192e-01
9.685490973817378890e-01
9.950986765076950125e-01
9.754720316381044753e-01
9.704948397096646584e-01
9.671739163783709126e-01
9.794248548495564366e-01
9.790502106802591031e-01
9.944055351160074885e-01
9.605032254383605306e-01
9.863693233926289494e-01
9.744525500639972249e-01
9.467544917824927131e-01
9.653531136972200999e-01
9.876182412087477491e-01
9.622230723148081921e-01
9.607716766214412507e-01
9.775033134169407445e-01
9.628970458998457049e-01
9.925644813003633438e-01
9.728057226103328237e-01
9.754339786142737223e-01
9.805285204308157310e-01
9.622048277527793791e-01
9.603139736506079993e-01
9.804252147228283976e-01
9.824278035768887474e-01
9.645017271408899973e-01
9.855787206360968611e-01
9.764287093417842733e-01
9.551013218804881300e-01
9.891887715142068105e-01
9.650544186112477441e-01
9.998143001560509946e-01
9.824053190919785905e-01
9.836098971825155690e-01
9.956111927518985771e-01
9.822121250941602266e-01
9.724555517283888229e-01
9.806071032626005879e-01
9.830010242915094842e-01
9.925168975382632208e-01
9.846257676551318783e-01
9.894006526421391667e-01
9.816469808188242885e-01
9.633873547857916275e-01
9.777352152377244421e-01
9.832377362771039797e-01
9.699444189569965680e-01
9.907472106470700535e-01
9.800962164130134768e-01
9.843163464661206508e-01
9.880557446928860399e-01
9.657495162187347271e-01
9.826257155859425829e-01
9.764579579440423318e-01
9.609181325794126094e-01
9.706422100547525966e-01
9.861669887224884246e-01
9.689527119437583158e-01
9.872377952280190216e-01
9.644247055775143629e-01
9.952938413923568817e-01
9.968942858725033940e-01
9.562667261967553456e-01
9.696533870797334753e-01
9.772814684049215828e-01
9.950258204261618333e-01
9.878686996709441503e-01
9.761812893385443113e-01
9.851796453266473685e-01
9.849350824186866582e-01
9.495704851249081591e-01
9.942952873838781791e-01
9.530476613946458064e-01
9.821018317937407760e-01
9.791413148309009440e-01
9.726296882707081704e-01
9.686275936241368623e-01
9.855614606801683664e-01
9.878863304818186197e-01
9.492355211004543936e-01
9.605718325866140495e-01
9.885033906637994416e-01
9.662281483508066149e-01
9.853017486739352737e-01
9.907377952446112523e-01
9.835176438902915041e-01
9.728457477034496703e-01
9.556984775463246429e-01
9.883138241559097370e-01
9.914705035633551988e-01
9.903174564194223706e-01
9.863422544377145051e-01
9.511336436459260080e-01
9.898205589204643884e-01
9.709295004538326390e-01
9.791000244974269462e-01
9.816739171269847075e-01
9.699428889832741874e-01
9.922864568015971054e-01
9.611821917706114826e-01
9.875635991279413384e-01
9.804149730101177074e-01
9.722407897983000868e-01
9.809183883441183749e-01
9.654565791500601124e-01
9.761732537646167218e-01
9.758950588233976653e-01
9.841045103167818109e-01
9.814802761143500698e-01
9.829352264309698661e-01
9.629936508673163642e-01
9.791371820967615935e-01
9.793388647008183234e-01
9.823007730528093839e-01
9.721444936221017574e-01
9.856456360266137029e-01
9.758077867397995098e-01
9.957704792896018287e-01
9.796209041054624311e-01
9.828993701458659249e-01
9.819607636739166034e-01
9.902507541833053262e-01
9.874035014104006747e-01
9.878222730177054212e-01
9.524849041123618631e-01
9.675134801972687937e-01
9.389831322756199139e-01
9.726273702783627684e-01
9.827589533036656944e-01
9.773924829073593612e-01
1.009895213591913476e+00
9.803187762521370363e-01
9.831378111204661652e-01
9.916174300740189240e-01
9.896204807464316078e-01
9.707929738754372817e-01
9.872308475624578250e-01
9.984507396355385422e-01
9.651042276540271470e-01
9.880073309874304321e-01
9.876827964552791217e-01
9.738059465228667833e-01
9.853945503483774182e-01
9.602046904824179663e-01
9.741554889542507478e-01
9.666889365059136985e-01
9.939887516751177987e-01
9.653268332622967351e-01
9.868067556310935462e-01
9.832551548172091538e-01
9.740657570189529268e-01
9.662897909678802577e-01
9.759999084741995956e-01
9.539583433169790405e-01
9.974035944369028517e-01
9.856398130104842004e-01
9.912926199925157222e-01
9.629622645372944989e-01
9.812021251325454552e-01
9.882315930643428281e-01
9.494983157620440206e-01
9.850791464410699749e-01
9.760161063690782068e-01
9.774223669460389008e-01
9.744546921642599502e-01
9.658074947521511078e-01
9.899528656538776339e-01
9.847258488535196586e-01
9.825761447619474342e-01
9.793428484663164735e-01
9.885496973943451726e-01
9.523821030090146023e-01
9.898040306062335647e-01
9.787921626029608690e-01
9.863241195920900983e-01
9.971230410159487301e-01
9.672368769095657237e-01
9.893768521538531813e-01
9.657059585864810058e-01
1.009579054656328134e+00
9.697970346181572499e-01
9.886840805343904970e-01
9.932424230742054050e-01
9.443344350025850709e-01
9.931045247393233133e-01
9.479987900266513279e-01
9.851227418436306893e-01
9.907503488051511154e-01
9.602461727374829170e-01
9.978210083569398758e-01
9.755416544834786263e-01
9.540867409554346645e-01
9.782511243366192044e-01
9.942198494360227068e-01
9.504714287231156300e-01
9.884648696103229826e-01
9.738189589325092488e-01
9.913718104857289770e-01
9.780777549706247687e-01
9.698128204922672468e-01
9.841298795491274509e-01
9.827352727624826256e-01
9.766360773460239786e-01
9.605765844589664315e-01
9.989828908275644181e-01
9.743419290908937880e-01
9.781798627716306038e-01
9.844831097063680980e-01
9.867745028384335981e-01
9.602310949912413740e-01
9.855282211739001541e-01
9.856664049224974633e-01
9.824241265278527147e-01
9.849215215043833904e-01
9.845758355701131892e-01
9.648320716776480621e-01
9.689510494386933681e-01
9.842069911201820620e-01
9.709751129447007356e-01
9.554399410692905326e-01
9.672365856043321219e-01
9.891466104344976973e-01
9.582979915924916270e-01
9.572109992077240115e-01
9.887470977916460457e-01
9.761118979190472889e-01
9.730703454741742586e-01
9.926977156496794574e-01
9.969978783145166945e-01
9.667440394538289183e-01
9.868279251728494517e-01
9.915834903473708106e-01
9.901398917927234367e-01
9.483304351360010154e-01
9.382873893771275231e-01
9.805030722055259051e-01
9.622686474699279069e-01
9.902363865384662400e-01
9.689139738855566675e-01
9.937069425350320007e-01
9.805058115311791056e-01
9.959974803851321390e-01
9.506023635883827927e-01
9.786560872418587076e-01
9.659182786394677755e-01
9.860627150070471192e-01
9.650573705583571638e-01
9.763077600662602995e-01
9.886261725339237083e-01
9.912607078300518237e-01
9.841102020585887900e-01
9.851901588837768120e-01
9.820912749885032378e-01
9.845644987649182500e-01
9.691283086716999673e-01
9.724360846335777797e-01
9.880628469624996857e-01
9.921157915416402018e-01
9.769512004505322977e-01
1.000094106662395177e+00
9.635436779843734589e-01
9.798059574433549690e-01
9.665325872199015400e-01
9.673376748448068163e-01
9.702181391695106072e-01
9.951660691340641351e-01
9.841352556493340176e-01
9.800811140431880952e-01
9.819767819455328395e-01
9.981029983808906714e-01
9.847741833816184842e-01
9.872656135639147346e-01
9.878149949998235035e-01
9.915101896426995465e-01
9.720779816988676103e-01
9.838636318641894585e-01
9.796587012016990670e-01
9.814395411777818712e-01
9.690317034296177523e-01
9.855096078202199017e-01
9.796696075120001623e-01
9.837047879840218334e-01
9.531759009990743436e-01
9.834732478558065871e-01
9.669087857206204450e-01
9.753572166154993450e-01
9.870986687396144932e-01
9.868310256672851999e-01
9.467986651928033126e-01
9.828692040513812289e-01
9.905084641039166859e-01
9.895421250367204546e-01
9.725172724941497648e-01
9.879026682567165762e-01
9.785419476123327076e-01
9.746545290885616497e-01
9.826459274515771947e-01
9.658643782911973119e-01
9.779544518023408628e-01
9.630822975614460324e-01
9.738555259286482135e-01
9.841841441874863428e-01
9.823885091855455443e-01
9.772835401991437632e-01
9.835199238050048587e-01
9.825734462911798195e-01
9.723456142395444646e-01
9.629788543472939111e-01
9.847491937430030706e-01
9.742156589077363149e-01
9.829578514468303441e-01
9.890782161290622154e-01
9.688300894626770132e-01
9.799944659309073325e-01
9.891645581118992947e-01
9.971026202810203687e-01
9.540134253712305723e-01
9.833253859250330464e-01
9.926605908290029312e-01
9.703920102677880966e-01
9.837620680037323373e-01
9.796822794967581238e-01
9.824124594601905125e-01
9.559776077365401692e-01
9.669244616885668275e-01
9.785731893673520476e-01
9.545039840208358051e-01
9.903403878808595406e-01
9.750610751157773315e-01
9.871213994214425025e-01
9.825863758581995233e-01
9.812046190785032040e-01
9.746991574869412478e-01
9.754448832548980874e-01
9.838466857043799418e-01
9.882385295500611955e-01
9.756293403791803653e-01
9.716901626817132653e-01
9.721892575939949932e-01
9.707704083468118306e-01
9.987452144555524214e-01
9.780108630739755560e-01
9.730454438870385081e-01
9.677766661017752625e-01
9.765093351930511645e-01
9.865492003531179943e-01
9.909448403848254427e-01
9.713535531816896995e-01
9.622608152965864692e-01
9.880421968948033262e-01
9.859939506260341213e-01
9.744193582660379827e-01
9.667389781959858652e-01
9.845018190802580227e-01
9.848937263439958567e-01
9.868325390493104532e-01
9.683622572411425544e-01
9.596125142994147428e-01
9.759084811617226851e-01
9.975404275269188492e-01
9.597492932200736293e-01
9.836244562211894360e-01
9.627163649213121843e-01
9.693802360899653747e-01
9.745871700959874984e-01
9.791341433111286907e-01
9.919357420234272693e-01
9.793576767734649691e-01
9.672971893806681098e-01
9.820857826571750548e-01
9.904821397850491760e-01
9.699029818942713765e-01
9.727474969913997294e-01
9.526586226740924035e-01
1.000883571647329218e+00
9.688096387998632597e-01
9.753230893499329479e-01
9.757915202141212996e-01
9.875272726227201092e-01
9.767528757142260876e-01
9.875665650522120753e-01
9.725762631774018674e-01
9.580231321948208256e-01
9.891384537649070552e-01
9.502028308252217226e-01
9.688070275603570813e-01
9.576358981083112898e-01
9.717871446149590753e-01
9.650721185138613212e-01
9.798520535277348564e-01
9.794337982509664364e-01
9.934056289771099335e-01
9.724495039653029416e-01
9.954274231873369017e-01
9.937000536201074929e-01
9.696588623436329657e-01
9.628636462204848145e-01
9.626923865377317036e-01
9.845922336861026025e-01
9.420515038157157850e-01
9.751019278871293494e-01
9.581364770976229517e-01
9.865804809726381741e-01
9.695128891326679765e-01
9.811239849011713643e-01
9.887674081446999885e-01
9.827515092739610436e-01
9.687044901520414086e-01
1.010185915676483637e+00
9.713209381663878705e-01
9.884619599508642773e-01
9.842912934574387096e-01
9.734605248520549203e-01
9.560611542333778967e-01
9.602028413430130360e-01
9.923511415557100257e-01
9.936065707073081787e-01
9.715658266282566347e-01
9.770662202913125149e-01
9.920931886546623391e-01
9.927856338665645985e-01
9.683396049473887990e-01
9.846513290911815819e-01
9.638898604245241808e-01
9.872273718017495758e-01
9.896556227177050191e-01
9.821713745586774236e-01
9.806788943329252106e-01
9.821400987704321794e-01
9.961512715673077611e-01
9.791500467723720513e-01
9.882268109769055675e-01
9.941715214674643475e-01
9.752432972577683712e-01
1.011254205661365368e+00
9.756598033510854862e-01
9.837604880991011047e-01
9.907913727830648387e-01
9.785247708246226361e-01
9.876738564431920553e-01
9.698343832177243051e-01
9.754124219129497453e-01
9.472336706282230567e-01
9.813350582111166620e-01
9.868462153348467325e-01
9.885401184726188006e-01
9.829888906773516233e-01
9.936452702275102578e-01
9.940289196859558585e-01
9.924447414103482190e-01
9.750896774578801107e-01
9.823922376999389972e-01
9.900529592365707732e-01
9.738331764667347290e-01
9.812211163349403575e-01
9.826034362543478728e-01
9.443059638678604761e-01
9.911403545395450765e-01
9.659933449160523766e-01
9.718252665847245675e-01
9.700887659230880145e-01
9.988493031459485527e-01
9.941019774279631349e-01
9.634840799887216534e-01
9.842859755383708276e-01
1.016085571430875412e+00
9.824537071248342635e-01
9.648818555147483655e-01
9.635860833126698166e-01
9.724580860904445956e-01
9.908778961175229716e-01
9.834868306190507337e-01
9.808353471900337350e-01
9.607151482735548642e-01
9.948887047830196062e-01
9.769972855671128498e-01
9.971079747434645757e-01
9.816560601939379183e-01
9.824479668564275459e-01
9.823231223407545842e-01
9.986174589672089930e-01
9.797065091924159752e-01
9.689240176130361482e-01
9.796820466521820592e-01
9.755346974823173589e-01
9.691519154902754618e-01
9.717205372168938871e-01
9.886093024986196687e-01
9.574704447978586996e-01
9.716315803556503372e-01
9.725105943948196829e-01
9.660761147340771737e-01
9.869382202174313834e-01
9.512484711457633857e-01
9.843472776347655939e-01
9.780999143407111962e-01
9.581863565936296068e-01
9.628435584395096392e-01
9.886022513268630796e-01
1.002987488867403298e+00
9.840279617008268476e-01
9.989204713565202898e-01
9.862340277003791567e-01
9.668453369146501331e-01
9.663231056858052614e-01
9.920905279234539798e-01
9.943954250986410948e-01
9.832899111311400597e-01
9.970434307391223827e-01
9.589084398151265232e-01
9.821530607429108661e-01
9.412692256805974544e-01
9.819857620118018771e-01
9.758720500622201088e-01
9.482452536940028098e-01
9.839215334245061673e-01
9.883446126496766571e-01
9.647011627959931612e-01
9.832628053745449126e-01
9.920470603040855151e-01
9.855269065573928344e-01
9.695328092020599753e-01
9.685251107381877000e-01
9.847211506636819323e-01
9.949495618515433737e-01
9.585235977552408748e-01
9.596863685426342272e-01
9.912425554007792128e-01
9.758803136709267578e-01
9.736313626584052194e-01
9.802427948615217712e-01
9.779209899923481109e-01
9.831463344411077721e-01
9.781468186788956354e-01
9.848752029834221267e-01
9.705156947738932116e-01
9.863524862744312838e-01
9.497779854985265446e-01
9.919877778615580066e-01
9.544178954734455766e-01
9.922966534399296767e-01
9.711580215416181217e-01
9.751885097583719020e-01
9.776954700973161660e-01
9.878815042406930980e-01
9.812409568987408015e-01
9.867913814257160965e-01
9.543773835674630446e-01
9.797131798612803699e-01
9.936094808419582147e-01
9.916871875573329831e-01
9.921833041198165892e-01
9.759535613998048253e-01
9.905446662094578025e-01
9.849610403016191285e-01
9.972406805521368822e-01
9.896825060138977337e-01
9.612830001962370252e-01
9.764261959948690173e-01
9.808835582195823966e-01
9.877205375715110147e-01
9.837573523011106102e-01
9.920625239229988734e-01
9.845606595412401685e-01
9.637889066247677938e-01
9.928231671804149672e-01
9.470421129344559485e-01
9.907431086823652588e-01
9.845474936813888300e-01
9.659100390189897523e-01
9.615166196268813970e-01
9.643692291740170175e-01
9.769084593455745757e-01
9.513705446064207871e-01
9.838743832473502149e-01
9.471499093190504093e-01
9.668047392625824799e-01
9.971087983634555618e-01
1.004487944404802047e+00
9.882721561851930403e-01
9.769068940467207085e-01
9.864176083790302529e-01
9.867765210153870425e-01
9.827609647949410165e-01
9.685410540147020297e-01
9.795760926495005183e-01
9.914527688571278530e-01
9.877186787701570658e-01
9.853827878715366584e-01
9.668095094617337182e-01
9.674890389435747418e-01
9.496866161697931075e-01
9.682087945688832020e-01
9.562558954445027348e-01
9.953122019482719685e-01
9.880625942232555969e-01
9.786745542256198860e-01
9.734059814190548776e-01
9.570643276941311894e-01
9.749552733520924219e-01
9.905506170093997254e-01
9.785555080099618275e-01
9.830223712527499380e-01
9.852367360230792626e-01
9.748471556143855077e-01
9.791072470087351931e-01
9.978060027567340340e-01
9.909673964932235180e-01
9.774887257746196489e-01
9.770928557310839535e-01
9.872902111159764793e-01
9.811208354722011915e-01
9.749542672481761318e-01
9.637980551642920668e-01
9.787960108811099014e-01
9.853829486004469507e-01
9.932910850013301207e-01
9.664941104451501008e-01
9.961009598643667529e-01
9.694135994269279522e-01
9.805343410630111833e-01
9.670626248253179069e-01
9.776742235779996015e-01
9.827982073779535366e-01
9.685851905493803038e-01
9.942709514051788489e-01
9.670920970774716796e-01
9.689692783341248283e-01
9.849851944974210571e-01
1.000256702197551251e+00
9.735490385768206245e-01
9.523541123152627907e-01
9.683043819596872659e-01
9.735126988759116307e-01
9.829278706356147088e-01
9.892675358920197670e-01
9.729922124970651343e-01
9.846672155210728361e-01
9.666051114007102596e-01
9.908158338836712264e-01
9.695905081941252890e-01
9.937537154988419497e-01
9.663332300295183197e-01
9.635464762824259566e-01
9.610318775993934581e-01
9.740775273333462936e-01
9.859485851567130199e-01
9.988017562586217757e-01
9.794163010068852593e-01
9.795762061354713612e-01
9.861613618287977667e-01
9.903907799881439544e-01
9.914823473454610347e-01
9.733695862346243288e-01
9.846891915955742203e-01
9.870497966717891591e-01
9.670362587394234488e-01
9.650730002880201219e-01
9.805085562346527173e-01
9.323405100712405247e-01
9.807065029178920756e-01
9.800171327885296435e-01
9.867358722340403565e-01
9.964219677856376300e-01
9.847852011964308705e-01
9.676264565768334380e-01
9.301936450144429047e-01
9.480800783616850635e-01
9.744908092642687869e-01
9.849733653717547277e-01
1.006386309092931475e+00
9.886059032485180476e-01
9.833566373164284169e-01
9.548090515685816460e-01
9.766975266230454311e-01
9.792244377874054218e-01
9.879497748786361111e-01
9.873442807460763859e-01
9.744051692077726479e-01
9.783623311704831016e-01
9.776950514609914489e-01
9.989214585132571989e-01
9.948981711324833554e-01
9.508593042339673618e-01
9.755211145928862626e-01
9.851754461989383760e-01
9.415209477465945609e-01
9.719299259791260859e-01
9.964273618821672951e-01
9.830807130113200509e-01
9.723629959695049285e-01
9.809474300635171451e-01
9.829140818675108360e-01
9.752835074503262147e-01
1.001730086948465548e+00
9.836082859748974672e-01
9.723020454643778177e-01
9.939465316442294140e-01
9.900533059614196052e-01
9.806889710756443446e-01
9.873204536888688931e-01
9.789776328372574721e-01
9.795529303072670890e-01
9.817420867072327306e-01
9.744194226607862941e-01
9.746936130126152564e-01
9.915780076467347603e-01
9.854795134995206762e-01
9.820368253089112320e-01
9.903366191533133911e-01
9.796973010403485782e-01
9.903597712039473588e-01
9.852920597764005528e-01
9.795454943111473467e-01
9.920652268888089376e-01
9.895084201751783715e-01
9.793788170523306524e-01
9.910081326516553268e-01
9.887241130685687773e-01
9.789938928979363686e-01
9.864906612016349774e-01
9.785531434664079820e-01
9.881635467405945894e-01
9.953346303775393311e-01
9.789592785731018321e-01
9.700150348913768594e-01
9.721606714145981654e-01
9.983140071282631256e-01
9.926853020722390397e-01
9.754384675800797933e-01
9.796582682450634127e-01
9.829940818775456668e-01
9.819842994863279273e-01
9.936063042485110408e-01
9.875899970669260730e-01
9.804872761743246290e-01
9.916114328782188458e-01
9.602101085926846302e-01
9.893871865692056566e-01
9.568811640519314654e-01
9.970142055669741765e-01
9.844600075859486488e-01
9.812110883842022346e-01
9.899626216922264854e-01
9.895706236300724212e-01
9.720149664705391990e-01
9.895630219246767112e-01
9.908755057202396355e-01
9.949845128582581744e-01
9.327694637119441357e-01
9.850501681695906786e-01
9.837543667311765549e-01
9.939909336496796088e-01
9.776674361779071898e-01
9.572130712483989390e-01
9.794329811192831192e-01
9.748673607599391833e-01
9.776371507234271618e-01
9.561974649692397410e-01
9.757001871915811364e-01
9.672249018409012633e-01
9.774620023602956786e-01
9.913946751420850134e-01
9.912261566246853839e-01
9.914313649444016496e-01
9.922737620671543413e-01
9.934592759451732480e-01
9.751779052199430753e-01
9.806740829132233328e-01
9.910917309812244946e-01
9.711570254948328484e-01
9.955574546437588879e-01
9.879148426856727561e-01
9.892222324942154810e-01
9.801997808936087075e-01
9.732587469099887034e-01
9.888674052773179790e-01
9.521995822006640298e-01
9.849103556288492101e-01
9.869379058364102786e-01
9.633837587164570948e-01
9.794286890258649958e-01
9.855470179729568514e-01
9.658393100726917480e-01
9.913895803868489898e-01
9.940188284784661210e-01
9.780940894136156416e-01
9.849720190473568726e-01
9.828836652804899821e-01
9.749977729252116143e-01
9.809600696941715992e-01
9.625704853002381434e-01
9.752878465015580867e-01
9.885332105166569905e-01
9.757166441984861383e-01
9.673006940149208033e-01
9.600065874239568364e-01
9.904278625728287766e-01
9.812310952598601865e-01
9.497654630331963110e-01
9.816545717795489567e-01
9.656400098691829692e-01
9.703027953043985576e-01
9.801174028064758570e-01
9.927060331598389631e-01
9.886597028708511425e-01
9.841705056041993860e-01
9.855502600703301974e-01
9.652529679141907959e-01
9.287775263547912719e-01
9.932355278710834900e-01
9.914629003241935967e-01
9.772504524592570130e-01
9.923575958928848584e-01
9.909905168482917581e-01
9.630022319002483622e-01
9.665848219391833807e-01
9.742366329773064493e-01
9.815631032292203573e-01
9.825802025435325104e-01
9.915312678703566140e-01
9.689313202842736450e-01
9.687663874329308644e-01
9.750914692508353410e-01
9.851066737855246336e-01
9.742540043378044023e-01
9.678481884889197362e-01
9.411607894353904991e-01
9.696266708180555360e-01
9.666070024983178799e-01
9.826099197238601368e-01
9.749430865330673823e-01
9.516870986619002659e-01
9.765251695389358666e-01
9.753206873524556952e-01
9.875743599099195968e-01
9.701065042878601608e-01
9.872452463291759850e-01
9.826033683570144506e-01
9.920419352188318829e-01
9.586352421881418895e-01
9.914098826805401998e-01
9.525531671168363523e-01
9.826977691192941844e-01
9.849878129574421992e-01
9.583991089364368721e-01
9.863917176573842038e-01
9.487832221257785914e-01
9.879281232839561833e-01
9.809605713212051770e-01
9.717767574808278130e-01
9.839258874531896515e-01
9.631739139968046315e-01
9.912992329390741819e-01
9.853756757860699933e-01
9.885126684396366992e-01
9.865814748254214672e-01
9.948466018157197110e-01
9.858717815126251116e-01
9.892287677372954002e-01
9.909019930615536875e-01
9.742260787055161408e-01
9.857948271745446966e-01
9.859712612784191643e-01
9.881618809831655970e-01
9.742052169355293056e-01
9.912183087072599097e-01
9.828441797691667148e-01
9.844851791206182812e-01
9.593566236614974319e-01
9.819273944624320460e-01
9.833222645982324650e-01
9.650154537247112030e-01
9.796660870708046032e-01
9.932422775257949699e-01
9.863677394216470162e-01
9.919870024484347404e-01
9.874290771370950459e-01
9.499685276974497716e-01
9.857358506035647228e-01
9.941589609743453071e-01
9.637432382218159566e-01
9.768886498533041474e-01
9.591045512309742671e-01
9.844324874126387792e-01
9.852020812873543143e-01
9.631010786346390073e-01
9.696840133115003368e-01
9.870798654746463230e-01
9.879070360655212157e-01
9.758030652207223543e-01
9.672645001167355927e-01
9.734328275636586758e-01
9.945891423067505510e-01
9.875670503392168786e-01
9.688749354536800862e-01
9.971547123603505813e-01
9.848861631854778365e-01
9.897407528823535250e-01
9.749750120663559505e-01
9.714420603836750878e-01
9.854226127941789759e-01
9.636624715952436526e-01
9.913599041541357737e-01
9.645900171307186799e-01
9.876021538619479401e-01
9.803073555300492181e-01
9.976898625629030404e-01
9.916906029495601294e-01
9.857626599841547987e-01
9.797312410069134447e-01
9.917302577013812348e-01
9.670315587918718592e-01
9.839022215176528308e-01
9.588976064662221299e-01
9.822545428434823478e-01
9.896136112410889307e-01
9.854737528803176883e-01
9.468451029655448048e-01
9.930217875113248605e-01
9.661455995152596898e-01
9.822479359995549553e-01
9.880531337667036729e-01
9.730173489782475427e-01
9.548757006382644352e-01
9.930745901940829512e-01
9.789625252816847034e-01
9.785217671802877160e-01
9.615482261057254343e-01
9.965198410307241073e-01
9.895266423372693909e-01
9.845943791553600777e-01
9.702306092321869579e-01
9.872770324676244380e-01
9.834881011266254358e-01
9.665176523874806636e-01
9.837123809060923652e-01
9.784996947294887226e-01
9.754823661145333169e-01
9.836838757381731746e-01
9.706447247913316811e-01
9.850748798068156287e-01
9.702591871378108968e-01
9.832251915565379807e-01
9.837420204531216461e-01
9.808775074975822905e-01
9.704307874934973155e-01
9.870726194916310536e-01
9.734032690147783606e-01
9.785095799823964047e-01
9.909102335135565598e-01
9.774215166705593205e-01
9.758101730114092653e-01
9.676866582079407531e-01
9.762145453254154059e-01
9.895774443543884358e-01
9.457211204800529680e-01
9.778322715286904554e-01
9.932990397782469616e-01
9.795954386768724875e-01
9.879242483113885864e-01
9.946399025900153346e-01
9.767310201632128930e-01
9.883252503800806776e-01
9.898246919142124067e-01
9.593721004006928732e-01
9.883738366498727723e-01
9.861058043688966102e-01
9.846652974344946019e-01
1.009658529448219211e+00
9.751363240731359960e-01
9.990490637247497752e-01
9.420454452606537021e-01
9.812830360266575624e-01
9.525166845238164370e-01
9.611840551049781745e-01
9.932265044785936192e-01
9.764564595028771832e-01
9.809679000397169002e-01
9.790667380128388331e-01
9.852235856717809215e-01
9.662350102410388608e-01
9.762679213171103765e-01
9.572512447373855426e-01
9.770934005379985354e-01
1.002161315398059971e+00
1.002923201495034666e+00
9.591861431803597737e-01
9.812606354464328273e-01
9.816880601472135481e-01
9.734141313114533789e-01
9.968876261201661260e-01
9.736938592156278993e-01
9.803314781844624237e-01
9.688994125345076203e-01
9.727443814094293151e-01
9.692334415093816213e-01
9.886332578233403279e-01
9.924891482271289700e-01
9.591859070047267233e-01
9.922189055782032474e-01
9.773421032256160990e-01
9.972492224257335502e-01
9.767386715979933243e-01
9.697727664121899016e-01
9.903991198561012954e-01
9.678570749689648922e-01
9.766685073772042314e-01
9.611714996804422428e-01
9.454955286440284157e-01
9.909440257928131546e-01
9.738530002704717248e-01
9.694745663925052881e-01
9.932218830976939916e-01
9.908244612617396196e-01
9.725779462516063179e-01
9.935946139369699059e-01
9.852668775812789548e-01
9.804496247177981738e-01
9.877767177342368088e-01
9.858844145867422526e-01
9.952155503318458329e-01
9.804040191344104427e-01
9.781813922015307750e-01
9.503675463481384700e-01
9.853549226922303506e-01
9.780070740517645689e-01
9.848986819429050854e-01
9.790206790325550745e-01
9.681563309097044323e-01
9.779948318373502536e-01
9.914200691317580638e-01
9.824692054477253134e-01
1.004300225079015840e+00
9.850869457584493505e-01
9.818288862974574593e-01
9.890937610030583471e-01
9.838762816874887518e-01
9.969533013815374822e-01
9.765954338829534453e-01
9.859485302505179849e-01
9.936863060157210548e-01
9.820858783585346696e-01
9.830268702720721397e-01
9.887042698955980091e-01
9.820013539567545857e-01
9.676422565266691311e-01
9.472856212070505100e-01
9.507556657613901452e-01
9.985077513003731697e-01
9.819888900717171909e-01
9.872720475183106581e-01
9.964105962273123174e-01
9.816527332786042503e-01
9.715043925064333896e-01
9.793476761469996905e-01
9.779704424454106482e-01
9.877223370466942098e-01
9.927777226168292835e-01
9.926549886574409509e-01
9.793970344226620162e-01
9.591155457773328230e-01
9.851527579834381543e-01
9.947955588054435694e-01
9.733077013548591117e-01
9.944339587028679928e-01
9.734480824946395439e-01
9.887921356458742039e-01
9.536282456326278245e-01
9.715414000080971890e-01
9.699579543844100149e-01
9.572928025191640433e-01
9.597047899160178197e-01
9.874146253764182202e-01
9.911402435733448479e-01
9.802099175256570041e-01
9.884656351397966834e-01
9.849617952984192071e-01
9.866194930697503862e-01
9.820716089511842828e-01
9.798740212483353362e-01
9.817985378772791094e-01
9.557734052395835400e-01
9.854474062784156496e-01
9.589446147842600743e-01
9.573904399815768018e-01
9.838475945978331083e-01
9.769853279923234046e-01
9.825315375427687847e-01
9.778812338256916981e-01
9.885605765796469102e-01
9.923875838016623652e-01
9.892715227000835609e-01
9.820421830008781994e-01
9.931233247908588524e-01
9.933057963589804196e-01
9.413996732879775786e-01
9.877228121862539068e-01
9.708422083378108747e-01
9.724177189736683546e-01
1.001395255984068422e+00
9.823513315551086755e-01
9.943082761650996471e-01
9.855074259588652019e-01
9.829461633745003590e-01
9.884402812039360109e-01
1.001503190689351452e+00
9.717803528252035861e-01
9.645462890455838156e-01
9.892400481163956538e-01
9.610496933906338413e-01
9.765892095914009419e-01
9.846747598226454068e-01
9.872808052535031464e-01
9.913591648494671782e-01
1.002228994977777177e+00
9.914234674239488232e-01
9.866872308243908041e-01
9.890059604974494878e-01
9.931682224049205310e-01
9.807774883194033677e-01
9.809693037218520928e-01
1.004134686041742164e+00
9.826782653595553807e-01
9.633905306538302904e-01
9.864356297047954802e-01
9.891310823498529192e-01
9.847011364167627123e-01
9.613700311739810100e-01
9.880609404354614433e-01
9.793100040740206902e-01
9.411960283366381796e-01
9.748400054653038049e-01
9.768239592764601520e-01
9.804095288541233577e-01
9.876716264551366198e-01
9.854952728742177870e-01
9.605811360872229532e-01
9.554794575165220794e-01
9.857466408857703533e-01
9.758784989645613583e-01
9.732568605124470862e-01
9.883162619016829797e-01
9.719198713759191754e-01
9.903846095846241537e-01
9.936505981316653413e-01
9.881778433617359747e-01
9.868119992548920472e-01
9.895179665788091938e-01
9.625647258909535431e-01
9.676799239097436667e-01
9.657506707429751591e-01
9.914246470933600897e-01
9.605657752343963462e-01
9.660689055059086261e-01
9.814869646581579898e-01
9.864263471692054086e-01
9.730654047987921107e-01
9.822684343269388885e-01
9.692520685978333050e-01
9.606712022610831569e-01
9.822201500276063202e-01
9.789555072914253309e-01
9.860991645712879894e-01
9.851441926841378871e-01
9.778382598044005336e-01
9.958957951929022778e-01
9.811596752294480250e-01
9.800747769764620587e-01
9.586089299647375661e-01
9.913704511980784284e-01
9.731888935396506568e-01
9.909382570250186983e-01
9.521515899127441784e-01
9.677711620643981716e-01
9.841572714261681565e-01
9.883622615779440457e-01
9.874596754954972910e-01
9.828763370963007340e-01
9.743433078172543116e-01
9.859409744730384118e-01
9.643870363712151450e-01
9.605655202345696475e-01
9.874152812654775069e-01
9.817321521847343080e-01
9.850842347918734587e-01
9.867632169311180146e-01
9.790933497058630364e-01
9.739193047408777337e-01
9.623458258232079343e-01
9.603905360483339093e-01
9.778680824895304990e-01
9.779052427861142371e-01
9.816920345948042526e-01
9.748891007578174284e-01
9.794177003480447619e-01
9.895671646074335470e-01
9.832563053928768948e-01
9.836942542413076307e-01
9.699802539702456761e-01
9.756483177338681756e-01
9.884175830483756808e-01
9.695605401800574397e-01
9.799214936054267966e-01
9.670436809756309815e-01
9.915780819267109303e-01
9.939719782992021413e-01
9.855851698245321479e-01
9.866475035245596548e-01
9.764063353201613005e-01
9.984254845809017453e-01
9.804091156018088782e-01
9.613845258652753412e-01
9.678287674004788510e-01
9.914513291060562672e-01
9.704534704333592776e-01
9.718512548871919288e-01
9.496139642575837092e-01
9.720401904284859951e-01
9.858933464317409801e-01
9.613732977435666127e-01
9.951590143050066395e-01
9.962877935069229807e-01
9.636380777452642210e-01
9.994707890165729358e-01
9.535722686339510590e-01
9.753556899392658019e-01
9.839469700551888298e-01
9.865644042961871918e-01
9.843648832192529730e-01
9.829837087825004094e-01
9.850166925377521476e-01
9.748883204012119830e-01
9.714670546876832402e-01
9.790486005481378040e-01
9.851196818381037223e-01
9.877747243383696585e-01
9.810213658290065641e-01
9.672141601367760799e-01
9.906023699836820073e-01
9.656837455029081418e-01
9.978622719768422966e-01
9.864664194006516063e-01
9.798450368649563869e-01
9.843306661227380072e-01
9.709268037379088501e-01
9.848292500119232296e-01
9.897708680576783324e-01
9.941534875582059838e-01
9.628272588960951062e-01
9.436753945091681528e-01
1.001073674339349129e+00
9.624770231107190321e-01
9.833757862752070533e-01
9.718143820759513885e-01
9.662126033850955142e-01
9.883180993706316420e-01
9.803401672692663160e-01
9.512176584983055294e-01
9.757193734982368971e-01
9.528087412386407884e-01
9.904357543350603699e-01
9.897146748397706029e-01
9.904156316548948791e-01
9.618975802992121293e-01
9.755738721502821287e-01
9.855069009574919381e-01
9.865820749672218337e-01
9.939618902035508574e-01
9.696988470177124730e-01
9.803274527626513191e-01
9.757438584310273999e-01
9.828772803646017575e-01
9.738668571548210195e-01
9.607469983438224892e-01
9.882939340572156617e-01
9.858535293955248413e-01
9.545755434037459519e-01
1.001355028607879838e+00
9.851653105438213931e-01
9.931310651918109356e-01
9.738136201668469161e-01
9.481163915795502994e-01
9.919783549032553660e-01
9.790279238051660116e-01
9.851349560166845487e-01
9.826829713148724776e-01
9.851641883033500635e-01
9.853621108193625355e-01
1.000010143336226065e+00
9.568191327616774045e-01
9.829324384163551365e-01
9.914846306700277889e-01
9.833057459119241006e-01
9.648287781678447361e-01
9.850922576174462320e-01
9.785075187880609704e-01
9.740702138918122532e-01
9.730904465567582484e-01
9.859086378075722079e-01
9.581774488732486272e-01
9.632891745692835350e-01
9.943423651663861884e-01
9.865107237766544968e-01
9.982477837581203994e-01
9.734065139763919960e-01
9.866863339094543717e-01
9.600591544550785006e-01
9.638067914864151264e-01
9.756327215800446595e-01
9.603064760143099621e-01
9.799803948059170322e-01
9.722919774857036179e-01
9.834646211985479392e-01
9.705587081283961748e-01
9.778587130567322205e-01
9.772855929295299893e-01
9.598080155273700509e-01
9.911193934785886839e-01
9.874600137572577818e-01
9.813559630632261443e-01
9.860502373095716422e-01
9.887895058470721477e-01
9.779133597066020922e-01
9.332345500249545900e-01
9.542797228950773425e-01
9.856056325286980391e-01
9.728639389674704763e-01
9.706671933036205013e-01
9.823502652705504712e-01
9.854635076142445049e-01
9.868307941498454250e-01
9.835430774736364512e-01
9.896548228405087633e-01
9.967927914218039920e-01
9.747730570313545284e-01
9.771249439077203114e-01
9.984871361137114265e-01
9.800920053339466920e-01
9.881166517928068327e-01
9.654778458599045932e-01
9.704323538341912414e-01
9.810055577116644221e-01
9.689524136075648997e-01
9.910983745928206856e-01
9.814461385516102254e-01
9.309790135150600721e-01
9.647779278144890114e-01
9.746532313150204629e-01
9.739581262983286747e-01
9.624339848766397809e-01
9.866869473279922254e-01
9.715720591905608883e-01
9.753501311973242771e-01
9.857905587122771651e-01
9.794358641814842059e-01
9.816104447983770021e-01
9.624817445733802046e-01
9.790636405654471464e-01
9.488446518258063511e-01
9.849715882047429538e-01
9.867802723292281586e-01
9.755926712149117774e-01
9.764615170655120968e-01
9.959416893886410271e-01
9.870709348559439933e-01
9.546741702005479002e-01
9.402316833665077533e-01
9.677337921865425407e-01
9.518093599679950945e-01
9.852395314621719136e-01
9.785954367768306961e-01
9.624982672921785776e-01
9.818733584296943651e-01
9.813468845720892952e-01
9.871069558380884956e-01
9.760444215833060655e-01
9.928616911518842736e-01
9.611211121998636253e-01
9.887819846358315568e-01
9.918605445531878395e-01
9.931630941603483143e-01
9.775641367756050526e-01
9.749381017702780650e-01
9.865941412355370144e-01
9.492933240168667242e-01
9.692855180984674135e-01
9.677126918458888172e-01
9.922440257209091952e-01
9.951414288334526903e-01
9.897121468717847703e-01
9.831284165237367256e-01
9.935425251907065158e-01
9.766487303599151737e-01
9.854851589654517463e-01
9.758984673035067114e-01
9.915289103046848185e-01
9.757604989023699327e-01
9.382973202707128868e-01
9.790771769563763050e-01
9.723852475632066561e-01
9.801097328495514960e-01
9.820715203484100542e-01
9.970806471510414992e-01
9.655650452894687374e-01
9.717673798014748732e-01
9.828332960970855847e-01
9.820626028634028559e-01
9.438517955828279460e-01
9.778541684742398932e-01
9.595369271802843825e-01
9.842872246945194581e-01
9.885871731055767553e-01
9.690544981714643846e-01
9.325090923040189050e-01
9.790316150569638998e-01
9.823558968558713245e-01
9.894089644516851356e-01
9.761257131237518481e-01
9.867605945866124717e-01
9.876628835844739607e-01
9.827197412240550323e-01
9.781153841332974608e-01
9.813451773553064639e-01
1.002048081059003337e+00
9.568927369843504005e-01
9.864437464230362274e-01
9.945237423194266402e-01
9.984766266797179268e-01
9.575777023171644364e-01
9.833346537990412806e-01
9.881227032691056733e-01
9.864238203369226632e-01
9.738471405217883348e-01
9.943906573784989655e-01
9.734908209491361930e-01
9.773617611338136779e-01
9.720495909420002745e-01
9.852873116530022068e-01
9.871574558900757523e-01
9.813854974963782674e-01
9.984135929421807942e-01
9.773272071139478268e-01
9.786408995608000261e-01
9.818919688393136225e-01
9.895539678862272925e-01
9.832872182348506573e-01
9.716951947816524493e-01
9.722992659297706730e-01
9.914033829656653252e-01
9.819336748222623479e-01
9.918750518133306882e-01
9.837108719294967996e-01
9.734670658988693326e-01
9.638657703722628423e-01
9.938935556803872862e-01
9.929008660607698822e-01
9.916714269725583897e-01
9.918899304128010463e-01
9.619718997021601270e-01
9.717117416329753565e-01
9.797485760364725849e-01
9.857083878128594101e-01
9.729778173559165966e-01
9.593037530556399739e-01
9.719127540122316500e-01
9.811388717042109908e-01
9.800729190879107211e-01
9.664690670330509104e-01
9.925714174130902956e-01
9.652540641407743038e-01
9.807381203855892737e-01
9.927806749427157129e-01
9.749315827177713611e-01
1.008435616577271210e+00
9.794456923163170625e-01
9.700734703360555100e-01
9.841788883361732854e-01
9.897816401830150657e-01
9.783994477852725469e-01
9.821277664974608079e-01
9.855563101800364212e-01
9.860708935010018550e-01
9.829543967104078517e-01
9.726242810048544296e-01
9.865697778911548532e-01
9.952671083274912123e-01
9.749013120429785850e-01
9.944646038080668937e-01
9.810893498689037262e-01
9.954784179185923731e-01
9.783054500169146017e-01
9.771004806080302307e-01
9.819852938721215230e-01
9.800464524915927234e-01
9.743135676029355263e-01
9.884310484002780672e-01
9.497149682062544507e-01
9.990719095996808408e-01
9.770115435430681838e-01
9.816567778579350367e-01
9.770552249060441286e-01
9.844369281325118237e-01
9.862085569176990418e-01
9.686936749219391407e-01
9.700289574901408418e-01
9.471029811376912022e-01
9.905405852175614978e-01
9.785758563229116636e-01
9.749462399434069004e-01
9.703330069702422733e-01
9.586090429083012898e-01
9.742758143267761239e-01
9.952058122336534529e-01
9.875110280364572946e-01
9.551802601840307938e-01
9.883796938190130277e-01
9.602240671947765982e-01
9.823402081947801845e-01
9.795269481058356265e-01
9.902528012875071450e-01
9.845353222641666235e-01
9.857655585786311292e-01
9.827974499052640756e-01
9.651416591541360779e-01
9.844981046757822485e-01
1.004756237278493503e+00
9.751916580199413431e-01
9.851815973185377162e-01
9.544063446284775099e-01
9.868197970308076883e-01
9.881556507213757889e-01
9.943279967642292272e-01
9.528922545916612696e-01
9.903647456509465652e-01
9.756389442469685092e-01
9.845157369027164318e-01
9.770474569737486181e-01
9.608721454495944281e-01
9.999777888220079403e-01
9.820337918207495687e-01
9.810196928137758787e-01
9.600213583517145377e-01
9.674696002896914226e-01
9.906741409068060555e-01
9.796868458166870797e-01
9.743284504111872080e-01
9.666907344631185950e-01
9.801065580129671995e-01
9.799001574591015284e-01
9.684960551256337480e-01
9.780078402688906491e-01
9.956373742088271417e-01
9.760424300448484747e-01
9.895666363900609275e-01
9.861471566374989672e-01
9.865023341308098992e-01
9.896542404351448274e-01
9.665855323528746990e-01
9.510872956028815217e-01
9.952380463637847674e-01
9.714029072148012700e-01
9.945551777477920075e-01
9.931286258125052724e-01
9.940762604248722933e-01
9.821976240158415417e-01
9.613073821749691383e-01
9.527881769263697453e-01
9.792946544606470072e-01
9.750086832132824899e-01
9.868332690267735963e-01
9.703591097982132707e-01
9.851748713917689582e-01
9.806053337715396889e-01
9.690485690111650952e-01
9.588757451376637153e-01
9.726656333778376240e-01
9.875738399728117844e-01
9.788368047688454920e-01
9.932706821393899599e-01
9.646407191313157714e-01
9.864410162898753498e-01
9.883890479613594016e-01
9.566792288014894785e-01
9.748998652850792146e-01
9.878180343601675739e-01
9.742119162308745528e-01
9.898654916940909931e-01
9.768655573289252159e-01
9.936749739673024218e-01
9.622165484766570520e-01
9.587249803574900975e-01
9.666739925833112146e-01
9.856238343700046700e-01
9.880550825480547417e-01
9.980366834204958959e-01
9.555158005715931324e-01
9.795522472387331314e-01
9.749784120817285293e-01
9.792943269420408825e-01
9.845070445386633340e-01
9.739962746858060738e-01
9.575195223231965924e-01
9.856461120037106616e-01
9.786145705915548776e-01
9.583177434305678588e-01
9.601907732459638023e-01
9.622453959708249238e-01
9.923415810786768709e-01
9.706042281846569697e-01
9.855126205196438338e-01
9.787244322346744241e-01
9.699536459799305010e-01
9.494328043809859841e-01
9.869120337797088194e-01
9.714012312958701933e-01
9.821173509801465196e-01
9.573756758444388337e-01
9.843956157739091051e-01
9.874270239512008551e-01
9.855544651617668128e-01
9.629542731185520843e-01
9.737824287280486546e-01
9.912169856144741331e-01
9.884436944098689004e-01
9.732419336087124728e-01
9.781837484851970688e-01
9.525851837326811955e-01
9.761929110405548338e-01
9.542713323315316076e-01
9.999563085557794384e-01
9.774534859663271957e-01
9.552556979975345142e-01
1.001094496583501359e+00
9.825893084333789940e-01
9.848605696531341769e-01
9.659216803098888970e-01
9.648974453597755074e-01
9.749612081330035762e-01
9.892909411634497330e-01
9.737652549432130877e-01
9.857359541065889852e-01
9.859780242195574917e-01
9.784349006657089287e-01
9.886081331505172098e-01
9.846382644522021499e-01
9.803023692501741104e-01
9.813980765145816632e-01
9.683012494971531270e-01
9.935668633858838472e-01
9.901443972173221697e-01
9.704536319496660512e-01
9.946641854690598805e-01
9.759915269384152881e-01
9.937220287934697138e-01
9.862627181561679501e-01
9.843977668413022020e-01
9.872111560513353590e-01
9.730220882200885102e-01
9.803250891056568550e-01
9.798067994942650794e-01
9.703482527535504110e-01
9.997128548141048787e-01
9.679770550459788625e-01
9.763913730670921165e-01
9.825255335580208582e-01
9.716497779766046783e-01
9.790939573961858766e-01
9.896814625932925935e-01
9.688685165236573527e-01
1.004949335486846396e+00
1.002621693013847182e+00
9.691425403173479225e-01
9.875953115474184196e-01
9.873186254640523574e-01
9.966419012028305824e-01
9.709297016148297210e-01
9.856723590356295528e-01
9.921107242114693969e-01
9.972279975963478371e-01
9.798127976145498685e-01
9.832475006277343610e-01
9.936695438293425831e-01
9.828995845657005903e-01
9.968466502463287915e-01
9.738700177193210239e-01
9.859864723721526447e-01
9.819543904298373427e-01
9.703655640005527383e-01
9.600247096044848272e-01
9.858696176805148426e-01
9.569813498464221357e-01
9.706147785984379217e-01
9.832882885567325593e-01
9.576399181921199100e-01
9.981293565254271138e-01
9.788304796290718812e-01
9.874620732586486538e-01
9.941197778372914406e-01
9.924515620921511294e-01
9.777624950349959043e-01
9.793650386229652005e-01
9.882451260525297876e-01
9.772349724926231440e-01
9.471097804794007535e-01
9.818978211369265852e-01
1.009012181956579379e+00
9.868411004850842216e-01
9.737684935901114169e-01
9.910404482684771477e-01
9.631254267454519846e-01
9.833772015093114049e-01
9.848009778615957055e-01
9.647404871501624735e-01
9.899155119999719643e-01
9.681551007288187183e-01
9.968872097855210335e-01
9.545605406783491675e-01
9.897005426078387957e-01
9.674415676165251110e-01
9.833350895022224814e-01
9.951497653768821561e-01
9.841360426685045182e-01
1.011771475034767942e+00
9.833345673149166410e-01
9.810181268026159085e-01
9.685003822493152281e-01
9.846645121347007423e-01
9.886487285454350626e-01
9.801024426289477454e-01
9.879866939209375198e-01
9.892352656550932322e-01
9.813657087690204062e-01
9.622744785296457604e-01
9.592329940267002586e-01
9.838962318665441797e-01
9.693959493154080675e-01
9.939384235493528008e-01
9.982657817981834825e-01
9.874452218573657181e-01
9.819690916999453956e-01
9.587252871200753201e-01
9.859542986602917169e-01
9.808111085479915836e-01
9.801818500773884502e-01
9.811440127452775162e-01
9.480467227812336972e-01
9.932960082695665438e-01
9.758850081210188598e-01
9.793917212976991360e-01
9.694764395844227556e-01
9.788046499015158330e-01
9.862402438873065780e-01
9.723610579612161908e-01
9.644158344845068509e-01
9.883867014800400419e-01
9.844102574964529451e-01
9.771844589817022531e-01
9.888310526439388903e-01
9.780527484793160031e-01
9.601540979476642645e-01
9.731689026300939238e-01
9.780617938661583244e-01
9.924562627612433241e-01
9.701313245614449077e-01
9.631780912702203601e-01
9.344180019625226707e-01
9.878047752059155862e-01
9.769184254606136930e-01
9.660787962502398463e-01
9.795611801022988674e-01
9.653799118024007919e-01
9.681472933802087733e-01
9.695433954561973877e-01
9.676283079827708855e-01
9.688451980207376524e-01
9.964654840233836408e-01
9.888659697534587512e-01
9.869416516410034479e-01
9.903649477544527180e-01
9.858313435893031329e-01
9.642756445605299431e-01
9.749130746593845931e-01
9.951621225821217775e-01
9.489703986419112391e-01
9.786148698614769437e-01
9.812726031789965608e-01
9.692688082907811031e-01
9.828995682611491036e-01
9.875500563299099976e-01
9.770251680855109866e-01
9.732385041219340227e-01
9.903359359266290518e-01
9.892798403656839490e-01
9.778132979159618321e-01
9.625537577225212749e-01
9.733966547887717979e-01
9.825059047229236509e-01
9.585621712352315749e-01
9.768738656254891684e-01
9.875495073586613159e-01
9.677004304771524845e-01
9.697182256395376898e-01
9.959104647244388930e-01
9.747168867605429110e-01
9.724687391202740949e-01
9.807777397996200186e-01
9.751357918504243161e-01
9.943777683070930129e-01
9.896012224364938437e-01
9.760845734819629804e-01
9.707872487000887007e-01
9.980372698681284627e-01
1.006803428020644153e+00
9.931408357876411186e-01
9.879352548596788131e-01
9.747044368198970465e-01
9.559877553719114962e-01
9.692646528499033742e-01
9.717203279233023183e-01
9.704853325759223992e-01
9.882065881032447985e-01
9.973610892429705110e-01
9.773905274505153562e-01
9.747364675266810830e-01
9.990984176590654853e-01
9.847009669528025144e-01
9.988971471475061037e-01
9.928334871302944009e-01
9.645577955520358016e-01
9.864380638081381436e-01
9.751285917645923229e-01
9.851268937048364149e-01
9.789900196838537960e-01
9.892747878534886574e-01
9.850668455540981805e-01
9.796103241483717916e-01
9.823319861064314651e-01
9.846803113422131215e-01
9.894103247697692005e-01
9.845268218317501097e-01
9.798538504444730401e-01
9.698750985492440302e-01
9.910823835542734717e-01
9.694488402485115230e-01
9.971177726305776590e-01
9.902988953627680502e-01
9.807103360131174119e-01
1.003398594880844152e+00
9.764141836881538028e-01
9.689397916176656356e-01
9.676254061650342297e-01
9.655948269049973165e-01
9.848498864780412809e-01
9.911242344220873024e-01
9.585818103172064619e-01
9.786825693476534083e-01
9.798497954197141757e-01
9.753813018221679787e-01
9.558638361501142766e-01
9.905342280134643573e-01
9.625754708022205008e-01
9.768641945782702285e-01
9.904256990094203461e-01
9.680487638944124118e-01
9.701393103325824940e-01
9.903070179303834486e-01
9.956929242895566912e-01
9.957335615140582297e-01
9.762924663783402179e-01
9.826224050199320326e-01
9.906510461737122464e-01
9.811252745581510171e-01
9.901117428054936331e-01
9.874121060697774732e-01
9.847716706768283590e-01
9.749317278458861091e-01
9.663876424814097366e-01
9.787428077755194744e-01
9.722509126219248676e-01
9.820530135541363226e-01
9.548185682143620623e-01
9.670898428759741039e-01
9.661901234885400536e-01
9.827853647270514692e-01
9.628734457460131901e-01
9.568558383201973827e-01
9.948287602517554840e-01
9.742227946781267800e-01
9.705153295552029213e-01
9.830369373111242925e-01
9.761468841550733355e-01
9.983074046803550594e-01
9.824763874151781762e-01
1.000604583866584019e+00
9.922469214099369772e-01
9.917169444564727376e-01
9.718437992391893987e-01
9.492146775563413685e-01
9.764585395655913658e-01
9.922288974637838432e-01
9.758037907150219903e-01
9.818764259202584777e-01
9.864024122078307588e-01
9.669415181491847200e-01
9.930917017810215741e-01
9.786948069850390786e-01
9.883760591727028810e-01
9.695638717026479059e-01
9.987348587386329912e-01
9.807083882733428348e-01
9.923563576832541422e-01
9.812536771779792888e-01
9.677930291344776226e-01
9.756737624181092139e-01
9.576904998890730658e-01
9.597084130506909894e-01
9.763940983959092934e-01
9.756900835059277854e-01
9.750840870626644730e-01
9.680693083226116213e-01
9.836346744217188132e-01
9.794546205013225926e-01
9.716374700241634521e-01
9.874857632317398659e-01
9.871702341186263663e-01
9.631701866452520022e-01
9.821696483741824135e-01
9.577323998907304459e-01
9.652259197912029798e-01
9.879834234627641321e-01
9.802764299525117409e-01
9.449941483215557048e-01
9.893125051530496927e-01
9.660757753653240743e-01
9.815172112998993281e-01
9.716249131425686025e-01
9.600697201706390738e-01
9.741651298629246947e-01
9.726623580720465956e-01
9.915288356462020891e-01
9.907957754922069871e-01
9.856895841033541661e-01
9.819074729791910094e-01
9.769738290529900171e-01
9.735995846808572773e-01
9.934145326472479942e-01
9.890841294103784875e-01
9.776009000568988139e-01
9.944844735374631650e-01
9.860021763243743687e-01
9.723490253073625578e-01
9.637871040425594060e-01
9.776703225290184207e-01
1.001203349856679914e+00
9.960106362074454545e-01
9.659949971456730511e-01
9.778866130037079385e-01
9.889355667025675478e-01
9.822562119353412946e-01
9.813269244847576678e-01
9.667975721583282889e-01
9.856258781186513218e-01
9.833440572702746296e-01
9.662937129134757663e-01
9.842203065737712420e-01
9.673467407706111132e-01
9.990134396537304617e-01
9.987144715067526324e-01
9.701435995280248692e-01
9.758192926638206144e-01
9.626165163906854616e-01
9.808838167999123225e-01
9.987704586628386449e-01
9.806956099770507418e-01
9.900117224069912014e-01
9.899374769479778458e-01
9.805605358212443612e-01
9.705741862390774299e-01
9.795785047600886752e-01
9.812400277922921354e-01
9.928531010655398115e-01
9.719590294808126973e-01
9.737271416440074212e-01
9.982615685487837842e-01
9.888226622649598507e-01
9.877248273918222132e-01
9.487292377075500216e-01
9.821950814254436501e-01
9.584219726196923084e-01
9.748132142129962707e-01
9.802653007504394944e-01
9.364641266868088954e-01
9.799311120765296090e-01
9.725327409917979837e-01
9.735957359375380094e-01
9.760292580030910381e-01
9.949476880895118391e-01
9.766438470591445320e-01
9.660866003063720564e-01
9.742469955259011050e-01
9.775087616696436221e-01
9.638480371901592125e-01
9.655025516742429259e-01
9.791822415627121634e-01
9.836808018957819977e-01
9.837632951471835252e-01
9.764585026406467083e-01
9.869180296073282177e-01
9.754241822751937852e-01
9.666065028452195396e-01
9.891308800600877582e-01
9.674942148807716968e-01
9.907565202015156114e-01
9.916432080474766320e-01
9.645070199434048197e-01
9.790336338789654702e-01
9.837334578211974767e-01
9.722504783188935518e-01
9.755771645899492528e-01
9.693480954397176719e-01
9.850672986769957173e-01
9.863756265445422500e-01
9.842064488047970183e-01
9.916857381484290856e-01
9.814459607514728345e-01
9.877992245291711271e-01
9.704500772990138913e-01
9.962474214171392894e-01
1.002790025899667370e+00
9.590443724069537268e-01
9.867172240697438257e-01
9.423746467174383135e-01
9.847002236225433913e-01
9.688268620043410939e-01
1.002814181462153842e+00
9.865977509544641144e-01
9.700259218146451978e-01
9.868878830017645543e-01
9.892303095735559548e-01
9.682338421705087850e-01
9.850658709505462074e-01
9.768307881677076310e-01
9.853346832229878949e-01
9.851321254549463280e-01
9.907658233104060796e-01
9.829870916530673020e-01
9.810097227634626549e-01
9.712166164146333047e-01
9.819831863073298361e-01
9.912649187565417686e-01
9.808236446534888131e-01
9.954270083808161029e-01
9.775686765082006735e-01
9.776758776809608698e-01
9.781476111925549999e-01
9.773895200653770488e-01
9.805036918125128453e-01
9.873617555405498347e-01
9.922623790444708991e-01
9.785368447658495672e-01
9.891991437714514612e-01
9.770842853009326090e-01
9.543465688602580377e-01
9.765997607307354000e-01
9.791744431840787577e-01
9.882028381140272044e-01
1.005969260825391620e+00
9.814791338837858259e-01
9.836166766119751603e-01
9.931307775720116249e-01
9.647819507408074147e-01
9.840884668474324526e-01
9.689956608315308806e-01
9.840040025911722665e-01
9.682355572988493586e-01
9.669313478176742027e-01
9.922124973441597273e-01
9.932305399958388792e-01
9.738466694188087081e-01
9.803430551514681346e-01
9.832327320633670320e-01
9.663067907597061579e-01
9.683959105229204001e-01
9.554497620782653744e-01
9.893676327165998874e-01
9.839886699546362969e-01
9.601891248538082513e-01
9.679273895934736860e-01
9.432783281988383894e-01
9.904928353866613300e-01
9.747811094796096087e-01
9.715672265226295012e-01
9.874979503727027152e-01
9.792859122501060831e-01
9.865343677349496243e-01
9.937479707772570725e-01
9.674870571700887600e-01
9.939177080556073074e-01
9.844210710769770722e-01
9.881743379812411021e-01
9.635652724887250331e-01
9.399085069280295190e-01
9.647712581282228417e-01
1.004521721275617008e+00
9.568848444015285448e-01
9.927995078681374208e-01
9.956857774252133586e-01
9.909009790860870970e-01
9.909313009131943684e-01
1.004033947929828807e+00
9.903898352725781784e-01
9.814417342932632016e-01
9.903364833060711581e-01
9.680618026054437220e-01
9.790460767564124200e-01
9.781466011441924957e-01
9.757909618206046520e-01
9.781792648475131635e-01
9.631693823540440347e-01
9.957329737016603621e-01
9.476132936479337854e-01
9.843693261980216436e-01
9.740585053039327867e-01
9.847721956296721091e-01
9.862349869255633283e-01
9.748344861090632030e-01
9.798920008145901583e-01
9.745252910852240102e-01
9.695333450893776073e-01
9.683981888493226053e-01
9.684609815230859065e-01
9.807392890508391803e-01
9.860453239478828014e-01
9.834754480471834537e-01
9.696066181611618928e-01
9.989118269567076602e-01
9.722214089122569458e-01
9.755615651899910423e-01
9.693734740837243180e-01
9.817289866789962183e-01
9.699268197644619338e-01
9.724689735440384952e-01
9.794414510983905364e-01
9.853849073533169634e-01
9.884161907227866362e-01
9.548009441613359849e-01
9.772471649275962235e-01
9.770215464795573013e-01
9.753333679489459840e-01
9.866679564019674720e-01
9.912085980465309420e-01
9.916421655311068450e-01
9.737284455375271319e-01
9.830033335517094351e-01
9.744836603007159814e-01
9.632172241644858524e-01
9.607547642256418774e-01
9.971070848734997494e-01
9.442265796953315249e-01
9.791449877994642392e-01
9.892844713710819970e-01
9.947773980977993036e-01
9.748543766354874629e-01
9.849440727489436886e-01
9.872017997867748029e-01
9.881028708313011055e-01
9.939504761508275443e-01
9.986160155553209794e-01
9.911017831880292173e-01
9.788237474826454454e-01
9.859876383742584016e-01
9.930046390222526664e-01
9.905186242174687239e-01
9.783888334252965890e-01
9.874329065185835086e-01
9.668302382880735735e-01
9.768188836136119102e-01
9.787599783928248032e-01
9.833955458142175088e-01
9.503493245132529355e-01
9.651328008865674990e-01
9.608286346219575558e-01
9.746754330762821272e-01
9.830824179514473515e-01
9.897128700005746182e-01
9.868576758718548003e-01
9.751758644622171568e-01
9.791424835793504089e-01
9.632783105761782982e-01
9.863152509052591776e-01
9.817345075384259490e-01
9.693738611674748151e-01
1.002223957118598907e+00
9.761154660776940606e-01
9.763710608131284108e-01
9.666918732276087445e-01
9.656535159404857627e-01
9.789361630240270840e-01
9.924927279708840588e-01
9.908684758254668878e-01
9.770534513697062273e-01
9.922757083835933578e-01
9.624665298065107066e-01
9.698123044401841808e-01
9.695148164356687248e-01
9.920350239430507644e-01
9.912078706399295447e-01
9.775553535850080022e-01
9.662857364708724583e-01
9.595827620532095814e-01
1.001039315789339801e+00
9.752117378364563161e-01
9.638124420505224110e-01
9.779592540842287907e-01
9.735285021837909447e-01
9.804778566879971402e-01
9.677095978826065759e-01
9.925496729083378433e-01
9.717205548690505124e-01
9.687152442882185355e-01
9.937632088515540030e-01
9.812741763658565652e-01
9.888097124019096240e-01
9.850599736843268506e-01
9.833763775606606528e-01
9.410715974262219286e-01
9.845559205463442209e-01
9.648123396806349561e-01
9.675374719803218060e-01
9.898678434059503539e-01
9.919010020729869259e-01
9.771240431410461724e-01
9.970274895203554699e-01
9.820923407502181179e-01
9.808395433904583127e-01
1.004032024824445646e+00
9.714631591582746362e-01
9.938658338301711304e-01
9.684029161612904835e-01
9.723342245706507736e-01
9.902326343901185490e-01
9.786735654861018485e-01
9.813096383551198620e-01
9.959066134675103044e-01
9.792234289473011888e-01
9.822798995800685606e-01
9.873588897305244361e-01
9.808387455736472527e-01
9.660098115241213534e-01
9.674375232111305234e-01
9.772708133667236119e-01
9.808172327913323718e-01
9.357899736318889827e-01
9.528555169329363528e-01
9.984801569340037153e-01
9.615831100261643671e-01
9.564094706915983179e-01
9.933811700105026343e-01
9.909415905808967029e-01
9.807533967608362824e-01
1.003479778177129633e+00
9.723590278649903995e-01
9.972856596676552554e-01
9.913158986428645125e-01
9.786047349696497255e-01
1.000308824171017408e+00
9.513172700798611103e-01
9.861554065118754986e-01
9.826054268800071823e-01
9.785458135612494779e-01
9.659296097600272857e-01
9.579562761387415692e-01
9.911173008872047330e-01
9.673953120365373914e-01
9.704314870465278187e-01
9.628522820010690930e-01
9.921340792029065270e-01
9.810855070024118163e-01
9.763242918642922596e-01
9.937518422762486869e-01
9.886403417992244425e-01
9.787519276463489959e-01
9.877714712254005436e-01
9.668714404005760432e-01
9.770095508793209538e-01
9.726090033169805249e-01
9.778133635397043832e-01
9.805504127467138398e-01
9.674300157765840513e-01
9.862863196957314393e-01
9.514504903169870298e-01
9.904355569549814220e-01
9.775756490455713710e-01
9.803674659588635931e-01
9.802365825506240693e-01
9.880271323069994560e-01
9.701702802278000526e-01
9.608575153749245867e-01
9.976655322763535727e-01
9.472237302228835309e-01
9.966457244421890183e-01
9.804516437698923559e-01
9.902564880048374540e-01
9.882554974417910865e-01
9.600403284602641030e-01
9.866541493081923964e-01
9.624903022111356288e-01
9.265240794902368515e-01
9.821800852326418863e-01
9.816034699454997403e-01
9.889083974556310830e-01
9.843219346955300875e-01
9.208262170909147226e-01
9.822492627750164518e-01
9.769742917716011110e-01
9.875158210754447774e-01
9.787051432533439010e-01
9.833530914586801064e-01
9.608498897714623510e-01
9.725025586422878510e-01
9.542050766232819115e-01
9.775005747042166959e-01
9.873621693521329457e-01
9.662407852063082947e-01
9.442406135844270132e-01
9.896606942633050519e-01
9.883897389714499937e-01
9.679090949814739275e-01
9.957663086093566651e-01
9.815281965051698698e-01
9.813679806501856007e-01
9.852729092334218119e-01
9.730198625744624907e-01
9.895547853540102023e-01
9.660602294507496524e-01
9.612293680559230724e-01
9.951785832478446947e-01
9.829302600190752415e-01
9.756539230148332242e-01
9.601998699369703738e-01
9.529525223173637150e-01
9.845116120632699808e-01
9.851342358630233997e-01
9.740344848146982315e-01
9.884725709019128725e-01
9.754257205734382374e-01
9.807266870581753393e-01
9.939568588014952022e-01
9.928622814366327987e-01
9.912039889302011186e-01
9.831620582330640179e-01
9.988412707046373518e-01
9.773336929410555429e-01
9.813270106208366039e-01
9.829616293159751939e-01
9.872268410945359562e-01
9.732067811779789857e-01
9.848986937360351135e-01
9.797666792490857812e-01
9.930383570079376332e-01
9.657482188286171665e-01
9.559130776340351021e-01
9.887274846421789665e-01
9.892191549790296801e-01
9.684973493750831386e-01
9.862877889009213916e-01
9.845170855605395177e-01
9.917564039486542748e-01
9.728983551812020458e-01
9.699247588224736427e-01
9.745515454958254553e-01
9.730927961472013443e-01
9.699574637713486158e-01
9.745127243027764674e-01
9.517082841132407101e-01
9.949928964262708675e-01
9.695672321945945082e-01
9.833514185919478567e-01
9.884109783651907621e-01
9.837020898433047611e-01
9.625466348075012446e-01
9.675606135888263903e-01
9.684046450902815684e-01
9.873406903189914097e-01
9.761007164516880552e-01
9.823405266620607312e-01
9.890156599549643213e-01
9.856070363984994476e-01
9.776220430194264566e-01
9.700188159752700656e-01
9.873935050307237615e-01
9.808633786312955793e-01
9.843138123172927578e-01
9.943488044166504114e-01
9.650242321902287035e-01
9.793851176310105489e-01
9.568102912363667389e-01
9.746401179990454855e-01
9.631813549970793531e-01
9.818568317638444176e-01
9.829737004832767022e-01
9.457599442685346025e-01
9.583040894264230891e-01
9.798006810962055502e-01
9.905438904812320366e-01
1.002387944117705265e+00
9.800934765487939737e-01
9.810869725003223962e-01
9.669078051214751168e-01
9.664849887458923927e-01
9.717414369693115894e-01
9.637101277421842305e-01
9.464712331470520601e-01
9.851458554363471398e-01
9.875721387056860534e-01
9.823095034644151458e-01
9.922603437510760793e-01
9.916641665290463203e-01
9.650788012013603590e-01
9.998818164149200216e-01
9.799792989603344218e-01
1.001267224134761324e+00
9.669541175026570290e-01
9.851818559213019189e-01
9.831559609055123827e-01
9.864407569791658892e-01
9.944447933038402798e-01
9.866271442187971585e-01
9.933099671862661850e-01
9.848100054523153402e-01
9.957823982189104584e-01
9.782879654786057477e-01
9.917197896567948590e-01
9.557213289649328924e-01
9.908327966794140407e-01
9.846371502665490771e-01
9.990513911500036315e-01
9.869211495415710633e-01
9.839331395149396586e-01
9.797965464092197596e-01
9.871300572798570316e-01
9.475843558532065503e-01
9.763612431698454053e-01
9.835504818224125589e-01
9.931661907305264769e-01
9.935174129566960444e-01
9.857697517477641558e-01
9.720600914080093080e-01
9.935962119638189760e-01
9.619843008019979269e-01
9.780917396516349838e-01
9.987989919500688263e-01
9.797856744296460363e-01
9.721968996658544304e-01
9.844288436312044199e-01
9.883574582028569200e-01
9.804469172264927979e-01
9.746739017104221192e-01
9.550523127027656933e-01
9.921042757128246681e-01
9.928320114792045237e-01
9.677730105470769839e-01
9.855493468216522945e-01
9.872799710881243751e-01
9.754671964533487838e-01
9.769554577429827580e-01
9.916667267232455174e-01
9.944246196808044225e-01
9.529949067103846705e-01
9.929809767540195287e-01
9.764932007736107922e-01
9.592738462383672005e-01
9.858833718049733186e-01
9.918375795395898420e-01
9.828842784768051510e-01
9.855885959477544978e-01
9.731163271962335326e-01
9.735723714665051043e-01
9.867193981945373560e-01
9.837650881101520639e-01
9.870356607070572830e-01
9.889641037564589343e-01
9.814244926374101619e-01
9.675700479289620626e-01
9.867788466179989726e-01
9.862935389178222323e-01
9.827581327401880840e-01
9.843937219490019874e-01
9.651606546622893967e-01
9.756816155696573789e-01
9.925880095131689451e-01
9.612919791253258239e-01
9.702803420791010769e-01
9.861841759025181675e-01
9.699757507728087313e-01
9.824640523676905213e-01
9.889970179350897617e-01
9.823226119834668202e-01
9.886183922013276337e-01
9.759240362667908064e-01
9.759305273626034394e-01
9.654555882765801789e-01
9.578664900516762337e-01
9.922957694281969721e-01
9.705124963656700521e-01
9.867952834583740840e-01
9.742661404772418043e-01
9.641643949695343219e-01
9.832701543062313254e-01
9.862631479636015941e-01
9.641265617937344601e-01
9.865783585948518786e-01
9.943145050573783950e-01
9.840294068656614268e-01
9.793869914270189048e-01
9.775275822317236463e-01
9.866672557350214534e-01
9.914039520777623293e-01
9.709915460475159188e-01
9.932686678144214687e-01
9.796705309159251529e-01
9.757814553851280603e-01
9.870288315292581327e-01
9.425829886730527907e-01
9.879984773573912138e-01
9.816136975466621672e-01
9.946186421544993550e-01
9.985806172706943595e-01
9.874927704070692869e-01
9.672851993688612593e-01
9.680054142392032768e-01
9.990041064963038897e-01
9.721504119709347691e-01
9.712277425392539243e-01
9.667371965298865444e-01
1.000779843818867310e+00
9.969024963498794856e-01
9.828676414900608949e-01
1.002924240928479316e+00
9.719788737534019729e-01
9.870000701591107317e-01
9.877989974345806612e-01
9.754613859383421959e-01
9.914996989556197349e-01
9.775448588646149517e-01
9.809955770157295918e-01
9.776177284135449952e-01
9.884281258821145943e-01
9.510035394934719388e-01
9.802030336194679228e-01
9.596371498123686949e-01
9.710067076872203051e-01
9.805618557874645758e-01
9.840938158475193154e-01
9.725066406508559025e-01
9.813247220932120873e-01
9.783442415974568096e-01
9.775204614458031793e-01
9.801946536228308693e-01
9.833136660857879630e-01
9.520184883346531901e-01
9.735121955101665447e-01
9.885327392430405258e-01
9.685142683330926205e-01
9.339073516274408737e-01
9.721047894669045952e-01
9.876719703495620006e-01
9.866800127851691471e-01
9.958666419047778051e-01
9.642484943764885186e-01
9.620409199750575846e-01
9.780487205602883538e-01
9.817843658131908402e-01
9.801736522676074426e-01
9.892526783783076594e-01
9.636515799564076001e-01
9.600053016122395144e-01
9.739777059669832981e-01
9.537906506618583080e-01
9.924612857425921808e-01
9.934648217227778355e-01
9.848501486914175151e-01
9.741767042259030784e-01
9.884358951247402825e-01
9.858269789167497521e-01
9.956081313718320169e-01
9.916693244835832477e-01
9.812265416088005177e-01
9.734462278147737457e-01
9.986442137691721177e-01
9.885180162559714656e-01
9.635125627892110467e-01
9.797772251409211375e-01
9.693240372637638158e-01
9.943496587717831625e-01
9.719586380782014867e-01
9.803805241119799563e-01
9.750238884374977655e-01
9.748697966017000338e-01
9.797045305416094418e-01
9.793110462788608972e-01
9.809028091012798045e-01
9.694035579086291987e-01
9.891217109848025046e-01
9.724935296935055540e-01
9.763111181056959298e-01
9.876686100188968309e-01
9.835007621469964434e-01
9.863921941775586344e-01
9.928945197156979763e-01
9.591442233675308016e-01
9.888799757373677446e-01
9.904829867587215952e-01
9.927302627539982272e-01
9.690166156724039359e-01
9.635478425499153232e-01
9.563770576641581478e-01
9.683298298472018395e-01
9.604300678036454819e-01
9.222703533127412090e-01
1.003736418200176006e+00
9.907592947936070260e-01
9.819427202274106925e-01
9.925565013819990234e-01
9.800143583116553980e-01
9.663658045478595859e-01
9.763967037682297345e-01
9.879452305738077866e-01
9.819392262782234981e-01
9.891452456848729424e-01
9.940651612754239919e-01
9.846522129306360949e-01
9.717308370246413585e-01
9.919916554656383889e-01
9.681771087413628685e-01
9.979900888541159976e-01
9.537296212491169767e-01
9.771319647192591162e-01
9.810343610130691783e-01
9.870007242093381539e-01
9.862747493756459649e-01
9.729704620631333123e-01
9.763144583308065450e-01
9.857705487579244696e-01
9.643305272737927591e-01
9.835214893438729566e-01
9.633542734052553680e-01
9.738666948925177591e-01
9.888618541716320820e-01
9.887383588214351260e-01
9.859075120957722094e-01
9.920367433156019876e-01
9.883121852042419109e-01
9.877879607549645558e-01
9.821076801882110408e-01
9.720011218413726617e-01
9.812879460258367992e-01
9.782726477435457202e-01
9.766022066581566685e-01
9.975051826843248648e-01
9.885482606020374874e-01
9.802399006710431628e-01
9.802570695565115955e-01
9.928174582054116737e-01
9.616577986454719618e-01
9.911015594802068396e-01
9.848028026332331653e-01
9.875728183519185688e-01
9.883074000190558150e-01
9.445772678063490968e-01
9.938134662067867886e-01
9.826039336252331280e-01
9.622177543591581284e-01
9.713812474889059745e-01
9.795261433526639694e-01
9.972698315217493059e-01
9.918097445367188847e-01
9.732305452226474030e-01
9.848655410660985821e-01
9.326071591386408954e-01
9.754289591510241220e-01
9.808528975561905394e-01
9.752958652410034235e-01
9.783496469757859693e-01
9.834921304416200938e-01
9.725837348857906406e-01
9.745428325701062100e-01
9.650811150582372377e-01
9.912006481705024630e-01
9.634189965249738696e-01
9.740726298304387409e-01
9.909528759696190070e-01
9.656508781338979386e-01
9.605658466058325518e-01
9.869072594288141875e-01
9.843241485250333600e-01
9.755302646225971763e-01
9.901609120078354032e-01
9.838633839645820611e-01
9.732087403347371435e-01
9.602527279318536779e-01
9.810510636074580848e-01
9.723762692303369315e-01
9.582550894329341373e-01
9.990803278337634374e-01
9.843465287475664516e-01
9.822659244312971216e-01
9.894275134561807405e-01
9.920741693511561099e-01
9.911663015822235190e-01
9.904999713316100518e-01
9.637303100555272284e-01
1.008209667865071157e+00
9.773142381675566925e-01
9.816043195388185483e-01
9.816838572338920654e-01
9.705698645475200337e-01
9.907820976719924344e-01
9.882763638906247872e-01
9.612631970265477221e-01
9.857341696831553035e-01
9.786523023833221258e-01
9.819192914641855507e-01
9.964159681908285604e-01
9.842386204435416008e-01
9.740187348823651226e-01
9.869355106216100015e-01
9.787166930270356779e-01
9.856269553714400722e-01
9.599164962326214301e-01
9.888919065644244943e-01
9.952114556462987593e-01
9.584924578400529915e-01
9.962989604535775756e-01
9.782506558202880287e-01
9.946794809766047463e-01
9.868453962536927193e-01
9.621033065675924645e-01
9.605371918787889429e-01
9.731341211845389028e-01
9.572694877864231788e-01
9.874102151911154923e-01
9.839169785049488581e-01
9.866438540735192886e-01
9.827867184703678038e-01
9.802968720608626896e-01
9.512304763095019711e-01
9.820567316715291817e-01
9.847961831967166901e-01
9.676197131920587502e-01
9.825818609223164746e-01
9.807190907749376851e-01
9.922561777190710419e-01
9.702046969743427507e-01
9.853796668844896356e-01
9.684126465012000695e-01
9.509233990000244274e-01
9.879785679858679170e-01
9.863690754636262881e-01
9.647893723837589475e-01
9.920631299273204862e-01
9.862974628228682317e-01
9.659307529706171458e-01
9.609729438123723044e-01
9.671431230533650281e-01
9.923709010877974634e-01
9.918183575842529631e-01
9.898460885953506150e-01
9.909853206722594177e-01
9.799935238768263668e-01
9.807910987688192028e-01
9.851708559441796353e-01
9.592144299175598965e-01
9.787870773169906613e-01
9.824380343502031598e-01
9.428722750310303269e-01
9.939599679696332624e-01
9.630549509697833299e-01
9.734579171713495516e-01
9.951039529759927449e-01
9.760553977452324226e-01
9.820616480835558937e-01
9.834046053343125093e-01
9.733976620158797388e-01
9.849904508978802875e-01
9.711468555006126380e-01
9.812149211911558311e-01
9.896106986096423475e-01
9.695770362456584968e-01
9.922977272478967770e-01
9.619084806331118509e-01
9.897411871546575313e-01
9.670788307445986609e-01
9.856582236435315059e-01
9.845365450276836183e-01
9.746493270260592201e-01
9.885685486896811369e-01
9.595738015770661766e-01
9.839328585050921561e-01
9.779006702687538244e-01
9.862812068145199174e-01
9.742519180387700928e-01
9.755549198306658898e-01
9.818094470627953818e-01
9.833052451790689208e-01
9.913061942782797065e-01
9.625192411162492023e-01
9.930882511864193019e-01
9.853583598290973633e-01
9.757225270162684927e-01
9.899102577049165852e-01
9.718730510602341388e-01
9.801378016649485714e-01
9.473216042629568623e-01
9.816036768535378876e-01
9.635532584736820061e-01
9.667519773653652226e-01
9.852393995170296570e-01
9.649846751072244100e-01
9.792584772522758829e-01
9.876158159346921650e-01
9.668984099820147060e-01
9.368627315291000457e-01
9.873051003172091944e-01
9.856031812462591191e-01
9.858342965949006276e-01
9.505889613335317678e-01
9.870019472478726019e-01
9.606467613985760767e-01
9.845679371421652837e-01
9.731212338057726452e-01
9.754928444916202146e-01
9.909826369699024085e-01
9.678679114327168875e-01
9.805450557342684226e-01
9.851362884956244015e-01
9.576883513602293396e-01
9.878958424435188013e-01
9.818266501665052770e-01
9.863492197642862447e-01
9.793434817236079670e-01
9.916489221922563102e-01
9.512512609437810962e-01
9.731669882453324316e-01
1.000672908085653567e+00
9.811529777939785868e-01
9.900497799666070353e-01
9.860245813823748096e-01
9.835364252483709269e-01
9.892371440781836389e-01
9.857630191234799666e-01
1.003774550391209663e+00
9.872539047229657028e-01
9.749863698873666440e-01
9.956307429658973751e-01
9.709008803653368380e-01
9.638764613843123774e-01
9.843347255239945914e-01
9.733945203724957418e-01
1.000393032129067494e+00
9.597775750108626935e-01
9.606233524388766432e-01
9.861844270467575724e-01
9.605174537705674087e-01
9.900371503004484763e-01
9.744901047273611949e-01
9.918303101151700885e-01
9.603364898577663178e-01
9.931997536659276093e-01
9.704536639147207655e-01
9.798681406587373965e-01
9.618426370140665815e-01
9.793061854623669182e-01
9.959427953234907260e-01
9.892565827706272241e-01
9.832100102178458201e-01
9.929940467488110878e-01
9.885322405349659114e-01
9.797326986729724130e-01
9.634763405761092026e-01
9.947150584314962130e-01
9.807854258537779257e-01
9.849864687804733565e-01
9.908218228691245688e-01
9.655385835672107842e-01
9.830078399521283705e-01
9.959471512158188933e-01
9.969738259491321974e-01
9.944946207637156421e-01
9.872408942918540209e-01
9.764221718783795412e-01
9.572917634201251191e-01
1.002038730504010156e+00
9.894166710874959803e-01
9.849758163866837446e-01
9.460320482626685124e-01
9.843653990594329883e-01
9.552498621623082276e-01
9.962850371703310115e-01
9.912357629001757875e-01
9.941740485320424980e-01
9.716982370238290700e-01
9.690025948153246915e-01
9.618472172647194451e-01
9.811206610663918415e-01
9.664505159717359239e-01
9.835080751489415629e-01
9.859243844595526607e-01
9.792163063958961855e-01
9.884995551410293846e-01
9.902682651115293222e-01
9.651388609927642470e-01
9.641907128691133977e-01
9.702213936256735005e-01
9.894421820418525249e-01
9.806474541207507167e-01
9.931960057416214793e-01
9.819237612889193390e-01
9.792992287362864978e-01
9.697281460726421276e-01
9.819077258141238884e-01
9.846808758786975702e-01
9.814855319121039701e-01
9.614587889865975345e-01
9.824902308839427167e-01
9.905994225683210086e-01
9.837869325840064016e-01
9.874571470645301385e-01
9.786242601121025730e-01
9.429229968624778246e-01
9.682562930779368138e-01
9.757551899998014866e-01
9.933455478586150633e-01
9.873387347098092626e-01
9.958055707194646278e-01
9.725352564895061169e-01
9.612947390522120772e-01
9.878683597089795709e-01
9.752423324758102696e-01
9.943766807935124907e-01
9.839755075491759539e-01
9.916584788007987150e-01
9.958765769767744525e-01
9.786704688580318834e-01
9.765971264857714607e-01
9.929167525783122450e-01
9.794147911768468218e-01
9.885734921637450157e-01
9.400040404718466025e-01
9.853483186829541385e-01
9.749472750674658128e-01
9.798648266883637215e-01
9.899060717962393507e-01
9.800867728617338459e-01
9.637914119303601090e-01
9.931745127059197209e-01
9.589144158111888583e-01
9.708560589017778408e-01
9.799665970473425691e-01
9.840621110572370656e-01
9.987917719885928136e-01
9.470554958903082410e-01
9.786573597520067391e-01
9.796379699596942103e-01
9.871757279551486297e-01
9.890216951552132096e-01
9.837213387919601093e-01
9.833715450453713869e-01
9.673073547966375418e-01
9.901967942906383380e-01
9.713226378833035302e-01
9.696928922976338905e-01
9.663471817743425341e-01
9.656525867977328037e-01
9.838448036981755074e-01
9.833552242013871014e-01
9.864018227795881000e-01
9.417438204315243810e-01
9.785212841684368668e-01
9.483949307162887754e-01
9.774227134557775809e-01
9.704131731428167207e-01
9.517963341427451152e-01
9.592557140593043208e-01
9.715937855397727141e-01
9.434158849688103476e-01
9.867994819811055640e-01
9.793339854242890663e-01
9.891661547379551056e-01
9.948450559051006392e-01
9.866163329708739216e-01
9.714836032775933106e-01
9.883344435006308215e-01
9.681834847296795221e-01
9.464127918165223807e-01
9.979740283801304956e-01
9.813508202402485558e-01
9.844600041274202962e-01
9.548663732878287513e-01
9.753142575190452135e-01
1.005306709936072407e+00
9.924955235625189109e-01
9.834189311817692625e-01
9.697063966220159648e-01
9.610306710403111463e-01
9.942795266776225382e-01
9.905309883677007043e-01
9.715305020787522450e-01
9.443378722214852417e-01
9.859799572346901186e-01
9.904801163489931337e-01
9.299616272361929115e-01
9.668302444444066834e-01
9.710922088164417598e-01
9.825500311874795223e-01
9.816517554851880156e-01
9.834510473494877392e-01
9.930049311967091841e-01
9.743280635610462870e-01
9.794467436713694131e-01
9.824285343181866637e-01
9.922438889393095929e-01
9.779665382448060607e-01
9.929317558881962658e-01
9.556768150883687696e-01
9.657509484245229148e-01
9.925118761889769603e-01
9.842968076354299267e-01
9.813458526667261372e-01
9.670906304763070560e-01
9.926481472178134702e-01
9.793932609101851927e-01
9.855686217826038487e-01
9.633545835484357278e-01
9.959642139316683407e-01
9.862820140948606040e-01
9.380820429159150153e-01
9.934613127552104350e-01
9.812088249253800853e-01
9.833719622836318841e-01
9.407196007887080880e-01
9.812056529185556597e-01
9.766132370873720214e-01
9.866070369639264870e-01
9.918968254121044437e-01
1.009287723462938269e+00
9.934558714768412235e-01
9.831208737573789991e-01
9.775028933833761480e-01
9.849316481624511566e-01
9.879861389893481727e-01
9.892569270094991873e-01
9.813369145151031869e-01
9.784620995746851069e-01
9.831270885291816253e-01
9.654831116874555974e-01
9.846614481048545642e-01
9.950010451126896083e-01
9.868742394898554204e-01
9.407084144448892848e-01
9.938922024806732258e-01
9.677395484909506740e-01
9.825188493186242100e-01
9.844008684487455252e-01
9.768656336323882083e-01
9.941518063156865592e-01
9.909618849167984855e-01
9.879306819194162426e-01
9.762250860626590088e-01
9.822548144689533522e-01
9.820248144185502737e-01
1.001167324993894159e+00
9.542438620470604649e-01
9.699716515890292046e-01
9.432717674470453284e-01
9.839816070248379454e-01
9.803141924224814119e-01
9.861592282559206168e-01
9.479857638257047636e-01
9.894186518574784595e-01
9.842939470128447832e-01
9.699192213938850893e-01
9.857543980480387713e-01
9.467563696010117269e-01
9.800561775516484220e-01
9.782350678375555386e-01
9.930475253862512952e-01
9.826760148291560082e-01
9.920362853598879704e-01
9.834747710025339984e-01
9.644852880589357413e-01
9.759695154094388814e-01
9.914115674277986789e-01
9.914184131552306045e-01
9.781741800351448912e-01
9.668200872326012663e-01
9.522068776185431682e-01
9.914906317449503348e-01
9.864086915317131776e-01
9.827830294460231375e-01
9.956421342564615307e-01
1.003197057605170972e+00
9.575384132945548021e-01
9.747423605160054905e-01
9.714617631968878175e-01
9.958225399514917253e-01
9.926857287103850735e-01
9.884844887746410125e-01
9.758717973770808518e-01
9.521660488686894963e-01
9.825205363618232379e-01
9.868618373375760422e-01
9.833488800526472007e-01
9.740215549722612831e-01
9.656997298197405044e-01
9.674373524131549829e-01
9.736223628400531016e-01
9.795709424198506543e-01
9.834184947239512642e-01
9.624383217018999126e-01
1.003463813128409488e+00
9.519694410514700778e-01
9.720318515880648214e-01
9.813007804938889134e-01
9.546698118173483349e-01
9.702624343651481409e-01
9.706527449356450177e-01
9.613140058906834984e-01
9.995264204293210497e-01
9.881029464827197906e-01
9.664766839986843605e-01
9.694440419816903187e-01
9.703580530150360817e-01
9.926643450716505779e-01
9.883497885886669554e-01
9.770015387997152967e-01
9.841711991123360814e-01
9.748050022626049138e-01
9.775792839441156401e-01
9.766914041731616924e-01
9.511998451736777271e-01
9.878156433373423972e-01
9.745285187337785482e-01
9.549511994655031089e-01
9.952940338604916448e-01
9.805366192426541172e-01
9.800766689412707677e-01
9.677336030456187288e-01
9.823920106915786654e-01
9.929647891465862575e-01
9.697420933850299241e-01
9.858951141245398953e-01
9.351305495032876669e-01
9.710891785715154434e-01
9.769965014989102636e-01
9.344050453349839191e-01
9.807198013758445798e-01
9.726861443807653940e-01
9.639849871808686688e-01
9.933506684633943706e-01
9.601136534802643396e-01
9.821377733046302572e-01
9.834990649293833265e-01
9.751981062077226259e-01
9.438236828804256184e-01
9.565217727024772909e-01
9.833476082701524401e-01
9.801892128462870168e-01
9.566443096490243603e-01
9.578154054364818037e-01
9.655167217358477938e-01
9.725668187307456858e-01
9.680129413973156405e-01
9.963483130587567072e-01
9.737266387136863655e-01
9.795161381287299518e-01
9.853889410517989722e-01
9.551017353324117165e-01
9.767153727165412969e-01
9.702816757736042463e-01
9.723288906345115556e-01
9.831129835700133102e-01
9.233249016603709558e-01
9.795666136216820696e-01
9.707603154542834289e-01
9.504486235048641429e-01
9.884010387516759533e-01
9.743076905232956886e-01
9.861441385729603493e-01
9.755927196292409898e-01
9.831410466859051844e-01
9.921864180634143437e-01
9.719104259428014148e-01
9.927033460802175968e-01
9.653287817147703231e-01
9.825265906017395245e-01
9.783919654483115291e-01
9.795449957243268502e-01
9.858831302689893272e-01
9.826756647968194480e-01
9.684038487957222774e-01
9.813934378230402267e-01
9.812657783111534693e-01
9.841794220050609221e-01
9.689467085377727606e-01
9.628454880163397345e-01
9.773260644941397235e-01
9.676741294497261947e-01
9.680491563441724345e-01
9.779045723364413467e-01
9.773556039517597993e-01
9.698673952073935123e-01
9.746084053931910463e-01
9.606301771544597523e-01
9.687814194213115737e-01
9.901495640520949770e-01
9.868337583551579639e-01
9.904495311089531739e-01
9.871080974086320348e-01
9.707919253070693699e-01
9.897854786942734684e-01
9.936960973571061784e-01
9.923707216499914052e-01
9.743595206367683392e-01
9.877033923665993198e-01
9.921220991917401033e-01
9.680772990993951055e-01
9.842370206496360296e-01
9.812469996756658652e-01
9.900158744745923833e-01
9.916775088266686078e-01
9.838532437727467439e-01
9.815221450281731430e-01
9.875163114941055698e-01
9.781011034608347865e-01
9.821255865570946986e-01
9.606302569245852574e-01
9.352933857356945380e-01
9.654884080900363319e-01
9.655321662866993560e-01
9.758068438560948410e-01
9.845903639144739650e-01
9.780427388898046415e-01
9.852790458708986510e-01
9.884974347827956143e-01
9.852959290557912198e-01
9.903178574419296831e-01
9.781936674134168452e-01
9.711275418234565082e-01
9.664380120050725109e-01
1.003393046089341878e+00
9.832504546370929299e-01
9.674732413302352674e-01
9.808061948081006065e-01
9.790274322899968906e-01
9.769152304002880483e-01
9.668467686546292628e-01
9.879093388666649878e-01
9.618997804135314134e-01
9.759166924316262648e-01
9.742024828660458269e-01
9.751120434113154101e-01
9.717905443091120476e-01
9.693111604557801408e-01
9.758589478282549967e-01
9.772857850217724351e-01
9.758025061343494899e-01
9.799961663864021899e-01
1.005019563160100882e+00
9.876081547335746613e-01
9.720342378332282873e-01
9.839539545247644181e-01
9.822218794695966038e-01
9.563296909505614174e-01
9.721246249650276061e-01
9.935162474649091857e-01
1.000990842564840388e+00
9.796661184383322896e-01
9.792564008839419465e-01
9.836947181571106258e-01
9.747988437363414027e-01
9.441437946006073778e-01
9.842067509725248575e-01
9.768954205654768463e-01
9.888072237088872951e-01
9.852026419460772066e-01
9.901518607805429584e-01
9.968958335162511064e-01
9.551341461878696260e-01
9.602816282511728030e-01
9.745954059973808148e-01
9.934214101470631997e-01
9.782205879695002881e-01
9.848862769043708054e-01
9.825919058076040269e-01
9.847512850699609022e-01
9.794269943382393206e-01
9.857204993238284363e-01
9.708850852715225077e-01
9.553809474353054387e-01
9.949539018005687518e-01
9.813512010672423846e-01
9.789327241405426649e-01
9.488135237595807236e-01
9.688315354597549778e-01
9.522218417917148736e-01
1.012357572721140242e+00
9.702084056301286674e-01
9.621444082194253733e-01
9.687981435716462864e-01
9.453272568664364828e-01
9.571291916660790156e-01
9.806097308831768222e-01
9.710648124492270439e-01
9.623582853663763537e-01
9.790736160962605350e-01
9.730853890823141228e-01
9.784874777420254910e-01
9.880197667601353650e-01
9.599484301396015162e-01
9.837562688347931683e-01
9.845058593823847737e-01
9.806059616444885441e-01
1.001665202991088632e+00
9.995017085940828272e-01
9.923216637520856365e-01
9.937048460539109618e-01
9.831717757215335807e-01
9.833408746072100914e-01
9.843511125194667200e-01
9.991069886023369317e-01
9.866370259753278749e-01
9.927681164485819831e-01
9.873318035014494454e-01
9.865411580451803886e-01
9.864077841010734371e-01
9.865746387591676214e-01
9.629214666102274833e-01
9.972801727268918448e-01
9.707782432240041892e-01
9.764582481002281877e-01
9.841013271918531702e-01
1.002515424458881199e+00
9.935726230350497845e-01
9.706624696689564180e-01
9.873588914134843186e-01
9.748914292898173128e-01
9.828110877711503379e-01
9.851719768725374360e-01
9.726528896542501190e-01
9.689831303345775027e-01
9.837951177947413806e-01
9.656168978023269567e-01
9.442327412789145447e-01
9.764213952361439075e-01
9.871736993173028107e-01
9.891685751423743289e-01
9.827197484153959994e-01
9.890665515058217894e-01
9.631217582546417466e-01
9.245054664635359298e-01
9.935486716982597777e-01
9.662667496368028131e-01
1.000745068309913055e+00
9.824921319920365548e-01
9.800959917563809576e-01
9.880146146235282423e-01
9.577584732433818138e-01
9.852731976383664048e-01
9.904320892723326164e-01
9.748588914153308860e-01
9.687363587602072501e-01
9.806317180460355498e-01
9.774758403938811346e-01
9.690832001205968993e-01
9.725043466398567427e-01
9.852059110218291949e-01
9.776199064222621526e-01
9.936693817436961229e-01
9.898386795307783093e-01
9.864882776131946862e-01
9.810624696821536039e-01
9.822276698352397917e-01
9.749677003743706383e-01
9.914024690492018177e-01
9.847412071922984067e-01
9.591423340293304678e-01
9.889135087036381444e-01
9.910372461314109760e-01
9.521048349635063968e-01
9.785718707701653862e-01
9.669098433821951000e-01
9.873493822646556284e-01
9.810737334151485856e-01
9.747058696622090679e-01
9.602514736189780020e-01
9.716384538682234506e-01
9.763448134693091252e-01
9.880478014667597453e-01
9.787634640064715175e-01
9.764396403763817567e-01
9.828335450904277515e-01
9.909529965036978361e-01
9.868549101468400142e-01
9.599351566999416718e-01
9.858968823815142946e-01
9.498435182378102137e-01
9.912435562823184165e-01
9.812203203003022622e-01
9.792704159620596593e-01
9.836159457321480559e-01
9.731554483337143679e-01
9.564083050218784576e-01
9.808191535342385414e-01
9.787593418650585297e-01
9.802554829962442096e-01
9.996541564588069528e-01
9.931777894449440591e-01
9.800113505102335809e-01
9.847883736370585117e-01
9.814087010046826931e-01
9.824236508295209891e-01
9.808277493707506789e-01
9.502904708430888192e-01
9.721409208884984610e-01
9.872723342350160358e-01
9.881320178443822044e-01
9.557210837852146978e-01
9.961548439328933302e-01
9.830436244964710912e-01
9.751311736055070511e-01
9.826482645285563589e-01
9.660168995092290878e-01
9.991635817289559185e-01
9.714747635968170592e-01
9.510035444295346085e-01
9.853278260632720720e-01
9.667262907621967383e-01
9.892212536469351392e-01
9.809697037627509442e-01
9.744427334842817867e-01
9.777342197525767942e-01
9.694785326964183714e-01
9.862662353747105870e-01
9.718119073909701200e-01
9.817211671212813240e-01
9.759481256964651630e-01
9.723527990545325350e-01
9.984443988526728875e-01
9.874893112043824361e-01
9.990228425540715884e-01
9.640058295041595837e-01
9.855960843774232982e-01
9.805519839098337798e-01
9.739449633714016841e-01
9.846285561091306926e-01
9.842365401509591827e-01
9.948567295265854371e-01
9.502158289381208434e-01
9.869847735253735044e-01
9.652826574467383569e-01
9.834771946989826485e-01
9.929410574824536484e-01
9.915703398044205530e-01
9.472129847285690740e-01
1.004316009218949146e+00
9.919854759520350118e-01
9.937286645982588151e-01
9.746319747930165533e-01
9.991157989124205274e-01
9.937801651879890619e-01
9.667259269700618773e-01
9.855435293101146854e-01
9.524393855649390117e-01
9.654287092660384095e-01
9.736701790097656017e-01
9.788388416370654710e-01
9.681744202880171457e-01
9.846524993910860113e-01
9.656885407478332795e-01
9.742096241352042885e-01
9.684260488038423098e-01
9.879338953629782649e-01
9.852028820920870622e-01
9.885660746003605004e-01
9.958560463297819743e-01
9.710414744453331748e-01
9.785476636924119731e-01
9.861666874210702760e-01
9.583403853520273685e-01
9.646644843638130240e-01
9.931557264434035526e-01
9.596771130433734420e-01
9.678594628369540098e-01
9.820318196712654046e-01
9.845363025505450283e-01
9.794896179963080707e-01
9.762657734832254075e-01
9.871792521758602224e-01
9.833326510341303672e-01
9.785011405357807446e-01
9.746687920042709230e-01
9.570742195479206016e-01
9.891080376096564875e-01
9.642745335794354888e-01
9.778780263794614180e-01
9.834503374162283373e-01
9.837902159740713470e-01
9.891555066611841252e-01
9.831883814108639541e-01
9.828875901640280466e-01
9.956562676307806337e-01
9.789127954626780648e-01
9.925030086661953410e-01
9.930314272583813384e-01
9.842635014320466613e-01
9.893270285264242903e-01
9.829931700268306205e-01
9.840128512891046508e-01
9.909967828874592932e-01
9.658745810832302103e-01
9.688547913677867385e-01
9.656920835144592319e-01
9.761081376116581554e-01
9.728963919451693032e-01
9.879055277132313684e-01
9.612657439536482773e-01
9.799052932748842926e-01
9.582004804065415993e-01
9.868396304777655725e-01
9.736787480471658096e-01
9.660993194546713125e-01
9.891543530937129125e-01
9.865427210879617048e-01
9.831015346804580224e-01
9.905882526044108571e-01
9.783307479873948331e-01
9.753790267031333672e-01
9.908279403557848086e-01
9.922742733793863401e-01
9.738767621862625123e-01
9.827622908274051827e-01
9.738696710145557933e-01
9.808684936381675268e-01
9.702885997152417286e-01
9.672492591726662425e-01
9.688682539492781132e-01
9.800459467281449344e-01
9.973486210038970956e-01
9.425362163368785628e-01
9.835374616234751066e-01
9.760387781965338405e-01
1.003857909112296332e+00
9.886000217749100205e-01
9.841244364310154369e-01
9.849604837308809646e-01
9.894095186637593686e-01
9.849014419600389258e-01
9.831798406987934946e-01
9.877130251036211339e-01
9.834528895166136930e-01
9.875256410440700350e-01
9.715488022148907055e-01
9.818474150986493676e-01
9.696763100790569689e-01
9.861106885650324783e-01
9.715303348119710414e-01
9.897537660032780238e-01
9.563834439783999164e-01
9.748551985869524650e-01
9.933907181048312607e-01
9.722359524116207519e-01
9.915872940291602378e-01
9.869951659764556462e-01
9.865008164031399129e-01
9.797015891007109234e-01
9.854890173634166528e-01
9.681696746785797281e-01
9.769670280374084248e-01
9.693440720863758520e-01
9.740770380321266408e-01
9.789008536633393431e-01
9.880741647087246671e-01
9.920986030452897397e-01
9.837406496206014817e-01
9.976545799280139848e-01
9.815734711023873516e-01
9.427458544607892899e-01
9.767712378738782064e-01
9.751390425369563797e-01
9.733967918843188238e-01
9.936535038505858175e-01
9.827846528034049900e-01
9.932075386407506201e-01
9.871077588121979218e-01
9.770721366282200115e-01
9.482533263435370952e-01
9.920143721035480366e-01
9.757653943029717114e-01
9.576211631289348603e-01
9.409850057825228653e-01
9.777242030325198341e-01
9.844245472234960381e-01
9.926706526054082103e-01
9.810884958947648782e-01
9.825048124326347665e-01
9.809362428995040961e-01
9.836697140680856766e-01
9.601827047253685965e-01
9.798139692002558743e-01
9.925603642570368645e-01
9.540939814098174931e-01
9.662557919762121417e-01
9.934520323150969334e-01
9.849985480052205755e-01
9.681754796317256773e-01
9.803855958264021675e-01
9.920700896307570460e-01
9.929147754355004407e-01
9.858041188630851659e-01
9.883402905894593804e-01
9.747717665101338635e-01
9.905376073015385030e-01
9.750830844800970620e-01
9.765826403407520395e-01
9.870516227410084387e-01
9.894503284774981422e-01
9.818427971455750969e-01
9.984321142774535973e-01
9.726800853793385881e-01
9.781247047560815977e-01
9.845532784057210440e-01
9.791333716025961698e-01
9.972032444147045371e-01
9.575714591169466328e-01
9.827771778977406614e-01
9.851997762634058242e-01
9.991034858901748361e-01
9.621826079576101254e-01
9.857725658806071323e-01
9.580353655319356898e-01
9.757436388517367609e-01
9.608264572972531337e-01
9.889324663013487893e-01
9.777799842712134870e-01
1.002927869840267494e+00
9.713816021232780651e-01
9.933240132636075304e-01
9.846075290685835091e-01
9.739054024173264823e-01
9.624661777791920780e-01
9.833149340087136148e-01
9.782033604093749446e-01
9.925387128780153168e-01
9.673917489697841932e-01
9.680978155892370207e-01
9.838026337851580871e-01
9.716803352011365025e-01
9.822054485744375896e-01
9.682941728931698799e-01
9.858153915410712287e-01
9.821033218392585251e-01
9.797285552084135096e-01
9.884998751477955814e-01
9.729011849239967979e-01
9.670339632092999071e-01
9.954475819030436101e-01
9.937830594914739413e-01
9.899398433500481431e-01
9.919974404551872293e-01
9.837075064432030391e-01
9.759173477520317608e-01
9.561886862766063588e-01
9.799690399589501277e-01
9.765071417558215394e-01
9.921415706406134793e-01
9.888807791820920512e-01
9.847969301685931542e-01
9.914556707997519425e-01
9.670661924142976984e-01
9.752231786983768247e-01
9.678235384665163643e-01
9.995460367559729775e-01
9.758592641921409738e-01
9.785939001500748580e-01
9.656331359733745234e-01
9.989507914309170289e-01
9.685676590391766316e-01
9.844205520460895809e-01
9.812926028774542342e-01
9.884516436598249634e-01
1.001791717704797025e+00
9.897475003833644536e-01
9.666235708247877811e-01
9.912899789749678447e-01
9.669465242145419692e-01
9.800244940984700337e-01
9.759831940759149393e-01
9.885947005210042882e-01
9.655306210836015479e-01
9.782427266459574611e-01
9.846515786715189789e-01
9.828394190428373367e-01
9.965051995423225284e-01
9.720630943378064659e-01
9.675529226413821515e-01
9.701691087646394651e-01
9.864752416545696789e-01
9.752211991077415210e-01
9.684879030342771200e-01
9.917006785682528358e-01
9.912493236686620302e-01
9.571164240488951869e-01
9.780481182219848968e-01
9.961054120378951549e-01
9.843967007795817459e-01
9.845340143427757651e-01
9.940656182804570307e-01
9.790011053805812713e-01
9.824088088413357456e-01
9.595302191219893251e-01
9.898263693706563782e-01
9.711423995571564216e-01
9.802009589036959625e-01
9.886551392455485976e-01
9.711877164604770796e-01
9.840909773649419989e-01
9.977405574149551537e-01
9.715999021654467827e-01
9.929888609489667672e-01
9.823338088681632385e-01
9.883473624070618913e-01
9.893309305329488490e-01
9.652641274185530529e-01
9.855587713118627580e-01
9.664579920844725835e-01
9.886465723401323125e-01
1.003761508283387061e+00
9.875139818444621520e-01
9.382467260860826164e-01
9.848065603673586965e-01
9.754280384299477413e-01
9.802658876812101463e-01
9.565684778955781953e-01
9.794934058723605563e-01
9.774657716653253337e-01
1.010124164535451063e+00
9.627247724362844039e-01
9.957346543420798612e-01
9.982995600923236790e-01
9.729223512074212099e-01
9.987131167075574689e-01
9.937046810674512454e-01
9.533495082084421091e-01
9.994825949953138888e-01
9.893656953383884733e-01
9.929415736238303980e-01
9.819605374890519878e-01
9.850988414641622670e-01
9.815175732914800388e-01
1.010061497218553095e+00
9.656317852729994211e-01
9.836665625764282606e-01
9.761027796934577117e-01
9.706139219896282588e-01
9.686667543600699926e-01
9.881189313849215727e-01
9.801070073733022525e-01
9.660531112273482712e-01
9.809413146013532536e-01
9.609659449283529664e-01
9.803858030104940502e-01
9.744178806940849702e-01
9.747758504688511794e-01
9.769279838588776910e-01
9.764719916547643930e-01
9.566651542399950969e-01
9.715344725081246358e-01
9.639626581831700625e-01
9.940086453557003265e-01
9.763595224159723474e-01
9.675302677484965974e-01
9.834400894456563069e-01
9.831071757997199567e-01
9.536700517142019384e-01
9.964479089841230541e-01
9.906173841008896197e-01
9.797721490557445012e-01
9.898690523037122491e-01
9.757049397036769989e-01
9.705606554218216830e-01
9.985545492349102714e-01
9.970862184634570191e-01
9.916699941087672165e-01
9.760228404712142369e-01
9.948845860774715444e-01
9.941488544566545738e-01
9.940663055861146402e-01
9.628714155048784251e-01
9.863869577905974850e-01
9.856180165831329720e-01
9.649660368927135412e-01
9.879800714337318990e-01
9.654924269462915598e-01
9.816706794597274133e-01
9.480044500726529932e-01
9.856970422922368691e-01
9.698197942653193904e-01
9.796535148343206156e-01
9.975379777964263894e-01
9.775844157303547055e-01
9.563855031780857940e-01
9.686745318989958831e-01
9.707223601179952865e-01
9.689763917901534906e-01
9.946458031317613191e-01
9.897985300156771915e-01
9.907136724425018581e-01
9.850226416637747340e-01
9.743985691691137152e-01
9.924962180343576135e-01
9.639932275818315910e-01
9.918057067242197489e-01
9.556187379284466488e-01
9.755914798433638069e-01
9.599921395514598998e-01
9.868497213925975231e-01
9.834757999959115038e-01
9.758741992324659886e-01
9.659795659141935387e-01
9.662741616731967964e-01
9.877662757582955644e-01
9.805943654689650568e-01
9.754911677947709636e-01
9.526468422171702199e-01
9.866073773181095463e-01
9.570541365726688010e-01
9.858715329959055751e-01
9.889425391048910496e-01
9.758369636354653487e-01
9.777566366974451695e-01
9.903526119829286767e-01
9.588887868173435747e-01
9.706303177147153072e-01
9.797279136361098928e-01
9.945355695368462978e-01
9.351982522399741038e-01
9.871489011588928664e-01
9.785300932650815575e-01
9.882411402948598766e-01
9.680345824555269818e-01
9.869756350436599268e-01
9.722110887249689748e-01
9.771782112383016194e-01
9.769904022656563658e-01
9.981001333084483784e-01
9.844415310921809104e-01
9.907178536614773545e-01
9.863449666031699481e-01
9.569305704263093570e-01
9.649502067248895143e-01
9.536364491719342418e-01
9.623323959081347967e-01
9.833620815791470626e-01
9.644225607214340634e-01
9.964227306933369777e-01
9.602181304881144408e-01
9.917834108290149997e-01
9.744130131934151118e-01
9.846153253987757203e-01
9.777533235375912568e-01
9.838733711836505913e-01
9.735437239700041046e-01
9.571119930815554788e-01
9.991086966905496913e-01
9.895628954893768148e-01
9.986489386705243998e-01
9.827703317097918889e-01
9.820951026740355472e-01
9.647072556034606006e-01
9.601363769413331362e-01
9.803092211842162618e-01
9.757656348370827848e-01
9.909933731400231149e-01
9.424169826435115915e-01
9.945366037820434491e-01
9.532392409071595019e-01
9.732831297836073148e-01
9.929946436914460772e-01
9.475062930115812909e-01
9.842299975829814640e-01
9.889397265836920026e-01
9.807716519828294510e-01
9.829585044709724384e-01
9.851206151095144303e-01
9.929509387924886354e-01
9.538555744311172369e-01
1.003169367975887516e+00
9.879837767043876395e-01
9.749528697410010381e-01
9.653678960674484388e-01
9.940971722771124730e-01
9.855482972001758935e-01
9.854777624985090467e-01
9.711639048486413461e-01
9.822834728324024711e-01
9.874755667446498686e-01
9.632293008865594475e-01
9.659569106193766075e-01
9.708114367040652226e-01
9.713932874068432755e-01
9.881826809966208769e-01
9.705895553158847555e-01
9.720019669478029423e-01
9.792087309355120839e-01
9.573827911694757775e-01
9.819086878288785236e-01
9.865266584332245126e-01
9.942418981063336769e-01
9.851126986583612632e-01
9.734471035359950619e-01
9.857319005696532077e-01
9.768411258146979526e-01
9.573600900988247231e-01
9.854937240766427076e-01
9.698486211564323334e-01
9.659192444982145354e-01
9.791217838400917417e-01
1.004828811501474517e+00
9.726397598462468430e-01
9.793828808428790555e-01
9.839569282748252821e-01
9.477616094515324274e-01
9.856593190823588202e-01
9.245027421071905227e-01
9.934394249190046100e-01
9.816006433032059553e-01
9.772899417627448626e-01
9.834169158938208533e-01
9.847845489745175040e-01
9.736918507157619196e-01
9.777958107941269184e-01
9.886891371719095378e-01
9.734566007910052665e-01
9.683194613149729291e-01
9.789059398860413541e-01
9.801033030654867639e-01
9.799641302308299551e-01
9.680231591558320359e-01
9.884904327336667684e-01
9.898097972118956589e-01
9.701480290657459316e-01
9.843683250745699498e-01
9.679771922656844607e-01
9.672546924269829205e-01
9.510885781968714259e-01
9.767346670498698868e-01
1.004862440246647504e+00
9.827485316891961808e-01
9.819543224886583266e-01
9.955396443148049057e-01
9.707077231642174953e-01
9.823275523152140698e-01
9.695242123277046931e-01
9.730865208497927465e-01
9.882928547304764555e-01
1.006040120053517395e+00
9.779287913656962150e-01
9.881995285022162623e-01
9.615998872159714495e-01
9.819582215708876349e-01
9.837737436513566136e-01
9.840777410714245388e-01
9.625199079807510438e-01
9.671436727205224848e-01
9.791099609831780404e-01
9.753582534620894862e-01
9.885660251479679861e-01
9.592350140348631093e-01
9.896228397345355754e-01
9.912986657317817141e-01
9.826183510008059674e-01
9.478223156423223328e-01
9.798625595756119688e-01
9.745845376275524830e-01
9.835634400982037340e-01
9.571276639485724047e-01
9.750446103997213454e-01
9.842794877210652160e-01
9.721725093406459184e-01
9.948591652089606718e-01
9.805522619301521026e-01
9.981158127034678307e-01
9.979599881109197934e-01
9.617392935134649878e-01
9.774873731366610086e-01
9.769357935479257016e-01
9.672977791714252316e-01
9.858172326303408228e-01
9.831693388226299124e-01
9.832316179051434624e-01
9.740196545870798417e-01
9.725913773687372421e-01
9.767895883035736526e-01
9.527396500976129667e-01
9.915112309727710516e-01
9.803812408757314190e-01
9.852945597290146962e-01
9.822875255136871431e-01
9.833335315437051749e-01
9.961246626268551729e-01
9.780861922703477651e-01
9.938198727384234266e-01
9.566248940510602150e-01
9.758081581027487905e-01
9.685932749790212570e-01
9.946069315171436331e-01
9.915492823012246326e-01
9.705260946446672143e-01
9.640291995284043791e-01
9.844374939936496594e-01
9.743017335196392237e-01
9.652326460246307693e-01
9.697556520079309017e-01
9.750849426655847640e-01
9.778166883010758204e-01
9.767144486841909945e-01
9.887191273834913252e-01
9.685014462431209559e-01
9.700841675127827024e-01
9.920906081932044929e-01
9.629045369451550984e-01
9.819310022750112887e-01
9.794708503648320574e-01
9.675526808812200397e-01
9.701594107700153291e-01
9.662685671199754411e-01
9.829584057125180241e-01
9.594842739576704416e-01
9.782720608457302625e-01
9.607290070499725498e-01
9.775099460458916978e-01
9.741410897348093956e-01
9.873218774585611479e-01
9.792482093961472067e-01
9.916793233171657951e-01
9.852553318124740445e-01
9.625458268672035800e-01
9.830668133117397289e-01
9.794974811395411596e-01
9.457967717876972769e-01
9.787218890779214586e-01
9.894414953206287500e-01
9.950381016113502008e-01
9.906512460021588140e-01
9.936178312444906569e-01
9.680816564020460202e-01
1.001640587072759603e+00
9.813224626545109519e-01
9.891069687720057679e-01
9.977432867702298314e-01
9.824186244959787206e-01
9.810924526256866729e-01
9.817401712853371931e-01
9.677879968310659775e-01
9.843201612861836036e-01
9.643263267804120797e-01
9.871488927073894803e-01
9.910124785065331787e-01
9.750566893672599766e-01
9.517424079616972898e-01
9.837953788553202017e-01
9.848211320689069792e-01
9.737690217729846331e-01
9.920435447960050945e-01
9.732646993749338726e-01
9.670756548276396858e-01
9.554252899623169037e-01
9.904950136531680549e-01
9.902909906455570344e-01
9.760054852920797552e-01
9.891787500298654390e-01
9.941878194045393746e-01
9.951508709126495322e-01
9.592296439181213774e-01
9.860164216525888481e-01
9.923853416595433963e-01
9.867989364259405205e-01
9.617872197121773992e-01
9.595621181055191684e-01
9.934209591031522013e-01
9.835008814540225908e-01
9.782015602950042688e-01
9.816827259580093168e-01
9.858368493291868040e-01
9.452062763477495633e-01
9.583120023589797309e-01
9.825876802554945888e-01
9.720072920770307379e-01
9.732247561713817108e-01
9.825985241376560264e-01
9.889985074032074941e-01
9.939799870988044184e-01
9.516479344850483635e-01
9.902723084962630207e-01
9.630404545128438132e-01
9.304490720754075017e-01
9.748478744088147074e-01
9.854934308194424064e-01
9.686463386780700402e-01
9.904818528704700809e-01
9.751609504911015192e-01
9.688879781909457423e-01
9.642524677193208271e-01
9.978149750007623275e-01
9.789593280317819834e-01
9.888917129657730509e-01
9.794957980467065006e-01
9.862951986967813944e-01
1.005296419114859452e+00
9.775808611463838727e-01
1.002531587100789823e+00
9.672783898021698468e-01
9.778913139154101763e-01
9.664532225454656178e-01
9.806046750057290096e-01
9.828419150218831168e-01
9.838372437281630578e-01
9.658249580935233114e-01
9.889461313162986045e-01
9.736921884954546913e-01
9.889815603400036181e-01
9.897289887999680680e-01
9.932680299911186284e-01
9.770326883308771970e-01
9.524686843241318979e-01
9.867688260649716270e-01
9.627865125537453661e-01
9.799035171250815024e-01
9.999986674279522925e-01
9.883802771832298495e-01
9.845343509004806926e-01
1.001948232279863849e+00
9.578897050125904089e-01
9.707110721736681436e-01
9.797517824669299547e-01
9.927611507264715307e-01
9.821172748026587573e-01
9.595862161769792564e-01
9.625518022304505594e-01
9.781829586883369343e-01
9.834924407603993224e-01
9.681095256549635542e-01
9.870289278141077816e-01
9.842316399950283845e-01
9.782940752571820386e-01
9.851553346204370287e-01
9.940219197773209059e-01
9.744382732621355014e-01
9.570708457631590393e-01
9.789803910260278519e-01
9.834118046585851314e-01
9.778663656294261930e-01
9.876455662103921229e-01
9.990114947693478076e-01
9.799361007180370509e-01
9.906806800435156157e-01
9.901045044091186798e-01
9.722936942382434111e-01
9.625659828609077762e-01
9.708808736008632811e-01
9.738553819862854066e-01
9.808300489090132634e-01
9.548994414158860078e-01
1.002066932947628386e+00
9.813922879170113855e-01
9.673681506601432556e-01
9.886607661892027332e-01
9.671816216249196074e-01
9.656906629464760972e-01
9.865609459329853781e-01
9.745344195592994252e-01
9.816207048242289179e-01
9.717609660058013077e-01
9.896752846102832013e-01
9.902449838593607723e-01
9.777644435439719617e-01
9.637456243859934268e-01
9.715326539468595035e-01
1.003383189319876800e+00
9.723604727775146950e-01
9.883015509117166753e-01
9.655281858742769119e-01
9.910022390326383990e-01
9.849004023066643132e-01
9.918961072372096677e-01
9.655138708233632627e-01
9.804916617292329661e-01
9.781566302738240459e-01
9.813378466822640922e-01
9.784184681894109170e-01
9.461106962799217257e-01
9.759545082089469137e-01
9.726624110680399671e-01
9.967414591473402474e-01
9.868526155439486525e-01
9.781132836351856819e-01
9.938736657300043520e-01
9.786675195761629364e-01
9.660108470634485300e-01
9.589745247458455468e-01
9.566524061724923644e-01
9.729448670637285135e-01
9.639766296945534441e-01
9.674547350544019375e-01
9.687717917181338789e-01
9.840576702938022002e-01
9.718894451070981821e-01
9.831552586907470470e-01
9.652561324954205269e-01
9.910004094292560461e-01
9.589804625302319474e-01
9.849350067894977467e-01
9.844040172399124433e-01
9.836674120248364295e-01
9.932906562487997526e-01
9.971591907858153858e-01
9.793803534712932635e-01
9.911014431044762318e-01
9.713568990562972960e-01
9.616417116656911235e-01
9.851872507828002279e-01
9.868752610619266896e-01
9.748290378659872912e-01
9.782347392618131465e-01
9.919168173822318080e-01
9.855111227698398757e-01
9.979158478912131258e-01
9.878388748781316009e-01
9.677352974270284625e-01
9.719157193617588009e-01
9.866794344584326470e-01
1.001064705558482038e+00
9.692880987648501145e-01
9.914621640447500717e-01
9.691512899920012858e-01
9.831309512290755670e-01
9.859218417483652797e-01
9.888696266229451970e-01
9.907936367744010209e-01
9.839493233964190511e-01
9.906281750850408629e-01
9.970574011925190661e-01
9.756643282811932050e-01
9.895562059163264257e-01
9.808412500581724647e-01
9.878925925385103612e-01
9.884896798856989131e-01
9.719333380419085122e-01
9.802166439267849807e-01
9.834684946899423519e-01
1.005749424475996356e+00
9.842147714621867216e-01
9.705192771206396785e-01
1.003170514515382639e+00
9.996207844191220548e-01
9.890923369878463767e-01
9.877068420431223128e-01
9.755150450779063176e-01
9.889296286271377356e-01
9.867938968917899789e-01
9.993868959770130234e-01
9.675869218770791758e-01
9.892481322707579183e-01
9.536589755359903275e-01
9.540304261318974799e-01
9.833772525475982240e-01
9.941816014710459504e-01
9.469045031502628662e-01
9.437632602845972274e-01
9.508384096678393904e-01
9.902393405562032180e-01
9.907621999676322622e-01
9.832259131629660365e-01
9.868546010300018878e-01
9.740650804752172265e-01
9.794550312513921053e-01
9.913565346228884190e-01
9.757811924190578079e-01
9.748742120206297379e-01
9.771406065360431770e-01
9.740885416848626965e-01
9.506070691083184920e-01
9.738946123170265645e-01
9.879482517397965013e-01
9.574796941691006147e-01
9.851287509238537687e-01
9.823652497803158079e-01
9.773343779288591326e-01
9.730761431476419032e-01
9.811199033972394234e-01
1.000267624909497499e+00
9.814924758745421363e-01
9.866738127423436699e-01
9.843780386950027328e-01
9.853443785791167198e-01
9.810380626938473014e-01
9.739938200883906383e-01
9.851208066638524885e-01
9.660298603314705357e-01
9.901813723562487013e-01
9.468754081617739571e-01
9.381088897370102320e-01
9.626149584211967092e-01
9.863536103365381225e-01
9.730326788733126842e-01
9.651948043167530855e-01
9.793979806489389039e-01
9.596397302081414171e-01
9.749094407849304700e-01
9.518614138305746541e-01
9.947840315040625825e-01
9.875351256004626377e-01
9.873131522470689481e-01
9.806050786308748712e-01
9.745217374394401499e-01
9.831869505313187707e-01
9.707738166808933533e-01
9.994278120110436925e-01
9.776059917005028854e-01
9.727305325603938790e-01
9.908401609945063360e-01
9.564105766912204265e-01
9.793874381397207340e-01
9.596643644124660533e-01
9.712668489616096412e-01
9.721821330362042657e-01
9.376856220317782986e-01
9.802155762886054502e-01
9.792824132793007674e-01
9.965978651079575590e-01
9.955595820396923035e-01
9.902981753709668711e-01
9.786204767404058646e-01
9.852050761074491181e-01
9.581310920175564183e-01
9.770694219380273715e-01
1.006961098325832138e+00
9.722632824828989495e-01
9.841850180502913492e-01
9.810180480110842760e-01
9.805597648966978275e-01
9.790130399509145986e-01
9.843093123395603161e-01
9.820118726942003162e-01
9.900115163114534544e-01
9.847648322760801376e-01
1.000853617054235256e+00
9.865903035731425907e-01
9.845307769422759758e-01
9.322812812968316321e-01
9.649804575827145570e-01
9.809634124336102934e-01
9.559614458370766510e-01
9.764327575181848129e-01
9.877891433748284822e-01
9.675360220748514539e-01
9.793780707081845005e-01
9.821552991960601497e-01
9.747108466822143047e-01
9.805173602851962045e-01
9.852067121094914004e-01
9.724697740397245660e-01
9.844653779957830420e-01
9.733247812089160789e-01
9.947888904578818803e-01
9.629110921004486734e-01
9.841041303202060497e-01
9.756628700363124684e-01
9.971593857952509854e-01
9.882417513340039372e-01
9.891683849227103087e-01
9.757171271136694246e-01
9.857786511981189159e-01
9.711964962545279745e-01
9.909293572473417688e-01
9.620732512868779285e-01
9.668441777381919788e-01
9.929106114127025373e-01
1.001635958076300570e+00
9.593516464040486857e-01
9.918808940041463629e-01
9.866964395935251542e-01
9.824556220890527936e-01
9.862177938997569449e-01
9.782114004031459142e-01
9.644529630718919888e-01
9.927306539018719844e-01
9.821143678540320554e-01
9.543856398388380624e-01
9.840224652996616417e-01
9.653686505004276386e-01
9.804776908743058073e-01
9.734035060649349758e-01
9.738711613117739807e-01
9.837453122951010931e-01
9.454778781200369187e-01
9.723447195985952529e-01
9.693164950831426596e-01
9.867314917419225395e-01
9.563704251865593475e-01
9.927084806410009232e-01
9.402031571714533076e-01
9.365583826784442678e-01
9.688948216766621879e-01
9.770615241988311883e-01
9.980184662943708540e-01
9.633572129509392346e-01
9.871841703468576812e-01
9.840884594792654871e-01
9.903097017115690681e-01
1.001455277795519683e+00
9.811143084214515309e-01
9.738313033559630183e-01
9.556245856281720963e-01
9.820048506087015738e-01
9.803070652750313085e-01
9.864876489932855597e-01
9.837610703407528856e-01
9.845418773973982907e-01
9.648262631700649239e-01
9.633669001312593627e-01
9.756061344843742766e-01
9.817681115179514029e-01
9.872771799167314732e-01
9.518895677240374331e-01
9.700546944851902165e-01
9.872918785303551603e-01
9.862484629732992669e-01
1.011743814080398263e+00
9.792910800119591919e-01
9.859267514321488068e-01
9.683198651380642286e-01
9.945451986827652524e-01
9.599008613889836727e-01
9.810976812524715429e-01
9.856419137531842178e-01
9.935137630901632599e-01
9.789694964370001529e-01
9.864730079652198613e-01
9.699503097245679717e-01
9.944517959711092203e-01
9.836158050325626290e-01
9.778370750657102706e-01
9.689173102238242130e-01
9.966893860125837223e-01
9.810273587950250063e-01
9.781069613663486706e-01
9.808269510845820660e-01
9.879101568763746233e-01
9.874834333557654942e-01
9.774794229769546705e-01
9.827975055243538538e-01
9.774034618434767063e-01
9.905363128935550376e-01
9.875503116521293645e-01
9.825750713877537956e-01
9.843420529349681258e-01
9.942661768110164777e-01
9.839948189153225888e-01
9.840910042825554704e-01
9.771756208421525924e-01
9.937254712704394199e-01
9.796931015395274889e-01
9.631001710790751957e-01
9.898491681032174361e-01
1.000420065915867296e+00
9.850600373923193986e-01
9.664812940535271180e-01
9.612083987689953313e-01
9.862038831229906766e-01
9.857729290292661650e-01
9.822193019090768029e-01
9.807858657144281622e-01
9.883490114728705755e-01
9.695824914195464439e-01
9.715397192106693947e-01
9.806915318666165060e-01
9.835917538986111985e-01
9.677409352408453680e-01
9.992690436255892150e-01
9.856789839736973535e-01
9.795683798432714973e-01
9.703435924031330595e-01
9.652777901326576870e-01
9.807313181630182841e-01
9.778303701958149796e-01
9.713056777216316773e-01
9.555561754103092387e-01
9.704375701753100714e-01
9.925200835500538332e-01
9.632192472490137547e-01
1.001934670175416153e+00
9.705883513065660662e-01
9.666706179978522551e-01
9.636400423968093376e-01
9.699708497350350012e-01
9.659241536025523489e-01
9.647213564951977460e-01
9.612772634006845340e-01
9.729120585388496556e-01
9.803938236247511373e-01
9.803147009237940246e-01
9.734320524510985395e-01
9.795316081239975325e-01
9.895372094241287053e-01
9.791383165036757763e-01
9.922631823643531801e-01
9.557686163617651331e-01
9.770200034220757335e-01
9.986531803265871199e-01
9.815122837118985810e-01
9.778694877760588655e-01
9.899010101773766390e-01
9.795146586066626471e-01
9.783654268886095018e-01
9.715176350140182215e-01
9.846272765326966603e-01
9.899851628224832778e-01
9.809636643002496159e-01
9.900883498014498851e-01
9.853178290155920616e-01
9.699643020988640840e-01
9.957897483708787467e-01
9.820840458912247772e-01
9.882678922921898090e-01
9.948777848307706062e-01
9.708483192709765897e-01
9.711483539208601856e-01
9.876112132607159921e-01
9.795496432308120616e-01
9.888019579180468144e-01
9.897902293005856889e-01
9.686735655887381835e-01
9.802440179339244608e-01
9.771220998047784878e-01
9.915248099999767195e-01
9.885449298892653447e-01
9.711797319303814291e-01
9.897265381132729356e-01
9.856468975504006913e-01
9.578708536094777681e-01
9.739518783333891427e-01
9.728929368700766078e-01
9.932065219178529691e-01
9.810764502629121253e-01
9.857219862712315317e-01
9.643684347183044681e-01
9.824373280223409610e-01
1.006135774334083077e+00
9.817957841960237575e-01
9.606567489022352913e-01
9.826270997810155894e-01
9.752517014774174653e-01
9.973608140854346438e-01
9.740314203687381323e-01
9.855818446741716476e-01
9.682802072662947124e-01
9.904781059938670973e-01
9.686758730820915764e-01
9.867293511333439238e-01
9.864812004962939529e-01
9.678429881146479730e-01
9.749358381417845276e-01
9.774280199842098060e-01
9.924653656569405458e-01
9.748378655459629671e-01
9.834637564801452791e-01
9.582735110504706499e-01
9.911587138350461679e-01
9.734814434902344660e-01
9.773069708485931928e-01
9.770703798425736109e-01
9.442359501188065662e-01
1.000969428625722246e+00
9.661770039938418764e-01
9.865908558260165773e-01
1.000244891416910864e+00
9.816095840792063987e-01
9.957775704613459622e-01
9.848625821576008077e-01
9.706400156081491648e-01
9.897086041776698151e-01
9.834302496897892043e-01
9.875822041441348897e-01
9.517457831286255665e-01
9.521332534591018248e-01
9.531771066768492950e-01
9.752685127302416213e-01
9.720427962440942871e-01
9.917304379576277196e-01
9.816809924398490761e-01
9.551522249430384193e-01
9.825853046126890034e-01
9.909255120290203500e-01
9.719565277225896693e-01
9.747532651008337101e-01
9.874459431946762678e-01
9.552552099663659257e-01
9.831880066551148545e-01
9.788909553457703083e-01
9.790735289352576753e-01
9.731823947994479029e-01
9.867611791382081554e-01
9.840025635694099604e-01
9.633683360883138480e-01
9.818517114659394140e-01
9.826289030771721000e-01
9.771831384789352315e-01
9.885597764877811500e-01
9.774479818701321543e-01
9.986226323938074412e-01
9.859851699999898633e-01
9.841044801060108149e-01
9.889708834697855666e-01
9.845187338515116737e-01
9.844775239105282294e-01
9.793050540290310080e-01
9.728532294567587835e-01
9.841306426208206171e-01
9.777796693143320228e-01
9.615070013313419262e-01
9.894017035439698349e-01
9.668469361650654514e-01
9.781706517174799664e-01
9.734852217630666216e-01
9.969584611574235922e-01
9.819778695862835249e-01
9.661182426009468083e-01
9.709270727105256960e-01
9.823921837634242982e-01
9.650936409753908540e-01
9.538297262782863273e-01
9.729238283121778297e-01
9.951750045173102244e-01
9.815304399101201227e-01
9.608885372459766705e-01
9.795478969780032630e-01
9.798684358474543110e-01
9.691462308859667418e-01
9.740902955610460934e-01
9.852081420770265607e-01
9.662426633068241788e-01
9.885301118756720795e-01
9.848386809380210716e-01
9.496921633876987956e-01
9.783577685369271304e-01
9.845485181885115233e-01
9.857706930116463262e-01
9.886587118454391865e-01
9.864517148999816243e-01
9.824761256946931143e-01
9.551955797900069101e-01
9.769648914923170224e-01
9.873485471874047237e-01
9.699088204869773522e-01
9.865792976181310125e-01
9.718027375882674068e-01
9.830571531496240523e-01
9.910066299224203901e-01
9.598376710917153609e-01
9.906385909496121522e-01
9.448635646638536834e-01
9.860662602518673880e-01
9.760777039465478033e-01
9.585826303294711082e-01
9.705006161709300860e-01
9.364071453066080686e-01
9.835676189840638628e-01
9.792321724199999355e-01
9.729734311438168470e-01
9.917616123841259679e-01
9.890942807853888574e-01
9.835443678634836484e-01
9.922043655014711749e-01
9.708354730345373218e-01
9.591046287507425383e-01
9.679949783100693095e-01
9.912082438616510727e-01
9.870590852405652926e-01
9.883867705427765715e-01
9.907402696212216364e-01
9.979071155607445176e-01
9.856894783209694255e-01
1.002974254739981141e+00
9.839321053316469889e-01
9.680995658236840606e-01
9.723908446492584012e-01
9.670729948280977206e-01
9.848987974827005942e-01
9.853116444399603324e-01
9.878391414704702500e-01
9.865127901054011605e-01
9.802745387665051657e-01
9.720577942900378021e-01
9.650472731360741907e-01
9.636731087178775912e-01
9.808455804114392107e-01
9.952688690211365374e-01
9.937293549040321361e-01
9.900887571160950085e-01
9.572004340338187145e-01
9.912826879187400797e-01
9.810658944118928471e-01
9.735518589237508458e-01
9.857964922134363484e-01
9.799095887069765309e-01
9.723150332004849572e-01
9.757331995059530527e-01
9.579503885831772703e-01
9.656935667964746672e-01
9.847575253792537620e-01
9.766075254427657448e-01
9.809350389273212567e-01
1.000055849166650024e+00
9.848091472754748610e-01
9.776682046760404310e-01
9.867422643010518302e-01
9.661256519878765880e-01
9.907824409968615242e-01
9.617974017832482403e-01
9.885086374084791627e-01
9.763382284835713243e-01
9.821609758346443453e-01
9.791649715292328748e-01
9.885590932960850452e-01
9.751101696108028793e-01
9.889434942114107008e-01
9.860808535475678038e-01
9.840429783548128029e-01
9.852877555871024651e-01
9.668741410468433273e-01
9.511069306977610882e-01
9.706478939074505430e-01
9.916994951706568084e-01
9.933912888577174360e-01
9.857519264948583215e-01
9.885684066473741094e-01
9.718886926979516394e-01
9.930329437063838416e-01
9.798156355090329450e-01
9.915856513402587780e-01
9.737293834179079344e-01
9.810368034619698641e-01
9.445492239149222424e-01
9.598466718985669832e-01
9.908732471153771648e-01
9.562902609319463565e-01
9.647493340071927603e-01
9.770558152618000758e-01
9.710410732819948487e-01
9.617022677020522492e-01
9.708156683741125947e-01
1.013550588445661038e+00
9.799902492400743848e-01
9.546739917239669415e-01
9.711194976915046295e-01
9.926763317132047959e-01
9.906524065945867541e-01
9.732349396369847083e-01
9.766464751879206929e-01
9.706146333276650662e-01
9.713311269352247201e-01
9.663942575820729797e-01
9.897100048359545044e-01
9.721591371699360717e-01
9.842515323055088805e-01
9.946705697370926691e-01
9.941127992309666261e-01
9.835442829401486176e-01
9.735805031052585656e-01
9.892190349759666379e-01
9.995897991528941429e-01
9.823609015066291361e-01
9.968262335402614527e-01
9.925008842465110614e-01
9.798447876505663734e-01
9.903697392421797474e-01
9.631866732171071588e-01
9.869609222314196240e-01
9.898049616486271907e-01
9.685150841999999871e-01
9.835349835195273949e-01
9.869658056287199388e-01
9.750665738271919736e-01
9.731266843875691075e-01
9.819102074754127996e-01
9.848607940115083892e-01
9.898337329211572833e-01
9.874496677750115303e-01
9.897288223793077044e-01
9.714779533235358144e-01
9.978220131752628674e-01
9.909988494242996104e-01
9.635107699317932983e-01
9.836096386968851135e-01
9.866551568322583510e-01
9.659369994485980104e-01
9.740009315363182818e-01
9.865262976672453110e-01
1.002053130393245617e+00
9.564183999365599709e-01
9.922314629979824829e-01
9.797380043352865719e-01
9.285401372819054311e-01
9.898350393415386028e-01
9.643605791309211028e-01
9.998186582803273437e-01
9.834531364492037353e-01
9.967594600379114933e-01
9.567453251710549278e-01
9.747060091523901404e-01
9.857975654506085927e-01
9.779449996604219209e-01
9.971250042293420268e-01
9.813743594645384372e-01
9.893244871083740621e-01
9.928691364031497768e-01
9.720283525462822816e-01
9.842200734608983481e-01
9.758879767967996166e-01
9.832830375480610119e-01
9.909042772007602418e-01
9.935355700364026932e-01
9.880177618903139836e-01
1.001391467298744287e+00
9.762865258710571315e-01
9.894434176216915233e-01
9.906665968025334390e-01
9.883545022918394096e-01
9.758959142680140308e-01
9.684582959456915496e-01
9.787080159280574509e-01
9.723060742662789080e-01
9.799531008786603881e-01
9.802257331270416429e-01
9.708033356139545988e-01
9.906299166606784556e-01
9.859911147843705148e-01
9.709796603917620894e-01
9.515751754108440208e-01
9.932324127180193196e-01
9.837298730662110691e-01
1.000556228693861183e+00
9.793017951179977532e-01
9.978791229146153352e-01
9.878911280706910159e-01
9.836608877854952082e-01
9.809917887818686566e-01
9.915898386965068534e-01
9.841898984596381128e-01
9.542456154424846515e-01
9.870903512776006972e-01
9.815606836946975111e-01
9.684272867273892027e-01
9.889888229099648154e-01
9.896534839525090721e-01
9.852840115785088670e-01
9.831326354631156894e-01
9.893221498649060752e-01
9.789623619493268425e-01
9.598141925606288316e-01
9.860107393868707826e-01
9.672268776234416165e-01
9.757115328649142993e-01
9.819325527801863185e-01
9.582734143125021253e-01
9.844726840623959641e-01
9.626481099926691432e-01
9.927622090769938623e-01
9.643295089375367724e-01
9.596574211616626382e-01
9.735544392862172103e-01
9.780086048915882513e-01
9.417986781949435615e-01
9.791367427037893645e-01
9.643715749678778426e-01
9.760722780705782808e-01
9.922849911882946072e-01
9.846842703927899398e-01
1.000699015132054059e+00
9.827778952575334515e-01
9.896430502283427577e-01
9.639981777251718231e-01
9.678377048519850590e-01
9.776776181373508789e-01
9.856867501298508527e-01
9.681174248063773025e-01
9.928019331855724161e-01
9.854859250162344431e-01
9.834560618261765086e-01
9.647880827531667425e-01
9.796591452175535952e-01
1.005379043907951075e+00
9.754532524659946802e-01
9.853923691144642616e-01
9.912761460099980271e-01
9.902090089922315208e-01
9.853522598225312734e-01
9.982768727930845243e-01
9.917946765818315136e-01
9.674477530608786013e-01
9.889347039294217323e-01
9.524619415418921209e-01
9.696867009870785425e-01
9.752184955375434727e-01
9.509074503463227357e-01
9.878078256274614999e-01
9.849934331677989707e-01
9.827114913455520240e-01
9.929343285011148490e-01
9.677212103342514027e-01
9.849991730101752552e-01
9.888807601848433881e-01
9.819119575727535132e-01
9.782628336516561163e-01
9.867785491122759156e-01
9.705626011270004350e-01
9.732456088542199568e-01
9.875594400223989267e-01
9.718539971545011591e-01
9.739730201373553165e-01
9.984511902648616211e-01
9.835449479808870965e-01
9.939603458421457649e-01
9.777154766001988628e-01
9.662608484504600082e-01
9.905091719103333858e-01
9.516632081971250212e-01
9.725041636826843305e-01
9.801539748674488184e-01
9.817926893062577376e-01
9.828219398810211782e-01
9.733408150577150808e-01
9.581936446757157722e-01
9.653360064279391528e-01
9.729436787450462809e-01
9.739538693197034025e-01
9.915173674241405388e-01
9.695590908060276458e-01
9.629221333546539308e-01
9.915340087229472799e-01
9.822039663105797125e-01
9.987395939163451475e-01
9.982720084710540176e-01
9.855630735479186111e-01
9.911485595331132048e-01
9.745991095264611159e-01
9.806091062586120843e-01
9.926655344677822734e-01
9.894775905333215160e-01
9.894394761854622411e-01
9.837951242971042509e-01
9.876974237674956969e-01
9.818988849236843786e-01
9.889769632743565797e-01
9.780304301816031831e-01
9.782295367074267389e-01
1.012545701383764651e+00
9.979772637415472714e-01
9.786102376537826331e-01
9.897255647525807776e-01
9.865234464767699274e-01
9.904877959545587141e-01
9.924555477540832893e-01
9.887580218981526503e-01
9.747185069231870669e-01
9.880452545037945455e-01
9.761220124857281633e-01
9.872218906835661389e-01
9.586551305411772361e-01
9.883394154089432115e-01
9.817521155373396535e-01
9.743589246710350205e-01
9.589426720745438670e-01
9.914910360848053772e-01
9.859189010862278169e-01
9.707098696069420551e-01
9.985469556686857873e-01
9.958337918734248007e-01
9.716429848288062887e-01
9.649677200219018980e-01
9.630078266841283208e-01
9.964089028029559092e-01
9.853140379878271293e-01
9.709697780958440605e-01
9.901608917010837896e-01
9.470181447333887448e-01
9.712688237794453450e-01
9.637191819194351750e-01
9.868018715034342359e-01
9.624505641815798151e-01
9.785470140494803015e-01
9.974845403005023758e-01
9.773226578668852138e-01
9.785076521625407642e-01
9.930185784760745538e-01
9.802990754209185420e-01
9.699417409576976956e-01
9.767086710585833886e-01
9.819507830052153219e-01
9.913496659022819069e-01
9.823806938398181865e-01
9.851677411365710180e-01
9.804140874161988428e-01
9.621723503988010018e-01
9.932237611118399645e-01
9.846574523405160484e-01
9.911998474265508730e-01
9.894046101606444044e-01
9.830240013520098463e-01
9.804267723838447912e-01
9.806925339679388731e-01
9.716499530615905211e-01
9.797115376645425533e-01
9.794989613026022779e-01
9.792456265665336890e-01
9.857295743634566509e-01
9.874521541833958249e-01
9.834715266337551443e-01
9.921546066942178443e-01
9.886175736167051031e-01
9.855531448546979156e-01
9.836849108714759149e-01
9.695038673977627308e-01
9.804411181823512456e-01
9.706001972905856645e-01
9.455595029085148706e-01
9.607020991103075724e-01
9.668418912753241612e-01
9.642137282845937296e-01
9.779907530206722877e-01
9.645135639224119428e-01
9.539379410454272845e-01
9.792000853374407399e-01
9.610298563944376093e-01
9.863812927511558248e-01
9.486126763299653764e-01
9.874895966466639141e-01
9.815737983088304031e-01
9.689527688090940893e-01
9.851797859352601217e-01
9.859110134341999565e-01
9.863402411260978608e-01
9.694052272890429922e-01
9.942479900895450085e-01
9.595835429825427809e-01
9.916153463950418967e-01
9.865560271647786372e-01
9.911809274120682023e-01
9.898667748494700547e-01
9.734139335996088160e-01
9.871819794561906836e-01
9.617139079182182027e-01
1.000365390806466026e+00
9.753731189240764099e-01
9.785414099993101633e-01
9.821910956578613350e-01
9.872324434238863855e-01
9.828557886945223920e-01
9.719374457359425401e-01
9.642804571667369373e-01
9.787981956316200716e-01
9.859013430145607826e-01
9.600776750323785080e-01
9.706947039016012857e-01
9.847079718886538879e-01
9.830866673007599976e-01
9.771013299284028175e-01
9.823857163108014046e-01
9.846440501747507623e-01
9.885392687376721721e-01
9.893966856159461809e-01
9.436345005419808363e-01
9.892281894856918001e-01
9.865117862163383933e-01
9.885600564991364747e-01
9.802651316953715499e-01
9.790411506993094148e-01
9.582166921967760764e-01
9.851683894969193167e-01
9.808710631724464335e-01
9.908629995602349361e-01
9.735456292666592182e-01
9.469476659238837968e-01
9.667764898541221230e-01
9.477388155432130423e-01
9.749053037357638951e-01
9.855248338975693967e-01
9.813728043982024030e-01
9.801456735807044796e-01
9.617126104582426338e-01
9.835013923426866311e-01
9.773606141977001505e-01
9.799690015936689536e-01
9.678486572764641860e-01
9.859941775573813905e-01
9.791388214374576737e-01
9.927320137083790463e-01
9.911265039908688790e-01
9.818416571843326945e-01
9.735433038531215999e-01
9.671761798796597587e-01
9.917112780465314748e-01
9.795826849523412427e-01
9.934577979674871218e-01
9.860984852138934276e-01
9.879715642216876370e-01
9.888599767875492219e-01
9.898046618467171154e-01
9.453404561696338027e-01
9.868299247241338890e-01
9.839896475084137784e-01
9.583994748734092628e-01
9.927085421942591914e-01
9.923812302823108444e-01
9.603454177584399565e-01
9.722590415155522026e-01
9.863153721487714076e-01
9.767592433923645290e-01
9.880912261939428509e-01
9.765169345307100901e-01
9.897959372660926070e-01
9.870627910606205591e-01
9.786142497440420973e-01
9.869445586547670457e-01
9.872647722177489982e-01
9.766240814831238515e-01
9.575004865668166332e-01
9.723491883281023540e-01
9.710137160381618893e-01
9.883890823514516200e-01
9.803263986935715213e-01
9.814563212069665754e-01
9.895403942260876384e-01
9.902778638037397219e-01
9.713282534099084709e-01
9.980513559799802925e-01
9.800177792408044652e-01
9.998233942302425792e-01
9.730889499310367841e-01
9.730644957105288873e-01
9.848700052925489778e-01
9.600503923448092669e-01
9.821443846753247220e-01
9.856879376668148396e-01
9.711232676682202136e-01
9.901153284549064626e-01
9.773754557572563728e-01
9.807796584715635646e-01
9.828951878669679454e-01
9.880292354400668220e-01
9.868253151510710808e-01
1.001138256379765723e+00
9.817614879729004151e-01
9.586212994157657930e-01
9.814358065679839038e-01
9.905397178403634317e-01
9.803783236810456048e-01
9.795633913840888773e-01
9.932283309687601758e-01
9.809564336586912292e-01
9.891747573962249573e-01
9.691428175736198636e-01
9.919217921206888722e-01
9.675348771708356388e-01
9.906483523599014518e-01
9.964588408949360820e-01
9.579741655562349356e-01
9.492500520144437903e-01
9.764435197896219609e-01
9.939878147860348179e-01
9.858689041919701523e-01
9.714244710989556886e-01
9.930194036128436874e-01
9.888275440524222359e-01
9.958642977319808187e-01
9.561536597988277153e-01
9.846046238002970075e-01
9.711334451099697951e-01
9.949538490635657650e-01
9.767261002979579221e-01
9.821673774418080427e-01
9.735542303429526312e-01
9.891332602820032127e-01
9.458191774392975537e-01
9.591388764879954509e-01
9.923285583920617992e-01
9.952651633643480045e-01
9.994536802705423773e-01
9.769492062207620897e-01
9.780969976089320950e-01
9.861545043865600491e-01
9.839748423304867098e-01
9.986694197675565210e-01
9.854146017893845588e-01
9.875768750348069558e-01
9.769062005838197171e-01
9.683678346391726421e-01
9.826913647255499651e-01
9.819675431498294804e-01
9.895762137070286402e-01
9.788190975108452818e-01
9.813318398572065115e-01
9.726745050800085224e-01
9.536370175163952911e-01
1.003062050680625150e+00
9.860327557918957542e-01
9.747011609199335291e-01
9.681505113073129998e-01
9.800022083581999555e-01
9.807360887181771902e-01
9.688159149713506668e-01
9.942501747536813816e-01
9.710400457997777623e-01
9.851250223154743857e-01
9.465642845410967565e-01
9.789971760251331423e-01
9.841570564065491578e-01
9.741427407093695701e-01
9.672581064423670938e-01
9.786966619540066192e-01
9.877807577373468595e-01
9.746482643224569919e-01
9.681308742746004281e-01
9.731577140938134640e-01
9.736059833647875417e-01
9.753659300587879111e-01
9.860777428646776421e-01
9.766192296278087825e-01
9.820742060861966660e-01
9.781357165955059108e-01
9.838432841098522230e-01
9.885355971143217069e-01
9.653094259752896811e-01
1.002429945916644582e+00
9.850489639520081386e-01
9.793939993205793559e-01
9.645171135758923153e-01
9.785374539807164540e-01
9.768180603317584421e-01
9.838990469741284439e-01
9.896677779786734463e-01
9.682043009158232127e-01
9.634878868044833844e-01
9.755268209799320411e-01
9.841815142164543895e-01
9.623462257258303953e-01
9.569133025695305550e-01
1.015389954195147437e+00
9.824947535004866506e-01
9.693453477938344109e-01
9.874963981106681388e-01
9.816568555765774473e-01
9.938883677597417643e-01
9.770923484838116568e-01
9.432994423760402425e-01
1.000151780644645605e+00
9.782892791423394296e-01
9.787611685818315976e-01
9.835013941801353798e-01
9.819877597088836341e-01
9.661490398943327618e-01
9.798614795141271649e-01
9.886329201787015242e-01
9.728476124800652380e-01
9.792990069620901572e-01
9.858143880801606418e-01
9.712020965826995145e-01
9.765348367228615656e-01
9.926030726498594747e-01
9.817165529671030288e-01
9.753588843821472398e-01
9.823507620615394842e-01
9.515316951112027244e-01
9.826659927854062282e-01
9.807486135476661815e-01
9.898593527985414253e-01
9.770391526232419244e-01
9.791662687665254605e-01
9.702854868925127052e-01
9.911087688546192931e-01
9.748337385489833640e-01
9.817417286426461942e-01
9.874494192569874818e-01
9.670447130642938482e-01
9.467297000110567184e-01
9.784677366980258917e-01
9.929015659543851680e-01
9.640491301916818134e-01
9.820619733965197939e-01
9.764025395842783617e-01
9.832899279102192969e-01
9.795187227561612531e-01
9.695461732874551819e-01
9.986388532042830279e-01
9.810775719699004194e-01
9.735377027731898503e-01
9.821391621511436076e-01
9.865155860322837311e-01
9.957229008334569365e-01
9.929497466313349507e-01
9.937937542800808766e-01
9.660894708566357680e-01
9.896716225506886344e-01
9.877291530442137146e-01
9.994861923005258220e-01
9.892970116460911845e-01
9.898691449330870862e-01
9.920496911276522889e-01
9.856209419364174718e-01
9.462889552129465365e-01
9.888786268826036396e-01
9.716409527010522185e-01
9.965895544144653950e-01
9.709017084913967865e-01
9.704289596064404888e-01
9.694793648972857003e-01
9.696209942322266961e-01
9.884921485481096282e-01
9.797182990578435779e-01
9.822809917126099633e-01
9.743146638339853505e-01
9.587677153218288062e-01
9.875183467113588520e-01
9.831815748987754455e-01
9.944548603608212023e-01
9.908796711567060544e-01
9.864342468423806798e-01
9.952761455309563354e-01
9.901608958215324385e-01
9.970279399588506397e-01
9.790111632629406868e-01
9.917760167687613704e-01
9.463688980248772253e-01
9.687625612619985560e-01
9.829196358274469025e-01
9.832164248313081112e-01
9.711852436827708157e-01
9.914564386733876189e-01
9.911614350830999509e-01
9.866757294453903926e-01
9.868342006855167492e-01
9.482219758310580504e-01
9.795184600510733475e-01
9.979702053420385077e-01
9.741015409194145880e-01
1.008108250266921191e+00
9.246337286697331459e-01
9.633293027906034700e-01
9.854389407000091472e-01
9.753779321145626957e-01
9.823314874770551208e-01
9.850151804502471631e-01
9.782040745331298526e-01
9.896034392684441849e-01
9.842309043266341817e-01
9.793962845055350641e-01
9.772029943465722068e-01
9.745022316888142244e-01
9.790668091597479750e-01
9.712611101370415279e-01
9.849081294700706701e-01
9.610222114727887677e-01
9.706765305465988591e-01
9.740122934854144043e-01
9.839573315958850541e-01
9.818287366134561545e-01
9.866285177018755403e-01
9.883849886469467938e-01
9.847040536869103855e-01
9.685718794578651591e-01
9.551850014944842648e-01
9.826859534876879465e-01
9.883266385897238049e-01
9.886556980483404145e-01
9.856019411108331019e-01
9.815765366635930134e-01
9.748869643930315743e-01
9.831828306583170196e-01
9.914906306599694519e-01
9.936737159834064803e-01
9.743111675897413448e-01
9.932359289084643494e-01
9.908579048596931615e-01
9.605989400241800036e-01
9.864630482866634242e-01
9.916841024718707764e-01
9.743838139855808267e-01
9.909754647085494694e-01
9.439487127884402806e-01
9.671587802800295508e-01
9.953874756110157040e-01
9.727929096597134340e-01
9.824608559190758372e-01
9.747456235471070318e-01
9.749816448119651424e-01
9.825987699331805159e-01
9.725706062966823495e-01
9.840397220697807423e-01
9.836746716129074475e-01
9.673382459656948429e-01
9.943972918587815624e-01
9.872689523013388202e-01
9.800035404346618684e-01
9.734412473030978896e-01
9.791811717283981364e-01
9.659175196212811398e-01
9.788506765937138310e-01
9.808338953089384971e-01
9.855935099886274919e-01
9.641016194499828496e-01
9.905996530416314449e-01
9.476786943960128218e-01
9.823202607408960674e-01
9.842006561689379263e-01
9.838077055447398411e-01
9.653970631600736763e-01
9.825926355226064501e-01
9.966464440860773877e-01
9.845269902920809058e-01
9.565333193688633218e-01
1.008113352361053483e+00
9.838430542179935623e-01
9.521016319455586352e-01
9.875339953428476925e-01
9.703002758244660964e-01
9.823529378254741706e-01
9.930476248104755932e-01
9.918170540851555250e-01
9.862119482263552728e-01
9.817746438561228972e-01
9.810920585827825890e-01
9.967996966730597874e-01
9.914717367106814505e-01
9.727833174367614966e-01
9.802591693783102578e-01
9.873190031976736281e-01
9.705824875820077136e-01
9.830087797589290854e-01
9.443670648877164897e-01
9.734670287400684074e-01
9.873883271859932309e-01
9.764876160875843869e-01
9.757422213368841524e-01
9.888645798049178204e-01
9.672880582609832967e-01
9.877538322024328465e-01
9.775873220468475067e-01
9.903169873851068727e-01
9.904719922844507085e-01
9.805883802026319485e-01
1.007082129433479967e+00
9.752008750023417605e-01
9.493209259318017290e-01
9.798494789304587060e-01
9.942812605542140636e-01
9.538940905429653672e-01
9.904920882773928792e-01
9.879212531743170045e-01
9.891828352364233634e-01
9.381453890236236548e-01
9.582844284888381026e-01
9.834171541849541232e-01
9.900700396733516095e-01
9.782726949262410265e-01
9.762480399176639567e-01
9.729795545570294468e-01
9.879125007910528611e-01
9.760236963202230109e-01
9.860965062794121438e-01
9.897581560634408637e-01
9.819724825911276822e-01
9.911130793224167679e-01
9.677602140284340404e-01
9.862705182368453061e-01
9.694371948905501357e-01
9.880080359962993830e-01
9.889641074539886612e-01
9.788059471748735696e-01
9.761066942359352128e-01
9.855060406339225532e-01
9.777277600530043244e-01
9.813748657820436927e-01
9.897413248239205208e-01
9.670661836674765421e-01
9.995729481546606898e-01
9.816019789166060550e-01
9.813298152148390852e-01
9.517331954326696541e-01
9.470596288069330626e-01
9.465869953462047182e-01
9.554021762346731617e-01
9.772356340175443190e-01
9.700312717001249307e-01
9.817077421168874940e-01
9.681052032641297433e-01
9.520288465788934174e-01
9.960563262269941376e-01
9.748528212650394709e-01
9.781056409997997969e-01
9.948324322766012306e-01
9.821399961070096385e-01
9.911663355568336442e-01
9.780446143477780074e-01
9.877726116634281128e-01
9.880168509269584565e-01
9.837955073102611081e-01
9.981122049020572096e-01
9.782297743156294079e-01
9.579678223216151478e-01
9.817782711365440340e-01
9.726745978770007239e-01
9.716984146974749770e-01
9.756879203748178853e-01
9.777645457672461404e-01
9.669252743459167965e-01
9.760531753928826104e-01
9.802799406050078934e-01
9.606217832445423932e-01
9.836281655037083516e-01
9.525779681864652293e-01
9.630160725156042822e-01
9.901364350266401715e-01
9.571583292723667702e-01
9.954368463489847718e-01
9.864415817951256438e-01
9.776559787202382390e-01
9.783184195160629093e-01
9.584194777324470671e-01
9.902217124585780406e-01
9.644174877551513481e-01
9.457489944399487536e-01
9.597565352910195635e-01
9.696578031351719140e-01
9.859119603720493119e-01
9.811321108116425327e-01
9.819868473941623099e-01
9.781100823461428284e-01
9.919428915288479587e-01
9.688734447149619511e-01
9.740415406549436383e-01
9.747507719494621359e-01
9.984344953147922253e-01
9.876545911833020108e-01
9.780392899997386591e-01
9.643505828660311474e-01
9.719203854811477861e-01
9.939202261953368200e-01
9.933520490827875138e-01
9.836942055207763547e-01
9.811280869028307094e-01
9.911993241819249123e-01
9.831734693532655500e-01
9.784304161494711272e-01
9.580566371100114331e-01
9.967683816519041784e-01
9.764518971398589153e-01
9.836835125059346652e-01
9.868839364769588229e-01
9.655753810818863414e-01
9.872786598688162440e-01
9.531330974187411931e-01
9.755336797092561962e-01
9.747795113260173672e-01
9.882800265847795362e-01
9.389796774597795048e-01
9.958198313647104172e-01
9.885770788788847963e-01
9.819824739166306271e-01
9.678929213722324842e-01
9.941491364087270410e-01
9.914441502592560296e-01
9.874226978862897797e-01
9.910757594680900118e-01
9.578283740239623700e-01
9.743051950385792637e-01
9.851128729774105697e-01
9.947183365504475017e-01
9.686145519048829922e-01
9.898260317790680274e-01
9.931207107819134405e-01
9.833927751364530678e-01
9.943322197870037016e-01
9.717498121197490901e-01
9.680745440747611230e-01
9.931342868646728661e-01
9.753923382785673057e-01
9.867836220519483614e-01
9.832818511722090093e-01
9.501824985859461670e-01
9.836269404670318073e-01
9.620341776630736419e-01
9.837669486802902430e-01
9.489275815174538220e-01
9.844163392105740318e-01
1.003187477020121454e+00
9.617617302049737971e-01
9.669672072811068553e-01
9.715153918933662203e-01
9.635722733843110621e-01
9.872005335068988474e-01
9.766666600220396122e-01
9.702272917599791269e-01
9.706678421299486104e-01
9.712381699457924844e-01
9.681652482172263818e-01
9.733177254058902328e-01
9.893741232806283481e-01
9.945669940109485019e-01
9.745220606136199004e-01
9.802712539029795336e-01
9.855692914313637365e-01
9.710646607520773133e-01
9.901682795724449093e-01
9.699060566663262328e-01
9.814031497746354971e-01
9.766700397141170331e-01
9.939837462290285197e-01
9.713720930054534630e-01
9.744131001108108370e-01
9.733502719173289242e-01
9.780593181745005360e-01
9.656591089877837319e-01
9.535131465717376908e-01
9.761534513749465791e-01
9.813388763731162312e-01
9.793931846790469020e-01
9.883742080838352484e-01
9.646954116214190300e-01
9.644820197095511638e-01
9.592999145493008584e-01
9.846428925979927582e-01
9.536809070134019128e-01
9.829383992954326965e-01
9.655136793726011302e-01
1.001559175503385246e+00
9.796592638788006457e-01
9.458447238423141057e-01
9.591966463377902263e-01
9.824568847831277596e-01
9.820297081440763076e-01
9.910135491891178816e-01
9.848150467273211195e-01
9.939219871606436163e-01
9.589803835623653683e-01
9.780890596873736964e-01
9.859710787230124840e-01
9.934900890036013621e-01
9.665720511571976870e-01
9.749447471226213580e-01
9.589273133899015589e-01
9.814473800266221293e-01
9.804905643058172693e-01
9.477936363207873915e-01
1.014147745290198133e+00
9.626258824444419160e-01
9.827644587215186300e-01
9.879169780176669802e-01
9.852697060606090407e-01
9.538831947657826493e-01
9.920454825831139800e-01
9.882380203077024694e-01
1.005294655100028578e+00
9.771992254292349855e-01
9.909305556118006564e-01
9.692258611316382222e-01
9.605971793565989403e-01
9.762393576533797690e-01
9.812595039216017723e-01
9.877890367178122633e-01
9.902379370603752173e-01
9.820135382782049227e-01
9.738977238825986538e-01
9.918995441505096267e-01
9.898031998899264883e-01
9.600876343981188388e-01
9.833451146518397135e-01
9.862607977868909082e-01
9.818498832313696800e-01
9.972592080478406285e-01
9.680732791191324349e-01
9.877829985264868773e-01
9.768361821708978487e-01
9.749780976857685966e-01
9.704684095485703876e-01
9.846361398536543907e-01
9.692001170599174875e-01
9.683908078257255081e-01
9.849153007483366640e-01
9.890979852088815916e-01
9.730290023116231479e-01
1.001724636233368049e+00
9.954847513342365284e-01
9.877114834823895739e-01
9.844559452918334452e-01
9.819126325997863391e-01
9.654469642007914576e-01
9.810424868797200659e-01
1.004556799057426231e+00
9.864793718996345273e-01
9.808732726783295774e-01
9.839744846201585737e-01
9.698281260679286753e-01
9.840072570429743148e-01
9.851897972093633937e-01
9.799903394110404120e-01
9.581173537517426730e-01
9.903096353128297835e-01
9.677268476106912765e-01
9.525151193828285123e-01
9.762618475622952818e-01
9.938739369049138794e-01
9.783584846355593001e-01
9.825082215363647453e-01
9.794268152566393271e-01
9.774878605362702366e-01
1.009741344547449904e+00
9.852903730017202877e-01
9.601659659568582139e-01
9.822118006980540272e-01
9.648552055630686963e-01
9.844327492270330549e-01
9.744770909268577475e-01
9.882986458284014342e-01
9.628824844420370566e-01
9.881262409190902929e-01
9.886347992168293963e-01
9.726375618915007459e-01
9.977218201873000458e-01
9.930574877464957151e-01
9.921554027929033737e-01
9.843092391312691092e-01
9.744333728028135022e-01
9.861608833222971215e-01
9.808088596782934543e-01
9.850052812522850365e-01
9.874686127878997688e-01
9.700503559185486013e-01
9.869590319039421855e-01
9.745247762851335649e-01
9.651242568661602128e-01
9.906594007358372478e-01
9.736405844972371160e-01
9.735598047805575916e-01
9.810541823994863853e-01
9.747441495455212435e-01
9.900031352357212544e-01
9.572555784392086098e-01
9.839337476257992154e-01
9.877435407692742864e-01
9.761842244352698650e-01
9.849057947382645617e-01
9.722646405000008318e-01
9.840541200132971733e-01
9.887527686717878517e-01
9.787870496293826772e-01
9.791635937470306583e-01
9.951057758164144618e-01
9.800647165887982348e-01
9.824007116539210660e-01
9.780944316362935043e-01
9.843515903911990161e-01
9.695788637908749896e-01
1.002953874305371196e+00
9.870824036413742286e-01
9.882634457344049439e-01
9.594253464903398365e-01
9.845278024504852121e-01
9.812587388710107827e-01
9.786778957152756364e-01
9.269644626869413262e-01
9.837832218050360789e-01
9.739954606692295958e-01
9.864888097585275961e-01
9.815320321847557095e-01
9.909101033334903885e-01
9.856054034264682961e-01
9.887521313966607384e-01
9.775253559682399729e-01
9.722695966053105376e-01
9.757829922310361503e-01
9.872358221466359662e-01
9.692956394770461115e-01
9.419767075278373536e-01
9.742243104891509242e-01
9.835107839825600884e-01
9.845035566101840718e-01
9.520114409851722082e-01
9.836192811673492020e-01
9.768513700338361527e-01
9.909709049160406735e-01
9.829141710445415958e-01
9.844014246961279024e-01
9.656826658500362592e-01
9.804813557669036506e-01
9.872039854657408409e-01
9.679710143150439539e-01
9.914253727955489870e-01
9.487100806771339156e-01
9.835313055394532267e-01
9.914488221523695133e-01
9.763633335833260540e-01
9.859463704354762825e-01
9.668636400288975752e-01
9.626533552457140486e-01
9.698537658601614764e-01
9.960495261832144065e-01
9.755639626395756769e-01
9.856683630273145313e-01
1.002422192758350983e+00
9.736419117510386467e-01
9.815219578702670811e-01
9.917773461602811258e-01
9.768956004687781025e-01
9.807638282185535683e-01
9.596661030091423461e-01
9.716359347507400601e-01
9.659178199000671983e-01
9.640358161319895203e-01
9.739569142084456566e-01
9.901234567094112649e-01
9.728535974465880587e-01
9.821977900943544837e-01
9.617977909930108815e-01
9.858249724470555808e-01
9.628248576293051419e-01
9.812682897984655872e-01
9.870031601429705148e-01
9.870093714851745359e-01
9.782255055877134842e-01
9.800167471469453107e-01
9.697513665352687218e-01
9.811874995645779585e-01
9.872946877802094567e-01
9.584572226592158462e-01
9.665009204743338911e-01
9.831940337920626050e-01
9.814201014452065275e-01
9.621096873031166341e-01
9.759096563212212860e-01
9.809646503848026278e-01
9.841848201420951847e-01
9.544064209187677061e-01
9.975681779161836849e-01
9.905413268301873631e-01
9.877588789634896838e-01
9.948787354473953570e-01
9.910221384069922701e-01
9.577086996916441830e-01
9.844763509428934301e-01
9.941909979347031134e-01
9.616005665348260623e-01
9.928491210306388259e-01
9.689374978288068929e-01
9.874485604465119692e-01
9.782619667273210196e-01
9.814883275121498718e-01
9.638422050705932609e-01
9.726940398520387276e-01
1.013163552974883030e+00
9.606904505116178328e-01
1.003635627023577559e+00
9.601224222395514651e-01
9.816866355903559604e-01
9.718777650852249428e-01
9.848651884422884306e-01
9.879724182633362606e-01
9.377059800540614720e-01
9.690381790429732911e-01
9.665695238621339058e-01
9.942870488827616482e-01
9.788592161964302374e-01
9.614049543725722291e-01
9.818281305119529456e-01
9.825688676264862087e-01
9.758104812024657182e-01
9.994120154177883464e-01
9.737675516630610595e-01
9.673165842450441865e-01
9.501252106168701639e-01
9.865064714722211470e-01
9.850776479305399791e-01
9.655362108508350749e-01
9.466939356136129247e-01
9.661997838327421873e-01
9.900084769556174447e-01
9.821870887386245919e-01
9.874794620540047196e-01
9.597789239202987321e-01
9.659896543437589411e-01
9.878301037640465632e-01
9.847693098825354152e-01
9.646915142065068949e-01
9.850199827637634575e-01
9.903473605807726621e-01
9.871936628690676230e-01
9.796897977796801271e-01
9.702319238589277584e-01
9.620204062301526138e-01
9.732466864446147614e-01
9.952218306180928842e-01
9.706877096308897945e-01
9.801822022529769196e-01
9.882914755745252355e-01
1.000832966971144211e+00
9.738052221204726022e-01
9.424761190631856245e-01
9.342803121473242101e-01
9.933058756605019912e-01
9.594405082487110770e-01
9.830984991212300406e-01
9.877147821088773094e-01
9.692102282631360755e-01
9.843702357440659023e-01
9.963352366231096324e-01
9.623932604440140759e-01
9.695277429161560656e-01
9.795424063501538825e-01
9.930260938724368991e-01
9.824885825690060637e-01
9.741108220852463528e-01
9.478667888076126591e-01
9.728180069426608512e-01
9.876324317147540111e-01
9.689402329523131296e-01
9.478010952887530038e-01
9.731609318063008107e-01
9.749386177998830005e-01
9.662954209607413913e-01
9.810278845993853913e-01
9.502915816674245564e-01
9.736298235190168349e-01
9.719973594831372576e-01
9.808930404660756164e-01
9.846834303636381458e-01
9.935953972551651026e-01
9.795669172196882490e-01
9.779060862197183068e-01
9.688373910952260415e-01
9.666271703070126176e-01
9.908036472529655470e-01
9.829343251929018033e-01
9.939335913157154589e-01
9.770482556230035698e-01
9.788299725579512334e-01
9.868497064038540545e-01
9.724726921352225828e-01
9.805721901575745747e-01
9.733514879178317702e-01
9.879014490556924377e-01
9.888636189164359269e-01
9.828019972341202060e-01
9.901519975083168390e-01
9.951102128971517358e-01
9.910558921892353990e-01
9.861524333453066671e-01
9.925180379615523574e-01
9.658796888833269811e-01
9.690394881838746421e-01
9.920269302964183078e-01
9.661973173009277271e-01
9.799477420509125070e-01
9.482304642723281551e-01
9.658782385760570355e-01
9.871361060258552200e-01
9.702126010834409842e-01
9.922875893825982008e-01
9.918392358528328456e-01
9.893947229039650182e-01
9.858198140984595348e-01
9.880261929390146136e-01
9.898961632550846712e-01
9.698177335413717959e-01
9.819493893786978012e-01
1.019744674072832646e+00
9.962009048830794411e-01
9.890869529256889336e-01
9.884541162020323846e-01
9.692121677412797176e-01
9.673097616520152098e-01
9.822233571216919534e-01
9.848945075196865462e-01
1.002918783823092852e+00
9.910641621502236376e-01
9.769955399074105040e-01
9.699433963141349535e-01
9.808713655743750426e-01
9.536323449666341823e-01
9.824665245596861940e-01
9.733694835724465699e-01
9.917314648338261263e-01
9.554451391254729087e-01
9.836253401708571209e-01
9.835772107233355932e-01
9.702550256380679805e-01
9.680514424973963861e-01
9.868583044818541872e-01
9.900851937447020523e-01
9.969017267541784300e-01
9.647839437435760113e-01
9.351488749126399824e-01
9.804391696353811358e-01
9.789776451459680784e-01
9.740902645484591504e-01
9.773484741291176281e-01
9.471598819526875213e-01
9.997041712887064779e-01
9.596869713925824108e-01
9.942188328748754467e-01
9.783243194384622088e-01
9.729338395785510629e-01
9.925749500395526503e-01
9.857872514152784538e-01
9.663824871432815655e-01
9.868817542211535399e-01
9.711795190244656428e-01
9.756004438697024606e-01
9.903734645915694967e-01
9.804011528011340459e-01
9.756208207461212201e-01
9.798360549136053699e-01
9.791843446423372788e-01
9.770077962784919912e-01
9.926563108858365014e-01
9.869332673294144431e-01
9.704613060483526787e-01
9.489991520183063134e-01
9.353553296393181116e-01
9.795971897758044555e-01
9.839812852939945342e-01
9.907563088567153953e-01
9.643329286869937178e-01
9.549729943425475653e-01
9.798027532308329901e-01
9.444794790199007029e-01
9.726226716616095391e-01
9.503704771180123689e-01
9.845796726859876724e-01
9.814416332080145855e-01
9.773940675237563491e-01
9.576675431442142061e-01
9.312400077998446157e-01
9.843424142662154930e-01
9.691954030688819666e-01
9.656289717654670257e-01
9.773094389643643964e-01
9.833142152069891395e-01
9.833548535355167708e-01
9.681237358758185696e-01
9.790392342270297643e-01
9.823497510006550248e-01
9.830590275012703882e-01
9.847002425891849819e-01
9.880786600285590415e-01
9.696153996836299749e-01
9.815494080800024612e-01
9.875481187634570501e-01
9.641215352664994631e-01
9.776976482423852532e-01
1.001876930379371977e+00
1.011568086467775629e+00
9.315456664215940874e-01
9.891421882787284625e-01
9.565131666520698683e-01
9.890133911786241905e-01
9.797451737265834293e-01
9.727798889902450341e-01
9.829688941139601566e-01
9.928962902335121132e-01
9.629701350768341550e-01
9.876343586850254708e-01
9.944320718770154333e-01
1.003105711937440248e+00
9.819018915244035473e-01
9.576907237927233529e-01
9.683029885936761394e-01
9.837592492066183913e-01
9.900783411062441530e-01
9.921199856796067973e-01
9.715694045921738908e-01
9.745622885642262201e-01
9.761755245129772884e-01
9.936654010419904148e-01
1.001090142306520381e+00
9.878847098972450835e-01
9.905520968871049936e-01
9.863307242458916324e-01
9.861591320982331377e-01
9.907409228783182753e-01
9.956507371655506367e-01
9.845162685699850869e-01
9.687202461818379406e-01
9.788075711044954552e-01
9.778631139340424605e-01
9.577200085131851726e-01
9.967395177468112433e-01
9.819091202327741019e-01
9.776898180023174678e-01
9.918674905147499832e-01
1.000501235156949331e+00
9.886684264322114224e-01
9.860677204923359307e-01
9.547972312765587999e-01
9.712570234718640450e-01
9.775522929931820260e-01
9.584287726351269354e-01
9.831864954663792622e-01
9.870050854160414833e-01
9.877242754335201491e-01
9.883800719801577594e-01
9.891660310507681686e-01
9.786359602743456287e-01
9.795294735816463261e-01
9.934525548544652640e-01
9.862499580163219814e-01
9.711505845015153682e-01
9.888323723885715788e-01
9.795466542865619575e-01
9.859042966258318996e-01
9.656553072983563579e-01
9.830615582063725322e-01
9.879894624886077503e-01
9.896711847343546697e-01
9.613305187846761246e-01
9.540675780865357503e-01
9.739823658695978548e-01
9.765531343254979513e-01
9.798626290172083309e-01
9.841529785151934551e-01
9.894801426162675995e-01
9.737789921739188337e-01
9.822636550930837762e-01
9.811210888450139223e-01
9.871583756662798415e-01
9.774663292288005012e-01
9.667849865828781475e-01
9.909014161326270553e-01
9.626998113011127067e-01
9.763868252580502061e-01
9.783501335114320741e-01
9.937541313580913194e-01
9.702386930696431655e-01
9.840064689714996815e-01
9.879453413350225421e-01
9.662660374629949978e-01
9.615691198247026117e-01
9.882586968308731956e-01
9.781215564390367545e-01
9.951853565522613687e-01
9.567802199173301991e-01
9.791098800632592747e-01
9.558563315818969786e-01
9.948183440082727369e-01
9.914050062753154702e-01
9.905009141300940012e-01
9.884806421782333929e-01
9.942615625114612499e-01
9.847214856778142567e-01
9.902588022088213426e-01
9.581027060193884060e-01
9.782498810635553710e-01
9.851911449650198049e-01
9.761304037309650461e-01
9.665656369351748323e-01
9.735983496632066858e-01
9.848166205840919174e-01
9.812199804714993867e-01
9.785809061099329798e-01
9.882024344369014779e-01
9.741909143559098760e-01
9.871330837279870263e-01
9.772986062298187893e-01
9.601578242979926792e-01
9.902167908338207480e-01
9.881198921928239232e-01
9.874703169128198343e-01
9.975201652175835765e-01
9.750388852501277182e-01
9.946121722935709064e-01
9.888336973295478449e-01
9.817656337228670704e-01
9.681997305798052400e-01
9.648765621211886634e-01
9.691704547043863416e-01
9.906657464924878420e-01
9.537803370937929515e-01
9.731763024435388099e-01
9.891277378023433098e-01
9.788835853143195154e-01
9.933824747558432922e-01
9.705627850133630163e-01
9.897935181742840705e-01
9.896419674890370999e-01
1.000710567784138139e+00
9.309393981690375908e-01
9.760464494506599920e-01
9.708412060176472291e-01
9.556965017917371519e-01
9.752074897234533912e-01
9.938311384840943230e-01
9.682434974263121052e-01
9.705472892463042900e-01
9.933067461055145042e-01
9.759758322630759375e-01
9.724718009531591045e-01
9.882338631950535746e-01
9.854587333621663836e-01
9.864743719822052226e-01
9.744135337728815349e-01
9.726048592843580254e-01
9.610748208854922314e-01
9.487496019987452511e-01
9.858761118419245850e-01
9.946059463216866403e-01
9.478683694441385477e-01
9.757346226313697857e-01
9.679618668274483362e-01
9.707087530903542039e-01
9.634211896563734667e-01
9.656217635718302716e-01
9.897570218062627934e-01
9.795984762176617178e-01
9.873344154972698572e-01
9.761430723019420830e-01
9.688921018711214028e-01
9.905003531628226998e-01
9.871857503636157771e-01
9.530111027357835995e-01
9.970152869894131076e-01
9.535341487971051855e-01
9.858905721084839646e-01
9.815166579790940427e-01
9.881823849474942190e-01
9.808310124053906121e-01
9.715505360947176428e-01
9.779016054429209293e-01
9.928404492409119708e-01
9.642837638659372823e-01
9.928932166868502662e-01
9.869111802496599584e-01
9.721248804707725011e-01
9.859684726112969422e-01
9.916598166898009659e-01
9.758887735823704723e-01
9.982308318836596861e-01
9.645664138743446081e-01
9.790051180124857977e-01
9.827342962372651591e-01
9.863368923238086117e-01
9.842990443830716973e-01
9.780277834037024443e-01
9.878996014062614295e-01
9.664412892072358208e-01
9.780692071908084761e-01
9.777632878365815072e-01
9.597062710584912670e-01
9.674462259056977320e-01
9.819590150456508626e-01
1.013400987616046800e+00
9.936414332578027420e-01
9.873464029858516344e-01
9.686680744980626923e-01
9.378823140561798333e-01
9.853181153252321689e-01
9.883895009450032187e-01
9.981692389342075034e-01
9.846729256251420814e-01
9.910373486282130218e-01
9.873681277785461008e-01
9.797095503771930947e-01
9.755628002034119062e-01
9.727634582431440302e-01
9.560037419965196070e-01
9.513380216317284255e-01
9.680283129787211616e-01
9.921566369358204573e-01
9.752640720802637775e-01
9.690924551291600908e-01
9.912223667182377129e-01
9.797777209646213459e-01
9.601284154844909047e-01
9.814618544852420357e-01
9.910994462851557829e-01
9.839696946807549027e-01
9.689709618257839052e-01
9.953123102372926079e-01
9.757091947275973176e-01
9.876067321691484047e-01
9.782962551066507473e-01
9.926618592819116405e-01
9.757397662324731602e-01
9.616256092908329611e-01
9.815809252831393383e-01
9.631747548929804337e-01
9.905279261609257757e-01
9.886769827098909058e-01
9.484264056531401810e-01
9.827238827375989194e-01
9.869248555228805619e-01
9.838161531387332737e-01
9.935967328617096861e-01
1.000797392949321907e+00
9.856376290317487854e-01
9.871344664001500124e-01
9.818118186163673489e-01
9.883226526039460280e-01
9.628434383499163696e-01
9.764878936622282124e-01
9.851443328931779320e-01
9.820127832920085842e-01
9.596397298605812143e-01
9.619136839878567047e-01
9.474083740257218667e-01
9.938215480659450263e-01
9.830399253950737881e-01
9.927197507642573360e-01
9.786331519979784010e-01
9.698126337965538024e-01
9.642983840184587985e-01
9.714077247904276957e-01
9.774449354012894053e-01
9.785194542123042405e-01
9.815398574601997828e-01
9.621162799954144917e-01
9.860014323940485825e-01
9.896181876466101368e-01
9.791233541054980005e-01
9.722899649762092311e-01
9.467478621377747317e-01
9.998527513901626085e-01
9.746369878859741931e-01
9.922405801082165855e-01
9.760989831553281704e-01
9.781198578897317697e-01
9.840878744704615322e-01
9.690418320384124318e-01
9.926950194721418930e-01
9.796282056161514928e-01
9.849332963453638623e-01
9.874693921341792802e-01
9.708619123888747593e-01
9.985497467255306514e-01
9.972778188778332886e-01
9.485118074293238388e-01
9.924414684008301402e-01
9.776222199796089640e-01
9.842300300048827388e-01
9.667320431838138939e-01
9.834153443735633715e-01
9.825200123865432955e-01
9.596245159798696411e-01
9.939455407258515063e-01
9.909242583942363680e-01
9.482495906303715083e-01
9.606254279048421774e-01
9.732878453835297483e-01
9.866090502262142570e-01
9.842708523091259210e-01
1.007036627020919894e+00
9.777988464346002440e-01
9.861640951753843920e-01
9.668533219542881918e-01
9.803696109017081550e-01
9.842020805929005967e-01
9.870713404154064508e-01
9.306429413422361296e-01
9.988522686732721478e-01
9.652293774015474614e-01
9.963546845952100384e-01
9.760984711145096471e-01
9.850284153852270075e-01
9.876413885099480927e-01
9.464989451229367523e-01
9.809635688637927675e-01
9.766117751735057251e-01
9.895783711037050567e-01
9.951621062370171744e-01
9.840371452146270403e-01
9.622971723042962333e-01
9.818277190702114909e-01
9.979140920124778269e-01
9.779139096732826220e-01
9.739475676532537429e-01
9.963895004529621513e-01
9.842845459175307843e-01
9.774458115099494693e-01
9.789859121519743912e-01
9.967621810924038872e-01
1.000534471370023493e+00
9.876072981204802037e-01
9.802487211573628345e-01
9.909264576700176352e-01
9.864180504616274492e-01
9.934932315735354180e-01
9.986834158690287566e-01
9.813923394527841459e-01
9.870932750336163242e-01
9.913938097804356753e-01
9.841190188642418013e-01
9.746666604093267017e-01
9.589566713712642798e-01
9.874774903433752860e-01
9.637601913258063702e-01
9.784217626938470636e-01
9.641796863709115595e-01
9.601598773326688319e-01
9.688125820552198064e-01
9.920566052123422907e-01
9.761233765856778266e-01
9.724674966439786905e-01
9.724898885037017715e-01
9.934096997324888267e-01
9.640797649830536997e-01
9.678973874084787488e-01
9.760834096873335364e-01
9.754258072786785583e-01
9.765464389997156047e-01
9.758542380194354937e-01
9.924601168546882679e-01
1.001630266989277596e+00
9.582368784552859342e-01
9.655984691678684007e-01
9.844114958499683432e-01
9.863717282900931194e-01
9.763912308110701543e-01
9.857735149672722796e-01
9.737631617509416859e-01
9.854216050533828319e-01
9.812384294227558534e-01
9.866373801972762037e-01
9.876808230682705414e-01
9.858322645853608845e-01
9.902596946920897425e-01
9.804999483998205756e-01
9.789376370834087515e-01
9.707498894274784185e-01
9.726391283044563130e-01
9.748609998511780228e-01
9.838163990917111468e-01
9.845230544498596581e-01
9.524262599168508148e-01
9.757097799759963941e-01
9.880127961113441826e-01
9.848997902576878127e-01
9.944798682449448313e-01
9.941327331616116592e-01
9.756669470635254138e-01
9.881737966745136603e-01
9.753794368103896328e-01
9.796778146212545835e-01
9.473620083995102359e-01
1.003122142362476543e+00
9.769165300059717838e-01
1.003809058704276502e+00
9.705893497587766428e-01
9.736631783200375700e-01
9.871683710834223691e-01
9.751364251639205172e-01
1.002645061404693561e+00
9.748376139685596131e-01
9.739528085428771353e-01
9.666275148774987613e-01
9.688463710700051523e-01
9.765203674874375350e-01
9.750631579478150623e-01
9.765175739172436975e-01
9.861011770467651427e-01
9.858512348743736498e-01
9.705651614436358043e-01
9.799464766794311332e-01
9.767973355194519147e-01
9.806981275077718552e-01
9.922556222039488061e-01
9.689273386928380916e-01
9.622370923502913120e-01
9.543175758955512178e-01
9.873868015266388243e-01
9.653474973229397849e-01
9.687125357120729419e-01
1.000467495177560506e+00
9.790063428894079101e-01
9.855974418276127746e-01
9.731192307003347919e-01
9.608128802144872971e-01
9.661447577786321794e-01
9.844229206522704390e-01
9.744352585159190561e-01
9.741018164453023598e-01
9.950811161758165158e-01
9.872731337385070027e-01
9.686401966318425316e-01
9.854087619417624122e-01
9.763991689545216124e-01
9.635700459133740292e-01
9.852198012162326490e-01
9.833069315435849500e-01
9.811265325200587695e-01
9.851549727342496787e-01
9.737904990331948119e-01
9.881892016743386575e-01
9.884799785679949657e-01
9.537676501343251845e-01
9.849081789989722058e-01
9.576468013631190823e-01
9.813554404922949503e-01
9.866308528913978471e-01
9.889624131017343833e-01
9.508903131641325279e-01
9.294674499223370967e-01
9.619472955517037738e-01
9.710369495508078819e-01
9.631478319504928054e-01
9.713470549120745146e-01
9.853997547395372258e-01
9.978203050299667698e-01
9.313710026827377586e-01
9.861832922577143945e-01
9.858123802040127392e-01
9.763182820810216711e-01
9.715056549177488732e-01
9.861470149356817982e-01
9.757189639170482653e-01
9.791920719861133549e-01
9.830244890069529395e-01
9.807979349735188590e-01
9.878403646072084765e-01
9.514258715754694284e-01
9.705375871040583524e-01
9.879630040028527516e-01
9.869681181646333679e-01
9.805311328240343682e-01
9.786830253964967641e-01
9.697975238297349421e-01
9.901034309796569177e-01
9.572406467512547534e-01
9.798453181260611267e-01
9.507188777419159909e-01
9.762853659448224031e-01
9.925083631238371673e-01
9.760450264651472363e-01
9.925913592754701531e-01
9.890122455535292900e-01
9.656272374534320413e-01
9.746106545422484890e-01
9.817563483760050058e-01
9.531600264974908754e-01
9.754684318642262708e-01
9.650070431321197129e-01
9.755798306752666571e-01
9.753783485359132088e-01
9.801841010582731384e-01
9.929848659094040464e-01
9.742542083005792941e-01
9.543206780464268402e-01
9.476807681819283680e-01
9.690636295883570117e-01
9.856260015511953965e-01
9.891684527241692004e-01
9.691833488399215213e-01
9.903879223815157395e-01
9.896728313464707716e-01
9.683841599526696875e-01
9.862117436690540639e-01
9.814355473992921741e-01
9.835549234635514448e-01
9.431974991631191241e-01
9.818151796135650144e-01
9.848902589501644655e-01
9.849952995895685515e-01
9.802907205946119751e-01
9.861107755969045208e-01
9.809358616070239512e-01
9.854405859785968502e-01
9.859734919983864643e-01
9.767662626932327452e-01
9.961573640664048712e-01
9.942582563545268037e-01
9.777661200524939700e-01
9.855064699123670113e-01
9.873431714048996888e-01
9.734570694260539225e-01
9.898934483512152882e-01
1.000297022445137074e+00
9.642446662215684583e-01
9.788604714752556779e-01
9.801987682208430641e-01
9.916373640713880278e-01
9.766384661302269787e-01
9.881535954436201363e-01
9.838297328254537177e-01
9.602362228393279686e-01
9.794277530612904847e-01
9.847623394453011159e-01
9.907763514392992077e-01
9.556151063807103441e-01
9.871202691355438485e-01
9.948584256144393789e-01
9.896594833644353217e-01
9.437688925569757137e-01
9.830090431895397440e-01
9.659685451962285452e-01
9.685665778610270671e-01
9.934734613201559039e-01
9.907686103079020867e-01
9.741726623426311127e-01
9.659019367154029201e-01
9.760808729006453799e-01
9.726395995450413112e-01
9.606751499462400368e-01
9.792890874480291163e-01
9.643466156585404070e-01
9.774237282022002482e-01
9.915501138054328978e-01
9.797657127289772783e-01
9.646107088531667983e-01
9.882129230302167944e-01
9.824091887931003519e-01
9.799360238523020517e-01
9.726955458226578255e-01
9.624042139713206989e-01
9.705695358478049206e-01
9.738266660376905248e-01
9.899992981374391432e-01
9.852261495081032772e-01
9.910073961767463802e-01
9.789345440140679866e-01
9.828288084795216983e-01
9.881939956004912595e-01
9.851411332912732854e-01
9.831198780602727894e-01
9.926404753393306413e-01
9.835534294038659198e-01
9.798055378501023815e-01
9.612697265821661397e-01
9.849179234694461771e-01
9.673985534420912469e-01
9.724203164317539727e-01
9.753199309486049184e-01
9.774708479331749578e-01
9.818957358110447231e-01
9.890276580805246187e-01
9.683970625923903341e-01
9.820970212463990823e-01
9.860780626586574948e-01
9.494628054409169904e-01
9.608528180418841602e-01
9.971152734655659433e-01
9.903448880684906364e-01
9.811837630149847778e-01
9.953077563054990584e-01
9.951266068733507497e-01
9.854197538272339019e-01
9.786429940034228059e-01
9.862065505978099278e-01
9.782411541318843939e-01
9.930977233867587239e-01
9.573715646688876202e-01
9.826475985576939021e-01
9.610305737188257202e-01
9.844468464719680068e-01
9.885580603979917669e-01
9.751701426338215128e-01
9.837740322976399332e-01
9.469235863753545646e-01
9.402665740302776909e-01
9.719138403236552426e-01
9.865056892814371148e-01
9.885894180341047166e-01
1.001889151334815820e+00
9.732891820122586690e-01
9.826534869568257502e-01
9.613362407756625982e-01
9.372482388894169958e-01
9.600020514079163902e-01
9.594475697210997911e-01
9.578407210212748213e-01
9.543376323794606764e-01
1.000091154929591664e+00
9.691157398128599221e-01
9.920925774490666482e-01
9.600914125196799986e-01
9.912489739788521437e-01
9.946122604426905767e-01
9.811816886513244906e-01
1.003053379349273078e+00
9.744864919774414158e-01
9.882258492763548174e-01
9.729840983235976681e-01
9.813497989369889263e-01
9.722508143819935666e-01
9.497319333057272495e-01
1.004320419639370465e+00
9.828964741641996739e-01
9.895942374336902381e-01
9.867840045500348989e-01
9.898230651081029174e-01
9.928622101231033836e-01
9.712935634326936851e-01
9.905094732458474827e-01
9.845808045620561000e-01
9.768554823794619590e-01
9.840665798216482463e-01
9.593350469717440987e-01
9.775460315438909698e-01
9.746506295632250128e-01
9.671860262680050946e-01
9.715316857569771258e-01
9.842217721848603995e-01
9.778185859582420036e-01
9.660307057682692156e-01
9.892990859883179500e-01
9.839345085129687085e-01
9.718170627873508050e-01
9.902838696488432957e-01
9.613282551254000996e-01
9.771903625605997679e-01
9.805246425471073612e-01
9.838846397616529682e-01
9.743208401768370663e-01
9.862293214112822781e-01
9.572568290666296775e-01
9.793264546545576987e-01
9.832306522501993440e-01
9.621220772552986356e-01
9.553768860637502636e-01
9.885911109859358836e-01
9.780631720980712540e-01
9.950537713042654220e-01
9.699447187504487422e-01
9.820751153139540834e-01
9.974669695779795342e-01
9.794295817867914034e-01
9.887920959809587407e-01
9.696823409380198600e-01
9.570038098123430093e-01
9.820058787343354245e-01
9.894577013762153594e-01
9.787007568337788843e-01
9.847923231826308799e-01
9.872921793683332448e-01
9.931844108994253295e-01
9.910482107052842604e-01
9.677542077659060382e-01
9.920491354704790155e-01
9.909729238465198042e-01
9.790045488617572511e-01
9.761681376154668355e-01
9.673124660955770837e-01
9.784658965050112567e-01
9.899738245833052952e-01
9.783305954563451534e-01
9.943573850705578199e-01
9.877524253350162819e-01
9.808907968432828417e-01
9.905100779672348921e-01
9.761844055449548918e-01
9.851512970305277284e-01
9.451361197620075094e-01
9.735145645605803866e-01
9.866043147538900993e-01
9.822683546795613063e-01
9.642447809787960677e-01
9.616629460667166507e-01
9.921545166499247115e-01
9.795324556202972266e-01
9.880388534123704103e-01
9.946900331264799666e-01
9.717877403565922112e-01
9.804100495139554949e-01
9.851212833151619108e-01
9.819867464963650816e-01
9.985604571628170500e-01
9.810430388318404082e-01
9.724057448690801575e-01
9.905853829165168767e-01
9.632541753124375106e-01
9.814761179442871297e-01
9.866505822148600169e-01
9.872700256583888390e-01
9.716470385123436859e-01
9.912861706104272308e-01
9.772374143084073816e-01
9.857020834202351312e-01
9.840878881727838090e-01
9.866604068113977721e-01
9.854288676368342381e-01
9.763780245104035638e-01
9.834932047088262852e-01
9.826671243604000461e-01
9.849641579426793303e-01
9.768650457003846821e-01
9.817575719749480623e-01
9.928202983118323832e-01
9.741070500959280176e-01
9.607436304005618766e-01
9.740287222826482516e-01
9.753720459170515111e-01
9.770269807097389236e-01
9.982685810580326224e-01
9.649655413428229744e-01
9.950302977122595927e-01
9.795656792225703180e-01
9.859395123447807219e-01
9.700425472056608545e-01
9.879306948083441675e-01
9.650682649287838366e-01
9.986636486433423388e-01
9.969631197119449562e-01
9.555376754714881571e-01
9.746660808406696352e-01
9.765889323523145871e-01
9.517476323790527992e-01
9.670854165783705492e-01
9.829843789946025590e-01
9.992375980404846203e-01
9.891868997349979598e-01
9.778593397899258965e-01
9.885040070930644074e-01
9.981124616107479586e-01
9.803899784265209805e-01
9.847965266965686970e-01
9.902612417815774837e-01
1.002023192729677437e+00
9.715595776503174186e-01
9.810630752366901186e-01
9.776473789752726518e-01
9.928860563078685253e-01
9.755500473530015482e-01
9.618684267768691232e-01
9.976968779541883769e-01
9.904817414630530115e-01
9.801641198427811785e-01
9.720678277426079150e-01
9.755310474882610272e-01
9.851385105931671493e-01
9.860137110621656209e-01
9.849547001979935823e-01
9.760339986834370984e-01
9.759495965187821032e-01
9.905314966716302072e-01
9.954046401354026408e-01
9.892713033839054537e-01
9.905114451090558658e-01
9.491589598476579681e-01
9.509898235781574227e-01
9.621130709513079360e-01
9.771575447557293570e-01
9.816737123530081544e-01
9.700174722851898634e-01
9.556962492506084761e-01
9.902674086294378508e-01
9.655269882085327771e-01
9.643949039571850790e-01
9.969928611643478211e-01
9.783621826738810867e-01
9.795948103862833767e-01
9.746147131034080813e-01
9.885865588873515852e-01
9.702230782824008415e-01
9.883815205909501911e-01
1.000323142422671507e+00
9.824824325967618233e-01
9.751896592528986885e-01
9.950645796398114307e-01
9.743824381190651085e-01
9.861432806710319632e-01
9.739110899777368990e-01
9.981348736489425999e-01
9.605374912955653155e-01
9.747914483998783020e-01
9.784918050877255968e-01
9.839619419885026197e-01
9.707010819775292454e-01
9.665306443192759334e-01
9.816257507711418917e-01
9.712033091341721880e-01
9.609829752376494172e-01
9.658140696746020382e-01
9.921750055615692343e-01
9.839073995760555524e-01
9.899725934688893281e-01
9.847865239430957374e-01
9.810615112348776146e-01
9.538115960835333862e-01
9.916088755908132324e-01
9.876630694801954435e-01
9.765011257043687554e-01
9.850645829025195255e-01
9.900136499400684631e-01
9.843067288973686990e-01
9.761583759999029608e-01
9.688198950824664646e-01
9.891387877810382534e-01
9.694156780555875930e-01
9.920149005560319200e-01
9.577702020997587162e-01
9.718062104400021495e-01
9.919584990346697051e-01
9.553906099451110467e-01
9.804144836511344829e-01
9.798530585682816429e-01
9.775269666985825223e-01
9.680264154438928959e-01
9.736666196649251814e-01
9.792902388211451870e-01
9.890716615788290866e-01
9.776184984633858877e-01
9.750929955731928445e-01
9.512267986380736895e-01
9.862581293967308538e-01
9.401745672142081123e-01
9.757393048659681600e-01
9.795025023477699211e-01
9.798515029772227880e-01
9.879062180273976423e-01
9.755676128462338337e-01
9.909463504239095499e-01
9.785264201912508009e-01
9.581765174848526634e-01
9.902386217092961074e-01
9.536703222014150105e-01
9.778955528393064034e-01
9.714520722336899006e-01
9.892775922156181734e-01
9.884268817731695078e-01
9.880978644679352385e-01
9.911257688292262058e-01
9.830060005973279003e-01
9.616941973451200720e-01
9.806463669096107116e-01
9.793400972488146561e-01
1.000523652671609920e+00
9.777102622243324381e-01
9.851220304707987152e-01
9.683156270123223219e-01
9.770715065229210738e-01
9.762357393301844821e-01
9.879936428628757206e-01
9.641204725457946934e-01
9.878078086995276674e-01
9.568306571596177923e-01
9.912379767546147802e-01
9.571527033572720944e-01
9.893899111721412565e-01
9.972348728216019476e-01
9.723131289284071554e-01
9.934452730776567320e-01
9.847219000174188830e-01
9.858752271057089622e-01
9.785165138914720950e-01
9.859607588840877401e-01
9.839568283894923884e-01
9.449948793804779923e-01
9.847178468156410069e-01
9.833350835292181680e-01
9.865991430452089039e-01
9.965561634845940819e-01
9.702924852516605636e-01
9.651236141490235898e-01
9.889368040954338301e-01
9.667531127637208899e-01
9.645138784805528109e-01
9.451585300225056052e-01
9.916978408681658141e-01
9.839260432095620068e-01
9.931734697609587714e-01
9.825034821446886335e-01
9.897573338511437280e-01
9.898089022550394800e-01
9.765625136917793769e-01
9.661736737359156724e-01
9.842725285681079850e-01
9.713410085440045139e-01
9.990787930633149294e-01
9.708839270904110474e-01
9.793133355567754661e-01
9.667140005288469284e-01
9.629940859339516379e-01
9.953925759333200896e-01
9.413473737134190333e-01
9.625566839707921929e-01
9.760796456347936578e-01
9.784284737406772070e-01
9.609774082015442032e-01
9.836796134886836018e-01
9.651684135538627363e-01
9.725026145503683495e-01
9.611020932508104186e-01
9.842051688923578734e-01
9.844074076446112098e-01
9.802778446611222218e-01
9.936766899787398133e-01
9.790842207046077661e-01
9.598671501852723553e-01
9.531519779339390208e-01
9.528953362410055306e-01
9.645587202744894118e-01
9.889659243863511140e-01
9.490438708449379090e-01
9.700818075652642980e-01
9.725087841540953626e-01
9.823531205470684702e-01
9.842063487336262240e-01
9.972357752756173532e-01
9.768762917417221914e-01
9.823239490307515975e-01
9.833504595467165155e-01
9.703168720187110852e-01
9.875867346197101382e-01
9.991907645806591409e-01
9.629530123315138690e-01
9.662333956564840287e-01
9.817759388037584634e-01
9.967191926297802596e-01
9.350139455392781906e-01
9.964406464675203967e-01
9.901229322667886024e-01
9.707606695691166632e-01
9.955181815785241195e-01
9.847330348776258679e-01
9.704075116720092264e-01
9.766014749463273192e-01
9.843391781635754123e-01
9.955720110991235217e-01
9.880008536938007513e-01
9.730221005884889252e-01
9.711195819055351564e-01
9.691557552180476431e-01
9.731842994678956416e-01
9.786417091267487489e-01
9.833232770553189672e-01
9.825004513864852296e-01
9.765540283583963310e-01
9.854850378019789359e-01
9.567708712109829206e-01
9.791507307199415200e-01
9.844355535778075428e-01
9.838538240171617044e-01
9.583401125747892380e-01
9.843919788663024750e-01
9.975088169642375435e-01
9.568247187706355739e-01
9.828358696451860999e-01
9.828780864618512636e-01
9.868457690476382105e-01
9.681077310880829012e-01
9.906201618924070917e-01
9.536993917496275897e-01
9.594091584893875702e-01
9.644940475915083633e-01
9.846294421488257509e-01
9.825207261217355770e-01
9.891635765508564049e-01
9.791590690662128615e-01
9.903897921561163331e-01
9.766143458225027274e-01
9.731243210997804205e-01
9.902396851131862743e-01
9.792339947914585618e-01
9.648134730203083986e-01
9.734823369427357820e-01
9.832075439478742407e-01
9.526355926022318510e-01
1.000450725394061102e+00
9.845868074415909943e-01
9.764624955731688871e-01
9.560121784426225400e-01
9.667692117513864147e-01
9.653641162304890111e-01
9.874631183720687932e-01
9.824849035499499950e-01
1.000811727193157141e+00
9.869683896673763224e-01
9.725671200047246723e-01
9.844206028655928531e-01
9.573526312331904764e-01
9.735146654583377579e-01
9.835197414819683015e-01
9.824030718567653420e-01
1.001197958015732192e+00
9.731275338908378369e-01
9.595817376370630036e-01
9.773382317558758636e-01
9.871830838037355393e-01
9.677227499611090744e-01
9.817683496555893452e-01
9.649565530715716877e-01
9.846992936427331200e-01
9.876835989532579685e-01
9.708399150389567245e-01
9.656041854122203727e-01
9.955058480218759165e-01
9.843859823339911053e-01
9.879493446106550891e-01
9.716623634155298062e-01
9.596098360101834590e-01
9.843645074268968509e-01
9.986716335456722327e-01
9.918117062798137429e-01
9.839261464374300381e-01
9.883559792769431862e-01
9.891388998279406763e-01
9.873671167224360445e-01
9.749190133181668827e-01
9.735853137721194317e-01
9.680037854306019485e-01
9.823003174259068437e-01
9.835912672884072894e-01
9.492777076015830318e-01
9.283798563262881665e-01
9.784553755128285735e-01
9.827191652176189285e-01
9.834005830388180547e-01
9.833956401056082042e-01
9.791492592102600812e-01
9.904631761267399526e-01
9.828757914862361611e-01
9.910885328851610776e-01
9.814033019699666127e-01
9.887911983221490120e-01
9.890804961760871761e-01
9.876098453752031325e-01
9.562523013065760136e-01
9.807993632376938997e-01
9.750270416007565943e-01
9.741019140019678835e-01
9.943680959118978979e-01
9.730849051562356911e-01
9.694155749038739778e-01
9.667815918645543682e-01
9.780711043714880315e-01
9.419495759118972078e-01
9.648690344821752030e-01
9.745365646082518873e-01
9.842484966591341644e-01
9.921920948750656555e-01
9.593396466700155889e-01
9.949859534989652365e-01
9.660831562344429635e-01
9.756693853263821437e-01
9.891904410130609726e-01
9.955981779292222278e-01
9.344492609246981552e-01
9.919496431131007430e-01
9.776971860328164121e-01
1.000574934340486610e+00
9.869398820906869485e-01
9.901800575387491588e-01
9.780326618297391361e-01
9.603588650900595214e-01
9.781565951041502061e-01
9.863698954542636788e-01
9.816541276170410724e-01
9.891594015299725040e-01
9.918794738203436934e-01
9.898858688625181701e-01
9.677687000990783384e-01
9.555194204069500374e-01
9.891005868243389898e-01
9.847759406492937462e-01
9.888903518688527683e-01
9.674532742683625841e-01
9.998068456912998503e-01
9.714810991573911148e-01
9.859518562084721438e-01
9.663553594727302132e-01
9.839698133824292814e-01
9.802077571582528126e-01
9.813323289802540206e-01
9.831150508551657063e-01
9.970968333634386838e-01
9.920323880513732817e-01
9.906675761189067675e-01
9.801858598110690934e-01
9.595207684472267795e-01
9.819532856368404783e-01
9.861294585021940229e-01
9.975288702948642561e-01
9.934231841494773896e-01
9.884554523153624706e-01
9.915965260184761432e-01
9.897554795900314062e-01
9.505402503021131988e-01
9.852376864189791306e-01
9.920611098755569568e-01
9.874132455572687261e-01
9.841382070953935690e-01
9.801022285418070634e-01
9.744146453099854499e-01
9.558724361166082151e-01
9.787666478000830450e-01
9.825555824212689471e-01
9.447620356467985037e-01
9.526119032811868337e-01
9.740430811157463342e-01
9.800969639014676105e-01
9.463340548122500806e-01
9.720704106653401677e-01
9.856252461805127263e-01
9.804453701325017700e-01
9.443176899451466433e-01
9.478221359949500213e-01
9.934253263303239878e-01
9.858352891639720061e-01
9.741438328434596228e-01
9.771609193330615950e-01
9.906848236470442437e-01
9.908693387082941895e-01
9.829603389772032518e-01
9.912601476640979792e-01
9.861701796728635783e-01
9.588928347559664278e-01
9.790837269390592068e-01
9.805574555125698977e-01
9.805298363036667464e-01
9.987608657947388835e-01
9.531034834941880529e-01
9.822097116475917433e-01
9.804665233126139690e-01
9.866816112212428713e-01
9.707106670669837234e-01
9.469173513139592657e-01
9.753351863502157659e-01
9.878709745272714615e-01
9.594343079958985721e-01
9.844786465203044790e-01
9.724455178113944331e-01
9.956542085792288166e-01
9.935678782843961887e-01
9.753177672851102153e-01
9.857387849870686836e-01
9.811913161459004940e-01
9.761848565834858604e-01
9.762612325423978277e-01
9.687021683960875817e-01
9.646442970556007301e-01
9.773532374566988867e-01
9.798344955425299929e-01
9.799356045125007242e-01
9.791717900777610062e-01
9.869380167309462770e-01
9.875410694973024706e-01
9.818501491528002223e-01
9.871372567104762519e-01
9.836999660936603940e-01
9.911877335555699942e-01
9.845656623631925397e-01
9.846275573268060688e-01
9.841225414875447441e-01
9.815316070214649136e-01
9.797911330172274225e-01
9.384791835865805565e-01
9.873437340228544690e-01
9.839768287303299887e-01
9.828192707824287000e-01
9.809433595563840091e-01
9.832414587351778756e-01
9.694393598834316617e-01
9.918509841193704490e-01
9.958946221045528180e-01
9.805388079293400061e-01
9.776942934600273416e-01
9.888479807188504944e-01
9.768598635797722807e-01
9.902451386521877730e-01
9.863548130356568633e-01
9.749103873398494713e-01
9.917811337699339314e-01
9.917346059613210141e-01
1.000105265309388258e+00
9.928395261442636288e-01
9.484233718023168391e-01
9.878445430406898042e-01
9.922552956859228557e-01
9.796348686962461638e-01
9.832380364438472187e-01
9.693298748035816814e-01
9.735228758515703795e-01
9.788384488500803116e-01
9.554205647711097038e-01
9.782266184097386796e-01
9.880224562566639612e-01
9.892656660625070986e-01
9.832247623606271691e-01
9.583471245657901871e-01
9.817849455227997124e-01
9.867123492717292388e-01
9.980670213439606364e-01
9.590224614768119160e-01
9.808513926111069869e-01
9.854872505844153308e-01
9.676615672215679309e-01
9.866544835398366464e-01
9.434697410719966593e-01
9.409254278391975257e-01
9.753400911684295682e-01
9.804803742541003952e-01
9.682108250807430760e-01
9.859539934676679884e-01
9.847363150558524625e-01
9.840330332018508708e-01
1.009317160339852748e+00
9.845877316086526498e-01
9.596072428295543411e-01
9.880358040231469463e-01
9.422986307133474071e-01
9.986381493540879006e-01
9.670919371442867618e-01
9.803685956161602988e-01
9.834376286242850762e-01
9.660529051779769283e-01
9.694949879977414753e-01
9.883722939502507243e-01
9.911460490299379700e-01
9.793571954263240453e-01
9.861614113334132847e-01
9.797625390312428850e-01
9.886590191299901020e-01
9.932950180857221811e-01
9.857002837277581975e-01
9.755467555358733334e-01
1.002331698496097934e+00
9.814309269713269446e-01
9.831473134985131423e-01
9.838474029212344041e-01
9.819136598316329234e-01
9.861121944795083749e-01
9.709533340351964581e-01
9.832841290069510576e-01
9.785009132948921939e-01
9.946280410260842642e-01
9.737190871531351544e-01
9.750298081424364494e-01
9.753926399675116876e-01
9.833955211202496383e-01
9.810907326975140119e-01
9.841239858240897753e-01
9.913557467252593902e-01
9.876660535971621968e-01
9.633431268891839983e-01
9.678563988006009255e-01
9.853366818739559552e-01
9.947391832281419211e-01
9.885629018221407938e-01
9.745356781105303234e-01
9.822584798270960205e-01
9.902132797467287917e-01
9.764655716906144312e-01
9.824491181157315456e-01
9.632541684160880191e-01
9.761922746547816443e-01
9.817625706720776169e-01
9.802294689397480498e-01
9.929262489854669971e-01
9.026461726137604558e-01
9.828840155274871648e-01
9.696351803783871404e-01
9.693474904964736183e-01
9.887145621715159871e-01
9.819769117627606958e-01
9.776438116900327824e-01
9.714665718565539398e-01
9.803640478363941924e-01
9.650555587665113899e-01
9.865137908647167997e-01
9.748905628907084120e-01
9.962422764570663114e-01
9.794690440978719437e-01
9.842533445027932260e-01
9.512239029628345444e-01
9.912550220107271270e-01
9.727630708242263058e-01
9.828360505868812824e-01
9.947284732687380338e-01
9.751127145901644644e-01
9.707402323866795024e-01
9.831856456558148993e-01
9.585113455905537316e-01
9.830304366514140968e-01
9.933170919038125657e-01
9.827280446414695669e-01
9.852735847995008900e-01
9.469891521913254007e-01
9.843324854639384780e-01
9.897468596842626809e-01
9.860210649813950790e-01
9.877405898488563762e-01
9.822801934673109914e-01
9.759790593990098628e-01
9.776053708155414412e-01
9.862483280591187729e-01
9.699595436467223220e-01
1.003796452755800761e+00
9.758394246590530452e-01
9.776875411395162807e-01
9.517387897145681563e-01
9.562313545204473852e-01
9.893848901701183252e-01
9.899041318769600251e-01
9.866396153247211087e-01
9.698858445077326307e-01
9.686852510200094635e-01
9.949847953482232610e-01
9.827372166201934212e-01
9.398557980438025927e-01
9.882774827972785614e-01
9.911407644787652016e-01
9.740515394577411445e-01
9.779308459391065078e-01
9.820173923378905378e-01
9.862092149586751955e-01
9.849015837952179719e-01
9.876545089629408247e-01
9.734788513652069541e-01
9.852664994022085621e-01
9.863913510023373243e-01
9.826003100405746871e-01
9.854377484429931444e-01
9.848034072928660843e-01
9.892217441373202247e-01
1.003375473765085513e+00
9.986242245861202127e-01
9.621167761009725705e-01
9.844964889327385560e-01
9.793578026088592958e-01
9.937725305485793914e-01
9.772068211371746083e-01
9.908769136832733526e-01
9.697922085942544124e-01
9.830772339633108148e-01
9.919058505288822492e-01
9.817042452226709681e-01
9.930857618447158641e-01
1.000964739257926173e+00
9.872779318073452437e-01
9.855809786240580239e-01
9.793635449401458803e-01
9.882661223826159080e-01
9.933810754601919424e-01
9.701985259140846196e-01
9.876980808955900804e-01
9.934178082525580988e-01
9.830335554680968979e-01
9.622280225113151175e-01
9.793427092439027648e-01
9.924301426227839507e-01
9.531265715525472082e-01
9.838320068996718737e-01
9.602672666436053994e-01
9.631655085341773725e-01
9.799199647966146953e-01
9.772767855933813808e-01
9.553637545578473889e-01
9.769303583314206119e-01
9.847960940714255429e-01
9.813180063931338237e-01
9.732788419186295670e-01
9.528563882335774338e-01
9.644211015038374191e-01
9.705996224451854948e-01
9.825555212990793041e-01
9.769516409684410041e-01
9.632128320889311590e-01
9.652999014592358318e-01
9.730124381650258059e-01
9.789936343425856835e-01
9.845509980689047813e-01
9.688343735482839447e-01
9.761589294238190995e-01
9.778473272417305129e-01
9.910895822021669188e-01
9.791039308825507659e-01
9.754483277058543234e-01
9.840178765109135472e-01
9.892436979986579670e-01
9.710534002886539451e-01
9.958329586571526004e-01
9.637176213003192382e-01
9.572697160248995196e-01
9.948699807288470254e-01
9.905241882805615461e-01
9.829529239875000046e-01
9.355967084972671710e-01
9.887264687534893515e-01
9.798064851090956262e-01
9.870431338144168842e-01
9.273178110224916670e-01
9.847020184939500043e-01
9.824708582180462502e-01
9.797774204896448902e-01
9.697248876407361662e-01
9.902409530313563968e-01
9.805854760342461729e-01
9.943502228273831678e-01
9.745388913126633579e-01
9.799562320844090735e-01
9.975525461608942823e-01
9.857743830065254231e-01
9.585294020384912406e-01
9.726682859009110338e-01
9.896530707599275889e-01
9.736284740570266827e-01
9.921322361906810272e-01
9.870846139325705204e-01
9.878206136279441552e-01
9.766541568886195623e-01
9.573084706087288120e-01
9.772131226673623772e-01
1.007499987625006810e+00
9.718744107707630864e-01
9.848749809361859731e-01
9.717662845477087474e-01
9.656556881342119869e-01
9.707053473092274176e-01
9.849178717782632875e-01
9.656350274791763999e-01
9.862124990130498592e-01
9.696460592473032936e-01
9.985365685500530164e-01
9.807638517844561310e-01
9.988572631127681234e-01
9.891893128626526588e-01
1.003243265780153104e+00
9.897121879029989744e-01
9.940739752604192958e-01
9.714791763254658763e-01
9.899091058019335865e-01
9.437560328747678362e-01
9.881977299646231838e-01
9.820065621033504666e-01
9.873996866362476643e-01
9.967760648207000251e-01
9.984128599208954569e-01
9.788982289001271209e-01
9.859945682413014945e-01
9.829283843934772946e-01
9.402909406862536290e-01
9.705306932492010485e-01
9.570468563020135822e-01
9.751434292149654404e-01
9.728051762659644108e-01
9.725142002584353795e-01
9.874902648727758026e-01
9.784242738778142767e-01
9.875938106332229349e-01
9.675197089747434864e-01
9.890433194746917067e-01
9.762260395343912434e-01
9.929239540286268761e-01
9.576525418912871235e-01
9.935870751305189152e-01
9.578293601365740484e-01
9.749541532504000241e-01
9.783092663599821659e-01
9.797328065282558951e-01
9.734152797854589423e-01
9.823865412315115897e-01
1.001907900812198049e+00
9.702986967111009164e-01
9.882621445784041114e-01
9.562834122414004545e-01
9.653501920752620702e-01
9.780376404654136380e-01
9.856633358155835190e-01
9.786758137277631331e-01
9.825427960109773817e-01
9.777921763334375127e-01
9.800741644407133801e-01
9.691420333241748120e-01
9.783543282986625345e-01
9.568675914624760193e-01
9.799637010926977032e-01
9.764606911797587552e-01
9.706127211955211109e-01
9.767067817070340663e-01
9.842353291036337604e-01
9.729334102301154807e-01
9.678143415668363225e-01
9.363904457761045297e-01
9.858257135933801152e-01
9.609543682520681473e-01
9.910297908251128884e-01
9.826650078176623060e-01
9.653193762205588557e-01
9.907530848290501124e-01
9.903586173801893766e-01
9.712566011425973755e-01
9.882665007265298840e-01
9.841277857041778043e-01
9.919871307215167855e-01
9.652408601103223962e-01
9.717970034804662705e-01
9.958141309476428171e-01
9.876591762784474593e-01
9.919497157930580178e-01
9.887917308417898399e-01
9.888116401819255774e-01
9.627579163010356877e-01
9.837221414657417728e-01
9.668427342853608275e-01
9.631898958955548151e-01
9.723456335590993094e-01
9.901173326062283619e-01
9.767879968968689042e-01
9.692737790139193121e-01
9.729467735456680533e-01
9.611440483202434715e-01
9.591577570479712378e-01
9.698751427573185646e-01
9.846606792597714097e-01
9.802275431725838706e-01
9.477892563593791619e-01
9.989640199354865580e-01
9.699940444540409157e-01
1.003575624366912722e+00
9.873732449388080701e-01
9.917766334994067012e-01
9.827492008337110896e-01
9.856501627357283635e-01
9.837091984797794453e-01
9.699157320082136824e-01
9.883627262532969082e-01
9.839872996391131332e-01
9.989077910732893084e-01
9.567439511251654150e-01
9.891456893849335241e-01
9.707453088276495334e-01
9.973379912034362471e-01
9.876638635464596305e-01
9.549912448230317707e-01
9.945733424434368697e-01
9.846939074427905059e-01
9.632911001866568679e-01
9.912947406557822694e-01
9.889054061152792174e-01
9.845847221348645872e-01
9.814895264464972291e-01
9.875742696327047820e-01
9.881371547222054241e-01
9.653683321638212300e-01
9.744055217229282695e-01
9.863747599973632374e-01
9.899284596061513897e-01
9.927804915304742073e-01
9.807867781885208913e-01
9.928744175215953316e-01
1.000202203496531883e+00
9.737916716151047147e-01
9.919214231320648834e-01
9.836988290570742866e-01
9.564307090500414610e-01
9.740459179277561885e-01
9.828539068740027584e-01
9.771082206572889728e-01
9.890872076131997925e-01
9.725095237055431108e-01
9.839020631622575896e-01
9.908890206768505848e-01
9.925662258825015405e-01
9.881691872854420078e-01
9.741856654053933084e-01
9.907594386862682567e-01
9.868335668912578962e-01
9.916949160103917249e-01
9.782591588593702037e-01
9.737634275987941956e-01
9.864205490974172763e-01
9.768482791633363860e-01
9.836285190633653475e-01
9.869160033654305053e-01
9.978268381619735949e-01
9.779569809429092819e-01
9.663563593189563594e-01
9.887778602165844255e-01
9.622465489431755170e-01
9.883422207818218785e-01
9.695047097893227939e-01
9.780324964772120211e-01
9.840426401948632051e-01
9.866490243991806741e-01
9.907555045571072583e-01
9.666352339551889106e-01
9.817659165089916984e-01
9.795716751016230184e-01
9.814941150476144127e-01
9.724254969134602522e-01
9.885491928642623494e-01
9.704727617493666969e-01
9.781306405230283385e-01
9.788337511392053436e-01
1.001884336165988154e+00
9.744298282525173382e-01
9.603033260157139983e-01
9.814247159553106670e-01
9.806223944703765794e-01
9.849692427543560447e-01
9.616007519452092200e-01
9.839191132425214592e-01
9.472879120189797719e-01
9.845250343277612837e-01
9.921696041583302206e-01
9.641594893348152118e-01
9.709328337391384123e-01
9.981730147419510812e-01
9.770333749670406798e-01
9.802481637821912619e-01
9.768548275139526949e-01
9.788538877007468830e-01
9.844469607453359972e-01
9.795880340665715780e-01
9.914031364115456491e-01
9.809912001974624429e-01
9.820706472123781339e-01
9.812319595474716660e-01
9.974947961539196717e-01
9.876438457009539817e-01
9.904398544185977205e-01
9.732302719637431210e-01
9.898584931731696512e-01
9.649591721553008039e-01
9.601708676563183165e-01
9.954434425829218336e-01
9.867265540777594435e-01
9.838481195136465907e-01
9.637570009223412892e-01
9.717356499634705047e-01
9.851680920077890979e-01
9.819736354046458837e-01
9.798982393338913077e-01
9.937478870834342004e-01
9.662548370279230303e-01
9.928057915752269702e-01
9.658702657447904016e-01
9.849866379374151437e-01
9.808875890008209586e-01
9.799891936078367616e-01
9.902217121156178248e-01
9.768551067550315103e-01
9.754335602904076197e-01
9.914156451689253302e-01
9.728257557608753769e-01
9.847685843974001152e-01
9.829791267178104031e-01
9.875579741224181918e-01
9.857916392766705727e-01
9.631393319250507457e-01
9.643628755249029627e-01
9.895180244688808191e-01
9.590553903227839738e-01
9.726956720128202560e-01
9.730491494422749410e-01
9.480648413176038236e-01
9.839290074372950556e-01
9.844121432815756689e-01
9.810601472176712079e-01
9.916803676503844756e-01
9.907071317674862598e-01
9.866907897214598488e-01
9.573044004550989028e-01
9.986470090172233638e-01
9.973002884892943065e-01
9.593236147962560523e-01
9.532066330555368783e-01
9.758438084138549851e-01
9.869909810409289719e-01
9.656014655496955035e-01
9.969061550576747699e-01
9.804903202474004598e-01
9.909247543606478636e-01
9.793852633784311257e-01
9.712868846643946119e-01
9.806435193462615940e-01
9.371199108776141484e-01
9.604072599409128053e-01
9.820547551805930420e-01
9.803924759842931325e-01
9.723387422367002486e-01
9.748538443204007864e-01
9.775323452537509894e-01
1.002393819543569764e+00
9.830893902177800792e-01
9.687832096378076185e-01
9.725143007918620741e-01
9.825506419771367073e-01
9.840020122546775383e-01
9.582203440542615969e-01
9.823513810993347306e-01
9.627418764931056083e-01
9.612544913442931938e-01
9.631227385795955165e-01
9.890569236304602718e-01
9.809485456837763184e-01
9.795129517126651697e-01
9.878489003216417430e-01
9.835556631161741503e-01
9.830032223901448152e-01
9.751918491431975644e-01
9.792598782140014002e-01
9.680895758881752355e-01
9.839269304995136300e-01
9.800444326298817233e-01
9.755590372023767998e-01
9.973038982741149194e-01
9.855975433811497988e-01
9.746407464350874683e-01
9.574974077605322709e-01
9.835416367464150378e-01
9.742663443553606362e-01
9.848649784487903958e-01
9.847944143486897506e-01
9.822306777916097742e-01
9.597220731274862526e-01
9.891319908384446080e-01
9.824628628549878506e-01
9.871466462609217452e-01
9.861509898775566718e-01
9.854812715569695181e-01
9.800202735132048648e-01
9.771443319757291412e-01
9.654353630608821790e-01
9.815246857928352497e-01
9.925441020616143639e-01
9.457596971203771075e-01
9.809332729207551616e-01
9.813558927715898550e-01
9.776880709185212792e-01
9.849548275604461667e-01
9.797885793770844121e-01
9.808285568147713240e-01
9.733649817144951477e-01
9.728676403408370588e-01
9.708619301117187295e-01
9.486307031669913847e-01
9.914099786486209043e-01
9.763113755840585606e-01
9.860048931289528973e-01
9.794154750981187707e-01
9.820670416387291546e-01
9.758199577743228437e-01
9.643285995340961092e-01
9.706500487332685445e-01
9.778143864264456919e-01
9.753754762696816849e-01
9.754427266108766093e-01
9.843622591726793880e-01
9.823885908209362139e-01
9.790101878554584580e-01
9.809031626658396563e-01
9.867132480595967037e-01
9.838885153753980095e-01
9.854104181332951073e-01
9.907552081871980887e-01
9.685670725466766218e-01
9.868340824741115291e-01
9.641268526950113049e-01
9.947017092573324781e-01
9.617396298194064164e-01
9.705932041006650746e-01
9.829284011366629104e-01
9.456832850816888625e-01
9.842241765477919291e-01
9.590270631634593146e-01
9.827060356972406874e-01
9.731793318351331656e-01
9.555169145619626381e-01
9.700697394602676438e-01
9.754389631758320078e-01
9.868824223127860007e-01
9.583719572403072151e-01
9.736640461701077109e-01
9.627867477359732806e-01
9.870721972515223985e-01
9.841986481142024346e-01
9.842578067421016152e-01
9.767064680447273828e-01
1.001152186245593878e+00
9.689375822518848658e-01
9.615025898300809670e-01
9.874913365962885159e-01
9.870023495235773492e-01
9.908221550095088759e-01
9.831021967537797446e-01
9.901716835443510334e-01
9.818731041077939370e-01
9.918365389761211182e-01
9.892539082549640650e-01
9.726846436147866815e-01
9.883832918609131157e-01
9.825428530763851143e-01
9.833487047193927300e-01
9.535323684180601056e-01
9.897360069294670604e-01
9.468774193184410493e-01
9.358581894779552934e-01
9.422563034719909636e-01
9.990565598490227517e-01
9.814330680503141613e-01
9.674257234937141403e-01
9.995719609241160430e-01
9.658791869407142849e-01
9.831423293079246672e-01
9.711623955148762644e-01
9.780001201417213297e-01
9.879665872168454932e-01
9.811108555414337351e-01
9.907512623123371220e-01
9.985830873097818472e-01
9.785962555276979113e-01
9.814342652621502738e-01
9.768370684736805698e-01
9.811059931737731166e-01
9.773467899853999219e-01
9.619247299380384586e-01
9.825482807275918162e-01
9.907969714504054615e-01
9.871963007997287542e-01
9.659674501675540315e-01
9.513009093608831845e-01
9.817339092995763794e-01
9.804217208666534678e-01
9.789687757563363402e-01
9.950796797951958483e-01
9.832542265968703399e-01
9.732219390983162244e-01
9.885349315568401352e-01
9.906701816493338475e-01
9.794468836960968927e-01
9.825855454089766905e-01
9.861205503737289213e-01
9.848793058097984332e-01
9.718388911404568509e-01
9.860678398083023710e-01
1.000371693684525054e+00
9.682276411529886495e-01
9.858580578959478258e-01
9.833117737371558365e-01
9.652990639873592071e-01
9.957363264133888281e-01
9.808150195134985871e-01
9.897884302340608231e-01
9.791600828542568191e-01
9.942985672691400101e-01
9.865498750123417038e-01
9.759457244557109279e-01
9.696959644368993159e-01
9.908862042217566612e-01
9.782664429175883525e-01
9.646866846500729009e-01
9.783450455077398189e-01
9.916798067725831611e-01
9.939780619680229634e-01
9.676725289569957367e-01
1.003173650606342893e+00
9.846033363582682441e-01
9.864017829302625939e-01
9.739530858442573269e-01
9.842803354392317683e-01
9.934909064658138389e-01
9.737723628874024318e-01
9.885178878566467375e-01
9.894601043310536914e-01
9.917418754259523794e-01
9.824451183223411599e-01
9.781725628290715013e-01
9.893481699706089261e-01
9.689129093004724691e-01
9.860754118470685947e-01
9.729151758098758540e-01
9.902799345927634223e-01
9.808830093023712671e-01
9.864804380831526665e-01
9.868974138133572716e-01
9.529903942680784112e-01
9.678377998005297522e-01
9.463132561185839675e-01
9.796666857249475280e-01
9.675988011273886080e-01
9.754421588015333988e-01
9.913588897691525403e-01
9.835872001622617544e-01
9.870073572804894946e-01
9.929905166526354909e-01
9.723395242939988359e-01
9.874163546192655794e-01
9.715770163735133469e-01
9.790478232150351401e-01
9.754849764048217908e-01
9.849281975395369759e-01
9.387650576927927260e-01
9.797979082477440427e-01
9.796492019108379301e-01
9.907333162023815865e-01
1.000854567664865913e+00
9.890318942651306067e-01
9.993979493263921432e-01
9.619491807652182924e-01
9.792942727544393655e-01
9.898148130319756044e-01
9.852539049575973484e-01
9.705831880076057905e-01
9.897325077278124050e-01
9.881766276099507307e-01
9.668872389261597977e-01
9.801836223539515114e-01
9.913617388519588847e-01
9.780023779836626296e-01
9.830595548527705230e-01
9.674894998161172044e-01
9.697134873286157308e-01
9.671393478156407042e-01
9.809632790513291845e-01
9.822146672327749517e-01
9.984158907305039632e-01
9.822230777831993942e-01
9.836623934219255183e-01
9.720412938836332506e-01
9.818946167455830931e-01
9.789265051322996181e-01
9.679219295526683142e-01
9.792995175728279600e-01
9.929812039883566532e-01
9.618924657522024413e-01
9.932772934929912090e-01
9.826939148611131269e-01
9.797455804538403035e-01
9.891181441399029550e-01
9.827275516170574932e-01
9.711038391633057820e-01
9.904272117592036739e-01
9.867232236295834236e-01
9.667352894026127741e-01
9.868039707626989898e-01
9.732677284523054695e-01
9.526522764136766686e-01
9.765124267910297862e-01
9.701522402566852277e-01
9.915248972221294421e-01
9.852150426334790323e-01
9.849049583340224734e-01
9.689880064432310203e-01
9.846775093459568806e-01
9.697126996874853022e-01
9.908621710339453603e-01
1.003594633195088681e+00
9.725984507538838475e-01
9.790232123083034699e-01
9.938907049143484995e-01
9.785491066691476281e-01
9.741413410026090736e-01
1.004147839639007778e+00
9.708711099158092717e-01
9.818764838143850815e-01
9.845958246767970712e-01
9.751788406271219012e-01
9.370532841845545802e-01
9.782487971917104286e-01
9.836841817471169147e-01
9.739421347264427542e-01
9.755807644135804368e-01
9.857985839190911426e-01
9.916830125695582643e-01
9.695604511423103755e-01
1.000369242498202915e+00
9.621971947891433397e-01
9.845199767007619673e-01
9.623776717531489222e-01
9.693406456417390515e-01
9.602750569681168802e-01
9.633985728174988550e-01
9.773745487536792398e-01
9.961241116303731769e-01
9.793961392272944044e-01
9.908695865433772010e-01
9.966833629661322469e-01
9.837167998515820022e-01
9.648709925325125170e-01
9.885257533216509351e-01
9.795319303460622296e-01
9.451874913841231685e-01
9.744975825884006904e-01
9.864555358550278763e-01
1.005085467044027236e+00
9.961054776326305760e-01
9.682991303665819949e-01
9.852746145491914076e-01
9.867179047951897264e-01
9.843981073196954590e-01
9.703425221684758295e-01
9.779994035111352346e-01
9.956049736071224121e-01
9.908464210420837581e-01
9.879827040260701354e-01
9.610812311796160801e-01
9.912669735769537027e-01
9.899070686183499834e-01
9.896892674450910032e-01
9.770793130919346314e-01
9.780882588049134574e-01
9.758990158005619309e-01
9.679823150564755840e-01
9.839017001773318061e-01
9.917831819358056133e-01
9.711217115595340843e-01
9.670047677031952116e-01
9.960842418951365573e-01
9.624695652344449348e-01
9.778958904577914613e-01
9.807915685652970339e-01
9.899986375991276510e-01
9.804478935276034202e-01
9.486489757764694497e-01
9.779251581535884918e-01
9.690448099045049224e-01
9.854361852504507358e-01
9.736322946365858488e-01
9.683246514037504582e-01
9.740463864453956511e-01
9.805329130443111163e-01
9.843970432109914181e-01
9.491451764389239321e-01
9.779939373153959670e-01
9.678698469782686109e-01
9.879582614591863043e-01
9.797483551241312760e-01
9.567013456262273285e-01
9.653423006673275131e-01
9.885604984193434586e-01
9.843211934854790846e-01
9.519365190368370699e-01
9.911594649500198306e-01
9.923952385643665108e-01
9.480422337227233376e-01
9.969138355709619148e-01
9.884810608793366260e-01
9.748492833919614187e-01
9.899530767619297844e-01
9.435857870551310755e-01
9.872898632490602067e-01
1.001066708585986786e+00
9.917838079411852581e-01
9.868387517460821545e-01
9.804627495627527001e-01
9.800150867243225816e-01
9.806270882269384481e-01
9.825843763765839123e-01
9.835542279028109958e-01
9.806354372242396256e-01
9.475103329530458751e-01
9.740206741164573190e-01
9.713757225515606830e-01
9.835487442419510451e-01
9.814676663111295829e-01
9.940608509910889845e-01
9.840592604721134506e-01
9.856733229152545572e-01
9.930525301547445949e-01
9.968926776600833817e-01
9.699689402636824109e-01
9.705765474234812062e-01
9.474670706178951463e-01
9.871039631364499911e-01
9.811350753185262841e-01
9.819540683547122173e-01
9.742666280614525887e-01
9.880957754344099619e-01
1.004027705642253077e+00
9.897363164204387997e-01
9.739967423772685207e-01
9.968515620606911432e-01
9.903402378298450381e-01
9.877171287419275192e-01
9.832084945393494424e-01
9.808906543519559929e-01
9.948476679543865053e-01
9.601875223976593654e-01
9.821588508963601249e-01
9.772576817902508539e-01
9.897763514002306806e-01
9.679245621864270843e-01
9.731042296472818265e-01
9.627973551761359605e-01
9.843901150465967920e-01
9.859568266887442922e-01
9.901454644677896155e-01
9.935615528703827248e-01
9.999918659022446477e-01
9.571949879297680930e-01
9.860794783689492693e-01
9.811351390306203291e-01
9.640805838990681442e-01
9.908838206947516714e-01
9.463734364705603808e-01
9.809510419082317911e-01
9.837667964289340539e-01
9.884418552627783905e-01
9.807115581530100323e-01
9.844410800736165257e-01
9.748143385216258006e-01
9.737816857084792277e-01
9.769703023172056078e-01
9.846206992446689954e-01
9.840058119212690135e-01
9.786439650083099684e-01
9.708115183093655176e-01
9.915091442832221214e-01
9.872634553115050560e-01
9.877518635345786668e-01
9.603784787537857914e-01
9.956461871936944652e-01
9.866437314126488278e-01
9.919096197742178767e-01
9.811562965897062671e-01
9.843837609102673580e-01
9.626801679172130033e-01
9.783030351565433769e-01
9.876195230713636919e-01
9.561951920155714602e-01
9.846752984601894187e-01
9.994728540256109239e-01
9.468128855168947977e-01
9.776645894153642713e-01
9.709461587230209245e-01
9.582158199442264435e-01
9.650020462903341478e-01
9.749361774641414069e-01
9.815452190070804717e-01
9.789574511981928850e-01
9.838013867782957611e-01
9.711681940329411900e-01
9.752347258204038249e-01
9.789613323912378373e-01
9.888741977893735768e-01
9.621881966875480696e-01
9.738279966220478867e-01
9.640039361686444375e-01
9.720325278123033153e-01
9.834685765874855434e-01
9.763965412853840009e-01
9.698740611977841874e-01
9.849731101822322143e-01
9.681462195367981360e-01
9.902613781412342719e-01
9.617533641979871817e-01
9.885239162994705620e-01
9.915005567878988346e-01
9.857659202891938532e-01
9.882776313845749172e-01
9.556033972990051195e-01
9.673961954278447184e-01
9.573482382399092216e-01
9.940541665841059471e-01
9.800803157056362513e-01
9.760671125686873895e-01
9.862285154632967066e-01
9.915006369959658006e-01
9.842905719088979044e-01
9.721040619029531760e-01
9.797729626414265480e-01
9.585395511784555733e-01
9.821134552406396434e-01
9.830982573066778807e-01
9.778121905460690488e-01
9.833203643262447002e-01
9.698336551250702486e-01
9.847512077535595099e-01
9.821995795842055621e-01
9.903867738691751743e-01
9.867510186755472645e-01
9.914215790342072454e-01
9.703108207050704648e-01
9.636024257446262897e-01
9.807495249584736730e-01
9.950774614820564468e-01
9.794778364425383854e-01
9.694849156590578110e-01
9.843895147036351156e-01
9.883510461316908913e-01
9.811329459832303090e-01
9.883078514296326222e-01
1.000526065638602358e+00
9.901692696206554345e-01
9.732662460173286956e-01
9.672000008804546578e-01
9.759735757207479434e-01
9.954038117297754340e-01
9.712805914780128225e-01
9.853387510044837594e-01
9.858754032938644718e-01
9.909099681721885711e-01
9.656469318222654641e-01
9.802176969711677845e-01
9.576613651634586777e-01
9.924191677337536044e-01
9.884413754644872929e-01
9.887045314239738536e-01
9.779476506100047706e-01
9.811721977058163180e-01
9.650205994399970733e-01
9.615869584173998286e-01
9.923472103262054311e-01
9.496298119605048882e-01
9.618629570328012246e-01
9.859468204202577191e-01
9.827724683645627790e-01
9.627328243101997973e-01
9.955518978721963341e-01
9.720804888140054389e-01
9.861037407508435049e-01
9.656718808217840122e-01
9.909573701678170421e-01
9.651016609854194961e-01
9.589941541700611749e-01
9.779281999593533170e-01
9.850231931235717830e-01
9.874348138122590601e-01
9.808805030064039476e-01
9.902702944604229174e-01
9.610569607416208360e-01
9.644896397301865321e-01
9.830441973476009565e-01
9.649133751923358870e-01
9.625451160047701071e-01
9.586244245444685008e-01
9.821988565393541259e-01
9.818904344809448181e-01
9.746117545855335074e-01
9.805314407416018119e-01
9.798231254204717855e-01
9.762776116046564256e-01
1.009174082770496250e+00
9.821482717479655955e-01
9.535974714712911471e-01
9.756380518406151392e-01
9.892077577336165772e-01
9.831980372450656036e-01
9.839237305235510878e-01
9.937477217621977221e-01
9.736577568449978903e-01
9.931361715962523373e-01
9.917794528869600112e-01
9.780026152780706417e-01
9.772632002910471849e-01
9.907479757130300824e-01
9.906003531402166606e-01
9.822328372067433699e-01
9.569442393115263901e-01
9.787193532002211871e-01
9.695468593869673857e-01
9.742667172938548337e-01
9.810603104893615978e-01
9.970966946233008610e-01
9.380610797332886719e-01
9.666098332075073740e-01
9.852724089250191053e-01
9.569675364209877522e-01
9.611670211299413458e-01
9.847062659131987639e-01
9.690739302974860081e-01
9.693777467168226414e-01
9.803576667331070915e-01
9.630053686564200577e-01
9.933090326070963538e-01
9.837346368381975070e-01
9.683340414492458414e-01
9.840596065361228995e-01
9.882710212254759430e-01
9.893424933460794879e-01
9.802235779525281245e-01
9.877597521916874346e-01
9.826741108667541580e-01
9.827632090535673992e-01
9.433395140078639773e-01
9.776097263852407959e-01
9.751823545957314376e-01
9.665534186027137098e-01
9.382987241297187087e-01
9.794229278667351268e-01
9.824984952307271868e-01
9.878194393249186689e-01
9.845425956579682003e-01
9.537952734004969679e-01
9.821846925343665768e-01
9.833329674213018290e-01
9.926961529071042234e-01
9.962574094505565192e-01
9.898136304789911799e-01
9.910014202378093495e-01
9.824611735886661368e-01
9.888514939340401488e-01
9.843610825974867806e-01
1.004825972912360310e+00
9.876267955548926336e-01
9.538714891178685651e-01
9.936389866433088525e-01
9.867523058126180802e-01
9.960562228265810170e-01
9.865442286523281590e-01
9.817943594408765629e-01
9.921807435681745391e-01
9.709988705822201194e-01
9.807422592034550357e-01
9.834954350954414615e-01
1.002120347833787450e+00
9.756427090198420693e-01
9.811955566462404743e-01
9.908979243247052482e-01
9.790523207817811713e-01
9.650152459526911697e-01
9.943670218683746675e-01
9.657781295006340194e-01
9.879257976794599827e-01
9.621265597444376150e-01
9.764001102029223889e-01
9.657623678581164217e-01
9.881850301493456668e-01
9.787902854499943572e-01
9.859894343818087492e-01
9.817281165961673217e-01
9.741933438507008880e-01
9.916125314602807217e-01
9.867124456614392303e-01
9.927134960140829856e-01
9.802231049893480597e-01
9.876033369670975670e-01
9.631972758762428199e-01
9.740951472934323840e-01
9.869190580100065668e-01
9.990817415519839262e-01
9.874673268146990646e-01
9.837479558905584121e-01
9.868079691192876979e-01
9.801642016554806824e-01
9.883751840569228175e-01
9.897166378032772327e-01
9.855915044239916822e-01
9.824972504286368924e-01
9.796843477612797724e-01
9.721033571133902429e-01
9.927021007477647707e-01
9.773967648104497918e-01
9.464902349850087271e-01
9.814613301182082417e-01
9.866664990633327026e-01
9.820260837587065916e-01
9.781240454788130423e-01
9.717189387713449644e-01
9.957811096080234625e-01
9.608405475992354283e-01
9.628572282033118768e-01
9.870571557669720608e-01
9.810366453001901910e-01
9.874792160426768550e-01
9.882481878596800495e-01
9.853048546248623918e-01
9.795984841408156285e-01
9.583666324183492957e-01
9.456209847389628331e-01
9.831548202950274318e-01
9.850629063880360636e-01
9.705238488620475668e-01
9.662849190024049850e-01
9.542643754326464167e-01
9.791609967692840311e-01
9.499763416609187106e-01
9.888797425062350044e-01
9.689815157062569018e-01
9.810220865941959856e-01
9.773385029513490529e-01
9.733052503647485754e-01
9.571263142424640824e-01
9.622903346796964907e-01
9.801676909919645464e-01
9.758192551453752639e-01
9.829398229297818812e-01
9.919777283341580931e-01
9.910280311771084705e-01
9.824675061048919744e-01
9.804403680048408010e-01
9.823800821293781071e-01
9.820315915349071556e-01
9.855940782166020542e-01
9.785664796153026312e-01
9.787520577644088782e-01
9.700273908020303759e-01
9.593792242136720549e-01
1.004183712698740960e+00
9.904188977884244016e-01
9.866906466410966248e-01
9.784024110983740030e-01
9.856488724383750677e-01
9.965813420092014541e-01
9.695285930713261058e-01
9.850254397527585803e-01
9.614164388009569517e-01
9.841407451092142322e-01
9.626079713479244182e-01
9.886431521816839707e-01
9.972899254508363898e-01
9.606657438436854157e-01
9.773529316744475892e-01
9.786806401709819969e-01
9.723939990071133188e-01
9.693568350954057111e-01
9.848288911862875805e-01
9.843046376860495883e-01
9.786814057312760440e-01
9.847159999945240827e-01
9.683661404032104514e-01
9.489797676378873836e-01
9.955478992842978769e-01
9.954907831670815055e-01
9.592936241100921135e-01
9.844862814398629425e-01
9.697473222233496948e-01
9.762649815015855825e-01
9.773448568448055429e-01
9.755967188768958076e-01
9.752357292450727355e-01
9.506751905588650686e-01
9.840814310453919189e-01
9.838092046585810158e-01
9.591271646903888337e-01
9.745464639112760841e-01
9.696553535036970262e-01
9.942807408082758869e-01
9.879399006703453168e-01
9.700528271405306491e-01
9.640611706269840431e-01
9.981575319208705332e-01
9.833890911244347333e-01
9.948054236335729383e-01
9.773564726781430734e-01
9.838083088654145936e-01
9.757433980008818342e-01
9.885552471431271471e-01
9.198438310671906981e-01
9.822975171476187040e-01
9.872475721260255410e-01
9.751664562620223631e-01
9.962368069060090203e-01
9.923950146863960153e-01
9.602888992241589428e-01
9.671708867900884465e-01
9.697956770992594011e-01
9.307771781393638921e-01
9.865928585641543513e-01
9.632349966385960194e-01
9.709599391720081796e-01
9.907944279667428855e-01
9.908053076937765047e-01
9.828592465619435670e-01
9.853997117167520026e-01
9.576155681157656474e-01
9.907949862184903811e-01
9.955074004324243608e-01
1.003924270584508838e+00
9.795521921938761256e-01
9.675890005207054001e-01
9.905782255110625600e-01
9.918848406775873094e-01
9.849737748250585456e-01
9.606362225997250315e-01
9.911527380178249969e-01
9.849103654277974185e-01
9.471118628580763588e-01
9.629472093028395019e-01
9.495930281699711539e-01
9.816585491236645700e-01
9.932700761918081822e-01
9.684021740221894214e-01
9.745011947875802383e-01
9.898922074644108671e-01
9.826375240865496963e-01
9.913129995573997100e-01
9.838326157414269968e-01
9.856581575044484067e-01
9.801354247680388321e-01
9.883341952277988618e-01
9.701530934942577122e-01
9.485921175812455086e-01
9.639394686419537894e-01
9.828732282075747229e-01
9.825160918156607970e-01
9.743228646212775956e-01
9.779015163026220092e-01
9.701612673624131489e-01
9.822009661662666202e-01
9.754055564645917054e-01
9.624685612052364947e-01
9.763742428481022584e-01
9.931178020958750796e-01
9.767931114735349807e-01
9.890905740585270722e-01
9.736322636186011126e-01
9.798847520602620431e-01
9.621173548429408084e-01
9.574850551824919398e-01
9.797263941455973679e-01
9.743665017070071155e-01
9.790239001763805238e-01
9.580022364151657976e-01
9.811561028578565935e-01
9.695654991606896811e-01
9.859264237694810307e-01
9.875525168276360066e-01
9.759333965158375479e-01
9.487165403896072879e-01
9.819404729204279647e-01
9.789146409178792752e-01
9.843783144580896538e-01
9.753340057161258292e-01
9.849666329371250528e-01
9.964337246367392931e-01
9.887429087079999679e-01
9.832211404630364360e-01
9.801212996134476274e-01
1.001231196660598455e+00
9.693729583743616596e-01
9.979493967869371707e-01
9.875880483269906529e-01
9.852104782033519470e-01
9.929346165721097961e-01
9.759162686330595804e-01
9.988092785880927638e-01
9.588014300885365770e-01
1.000718634811498697e+00
1.001463929734883074e+00
9.783018813258937962e-01
9.730658133590941450e-01
9.592582441509138746e-01
9.864015688504492729e-01
9.677348666692205947e-01
9.733483446530197813e-01
9.759032994117601278e-01
9.646507570577270707e-01
9.832093743446005396e-01
9.823697197195876418e-01
9.745634665545358510e-01
1.000132253214936373e+00
9.895933921644104458e-01
9.933061431931728968e-01
9.811427444280863552e-01
9.957676741748351379e-01
1.006324482905859519e+00
9.559159657296846246e-01
1.000695867398325056e+00
9.756579186331389986e-01
9.830622411798958238e-01
1.003644389293097960e+00
9.316462707571683266e-01
9.952195192951309721e-01
9.742673120177383073e-01
9.540168918326521474e-01
9.874067646509291363e-01
9.632368893144321875e-01
9.859319436501775558e-01
9.714719532888542730e-01
9.497977489758895331e-01
9.825546999463445896e-01
9.949134308893272660e-01
9.597543506366440491e-01
9.810992960384301576e-01
9.688225585820086083e-01
9.801726254564520069e-01
9.863036639532678507e-01
9.898402421437408893e-01
9.805092761693614545e-01
9.664705288897427193e-01
9.510244907712064322e-01
9.853400663786359148e-01
9.805645640911861971e-01
9.867682924172374026e-01
9.873404800365845890e-01
9.655948756876868710e-01
9.629065491622470496e-01
9.730848664494722300e-01
9.509684163232581255e-01
9.847948820277716564e-01
9.900471146112622689e-01
9.843633817998013180e-01
9.717520826313211790e-01
9.704146059051588225e-01
9.756224778795331565e-01
9.858404424790725429e-01
9.779741748033160542e-01
9.701975491249824612e-01
9.647071326591023510e-01
9.815381821815158947e-01
9.731325876463092772e-01
9.596018333844443804e-01
9.554848281225233331e-01
9.542631960358334275e-01
9.613254264728071652e-01
9.854689354648495936e-01
9.777629019492717344e-01
9.813993443456328070e-01
9.760962377319470917e-01
9.788958251752881701e-01
9.854616546517774855e-01
9.835169117711715092e-01
9.792538947929835258e-01
9.879063205342242249e-01
9.903471370670485774e-01
9.879661578788986320e-01
1.000507054503011251e+00
9.815436426094978906e-01
9.727420795457376590e-01
9.749300152398669983e-01
9.916435434293089379e-01
9.304034792089335149e-01
9.583125356105385295e-01
9.876310493690380055e-01
9.884695330795866264e-01
9.779019477167075758e-01
9.655964600979917156e-01
9.689308414608587272e-01
9.934691035668635761e-01
9.965610019492751048e-01
9.686821437908330612e-01
1.004240037989803103e+00
9.568412491934289443e-01
9.891010185332900218e-01
9.879261445147439202e-01
9.865674765823490011e-01
9.928551070110582799e-01
9.729884477351962158e-01
9.558562257626298519e-01
9.853400614863219165e-01
9.711109703562440520e-01
9.829387729007836860e-01
9.717141601403392892e-01
9.979894521541544661e-01
9.872919131851577434e-01
9.982378164519558617e-01
9.737451761339854794e-01
9.879376538924249385e-01
9.767851640993813200e-01
9.730597274764494209e-01
9.693339610340030443e-01
9.574652216791655901e-01
9.762214961432421623e-01
9.734715899132132533e-01
9.834615349123395633e-01
9.860903877304120213e-01
9.728377904232090589e-01
9.799055135656163928e-01
9.745953270587055517e-01
9.823018126464178046e-01
9.520246395948022133e-01
9.719986276909033940e-01
9.594814712653000344e-01
9.732395519286919372e-01
9.538640059058599574e-01
9.746826571806536110e-01
9.761912770614840085e-01
9.783882219890426279e-01
9.875310566295922854e-01
9.863057936684358484e-01
9.894318491769906743e-01
9.659697127353158441e-01
9.435960878311463462e-01
9.904940775197149661e-01
9.868926897382419572e-01
9.914670069816634568e-01
9.789872293593554486e-01
9.572913700103735657e-01
9.462405080871280072e-01
9.891960410156392935e-01
9.844920852130224498e-01
9.767340732263598557e-01
9.924624796921029946e-01
9.853573037974321380e-01
9.635997956791341190e-01
9.832599338109312415e-01
9.686578036455797402e-01
9.831976121317451689e-01
9.725350547322783035e-01
9.618738592656069786e-01
9.878367179010738575e-01
9.947909739879332580e-01
9.737638674848125842e-01
9.565176499391804255e-01
9.941858306252159272e-01
9.788296962840100646e-01
9.617754158061105896e-01
9.741045424777763362e-01
9.833612359511729739e-01
9.811080926695563420e-01
9.782424096092462440e-01
9.741887840967509149e-01
9.727118457478860503e-01
9.812330196880205690e-01
9.733946586186840166e-01
9.839761373203783634e-01
9.952996608112851806e-01
9.832263558420466509e-01
9.878824426438731487e-01
9.908093917112840154e-01
9.805885166050726243e-01
9.872637587660619829e-01
9.838177152570743988e-01
9.848095034126735925e-01
9.708002368929504744e-01
9.837759253280691230e-01
9.831444612890576362e-01
9.630411250435406689e-01
9.803084146695218992e-01
9.996392578227194514e-01
9.835985614855682346e-01
9.630208571062491840e-01
9.936220283582845036e-01
9.910374690498149342e-01
9.928042078836839535e-01
9.940047113466224937e-01
9.534932626353539442e-01
9.898075542229014534e-01
9.912415203914644035e-01
9.757659676052280462e-01
9.637631099439409876e-01
9.968994494329902478e-01
9.679732488844055016e-01
9.828903301051952202e-01
9.980928435693906531e-01
9.898702195219315492e-01
9.586592859258881161e-01
9.829062281123505107e-01
9.769688915928026463e-01
9.928889633513051649e-01
1.000944000770709330e+00
9.812251989683918874e-01
9.539846603421269222e-01
9.918610608597069334e-01
9.865033952428819974e-01
9.853617079717482685e-01
9.637571300561500465e-01
9.443870102356290985e-01
9.909073009669149279e-01
9.890740687378362095e-01
9.827722944839010211e-01
9.759357605415138748e-01
9.754100747266524207e-01
9.818061433148941308e-01
9.921012025644107002e-01
9.706227762633943268e-01
9.658414933629051458e-01
9.914416955597661341e-01
9.763708149787131418e-01
9.790267227639876113e-01
9.925895098468392463e-01
9.604030169018531460e-01
9.894765551280594318e-01
9.739303791124531706e-01
9.537907429417588068e-01
9.537438472852913796e-01
9.928947168178696714e-01
9.722596691419550519e-01
9.448213900647174368e-01
9.746641467711190110e-01
9.837377378171573428e-01
9.883125910116797863e-01
9.640389567176017582e-01
9.776227421087391178e-01
9.676418742746376589e-01
9.836266394498609511e-01
9.895911794195774158e-01
9.782788217846704049e-01
9.871884508627538635e-01
9.406228353643821816e-01
9.895252467395873053e-01
9.889484908864619728e-01
9.784301515556769191e-01
9.820855200636638971e-01
9.680432174746854690e-01
9.839541977084952373e-01
9.866666794578637933e-01
9.543538717410725569e-01
9.755831902089475705e-01
9.793163102554374166e-01
9.614650943344008605e-01
9.596278682923125025e-01
9.569255163402757836e-01
9.659816001175964839e-01
9.932191467593700640e-01
9.819745815922807930e-01
9.859956827999288853e-01
9.809267635635319227e-01
9.790092581326130805e-01
9.915141126421032070e-01
9.692613927312887512e-01
9.770771143442967821e-01
9.767238357530326764e-01
9.902243522458777925e-01
9.811515121814381457e-01
9.704643407055288939e-01
1.000800969788590677e+00
9.838460493358800463e-01
9.573432119910111338e-01
9.709037742496879897e-01
9.994771248043714529e-01
9.899863369018211401e-01
9.485473345654569233e-01
9.814225591085748990e-01
9.943141441221565735e-01
9.767253536889238807e-01
9.803849776622319823e-01
9.724577222649106734e-01
9.703475720036073282e-01
9.895272086607929118e-01
9.783837682549680892e-01
9.664642198445888566e-01
9.981460306998750642e-01
9.584292094873116952e-01
9.590454421048558720e-01
9.922942574215742884e-01
9.953719839327729302e-01
9.761045143236800614e-01
9.874575269517179565e-01
9.775945630195572722e-01
9.779410823144072396e-01
9.859552851590263067e-01
9.727552889661253976e-01
9.738201298937878558e-01
9.740250162520062149e-01
9.833787991051577970e-01
9.870540284213440430e-01
9.726356408471587001e-01
9.860140693946113366e-01
9.880652183956512014e-01
9.829675559796395845e-01
9.778145903686163987e-01
9.681075772793497070e-01
9.815239152490328189e-01
9.920386900972183453e-01
9.933297204026291238e-01
9.809709394388854697e-01
9.925619813632297062e-01
9.895195679468598016e-01
9.834788523734089294e-01
9.886490352600539877e-01
9.770672830672701981e-01
9.772500370686902915e-01
9.817788591669651677e-01
9.564268016801902306e-01
9.946235907141287580e-01
9.912957438977163527e-01
9.796608701372852002e-01
9.508470810497194892e-01
9.779928326409103034e-01
9.690801238806800999e-01
9.820844224870141081e-01
9.822300380599119363e-01
9.806054491037727860e-01
9.626499504360691573e-01
9.730442640872762894e-01
9.843245458660820901e-01
9.434209997197443576e-01
9.938725307400025910e-01
9.603067377376708347e-01
9.906332013522888280e-01
9.694714587504759118e-01
9.788212931456286015e-01
9.919804114831392017e-01
9.766947869574504892e-01
9.614420376623590281e-01
9.744393096234398310e-01
9.942000887904441919e-01
9.903000129573327204e-01
9.926638840361836635e-01
9.861596052293093440e-01
9.713256585298786216e-01
9.748766967476782952e-01
9.672776570358941894e-01
9.827995540683472919e-01
9.739148483712204429e-01
9.851658964914676853e-01
9.804671639346651535e-01
9.600855749631290736e-01
9.909290136488715373e-01
9.415555215341627759e-01
9.700457198179608387e-01
9.720742573770217998e-01
9.840043628294088407e-01
9.780328373314457480e-01
9.855422208185877775e-01
9.928306361099901167e-01
9.727216275688674862e-01
9.761536125707759304e-01
9.818373579109247462e-01
9.890722036819774576e-01
9.719443272328772698e-01
9.789570097464334042e-01
9.898076026236537484e-01
9.898606032760124407e-01
9.827888264228197279e-01
9.651452465096990174e-01
9.836516676468075593e-01
9.920228251080799309e-01
9.966786745159685879e-01
9.864072798945963116e-01
9.895438353763994499e-01
9.751413119665794937e-01
9.937181155683165734e-01
9.851203790303927343e-01
9.808425021902510421e-01
9.792645802515721476e-01
9.783239858997985205e-01
9.777929246103981287e-01
9.755038849818437052e-01
9.902965316175175170e-01
9.896464888865581511e-01
9.650583096887682677e-01
9.521594348827140397e-01
9.663788661670777991e-01
9.811576194806800322e-01
9.850476562323429164e-01
9.812069243621128756e-01
9.774095613219210277e-01
9.799469965689878714e-01
9.836149044180477752e-01
9.924720684476761035e-01
9.688615567530668438e-01
9.763784501478158795e-01
9.799867640977137917e-01
9.612755962207913951e-01
9.852404794664666454e-01
9.684676063777575283e-01
9.724179210492351899e-01
9.880372935334298390e-01
9.666896767777328758e-01
9.852361867889629643e-01
9.939053987203505525e-01
9.639178861253125952e-01
9.820128467658613136e-01
1.006585704251365287e+00
9.603923557705794645e-01
9.657076772251246277e-01
9.709475853356488440e-01
9.499909092558389556e-01
9.706890639541442267e-01
9.855948748881093735e-01
9.543011318227290207e-01
9.655642525037965163e-01
9.661913273085908083e-01
9.554977584315428318e-01
9.820136004921145023e-01
9.580212896077988649e-01
9.732722746411837100e-01
9.829439921193908747e-01
9.822607566609907748e-01
9.869182394462212571e-01
9.818889068639746753e-01
9.875173945164158473e-01
1.002295769645835666e+00
9.879272044910695216e-01
9.847991614790742032e-01
9.700900982091014146e-01
9.556172843232880743e-01
9.696122942257012767e-01
9.786191409233627736e-01
9.865130473208957307e-01
9.806594206448703277e-01
9.813167408560778959e-01
9.876032667398252363e-01
9.729890082497564263e-01
9.714304649656916313e-01
9.810400025213723563e-01
9.912671283278697842e-01
9.791842016126464099e-01
9.855479007959926374e-01
9.581147545841671720e-01
9.807282591300169328e-01
9.895676911457321756e-01
9.802271934949619014e-01
9.819564644661140651e-01
9.811453170503213750e-01
9.855389870879032177e-01
9.879616829531928657e-01
9.679388060260737392e-01
9.834625892146718895e-01
9.884422421630093547e-01
9.672866627568447173e-01
9.809809922824842543e-01
9.805425368396523123e-01
9.763037836518929646e-01
9.716889300789417483e-01
9.729425099506415764e-01
9.834813121799559354e-01
9.725013150099351966e-01
9.599154160564360438e-01
9.937106768276583457e-01
9.603637291818990507e-01
9.586971774823748182e-01
9.915180898528203057e-01
9.690986539176936754e-01
9.842219487821696200e-01
9.958257018094184287e-01
9.886046223541209432e-01
9.868869415400348677e-01
9.891957871133481017e-01
9.864949774816910155e-01
9.838567699842116765e-01
9.992614499458595256e-01
9.688884698771880188e-01
9.896767559363075506e-01
9.737228604792720343e-01
9.658598463042533666e-01
9.736132399591647113e-01
9.900513228740639438e-01
9.807913353679813540e-01
9.754531793612568613e-01
9.866095262528709053e-01
9.732181888690917271e-01
9.798081621770168281e-01
9.769830403362138593e-01
9.873290939160686008e-01
9.875107235773934455e-01
9.941231708653170962e-01
9.771839123283366790e-01
9.875184313324034679e-01
9.797578849783576960e-01
9.822468655243584701e-01
9.728934254373260426e-01
9.922043697909387339e-01
9.850950556163632355e-01
9.863483275785879245e-01
9.724128780752427925e-01
9.760362170180030272e-01
9.699226645884249098e-01
9.754732976386588650e-01
9.781685226104338549e-01
9.868949445339014748e-01
9.749314269212413508e-01
9.761950853282133078e-01
9.693066083411748801e-01
9.797844108535266328e-01
9.600836966691437269e-01
9.966352940274642025e-01
9.923692246916538950e-01
9.872394727897808586e-01
9.748816418467742828e-01
9.772582317939561003e-01
9.752471900577249775e-01
9.864594554777621482e-01
1.007869826870105179e+00
9.867551515994591460e-01
9.584247194791872815e-01
9.786279023929681520e-01
9.424914655729906832e-01
9.273735222545124168e-01
9.844528703969578354e-01
9.774375276744494689e-01
9.866911510946643205e-01
9.838280458125284733e-01
9.802716183322501831e-01
9.827792633435838976e-01
9.779060624329271034e-01
9.917343109745706542e-01
9.696369021208831596e-01
9.855410995457160039e-01
9.901244304841542165e-01
9.811245368435408398e-01
9.556878673340555297e-01
9.735979077469466558e-01
1.002417565016701095e+00
9.832787724033114074e-01
9.751288694052006045e-01
9.756331370036132045e-01
9.784187003645955505e-01
9.907292322364656956e-01
9.877119331720733975e-01
9.365006345094482043e-01
9.629456131950439035e-01
9.830256933699650368e-01
9.817458664205228613e-01
9.882790502475586880e-01
9.749240816242180641e-01
9.710564484735028090e-01
9.797379365996975453e-01
9.936753538119408313e-01
9.843738471397136536e-01
9.879500521807544899e-01
9.912087592051200824e-01
9.691126633070308305e-01
9.463980423997158109e-01
9.695389545527675068e-01
9.723678747594360905e-01
9.916727455900936627e-01
9.632289576137144094e-01
9.666128589467193333e-01
9.756527763490983052e-01
9.650735088130502071e-01
9.869327627508006628e-01
9.707777662535657104e-01
9.896210412499852893e-01
9.417784704060296885e-01
9.788649452276410035e-01
9.853836464167942122e-01
9.948499604214194880e-01
9.552815754400962867e-01
9.903086793818780542e-01
9.815314145421694114e-01
9.847742966808461507e-01
9.709587576329752334e-01
9.659645961074240228e-01
9.651559971891956469e-01
9.810847391896239111e-01
9.783020266506339269e-01
9.803911968368386187e-01
9.896052325218922530e-01
9.968333663746935525e-01
9.924380772214171920e-01
9.944964089983387989e-01
9.831063145576386386e-01
9.863546271510803543e-01
9.964052996295331699e-01
9.598953020778303591e-01
9.609405404480112489e-01
9.687003780730788494e-01
9.567645331384977414e-01
9.808577309612385164e-01
9.857392437300928068e-01
9.916359555990433838e-01
9.580592706769246458e-01
9.562033220204608774e-01
9.641991462665340240e-01
9.850749761002872695e-01
9.931252202590368228e-01
9.795087859298462485e-01
9.791326194145024697e-01
9.858963149014937644e-01
9.891486555110241552e-01
9.706495881934914527e-01
9.880289956927769124e-01
9.825524839649222297e-01
9.643606598446174960e-01
9.828806550599110681e-01
9.808718244940386466e-01
9.747488122906394770e-01
9.660206006114083754e-01
9.833823116989380830e-01
9.798365578901436779e-01
9.845176625598003328e-01
9.811440795677753846e-01
9.462108013538851337e-01
9.593502260148824012e-01
9.785507027755195875e-01
9.827879769615643912e-01
9.727048936440089166e-01
9.898826737527020025e-01
9.707213020665574899e-01
9.730888686746023142e-01
9.783854220153308523e-01
9.921186674942850114e-01
9.863298442395108667e-01
9.891162108160131972e-01
9.822769939415897378e-01
9.771884566233607350e-01
9.624953039845070002e-01
9.727150811781068995e-01
9.737500326197980893e-01
9.783987847028619012e-01
9.560212690953809878e-01
9.880163434883877382e-01
9.691409825683975354e-01
9.581696461665412112e-01
9.965620991694429387e-01
9.910093503429093786e-01
9.812221819175536153e-01
1.002364949367429592e+00
9.761345239001851803e-01
9.718922617444569756e-01
9.665923923941691642e-01
9.750752754858161842e-01
9.745083514253704005e-01
9.641370631978674055e-01
9.887084953076129556e-01
9.867275312930130493e-01
9.783348739558932472e-01
9.469043045464309305e-01
9.682656992244880190e-01
9.780893960070146109e-01
9.696092107878683253e-01
9.832374482006461802e-01
9.864775678076128651e-01
9.910603489727790594e-01
9.908142736998869493e-01
9.837338459299914684e-01
9.874430729706503707e-01
9.769937357342292072e-01
9.990853140972181246e-01
9.528619100594893920e-01
9.792887769532611086e-01
9.642224141439941221e-01
9.719562159993889727e-01
9.688387395896066456e-01
9.773029722048134360e-01
9.867142248916026537e-01
9.804762102107315025e-01
9.800625818466722761e-01
9.919917708872660889e-01
9.861879217499588401e-01
9.963235711042661702e-01
9.598645074171771041e-01
9.482232185520804713e-01
9.888318502834874124e-01
9.801484971304534888e-01
9.909517977836455049e-01
9.947444116814525561e-01
9.843454531657779283e-01
9.875200103593876344e-01
9.789810857365686125e-01
9.600932181897855466e-01
9.775192241076926525e-01
9.747219049346482755e-01
9.957694935738903297e-01
9.848422291175522592e-01
9.677835264056320330e-01
9.660989790445152492e-01
9.606251004505267366e-01
9.730400651128611189e-01
9.756934499890278500e-01
9.876415902307820183e-01
9.545007360781129213e-01
9.807545890498027275e-01
9.879045500200330787e-01
9.887811586223888005e-01
9.959132914741303244e-01
9.655125395456074511e-01
9.580668560906900888e-01
9.824283841128189643e-01
9.825288599272549162e-01
9.754735983421367607e-01
9.829339324312277304e-01
9.838961177614659048e-01
9.709667486709688822e-01
9.896051506063212599e-01
1.001162976739865984e+00
9.876689851517167495e-01
9.915909559173482490e-01
9.591403331912172758e-01
9.986492506052500051e-01
9.954923047517794110e-01
9.908454577725418488e-01
9.957972564954077344e-01
9.779317524081566626e-01
9.773741940849823839e-01
9.736324795141492183e-01
9.967754028994726401e-01
9.686683707169432278e-01
9.676000802555707603e-01
9.855140827973728479e-01
9.781396737057822532e-01
9.954122873572878172e-01
9.769645976442885571e-01
9.942739230771641123e-01
9.514111555775726092e-01
9.869617908403482964e-01
9.602338455617642765e-01
9.842685648465656634e-01
9.847974451369513327e-01
9.758442806630722721e-01
9.779239781084608785e-01
9.662689617751291093e-01
9.793297104756922833e-01
9.979844989982261660e-01
9.824052267521088400e-01
9.932163358351655535e-01
9.938160572311492968e-01
9.665338500419732304e-01
9.839530376478379248e-01
9.800711924064544611e-01
9.809501979789411186e-01
9.692106014532960723e-01
9.784658917258075572e-01
9.888481970438046664e-01
9.657675323507534104e-01
9.919984310812433037e-01
9.660363427009747150e-01
9.709738334511006652e-01
9.730570364029326180e-01
9.807943639501218724e-01
9.872839813838663048e-01
9.728759230619974385e-01
9.506659878486973803e-01
9.701967391000039242e-01
9.798936057943238298e-01
9.827993212865052675e-01
9.914019094249273412e-01
9.806839210554876285e-01
9.838423508937210737e-01
9.792776830597806903e-01
9.886820349242994022e-01
9.734027161778006088e-01
9.693669476261190798e-01
9.886220134739447385e-01
9.800570537790129766e-01
9.803327765691710605e-01
9.746482734586076058e-01
9.581980738386884910e-01
9.971831596161333522e-01
9.832878174627184276e-01
9.611589119062349251e-01
9.743628010701772535e-01
9.627426726010203106e-01
9.501724535820949002e-01
9.812236224009024399e-01
9.884291179756686807e-01
9.745131866955868416e-01
1.003596378291445879e+00
9.973867572912749058e-01
9.699916379722169912e-01
9.799183206128424528e-01
9.682318156493401329e-01
9.892987606645302634e-01
9.749868457322463655e-01
1.000792249622451502e+00
9.680023321045465590e-01
9.709700793478348579e-01
9.905343704128066751e-01
9.746190982803986103e-01
9.470907532163932441e-01
9.771315728871204920e-01
9.732158707451891155e-01
9.625820786739665014e-01
9.775763709752359754e-01
9.630765339945827064e-01
9.898231614164456627e-01
9.650362009991898526e-01
9.841603319437884911e-01
9.775010379755783019e-01
9.865107534653677623e-01
9.734057681102197268e-01
9.659155477738802231e-01
9.785894525753184858e-01
9.822967647627017795e-01
9.809834007625840568e-01
9.881471110569165495e-01
9.626503524221979857e-01
9.223480841126180385e-01
9.738108967654003356e-01
9.522508989677875846e-01
9.707629761072067431e-01
9.800772745739932956e-01
9.894998921218206567e-01
9.782806323654412717e-01
9.690067643296786937e-01
9.896270229496675341e-01
9.558778557793251585e-01
9.900322231779561388e-01
9.684257095862360831e-01
9.467510480835307218e-01
9.835517591651717906e-01
9.792425272689289084e-01
9.779941233084693541e-01
9.844497285957758415e-01
9.836697903124769216e-01
9.914384575243024855e-01
9.832607443952628978e-01
9.470867457272944545e-01
9.739574365124816779e-01
9.872225956275133552e-01
9.749882908295212092e-01
9.717571415371368815e-01
9.943555536789011606e-01
9.777126578761842213e-01
9.747063914220023273e-01
9.565476683108060652e-01
9.650423688383878984e-01
9.854646180438759728e-01
9.808312005197489247e-01
9.882674146448223729e-01
9.595853228848402194e-01
9.874468476884787904e-01
9.757059466692147298e-01
9.826944772001880990e-01
9.810476886931536189e-01
9.588426028281712421e-01
9.615531340216605383e-01
9.902314442234988467e-01
9.759404677418830332e-01
9.933149710743259808e-01
9.761717446865605385e-01
9.833766823193630380e-01
9.840781095293051894e-01
9.863448084312752551e-01
9.852969895252265964e-01
9.725441208952299021e-01
9.818998201775037682e-01
9.671038047145109617e-01
9.589331599731472089e-01
9.878660291397034499e-01
9.787504235123085650e-01
9.863843692029360399e-01
9.823642212567668119e-01
9.807656689082576706e-01
9.887082394335545699e-01
9.540813830707047805e-01
9.867430993324702859e-01
9.788324680189689486e-01
9.724973183419307610e-01
9.619507809050086289e-01
9.633108866818841376e-01
9.857835416889876301e-01
9.560878914080604973e-01
9.699388799491983626e-01
9.951588968886639908e-01
9.936612894861398537e-01
9.815824538414489320e-01
9.836017707561950374e-01
9.777074904792144583e-01
9.554604004641763515e-01
9.817606062835672054e-01
9.674894295063567462e-01
9.785787116527330243e-01
9.934406092788686804e-01
9.889715909912826231e-01
9.885496248960754517e-01
9.632187718659828146e-01
9.832594806645132968e-01
9.990023761783239920e-01
9.748839906826578527e-01
9.825639405388147951e-01
9.859218292043351317e-01
9.897686865644140797e-01
9.796691705873310507e-01
9.764053470234659304e-01
9.904676507645053807e-01
9.561169011635973769e-01
9.875964258696321441e-01
9.846338069726702225e-01
9.667719952391388150e-01
9.619516350013643802e-01
9.897215562037194880e-01
9.670556152034378572e-01
9.930624337376503519e-01
9.748503460245970809e-01
9.880026883440961027e-01
9.825260759369678354e-01
9.896877841902463890e-01
9.881367163939978049e-01
9.942302843575880900e-01
9.799532713275486140e-01
9.837552622377623290e-01
9.727398504164980197e-01
9.796593271549224324e-01
9.818230593204384515e-01
9.346025265503522528e-01
9.842535950753158458e-01
9.541511204319513828e-01
9.853477460392590093e-01
9.347233293106914642e-01
9.832804744357721560e-01
9.915844568398881620e-01
9.713681769178390546e-01
9.745221818567495475e-01
9.838034592151183588e-01
9.558628387533480986e-01
9.798958951471740120e-01
9.778910931350422997e-01
9.764595645394670287e-01
9.515319429518169780e-01
9.913548820617543722e-01
9.894556386922992441e-01
9.661410184158407688e-01
9.755800458070564840e-01
9.900325841644223024e-01
9.762512989654715811e-01
9.804335276161916246e-01
9.843046865450801874e-01
9.760118325903568426e-01
9.821148133284209880e-01
9.829622882352537783e-01
9.850043623923148139e-01
9.820070310236622690e-01
9.707306769271428770e-01
9.790620964836502793e-01
9.893190729213043877e-01
9.697155204780570914e-01
9.682314565689805752e-01
9.697764869500777873e-01
9.983296549289985000e-01
9.831944836546788746e-01
9.795560823070247336e-01
9.803207720222203436e-01
1.008239421354696352e+00
9.791539893242375836e-01
9.772677091790997750e-01
9.553873714642459047e-01
9.714062856488304698e-01
9.570394361897915925e-01
9.889102621797140058e-01
9.948024789025731174e-01
9.712110463079857148e-01
9.833602563315150258e-01
9.838122784560541234e-01
9.800383655473762223e-01
9.853842654790619937e-01
9.540132332855089103e-01
9.905802010936216595e-01
9.892462134914337124e-01
9.924970922635792947e-01
9.825884465519140187e-01
9.811086585187759335e-01
9.811230178000834856e-01
9.505002398515389750e-01
9.691083187948376088e-01
9.797930246900650175e-01
9.813187918739213478e-01
9.749704900280086184e-01
9.894663919056797541e-01
9.970239011921525618e-01
9.865186012776958613e-01
9.909017370570587513e-01
9.919473828953127015e-01
9.806702741535121559e-01
9.910962860852837730e-01
9.893216842210240669e-01
9.811428033888898170e-01
9.871263258310792876e-01
1.004670740911281168e+00
9.747817339711669637e-01
9.762344056943618176e-01
9.970319090261283712e-01
9.868272870794611018e-01
9.882536686315914753e-01
9.852107026300133130e-01
9.807360782314028524e-01
9.684216016016905515e-01
9.663738220460283967e-01
9.974484486918934190e-01
9.625347936206222199e-01
9.871754714524137997e-01
9.656672908308988612e-01
9.921001647787994759e-01
9.857259783481050475e-01
9.862512594652416142e-01
9.918645892470832059e-01
9.719309465900417555e-01
9.893150283406475509e-01
9.955723293368650140e-01
9.577264053269214372e-01
9.903901486159457646e-01
9.813118578082760113e-01
9.816927168188129826e-01
9.771278584254157185e-01
9.841828143600996892e-01
9.678639115369377377e-01
9.953201030323705067e-01
9.660302803895430834e-01
9.833797089859163121e-01
9.607521478424686512e-01
9.896308148493236923e-01
9.874825653139789328e-01
9.919237348165678148e-01
9.810390735315347444e-01
9.766305115294928729e-01
9.639133720189045906e-01
9.810122073648819274e-01
9.663322380172547632e-01
9.822549596435681263e-01
9.858145493763512679e-01
9.728302529640181495e-01
9.776692062581937570e-01
9.626455283834219889e-01
9.698112540228068790e-01
9.658729302824342611e-01
9.701733779814297742e-01
9.730347555106739765e-01
9.727100657085647750e-01
9.873880744345739924e-01
9.794273747235641148e-01
9.917658057343234912e-01
9.724080715426370869e-01
9.830617206333779334e-01
9.758287534580155631e-01
9.747149842250822926e-01
9.638315369391736720e-01
9.455108484929656276e-01
9.738034914496874750e-01
9.691682433322766910e-01
9.666412412777706242e-01
9.616789553773175125e-01
9.906419152928197525e-01
9.851604302400307489e-01
9.814041684198018256e-01
9.667621016793136457e-01
9.777878832733243319e-01
9.685320208045400392e-01
9.765754488136965117e-01
9.986844511764899623e-01
9.498707489681015304e-01
9.891780028215197973e-01
9.561346583125983623e-01
9.820223328203141477e-01
9.759500411270153331e-01
9.412313722095698720e-01
9.785245965270625845e-01
9.827342166880252972e-01
9.905423722842514600e-01
9.636350103634018227e-01
9.965763097224423772e-01
9.851774904537439204e-01
9.776739519460032612e-01
9.768738300924674212e-01
9.867733089073325026e-01
9.595868809486219897e-01
9.690645725239169783e-01
9.819485106534185936e-01
9.669663592501475113e-01
9.800101015605486854e-01
9.895232032872509631e-01
9.771963296756146500e-01
9.821583559173863165e-01
9.661161635062018860e-01
9.875252258709208419e-01
9.939004669810684867e-01
9.848101739972641155e-01
9.900639790040911548e-01
9.867629469109286955e-01
9.851550385679143096e-01
9.635840229924285127e-01
9.821740656953623638e-01
9.845179090760368679e-01
9.706777857403350307e-01
9.709210411065803958e-01
9.884892475577269355e-01
9.853487662801334590e-01
9.796333265719681105e-01
9.749504470232789322e-01
9.787593326020495033e-01
9.836736892181298098e-01
9.877394608211129690e-01
9.797054216905879409e-01
9.838262102945605214e-01
9.728016185252764680e-01
9.935925607561046924e-01
9.722951342883153769e-01
9.804373689873058240e-01
9.771870179272142964e-01
9.562656257842210294e-01
9.667893829726396104e-01
9.833001916270033282e-01
9.839876399522679007e-01
9.894330754993885257e-01
9.749829848059612392e-01
9.836668535894017573e-01
9.848492441070206826e-01
9.856656295583066107e-01
9.861053200927109019e-01
9.887290212402501943e-01
9.777588379202466484e-01
9.891463182882984650e-01
9.704519914489736498e-01
9.998718979518003147e-01
1.000029688680165174e+00
9.696233418381616787e-01
9.919291458079535495e-01
9.628020359888284085e-01
9.836617210456404248e-01
9.953936231767848142e-01
9.888230974158335185e-01
9.673599811258857262e-01
9.826759227599214386e-01
9.768393295357374884e-01
9.875864157594912429e-01
9.919968109875079154e-01
9.743723976730271907e-01
9.665033618126511739e-01
9.885184988456272581e-01
9.870049040528742212e-01
9.648918687267385996e-01
9.640948756042450052e-01
9.964188667951954237e-01
9.900709618496615905e-01
9.546333567410973941e-01
9.793047957855685048e-01
9.804149656204684815e-01
9.618483657901986117e-01
9.855995843032830939e-01
9.866105129792587247e-01
9.814815537571766058e-01
9.902326120501169227e-01
9.715390336288364237e-01
9.912252124641741657e-01
1.005212382358305678e+00
9.772672025255283446e-01
9.595951356314791347e-01
9.831383740428594198e-01
9.619423280702120715e-01
9.481575140223376108e-01
9.790010005219792477e-01
9.932221431653739385e-01
9.238646553512508408e-01
9.775677566951418429e-01
9.823916939084583744e-01
9.911626271856959214e-01
9.765544965968359081e-01
1.009344575789000942e+00
9.835661736175199676e-01
9.887913459856485510e-01
9.774154984727057016e-01
9.577765385331507009e-01
9.761093393915514227e-01
9.726664292549214164e-01
9.657763840330255700e-01
9.858526057877302629e-01
9.824217407702061644e-01
9.899541797843737223e-01
9.859062465778283268e-01
9.734740160014655475e-01
9.837083496802460081e-01
9.792964179102991995e-01
9.715512786547324531e-01
9.883410329494375368e-01
9.616254877857391969e-01
9.907269381763441629e-01
9.737071847154094018e-01
9.566406344772548920e-01
9.719858162163194093e-01
9.688478688256977334e-01
9.715904979546567954e-01
9.651210213934408033e-01
9.877910317876003043e-01
9.921865354689882732e-01
9.726554679415777560e-01
9.853249672583852536e-01
9.792483785189777246e-01
9.948597499438078806e-01
9.845734303433000267e-01
9.927289714651384989e-01
9.718513072539648467e-01
9.755586834347699243e-01
9.701892307665004322e-01
9.849693501773577609e-01
9.919338017841364818e-01
9.715130133915328425e-01
9.766073174874285723e-01
9.754296428356201698e-01
9.791041833297179364e-01
9.631938694553244806e-01
9.841677617287495350e-01
9.954682448089899882e-01
9.630702524299159517e-01
9.829035384452718960e-01
9.720954012499993802e-01
9.889407120085760283e-01
9.811475554501688512e-01
9.762506016372696216e-01
9.846291432380224196e-01
9.799694718176203967e-01
9.908903262661939992e-01
9.869719310194831063e-01
9.860938882222206603e-01
9.874029536719611810e-01
9.371575616051887048e-01
9.747736527986935462e-01
9.759563205466963431e-01
9.771058238487753123e-01
9.860792742519763898e-01
9.854548210107920703e-01
9.712891080293080126e-01
9.497104357155511378e-01
9.664930486010564481e-01
9.880014932917690063e-01
9.774588527185685827e-01
9.626684493096526740e-01
9.633290357121954139e-01
9.807443703847029681e-01
9.864551567561783418e-01
9.917536191610387686e-01
9.881576331308628003e-01
9.688603073458134096e-01
9.615028318530354223e-01
9.826234929112253047e-01
9.761124460646544154e-01
9.611878512922479301e-01
9.728773923960882808e-01
9.812513489532712629e-01
9.846751518430000294e-01
9.848861804887124594e-01
9.677589461468008025e-01
9.910873715410649654e-01
9.487422088930818065e-01
9.922347843537898671e-01
9.416258225851594776e-01
9.869782340426995759e-01
9.575115468334950419e-01
9.678860123151659112e-01
9.870226173808843706e-01
9.900917829857428520e-01
9.827312098012266350e-01
9.434038818396479620e-01
9.834733339168038047e-01
9.903565310502585595e-01
9.703789580182042851e-01
9.888297273908396301e-01
9.863541153911917769e-01
9.873068457944245147e-01
9.648785052977905119e-01
9.814329717043681622e-01
9.756886917694505001e-01
9.937730154671962080e-01
9.829099319068317353e-01
9.851345575952078493e-01
9.835930763285417600e-01
9.733602009341751904e-01
9.444799882417268533e-01
9.744443710837176198e-01
9.640636670661922869e-01
9.642127834508242845e-01
9.819061841902648746e-01
9.462398489897273501e-01
9.936910367875391170e-01
9.847699167826549083e-01
9.520326723239912470e-01
9.555103087474003942e-01
9.419411333003131492e-01
1.001427192487662321e+00
9.749010314509680697e-01
9.741909471642888896e-01
9.826643941293230489e-01
9.854632458735814726e-01
9.756986923938346656e-01
9.599171420260378396e-01
9.827363121083279029e-01
9.793719907782767464e-01
9.887271579204323091e-01
9.643247038854502184e-01
9.710630918059107719e-01
9.871420228353867676e-01
9.874136814915490667e-01
9.923519746319418022e-01
9.980335730938465488e-01
9.980398511892046853e-01
9.909461837193825895e-01
9.727784869050631888e-01
9.759010206891706174e-01
9.502489697031291094e-01
9.827927977925704495e-01
9.808649312460567815e-01
9.809334213513184464e-01
9.656573761259161781e-01
9.498032559486981885e-01
9.916828252936682464e-01
9.757455156626611004e-01
9.753949742475001017e-01
9.905212638828341243e-01
9.943861909387329279e-01
9.837231380794156932e-01
9.850311588353414249e-01
9.889505123090092109e-01
9.764138555811574527e-01
9.832460183194425829e-01
9.631144455761670997e-01
9.677763248993094258e-01
9.733950366225493367e-01
9.880976116749689009e-01
9.856347991869295333e-01
9.919287182455461815e-01
9.759962436897241522e-01
9.805305836944924192e-01
9.572587263480223374e-01
9.581178847780245089e-01
9.863964904271820267e-01
9.753365455475379031e-01
9.599128893482012925e-01
9.721162897167789918e-01
9.338318335963209371e-01
9.523041063536911155e-01
9.971607716929561382e-01
9.949537264898018485e-01
9.879761266160732580e-01
9.736108370296510106e-01
9.418005608919506333e-01
9.880327497123779779e-01
9.572420744524494651e-01
9.921694361175987797e-01
9.927098749786140708e-01
9.742696041476498481e-01
9.888849021127543715e-01
9.810639474288979089e-01
9.714622596435152913e-01
9.661472143130461765e-01
9.662744267014388155e-01
9.798925281199439841e-01
9.452030884759510254e-01
9.908254840135271024e-01
9.982907535343594763e-01
9.858678237199143268e-01
9.828972498569482630e-01
9.766007258506599342e-01
9.815252582436461148e-01
9.794377364644736295e-01
9.941990488475003218e-01
9.747838552066144802e-01
9.718484490137611065e-01
9.833716738259182799e-01
9.940857494133292782e-01
9.894319118028050974e-01
9.883925766976288108e-01
9.787533494578209980e-01
9.750833731471860721e-01
9.997178349200320779e-01
9.804587356928596842e-01
9.753763264892433282e-01
9.671782953734548993e-01
9.852003295645977987e-01
9.857766390170029647e-01
9.871905320300163877e-01
9.621996536057521032e-01
9.672548691481486216e-01
9.865979809282637847e-01
9.795842394191184299e-01
9.755965247666094076e-01
9.883936995512057067e-01
9.967761414268249132e-01
9.865278927359341088e-01
9.849933232177321418e-01
9.807142727179173347e-01
9.871137533809064557e-01
9.512151993256946492e-01
9.671378805641761556e-01
9.796917055202380986e-01
9.969032652510926296e-01
9.804257023995850417e-01
9.947342051407923602e-01
9.605840796852683772e-01
9.868111253425355667e-01
9.881140665559444702e-01
9.844055136638687475e-01
9.614080109331230029e-01
9.813217078974821872e-01
9.801165397550847258e-01
9.630440637687447403e-01
9.816857817196035230e-01
9.672054565859544706e-01
9.776052259831143898e-01
9.725184664906686427e-01
9.906510305835964925e-01
9.639997493828263986e-01
9.694988483051131256e-01
9.561730960918504163e-01
9.489701208726983861e-01
9.489065047160972766e-01
9.721132966071502901e-01
9.806319826536034068e-01
9.884781143578081908e-01
9.874774765989364766e-01
9.810733135325016008e-01
9.848321013190388662e-01
9.850982348388118703e-01
9.964083125235591032e-01
9.874106287095066881e-01
9.828434609314916637e-01
9.622267964549037211e-01
9.975725189035166141e-01
9.597529247273806075e-01
9.913370076980136947e-01
9.842313410218738179e-01
9.224961101516103712e-01
1.001004344148369585e+00
9.554791338552440783e-01
9.803650734704456582e-01
9.945970712326709373e-01
9.974671681929937472e-01
9.876703206721105799e-01
9.807454464210811906e-01
9.867326798685950306e-01
9.986383655868431575e-01
9.929022321384869398e-01
9.784002122718521433e-01
9.688737235795171765e-01
9.908828764957567925e-01
9.689487801970279035e-01
9.828179651279039808e-01
9.913503648432825388e-01
9.789631272568224407e-01
9.933524935750234208e-01
9.851314977705597498e-01
9.811834034303980046e-01
9.866978792365368456e-01
9.632736646083324139e-01
9.940357206728691608e-01
9.819034998198605813e-01
9.745775793143716115e-01
9.865834289872001950e-01
9.604662041946981921e-01
9.633367047026057950e-01
9.834580524385438949e-01
9.949408471147372923e-01
9.809983355411870942e-01
9.812902937353394917e-01
9.650165316273440208e-01
9.908995725252305320e-01
9.849487795798422818e-01
1.000732431132943523e+00
9.953362366314830734e-01
9.815670844711565923e-01
9.871636585431036170e-01
9.841168484533561189e-01
9.755207690690412825e-01
9.787033003550368315e-01
9.915242583997507797e-01
9.897850962433588640e-01
9.874997940585059641e-01
9.771077511455931175e-01
9.809363799314060328e-01
9.821862700283857661e-01
9.788629282861414094e-01
9.687811418388929674e-01
9.854336077644580971e-01
9.729502890001148208e-01
9.915575094289361680e-01
9.910227344054245435e-01
9.810669304144851166e-01
9.791048078652747622e-01
9.735153464796120204e-01
9.809694762567735538e-01
9.732124194050731925e-01
9.893672123321802792e-01
9.607431036720278650e-01
9.852203194407042064e-01
9.626093988243272781e-01
9.931010976477655516e-01
9.505793958363272234e-01
9.903606690543409474e-01
9.552767080186961302e-01
9.695821715486130365e-01
9.942726063521768465e-01
9.813754765942125369e-01
9.681778463486433450e-01
9.480267239747178776e-01
9.682901002680571745e-01
9.670206237151024453e-01
9.832001692241605362e-01
9.728507777345742902e-01
9.879128875942603250e-01
9.871197626944641090e-01
9.793487132747326074e-01
9.738585056464802436e-01
9.743268844022203723e-01
9.624457829006782816e-01
9.737986780262968267e-01
9.862841677363136661e-01
9.730722773675768433e-01
1.005930956972546308e+00
9.883043093702906789e-01
9.444849617369357464e-01
9.648641437096218132e-01
9.895947769639439340e-01
9.590461544487055567e-01
9.674067291655932266e-01
9.712402028723651215e-01
9.805190693039332883e-01
9.931926339821258720e-01
1.000468275243140637e+00
9.759236180275244754e-01
9.677841948730943056e-01
9.877935654755648498e-01
9.849080597461228326e-01
9.812920321899384346e-01
9.986993942675553848e-01
9.945943026048852387e-01
9.832874339361962202e-01
9.808103485699963819e-01
9.794444923308023299e-01
9.890032282674072750e-01
9.790554775806376009e-01
9.773912013286104594e-01
9.979437104776086587e-01
9.705705717123874754e-01
9.885684479457151896e-01
9.550937469121736356e-01
9.724653741370375970e-01
9.858699090956482003e-01
9.843702798838369628e-01
9.839495910152286084e-01
9.865505135023107108e-01
9.837270484330440379e-01
9.991622930994192853e-01
9.869908183608308017e-01
9.829359066815661627e-01
9.952962961220529481e-01
9.721885332901462062e-01
9.868301847039837593e-01
9.663234197243614210e-01
9.777941622662773558e-01
9.876733594648658965e-01
9.773507400397731804e-01
9.793118448995670189e-01
9.501052404086371972e-01
9.551186947489807011e-01
9.764810990376795452e-01
9.827594083035895434e-01
9.759029713968051523e-01
9.894338606474872844e-01
9.718554932906626753e-01
9.655055998975347054e-01
9.870908279134235075e-01
9.722984679480398684e-01
9.886519554178629932e-01
9.731275108361683301e-01
9.785199857365702858e-01
9.868941846558990649e-01
9.864681876519013626e-01
1.000928741277150369e+00
9.824502973059467958e-01
9.872979639373957728e-01
9.908471654787196492e-01
9.641992097391297589e-01
9.913047229389080339e-01
9.804683847511869166e-01
9.671896421616548167e-01
9.795955209693449905e-01
9.579316160417795656e-01
9.873823685249822901e-01
9.881781208034201569e-01
9.700296261531207165e-01
9.917366313422416590e-01
9.784262143513607901e-01
9.695779050031821944e-01
9.651782666299137947e-01
9.863247339379350720e-01
9.356824821314680962e-01
9.774987318166385997e-01
9.895793950737162836e-01
9.923952969596977480e-01
9.908853567116132632e-01
9.781569499356354003e-01
9.910402822807172774e-01
9.829807822694831554e-01
9.960187164975946583e-01
9.892158498748434559e-01
9.697389291522283683e-01
9.745701335007436183e-01
1.004722110039276028e+00
9.871519885526077731e-01
9.958114689814369092e-01
9.811134263205711914e-01
9.608015937206942914e-01
9.851871438944798109e-01
9.859443258486737527e-01
9.785898773873242806e-01
9.700928459356280564e-01
9.642078979273467354e-01
9.335280543583692747e-01
9.659895464817715993e-01
9.820890552512796523e-01
9.865952974031293454e-01
9.820306986670851446e-01
9.776774445883642528e-01
9.726844763836486329e-01
9.894309139729026148e-01
9.802356761877865088e-01
9.741956553182340439e-01
9.859951696607607285e-01
9.853498313621757987e-01
9.641364971036435749e-01
9.877699828773389701e-01
9.731985407398047183e-01
9.939893061510493011e-01
9.757315963613539811e-01
9.831611548271707024e-01
9.779799170550319554e-01
9.886951588309926819e-01
9.871553611463252942e-01
9.708148822751867524e-01
9.887373522102772538e-01
9.810840103521365485e-01
9.800732692639004817e-01
9.690465969905532884e-01
9.783935655082776073e-01
9.763721242691838498e-01
9.897862797352903197e-01
9.914939051400921688e-01
9.871669796803607122e-01
9.708999187562236122e-01
9.863774096537227809e-01
9.875345554788607094e-01
9.562087059904653685e-01
9.745146916935275572e-01
9.681727137173272713e-01
9.979655742045022704e-01
9.716114524371315397e-01
9.857725809954587248e-01
9.778541020437281350e-01
9.664006678607469647e-01
9.890442340585428038e-01
9.839801525881117783e-01
9.692893156661831489e-01
9.637574886945999841e-01
9.925751127995988687e-01
9.840105816866148158e-01
9.856646014514919285e-01
9.951602637769595416e-01
9.763861766581614088e-01
9.829896828150427313e-01
9.828226386547201932e-01
9.846869602529654264e-01
9.811844355502841175e-01
9.545499037191553793e-01
9.813791914847406206e-01
9.753407612682287731e-01
9.722736727679225366e-01
9.739058835189134955e-01
9.816132419290489741e-01
9.922076700356823320e-01
9.961015311779922721e-01
1.014476860045677720e+00
9.580275793500678816e-01
9.879639099838976035e-01
9.936790846603279492e-01
9.870838439429138189e-01
9.516797300724051389e-01
9.855870906560657563e-01
9.814133270353170291e-01
9.771634709597964985e-01
9.833270840848754579e-01
9.849527234615619298e-01
9.797281029758455606e-01
9.579400253127899889e-01
9.716839122513081239e-01
9.881193122002738249e-01
9.647814031523240796e-01
9.895820514616717745e-01
9.825019048015494194e-01
9.627098984830240180e-01
9.711845662928245693e-01
9.892389428425075737e-01
9.875556130411482503e-01
9.897642118519921484e-01
9.818097593358913189e-01
9.868564708130186380e-01
9.776306177221869564e-01
9.819996446181956662e-01
9.825592453289796468e-01
9.821721621414503112e-01
9.974900175604712871e-01
9.860455768467529802e-01
9.881222311749424669e-01
9.911072295583714942e-01
9.426632336335842854e-01
9.879824129232216423e-01
9.588348689553607418e-01
9.919070640092891855e-01
9.598896847465945292e-01
9.786900566846039595e-01
9.457104770406067340e-01
1.000020847872635121e+00
9.869231761115329071e-01
9.787270519472310859e-01
9.548523348404823752e-01
9.682932461381741351e-01
9.804988785730756051e-01
9.655688100965357235e-01
9.814942476140684491e-01
9.680549524873699463e-01
1.000612661991515440e+00
9.919526038650245958e-01
9.748147967242338785e-01
9.846450670268117600e-01
9.882882418730708496e-01
9.860398209272016601e-01
9.853571364110564890e-01
9.847161390294267846e-01
9.723435547297043513e-01
9.756759990878007827e-01
9.725564180635658529e-01
9.676391166368580876e-01
9.954925190081480579e-01
9.981593960137352672e-01
1.001747647444965139e+00
9.919187205580886069e-01
9.830858361483756358e-01
1.007862393038236659e+00
9.636650709713481255e-01
9.871708351931245407e-01
9.662656919535501654e-01
9.700425419187863607e-01
9.811479925817927494e-01
9.524643223803367365e-01
9.427579204499647592e-01
9.730595258864798147e-01
9.855283918664156095e-01
9.833611501712562486e-01
9.832022946055928303e-01
1.000686404017753439e+00
9.749282483452531567e-01
9.633448500317113306e-01
9.833901767449796383e-01
9.824470543819311397e-01
9.759701767612654066e-01
9.793998189540510380e-01
9.714271996268841747e-01
9.824925878472511309e-01
9.824083054451464569e-01
9.751648386130234991e-01
9.686548142679858309e-01
9.760961697722451147e-01
9.728377483797753245e-01
9.806502813044082334e-01
9.854940980864491662e-01
9.779442630946796333e-01
9.650881870192634659e-01
9.697778107050395446e-01
9.893766274871732547e-01
9.742557701337949405e-01
9.835650878900961125e-01
9.518247168242275347e-01
9.835533148468278419e-01
9.821528754156427787e-01
9.522642615015142198e-01
9.829057320510609097e-01
9.898246581937427679e-01
9.859307147474657418e-01
9.828583227530636179e-01
9.876179378898900518e-01
9.448937767660939846e-01
9.688993025957197691e-01
9.863856486725628425e-01
9.617379231876593826e-01
9.762295271820825571e-01
9.538048947257022903e-01
9.896359053907927139e-01
9.835638830788623332e-01
9.845537984624209704e-01
9.931183542608644776e-01
9.914431547455001548e-01
9.658020906769129166e-01
9.848797666886863755e-01
9.823298132778431890e-01
9.755412584744536098e-01
9.701154552883992643e-01
9.739769505442156250e-01
9.538843792859472703e-01
9.895384776191681331e-01
9.727556113555866357e-01
9.712500716688973190e-01
9.729146932838470541e-01
9.830081981407718938e-01
9.609011386768996354e-01
9.674129066598597948e-01
9.735773020094664609e-01
9.670028323138194493e-01
9.705696378315105122e-01
9.578105507190964873e-01
9.618248088744253410e-01
9.745667556789683328e-01
9.815501504270878197e-01
9.760981960688654979e-01
9.883484862536803250e-01
9.826819301573480603e-01
9.834414133599769237e-01
9.898058408715332268e-01
9.926654131583698693e-01
9.573558456090558444e-01
9.830005654113971314e-01
9.837782585394401202e-01
9.867894174416826925e-01
9.729482782857414858e-01
9.838907367372941026e-01
9.910345634204050791e-01
9.774754866595031233e-01
9.847208125658944988e-01
9.875486785406626389e-01
9.635919174966103284e-01
9.559820814362866015e-01
9.916777017790917581e-01
9.850850495755630876e-01
9.714959661328993468e-01
9.857342909932457209e-01
9.858691391274198024e-01
9.802679359627002320e-01
9.728250290601400119e-01
9.969591478392008099e-01
9.970391977886808865e-01
9.767334283201806189e-01
9.688544165173226252e-01
9.603906227519283245e-01
9.899692878243346872e-01
9.909978908054698499e-01
9.913289357178921568e-01
9.721933222143767095e-01
9.862613808851962149e-01
9.966163246515532537e-01
9.813034827367941304e-01
9.733178144054867031e-01
9.678616992957095322e-01
9.899424665451285188e-01
9.964907731820847880e-01
9.684546102370422682e-01
9.871133971275177776e-01
9.940178398011749739e-01
9.669935552279341762e-01
9.839122256694836643e-01
9.801028412150443181e-01
9.742155499035108912e-01
9.847049254883740721e-01
9.638501118986068095e-01
9.930005516292707002e-01
9.677415646343231481e-01
9.789724812762371497e-01
9.679728463309457132e-01
9.797330814200790883e-01
9.842108172871102401e-01
9.862090671197129010e-01
9.805353268452537963e-01
9.193113071816204629e-01
9.878626502607094073e-01
9.799554921889042092e-01
9.759860193375603510e-01
9.689698030262432482e-01
9.861647440103349371e-01
9.785335058322771618e-01
9.800689759655489830e-01
9.874966873677829549e-01
9.916248252166204313e-01
9.844571749120240023e-01
9.877550127074089525e-01
9.899446250900102440e-01
9.891399487764914733e-01
9.647126172213441597e-01
9.948053811237912436e-01
9.685684498572699752e-01
9.984037445237301522e-01
9.768873376431704836e-01
1.001074495042809431e+00
9.803172193947843338e-01
9.635234143940812901e-01
9.925429898260438311e-01
9.956165335630399182e-01
9.922402493527264777e-01
9.558327489325392223e-01
9.846743416115726344e-01
9.892368608582725598e-01
9.663866436295637241e-01
9.875533104069297297e-01
9.824625699077753627e-01
9.785207171551097982e-01
9.561484596430649407e-01
9.824501288606858340e-01
1.008011925575105661e+00
9.826337820254589239e-01
9.778918248278067882e-01
9.831799095036113378e-01
9.629247879017927003e-01
9.604883367749608158e-01
9.915157957053828408e-01
9.803456233611619330e-01
9.730163026302103280e-01
9.852675996870460251e-01
9.972708631114761690e-01
9.641989837704555422e-01
9.743746166230492500e-01
9.902814622854890780e-01
9.756287718557171695e-01
9.623754992357641536e-01
9.567240027608435726e-01
9.933690999331696858e-01
1.000402943257932442e+00
9.783301517487840160e-01
9.594908051628779910e-01
9.615529794561008536e-01
9.837194157815517537e-01
9.877208548651195130e-01
9.474531066567232207e-01
9.650668434923486139e-01
9.895272941930782773e-01
9.730959283852935737e-01
9.687413702805836024e-01
9.506858139869381885e-01
9.883437432274646550e-01
9.853624280104631428e-01
9.833579342579582550e-01
9.782559350660143815e-01
9.877316319292651636e-01
9.841946673289679870e-01
9.816320745458210206e-01
9.881242623687480631e-01
9.751863846920731937e-01
9.707212726990176455e-01
9.940354676196910821e-01
9.875274567434875195e-01
9.905812394611609450e-01
9.818730117477919572e-01
9.684999363629325231e-01
9.855808724237381524e-01
9.715904559712027488e-01
9.749383312999623241e-01
9.801365704993851846e-01
9.716772061341332201e-01
9.806769411071809550e-01
9.858759949851848559e-01
9.776756368045865786e-01
9.854417311727403650e-01
9.848289565004620938e-01
9.883816757367913652e-01
9.820340121161670321e-01
9.652804210489223102e-01
9.559214765477770381e-01
9.866077947370622825e-01
9.934433752161453413e-01
9.641725669274823218e-01
9.892642452648033879e-01
9.830824786227292389e-01
9.826972885261288093e-01
9.888527765646724088e-01
9.828393094484123571e-01
9.859297828310207290e-01
9.649287117981825146e-01
9.916128950215533644e-01
9.889783047669540306e-01
9.798739527747389877e-01
9.736745294737467749e-01
9.580939743798998487e-01
9.529715048696032476e-01
9.735143951767181170e-01
9.855257788977471733e-01
9.934862960657284692e-01
9.935912789757066488e-01
9.819817768657880253e-01
9.689950271075113974e-01
9.863894091598893743e-01
9.916020376093375166e-01
9.927727722902746077e-01
9.782108107430935728e-01
9.741621983725391454e-01
9.808961971804894819e-01
9.816570429637113682e-01
9.825075021066682623e-01
9.919031303017319390e-01
9.556771817276467074e-01
9.850625048769549030e-01
9.766408118279505945e-01
9.787511842543766827e-01
9.939791565121655070e-01
9.282092707677364052e-01
9.788414390607832472e-01
9.774384611525325228e-01
9.956907600120886714e-01
9.737597281688126216e-01
9.760160725796498404e-01
9.955315475026222938e-01
9.949702832495574967e-01
9.851169069297136538e-01
9.801328805644164976e-01
9.836948896805078890e-01
9.913045115231198245e-01
1.002323102198753979e+00
9.814353692554659281e-01
9.670441049246304432e-01
9.828480271597225260e-01
9.973676535720219505e-01
9.761768751659259946e-01
9.651678215960500795e-01
9.804126220097163502e-01
9.899802619330999587e-01
9.894017297161017410e-01
9.917154915817593119e-01
9.837522283154195302e-01
9.175699888846671204e-01
9.830454496172598144e-01
9.801661496381162131e-01
9.596802237017945103e-01
9.701784208901805817e-01
9.812132559100029683e-01
9.618196992996224104e-01
9.669600869066544702e-01
1.002231745386409578e+00
9.752821536849518580e-01
9.837246757996525037e-01
9.930822522058015966e-01
9.630176073888618848e-01
9.890355577308815871e-01
9.860208879757430545e-01
9.927584413415787568e-01
9.692547415135430722e-01
9.895193627062012220e-01
9.887007938584380096e-01
9.708448866624224127e-01
9.606633570719123050e-01
9.564923041885384780e-01
9.896755727518108392e-01
9.626871321306987861e-01
9.543149538296554768e-01
9.792672786661199558e-01
9.727192017889967346e-01
9.919209270703253090e-01
9.909582079729282178e-01
9.695905694435238420e-01
9.548028671791749522e-01
9.684548090184718072e-01
9.695230491896866809e-01
9.820167704806987974e-01
9.686324003632955648e-01
1.011677358554339490e+00
9.805451687754548340e-01
9.790626597474119119e-01
9.789470977570696730e-01
9.871270102180013106e-01
9.055623219949565650e-01
9.954707402231695035e-01
9.780317148986701348e-01
9.770364458267940533e-01
9.763275763344894109e-01
9.890694432722426654e-01
9.756175275696357119e-01
9.885433334303027619e-01
9.858481388760428343e-01
9.486338541495134002e-01
9.710475209098815563e-01
9.642253576984154417e-01
9.890537690311462793e-01
9.951611526084107595e-01
9.786455517751079247e-01
9.520701684766966766e-01
9.807400947924489465e-01
9.815005866400998702e-01
9.907758980552072714e-01
9.766472744585653620e-01
9.705646363437865354e-01
9.716210765317998543e-01
9.940977648081179563e-01
9.707689600627135151e-01
9.699637142014712055e-01
9.630836143887419043e-01
9.904070185100933843e-01
9.750489596574913875e-01
9.822960108006848490e-01
9.710860956513710507e-01
9.849564225041365084e-01
9.777722873807969117e-01
9.676805083452563183e-01
9.664781881328119439e-01
9.848195519108695617e-01
9.860548195502337743e-01
9.810571676006590858e-01
9.595536580248974490e-01
9.817436775991960074e-01
9.315563379891036444e-01
9.900453194244138722e-01
9.887593371927008157e-01
9.838085916606010839e-01
9.506077896478910549e-01
9.905511721946639314e-01
9.696271155071637393e-01
9.901768488376316846e-01
9.921500836132999268e-01
9.851989384390925641e-01
9.863292194340010921e-01
9.838619056475677027e-01
9.829793481136059885e-01
9.574855821280282564e-01
9.798598612780037298e-01
9.755770294528772757e-01
9.759559929215906315e-01
9.640925468744877547e-01
9.923535481540360914e-01
9.815678879103525434e-01
9.594034648492792972e-01
9.502088395446983693e-01
9.610869657251513987e-01
9.703692090548099447e-01
9.965742504151023917e-01
9.934249535001798970e-01
9.797587843217808734e-01
9.792714118660390543e-01
9.831821446001953735e-01
9.865073187835208257e-01
9.655284747867489692e-01
9.920806611394052954e-01
1.000322507015698470e+00
9.740752813144282207e-01
9.779393756968975948e-01
9.670325155694186048e-01
9.786850181497191992e-01
9.826726272565249332e-01
9.682101223370225274e-01
9.814373279791341886e-01
9.860008955949545184e-01
9.890571735048276913e-01
9.722135101406542690e-01
9.825547614787702999e-01
9.797218703192634992e-01
9.835704868131202039e-01
9.899424144087958233e-01
9.931695325804414942e-01
9.756705482246122996e-01
9.881771897970706986e-01
9.563528433685092311e-01
9.848091990640106541e-01
9.771940842176766173e-01
9.601847278622053228e-01
9.851468341629542325e-01
9.650064970618088545e-01
9.774823717674344659e-01
9.626990594842824711e-01
9.850228100438795931e-01
9.780450057985680123e-01
9.880079282214487835e-01
9.912644333180727907e-01
9.785387381819931063e-01
9.862803136917097646e-01
9.911497743534383176e-01
9.812761153685499727e-01
9.583479152145066848e-01
9.864715818648600587e-01
9.814074855674899123e-01
9.742022649299982850e-01
9.765839347969256234e-01
9.671794552261546718e-01
9.828313825741552545e-01
9.965214136640120346e-01
9.838191791798279739e-01
9.871032119941940408e-01
9.807512662351245414e-01
9.507818370069980318e-01
9.810941261213631526e-01
9.852441780303587970e-01
9.845627115351466285e-01
9.814355400534988672e-01
9.852312622605715609e-01
9.613765260264905965e-01
9.827960882744611881e-01
9.942878410926306865e-01
9.804677612744432391e-01
9.940196997606155493e-01
9.735676969175677264e-01
9.559673599532425570e-01
9.876873678787033706e-01
9.782878189764827592e-01
9.868170226923261845e-01
9.677159199013546376e-01
9.516978261985683529e-01
9.742292485861314688e-01
9.822188655181692818e-01
9.675499273191958682e-01
9.849576842399265786e-01
9.676416376297934940e-01
9.915653533628679961e-01
9.775961400877408725e-01
9.708098334227317494e-01
9.784802705100464904e-01
9.544165044449439694e-01
9.902568457549731917e-01
9.821851953695515114e-01
9.760129051300024949e-01
9.896443200878077828e-01
9.576688997484508192e-01
9.886928219824232533e-01
9.641040635435429440e-01
9.729084078546379466e-01
9.809063995422788729e-01
9.818193313809336908e-01
9.842264504145318282e-01
9.753689175182881366e-01
9.766505698107513789e-01
9.754657684094749648e-01
9.766376700096023322e-01
9.759501860827558550e-01
9.888679512946859651e-01
9.857159698515988167e-01
9.497337857259889882e-01
9.782320603125393976e-01
9.772960372564831744e-01
9.493087585943636997e-01
9.843326018109601616e-01
9.865320178864954714e-01
9.988771001764711333e-01
9.634382734504272072e-01
9.870001811279568438e-01
9.882767574811133215e-01
9.737398346036073571e-01
9.876939977874554799e-01
9.900732203174267276e-01
9.742304417144440620e-01
9.675430570834027133e-01
9.818686103050358049e-01
9.515165029806412766e-01
9.788790472352828509e-01
9.835164728585674698e-01
9.687105414484479260e-01
9.895520746462938000e-01
9.455360337200185983e-01
9.880071174962774538e-01
9.782609912556285980e-01
9.676114775123558776e-01
9.884416456645227500e-01
9.722436524950396342e-01
9.816666741944445329e-01
9.696759905955032455e-01
9.840844557715038299e-01
9.641998920675229900e-01
9.894627742575901053e-01
9.897178363630426690e-01
1.005051102203480040e+00
9.838423477633492231e-01
9.702721984249159659e-01
9.813043551732707481e-01
9.876607921611524343e-01
9.182788339074313688e-01
9.873065084915573220e-01
1.016517386782545884e+00
9.831156212406420014e-01
9.905267091235456789e-01
9.753933258115603522e-01
9.575441351401504653e-01
9.872568835139250432e-01
9.958568736026341961e-01
9.871201398409699124e-01
9.811593667857051448e-01
9.882117534467714792e-01
9.675603465111883850e-01
9.664706062078340931e-01
9.809178840910640629e-01
9.710710827864971195e-01
9.951085236662087219e-01
9.872158223739533334e-01
9.936357071237615912e-01
9.786145551446054913e-01
9.904883848258753121e-01
9.851090374393032256e-01
9.888166728836139674e-01
9.878493188419634752e-01
9.703080462473813173e-01
9.738210665022313250e-01
9.765982614714225907e-01
9.801770471235200510e-01
9.939171593968955110e-01
9.812979691691872119e-01
9.873657978644726496e-01
9.903071309602548000e-01
9.971669557192255340e-01
9.610782043357987137e-01
9.785629109345119758e-01
9.986060473477493815e-01
9.621514494135751105e-01
9.820017962352151075e-01
9.866950911636475086e-01
9.917890116208781803e-01
9.853827273479871529e-01
9.798372823764182060e-01
9.909841136017030205e-01
9.734685753359555438e-01
9.805797801139055636e-01
9.400329697822452646e-01
9.804196791909502995e-01
9.873950913400350027e-01
9.821016454549140740e-01
9.838529725228617462e-01
9.753881494152077947e-01
9.655312628925967200e-01
9.796465101712983348e-01
9.864726727690842356e-01
9.800806181146451967e-01
9.813077774762900551e-01
9.409902579933856481e-01
9.713855906894863779e-01
9.885098524955572286e-01
9.725745476539641166e-01
9.678414140402649135e-01
9.324002872769530104e-01
9.833330823008518129e-01
9.667426098379615640e-01
9.709987607933973086e-01
9.860510147624720334e-01
9.829486685080629504e-01
9.653108135469145035e-01
9.902450243811289354e-01
9.699162312885770687e-01
9.387442234862870549e-01
9.891246881726534212e-01
9.660084412225986572e-01
9.623694120112041839e-01
9.936089167184789517e-01
9.837449736912775577e-01
9.471852768070108120e-01
9.824133856233616680e-01
9.817499082126244225e-01
9.970141846288773646e-01
9.738982586808012654e-01
9.617636065252166411e-01
9.815021160954947588e-01
9.776534731703344638e-01
9.700803735518264137e-01
9.856715846117390933e-01
9.841138784480938373e-01
9.750387325602604127e-01
9.748164447020997159e-01
9.814025731529970598e-01
9.705147703956594762e-01
9.877728517584453138e-01
9.837453913011184881e-01
9.910552859319812224e-01
9.985148690888792089e-01
9.735175864259487666e-01
9.754845022528604304e-01
9.607779496576761558e-01
9.834707578558072871e-01
9.783761759431133243e-01
9.866351944306120947e-01
9.962809168754330758e-01
9.732923340563424119e-01
9.547499442033637873e-01
9.690219858939984610e-01
9.942944525365408071e-01
9.743372256670840281e-01
9.860840888348626487e-01
9.468005917093555990e-01
9.867105173384367323e-01
9.923805159454335278e-01
9.885754463499750733e-01
9.884545463401127607e-01
9.647080363284078475e-01
9.891610923319674731e-01
9.862941798834189422e-01
9.761651545268569263e-01
9.472805544098400476e-01
9.555641974849026221e-01
9.464557684560090944e-01
9.573658414503840586e-01
9.847944478704196980e-01
9.921403342393663172e-01
9.707050575982275609e-01
9.768524737708260686e-01
9.699678167793641670e-01
9.851860074840945725e-01
9.675335286942559065e-01
9.789007055408917024e-01
9.813748896183452919e-01
9.958757382257640289e-01
9.784972402809236636e-01
9.976445491286941580e-01
9.724102790881893332e-01
9.778049998424674927e-01
9.840961359163369337e-01
9.552186120856351881e-01
9.973658268762269907e-01
9.351757065504919808e-01
9.775040672991875956e-01
9.672632027270040567e-01
9.603257417989853328e-01
9.688661361310859643e-01
9.638815415063952674e-01
9.825910280363353566e-01
9.978217771875486086e-01
9.781551112047863761e-01
9.799732868771013905e-01
9.584668409958556623e-01
9.909266781638305099e-01
9.916401826901272143e-01
9.776776308541390570e-01
9.635646574512795048e-01
9.823341292131410052e-01
9.643904175232298481e-01
9.865433124919824603e-01
9.659078297238780086e-01
9.422179871572208265e-01
9.897193144380662666e-01
9.886675381337644009e-01
9.752138044365896707e-01
9.831135266608557188e-01
9.682043753547153742e-01
9.531419258090937374e-01
9.795044939094895708e-01
9.848588159351832072e-01
9.883759586008893372e-01
9.834446151114812906e-01
9.859759418882881876e-01
9.701423049349440220e-01
9.766891594736564208e-01
9.837598339118873714e-01
9.818214589579278284e-01
9.623293629347025036e-01
9.702717621326035768e-01
9.754738616264048146e-01
9.702162175408043376e-01
9.877680171249025864e-01
9.792610496939893050e-01
9.901558779608787830e-01
9.873338562846667443e-01
9.914862608488518303e-01
9.804406354509608290e-01
9.903804537186491341e-01
9.886718735636209621e-01
9.425534616010791122e-01
9.845308605653138034e-01
9.837788280326494883e-01
9.604851119202902909e-01
9.819923093718715412e-01
9.803291766264345952e-01
1.001167804372746994e+00
9.995197545475077439e-01
9.702386511962516336e-01
9.907152572445041550e-01
9.848725881486288802e-01
9.574207932867735416e-01
9.845136788594437416e-01
9.919691229663222254e-01
9.922765000919169243e-01
9.920505470206119059e-01
9.834021339186942434e-01
9.643817822138858187e-01
9.680341459040489038e-01
9.871694324757014360e-01
9.801114008232354458e-01
9.579912963115305713e-01
9.894892343150212266e-01
9.872726617248581693e-01
9.847812290216316766e-01
9.741357631761988767e-01
9.772715745875208970e-01
9.827072057983095021e-01
9.892829629475429210e-01
9.573551796001624759e-01
9.879155635995091611e-01
9.957208204251946082e-01
9.911063102096626665e-01
1.008486840634559956e+00
9.955217319752033278e-01
9.909317763163033588e-01
9.753502121193461383e-01
9.822084437719568184e-01
9.871927909688266167e-01
9.860599376059679955e-01
9.743786757505363827e-01
9.985689068676281144e-01
9.911575094264425401e-01
9.893191480878698041e-01
9.600451478642257896e-01
9.701696174049063703e-01
9.764704598828497506e-01
9.889898567443673461e-01
9.936271029096931384e-01
9.873118016608737335e-01
9.894966967393314938e-01
9.907724974561930020e-01
9.835582086227452336e-01
1.000323697658604738e+00
9.806517947211241815e-01
9.910971719511518785e-01
9.842124681019611687e-01
9.812848641824967189e-01
9.818759414530943141e-01
9.869991553946303453e-01
9.844352951518321460e-01
9.172203288733222770e-01
9.677082469840386780e-01
9.588982502077330050e-01
9.837592646095127957e-01
9.824255144459024258e-01
9.792716454954776273e-01
9.801043489117311491e-01
9.820435373292772940e-01
9.920072101699989320e-01
9.815194302548282401e-01
9.907007914683397809e-01
9.205655256497442540e-01
9.568383700936511360e-01
9.756893114570245329e-01
1.006761699826520307e+00
9.663266827886670685e-01
9.860280792047370069e-01
9.764450121411830663e-01
9.810879028387134992e-01
9.829431199418220411e-01
9.699643746620375540e-01
9.765364052756072555e-01
9.672943972959323622e-01
9.681305899503733770e-01
9.903893890322389426e-01
9.572325743682748023e-01
9.397861051676701383e-01
9.706797076361742826e-01
9.677253778718473143e-01
9.804605931254315454e-01
9.572863028149455333e-01
9.410156418930993860e-01
9.899526329038561556e-01
9.764699383144576084e-01
9.680269079876746563e-01
9.814842945894423076e-01
9.766011215914603971e-01
9.810148527818104425e-01
9.680421458297536752e-01
9.698536851003497494e-01
9.835512751321729974e-01
9.991125670693219440e-01
9.656116796410646463e-01
9.682954582483419559e-01
9.874374813548129071e-01
9.805455473055471050e-01
9.726944377946704634e-01
9.739648269664376024e-01
9.850285318472623564e-01
9.720885542854472705e-01
9.879207831577524468e-01
9.819232149385590525e-01
9.831385575181852410e-01
9.247646926016991342e-01
9.908915235191498860e-01
9.762689588300953458e-01
9.908597582735854115e-01
9.824491737429753568e-01
9.878411385126185662e-01
9.691812603230089973e-01
9.715933554648259474e-01
9.830440945671812258e-01
9.548319002464977778e-01
9.816744298527397827e-01
9.802097690067147484e-01
9.772019081774259153e-01
9.852078968757252975e-01
9.737431840544357176e-01
9.707164943210665475e-01
9.808456800788420971e-01
9.947841949248599214e-01
9.981926211351601630e-01
9.988446323063673304e-01
9.933524319427342597e-01
9.923242790720557815e-01
9.708622234860330158e-01
9.450568938879035930e-01
9.705447005513053726e-01
9.733945524788213399e-01
9.491883592950343118e-01
9.737937383360228960e-01
9.645850521340426642e-01
9.754513280907016748e-01
9.893838922150361981e-01
9.783438599837470662e-01
9.946696550113907076e-01
9.455831941708980892e-01
9.879774156443539290e-01
9.745362487498954174e-01
9.854259624899915915e-01
9.810591748039835247e-01
9.739478803648404792e-01
9.627582156783043299e-01
9.904033417982185394e-01
9.848347754542634558e-01
9.622590864320378357e-01
9.766657801625900914e-01
9.796675532973234679e-01
9.715091939163618129e-01
9.858201429378974368e-01
9.802226370552774570e-01
9.929109840796157549e-01
9.752011355572798301e-01
9.792315743759879565e-01
9.920298051441497345e-01
9.855595617449245394e-01
9.803310302343226645e-01
9.639806058667880206e-01
9.595130328120412555e-01
9.789872056982437121e-01
9.824292420374620693e-01
9.581565179254691866e-01
1.006912248351542916e+00
9.857344993887521278e-01
9.837962003150265700e-01
9.862249726098464286e-01
9.891716283202955928e-01
9.914573278630119946e-01
9.651910037008497589e-01
9.406251643203914492e-01
9.865680962356464523e-01
9.765318058521639255e-01
9.743810522148509401e-01
9.827895056677539154e-01
9.640540269775809135e-01
9.701222739385413352e-01
9.927227189773722982e-01
9.822344891959660096e-01
9.616703042636811638e-01
9.594548540276017778e-01
9.892989624313388575e-01
9.767548375957668672e-01
9.785707387094189080e-01
9.618070413635338989e-01
9.905482876856556151e-01
9.810357164148574283e-01
9.873221428899411345e-01
9.562087755682379120e-01
9.787622059636945648e-01
9.906304841614460566e-01
9.736708657747956686e-01
9.959015466838750941e-01
9.869013678353939500e-01
9.738158882399309269e-01
9.486965934889322050e-01
9.701666961149920665e-01
9.796212044407258679e-01
9.854997290862381742e-01
9.843985667889153524e-01
9.699923475766301095e-01
9.705364870504685770e-01
9.754125771463332262e-01
9.799554059793048610e-01
9.867478472753187235e-01
9.313136761451833445e-01
9.867598726339720239e-01
9.743008458464559318e-01
9.765602069108184624e-01
9.901064762233096062e-01
9.787274530984875209e-01
9.909417466635993543e-01
9.483280059978479448e-01
9.677990928617616895e-01
9.578072226425999869e-01
9.755888701289797682e-01
9.974809049738997402e-01
9.776747714124052191e-01
9.709539906209855298e-01
9.620877100401495907e-01
9.642541713705101714e-01
9.759715631381619128e-01
9.684804091727295949e-01
9.582531466239504470e-01
9.960396303494754022e-01
9.791459012563071829e-01
9.933828170940632862e-01
9.293327120589103263e-01
9.470864556408912227e-01
9.871316524508494394e-01
9.744358491207287809e-01
9.784155996871539696e-01
9.887695243457206296e-01
9.899169148758579784e-01
9.757872658291746326e-01
9.804762564072990738e-01
9.817051665910641045e-01
9.787570101056310978e-01
9.934563810068661738e-01
9.793528981773962361e-01
9.866381326488391501e-01
9.345823844671404812e-01
9.764148708196228599e-01
9.663844345227757815e-01
1.014793397299821098e+00
9.956210479551497183e-01
9.810220079841113217e-01
9.810572167178007730e-01
9.859747311276949588e-01
9.839563674277603811e-01
9.554919675663685608e-01
9.921270820361867138e-01
9.885218410764869956e-01
9.820207319788106792e-01
9.702433555706323487e-01
9.829443489947525814e-01
9.870098132117873790e-01
9.648463303839558414e-01
9.722648428470889170e-01
9.855233709152279031e-01
9.920281359799012488e-01
9.933492764167082267e-01
9.739401188098775197e-01
9.936706995039356061e-01
9.903070082825916609e-01
9.821235108655677060e-01
9.694606912189696057e-01
9.742906011926761867e-01
9.686578920574141494e-01
9.827246681411135887e-01
9.901343832293747482e-01
1.008258008976679276e+00
9.952110239295212102e-01
9.699699232133456306e-01
9.665886694197826090e-01
9.584411070426627210e-01
9.879794643182170377e-01
9.817044030034656199e-01
9.777661524472687216e-01
9.830063531522403864e-01
9.820381891524428974e-01
9.861036011956677561e-01
9.916311750964107441e-01
9.916021510203165690e-01
9.921554906238438942e-01
9.298103220121954893e-01
9.872140980527407406e-01
9.795286725876510836e-01
9.982668035271717866e-01
9.547870328022682873e-01
9.824589266468797266e-01
9.497418066308284113e-01
9.868993436981684519e-01
9.526357718043648726e-01
9.895008493322061671e-01
9.633666718082708469e-01
9.726181291675349838e-01
9.711365205742731321e-01
9.631247103789922770e-01
9.986308523051631303e-01
9.924163745094924938e-01
9.726840792858424400e-01
9.852177723031985135e-01
9.952424513275095475e-01
9.616723100814154046e-01
9.748304943912431408e-01
9.805532675014602129e-01
9.782542571560618461e-01
9.813055728316683046e-01
9.944317716473892732e-01
9.749639434628362133e-01
9.895173688400180634e-01
9.882274622383842022e-01
9.759475896211106116e-01
9.788365601665051097e-01
9.894841495502942896e-01
9.839079226856805027e-01
9.792691938352460213e-01
9.850038823054756421e-01
9.855853100353233476e-01
9.841872498105688205e-01
9.949056593143281724e-01
9.813902838647331484e-01
9.873272686354074290e-01
9.938274540153989589e-01
9.946697041932491823e-01
9.779730578059021573e-01
9.847683686905464029e-01
9.744336064221014171e-01
9.563384957986429402e-01
9.683766243713286537e-01
9.955072442052961268e-01
9.842287016121873400e-01
9.776508603265195996e-01
9.816881002910345932e-01
9.857856414569978742e-01
9.909000146257738173e-01
9.974971668847540940e-01
9.471289781355235471e-01
9.884496005438823119e-01
9.802288345064004149e-01
9.837010702303451426e-01
9.964578989182828472e-01
9.887859138423938932e-01
9.406880358976082990e-01
9.793772836232594869e-01
9.645683931348136841e-01
9.952530867655184910e-01
9.773421124302680285e-01
9.406660227288448084e-01
9.855958861445800467e-01
9.636242751474769497e-01
9.848063676010613277e-01
1.000510647716638779e+00
9.488649332406560166e-01
9.727813554864527257e-01
9.985148444033692394e-01
9.534115406329066733e-01
9.795370343373003275e-01
9.676791975983350946e-01
9.789685085651079754e-01
9.861295372406234661e-01
9.812446955391140868e-01
9.803181957097348853e-01
9.892136265174484855e-01
9.717454731191893513e-01
1.000388181632001050e+00
9.619783460984868695e-01
9.543502722612769995e-01
9.707326694573168435e-01
9.733982892202684978e-01
9.765015252191305839e-01
9.889015262283574748e-01
9.826857538207645071e-01
9.853669678763763429e-01
9.856220084901046175e-01
9.850317942958205508e-01
9.798817881540372587e-01
9.809301406435295689e-01
9.903602343673185704e-01
9.867657002559343526e-01
9.827713428086183312e-01
9.797985564612414766e-01
9.716981010537504293e-01
9.656454321339451585e-01
9.817647236147412082e-01
9.774832586599349060e-01
9.914323895479782989e-01
9.841175257514774843e-01
9.612449189679793671e-01
9.523941027976676743e-01
9.808675003835001238e-01
9.840962226594813789e-01
9.714381117484406358e-01
9.802359417917719808e-01
9.844056256568922691e-01
9.900901888670778916e-01
9.921902782609665072e-01
9.806093230230188418e-01
9.839172715831429050e-01
9.797274668989582880e-01
9.859028808244625353e-01
1.000420715844246633e+00
9.878670512081191291e-01
9.850410370486361034e-01
9.485661908385657481e-01
9.840975881716857998e-01
9.640493707672115331e-01
9.927385888972308781e-01
9.599814626680340801e-01
9.870802782025349664e-01
9.927773300943424362e-01
9.862117707547214396e-01
9.940406673504837975e-01
9.660719558163229914e-01
9.580601030047494193e-01
9.840246137940316107e-01
9.749029713630184002e-01
9.815115244059277044e-01
9.708462729472595587e-01
9.681005341189784508e-01
1.000019721654617832e+00
9.823964498534704104e-01
9.888178974346477634e-01
9.876018908979785627e-01
9.812628580107376486e-01
9.397336869883388122e-01
9.874845386956313531e-01
9.793789258636965700e-01
9.735318445869032278e-01
9.764849089237286339e-01
9.769803058643482530e-01
9.660265161597797468e-01
9.609959506165798304e-01
9.894312663237428973e-01
9.825179836638767705e-01
9.831024145223846711e-01
9.927578323534291815e-01
9.814443786173345785e-01
9.922544424389121431e-01
9.598904694857827158e-01
9.952651568336966514e-01
9.753907529122564091e-01
9.822783286326473018e-01
9.750823613309348437e-01
9.717427797393668465e-01
9.639066856041521580e-01
9.887820267776662453e-01
9.842970946968481183e-01
9.870342736723228816e-01
9.804688048144467594e-01
9.818222294925144089e-01
9.839504942750872951e-01
1.006719615505897947e+00
9.686756472134878670e-01
9.837867306438187187e-01
9.600319170671584024e-01
9.744673525507984158e-01
9.359372202750946279e-01
9.818422743317302137e-01
9.929285393283582284e-01
9.824124096184203569e-01
9.871854032762998887e-01
9.885566328299061345e-01
9.804543174623090440e-01
9.705677915124386601e-01
9.597943536496104100e-01
9.788366679212162635e-01
9.664552242191011278e-01
9.878268815632349487e-01
9.606924416186034543e-01
9.724503129380034361e-01
9.699935543040222319e-01
9.772800810618172962e-01
9.825694980629492425e-01
9.768160761832993533e-01
9.725910618613150538e-01
9.754389449148785918e-01
9.920871239132065256e-01
9.828086981486652274e-01
9.923425119029335439e-01
9.907167491918933422e-01
9.914603913660694490e-01
9.765377900347256279e-01
1.000003777627513468e+00
9.929042178964218035e-01
9.742398900102697823e-01
9.829021161434355891e-01
9.833444283807019071e-01
9.637356132141964293e-01
9.984304145554199206e-01
9.907353300443549893e-01
9.879815604109378757e-01
9.877092207739684993e-01
9.957290824655753436e-01
9.911643774601215373e-01
9.826487473034041242e-01
9.882277338433677061e-01
9.753230535447779959e-01
9.819466707832967822e-01
9.944274933378238757e-01
9.815109108586624886e-01
9.618666235860824365e-01
9.615263934660968070e-01
9.886651886138493328e-01
9.882437747761203539e-01
9.765268952717170992e-01
9.928178421437230394e-01
9.638196335728641539e-01
9.626473610752068755e-01
9.681034272321502598e-01
9.886630518603211071e-01
9.849056723950294634e-01
9.927057802310707002e-01
9.830271175489977420e-01
9.856936578394156490e-01
9.901574291995222099e-01
9.973075046107141572e-01
9.972995880750463726e-01
9.796250935083709033e-01
9.805327603550250126e-01
1.000592148369283008e+00
9.588545126569003596e-01
9.770534743392170762e-01
9.899452653373916888e-01
9.875671030663598637e-01
9.704622796106562310e-01
9.893763479893029622e-01
9.753179867950086956e-01
9.834933626288844266e-01
1.004502173306373258e+00
9.620946673136361316e-01
9.846997755396088570e-01
9.957087581495706052e-01
9.629455743719206318e-01
9.753091417219349468e-01
9.701412283105486090e-01
9.691785097397557225e-01
9.612936746368523355e-01
9.717112150918341129e-01
9.936181200804543590e-01
9.639313167141105865e-01
9.820386300436708682e-01
9.902681860444828565e-01
9.500988780367415343e-01
9.711674208648474194e-01
9.757737334204436008e-01
9.736237060929308074e-01
9.770792837498183392e-01
9.866595098406431008e-01
9.786003840746425597e-01
9.625787428398020484e-01
9.367769616150590783e-01
9.687695991150403474e-01
9.847999513256170401e-01
9.902395100977873232e-01
9.849752418259409836e-01
9.749364669074656042e-01
9.634634954163674436e-01
9.675459979328776550e-01
9.780546855507585846e-01
9.931115634781897406e-01
9.861558975544023609e-01
9.788107057588546489e-01
9.884160706735792834e-01
9.758668422702309053e-01
9.590144210693510862e-01
9.782745037065811999e-01
9.621927028704956308e-01
9.962476022345609916e-01
9.935048204940009065e-01
9.807892704218619251e-01
9.871208665764863444e-01
9.626754929699358199e-01
9.731565764967027299e-01
9.619627130983176011e-01
9.829580007021495591e-01
9.842136279340848448e-01
9.942175104231060212e-01
9.836448652775484636e-01
9.881361338518332982e-01
9.862808764434666253e-01
9.715082835842511200e-01
9.972953209748184333e-01
9.454108041329403189e-01
9.771023781470986602e-01
9.600650946264666086e-01
9.708174667683381331e-01
9.775416566240795468e-01
9.776327772867123844e-01
9.843197464207485980e-01
9.820709470694969356e-01
9.857425535278732109e-01
9.589322449142068105e-01
9.625238167693118685e-01
9.535385735789903006e-01
9.779987194492206770e-01
9.675965999382264426e-01
9.847424401970436003e-01
9.821280682661917005e-01
9.591744296186315299e-01
9.914476476218450074e-01
9.920221721303579265e-01
9.728243899226687308e-01
9.830380536298141125e-01
9.832934723668572685e-01
9.948008646039316893e-01
9.881762906580364714e-01
9.930656001750651773e-01
9.780128727724892723e-01
9.733707459443327048e-01
9.906262807600817455e-01
9.792534845437147473e-01
9.857882859279700760e-01
9.870871789946206176e-01
9.781630248652415371e-01
9.657498790570282488e-01
9.736012713412521835e-01
9.941999686556790561e-01
9.611065664490087146e-01
9.739314728088187545e-01
9.886059866079608405e-01
9.860667063203206739e-01
9.720075025730846585e-01
9.729187460620188910e-01
9.842110236794179290e-01
9.706910597512610206e-01
9.793505722538703440e-01
9.841894039672475225e-01
9.577286781388570924e-01
9.441194116863311780e-01
9.854591706693480724e-01
9.923949234503176564e-01
1.002270044972349838e+00
9.651836248003416996e-01
9.723653424617846319e-01
9.369327637087826455e-01
9.741872244339863096e-01
9.948403250531588915e-01
9.629577059668713579e-01
9.952403027199347996e-01
9.798181658370850311e-01
9.834952511379149165e-01
9.814365058317022772e-01
9.374347047148454681e-01
9.863710992056324844e-01
9.906256495352973035e-01
9.847868964011424753e-01
9.786587911078067359e-01
9.983804712592626585e-01
9.874590688711333275e-01
9.891532754305194519e-01
9.869949785086211680e-01
9.599654588065494876e-01
9.876425430065641775e-01
9.519406022606266005e-01
9.795781011365567448e-01
9.842349335621691786e-01
9.625460798139121588e-01
9.872444225392589257e-01
9.660888985677541507e-01
9.635489626075494085e-01
9.717492252962973698e-01
9.803963133942882324e-01
9.418617331640536383e-01
9.669985406761465452e-01
9.699037139205579638e-01
9.913526395024949700e-01
9.591208298131133070e-01
9.720998293922474831e-01
9.807272748274729057e-01
9.843300826759754374e-01
9.561137814608744456e-01
1.002384346219004962e+00
9.934938768526343500e-01
9.772603243970275910e-01
9.916117697698499933e-01
9.726387098437584422e-01
9.842594572056625468e-01
9.639943056005174649e-01
9.846416637527419802e-01
9.836382914546849543e-01
9.879494361933026658e-01
9.600828683192266233e-01
9.892709465895475063e-01
9.678189181278951114e-01
9.644273669833397511e-01
9.664355109451808756e-01
9.533602688762166100e-01
9.744989859078407868e-01
9.683488231899636256e-01
9.738083422655947619e-01
9.618178651295085091e-01
9.740828661226815788e-01
9.713165623552171279e-01
9.539234949690141852e-01
9.915615431498568944e-01
9.939640106569752609e-01
9.857093306362140206e-01
9.469732429546598995e-01
9.945411940634030223e-01
9.869119828861732113e-01
9.701187746171996418e-01
9.904640022932157395e-01
9.884079908205405385e-01
9.628200224038243604e-01
9.812643116957540101e-01
9.989013939316155888e-01
9.882876722421521931e-01
9.788705859465143266e-01
9.701083488592173731e-01
9.808282103950014541e-01
9.828221079916154013e-01
9.858834741281331526e-01
9.735301753889336052e-01
9.847747257676469079e-01
9.686026247494353703e-01
9.755951572481973422e-01
9.819343151761092958e-01
1.008955591113464667e+00
1.000692489145298847e+00
9.964390435332968199e-01
9.976419720441268568e-01
9.859610908264160312e-01
9.545133146621569420e-01
9.851381572493096428e-01
9.860467425487662307e-01
9.733206254436624905e-01
9.767443504795361164e-01
9.942324316756474545e-01
9.625838561848039099e-01
9.908241053567404810e-01
9.924991123749518085e-01
9.558087322742159220e-01
9.588382837703666173e-01
9.276320130118561602e-01
9.452345923494324120e-01
9.888590177643482582e-01
9.835912985310779622e-01
1.017113170681728240e+00
9.922618549720433334e-01
9.919590033985781208e-01
9.936160402885596543e-01
9.854026926887690108e-01
9.777690223300827821e-01
9.917090826032112227e-01
9.738265710222351323e-01
9.673896636438041874e-01
9.988473258876062744e-01
9.845807559490621363e-01
9.711172234805601766e-01
9.635259358918821793e-01
9.769719892242028081e-01
9.730407533421749910e-01
9.826476476250126657e-01
9.723886282557210325e-01
9.871218609441239078e-01
9.739316046507491276e-01
9.773349408936137239e-01
9.538635158307317008e-01
9.858509778787877265e-01
9.914384320708323761e-01
9.874140868206058297e-01
9.926571510044600588e-01
9.860763260548400799e-01
9.988773427592761989e-01
9.827901933432093839e-01
9.499478062126078814e-01
9.630016884165272240e-01
9.856045551877803401e-01
9.842139497735694631e-01
9.765664955904649336e-01
9.811542531637654774e-01
9.819620223120884006e-01
9.788979684704698370e-01
9.721529622922921998e-01
9.698752390099354415e-01
9.829790629008920977e-01
9.648571151193071627e-01
9.637235344897480127e-01
9.904912097117518632e-01
9.770418715271178556e-01
1.000372912937358416e+00
9.636880601583011074e-01
9.845333143437771106e-01
9.757848835904798790e-01
9.710839277633860345e-01
9.378954475678836777e-01
9.369314130988183331e-01
9.504105704840771773e-01
9.601403536368934288e-01
9.818896163531196652e-01
9.683337036072294790e-01
9.747478785794216893e-01
9.790094442211677572e-01
9.860732254392861051e-01
9.650060074985847836e-01
9.852612738608842458e-01
9.704537717476922065e-01
9.903207062483960765e-01
9.834416369937911684e-01
9.968741630075308446e-01
9.571068849790084210e-01
9.772363320395704989e-01
9.812882700142414594e-01
9.728929329764998135e-01
9.712703086725885671e-01
9.798434428598197243e-01
9.699931526002891768e-01
9.909586705256023809e-01
9.913068507114513039e-01
9.923660796085358449e-01
1.002948642524068568e+00
9.599322690343343734e-01
9.870410307293396857e-01
9.767623427766036759e-01
9.980360484414655398e-01
9.889275948697634488e-01
9.764943631215773356e-01
9.834743689296273628e-01
9.877145860098351937e-01
9.796227058496874696e-01
9.791715875764326338e-01
9.794668475290497778e-01
9.710988822264033926e-01
9.959061627320203725e-01
9.853118727579777136e-01
9.797821234524044520e-01
9.795845275193170165e-01
9.795371905742396024e-01
9.723504548814349002e-01
9.750065084187123921e-01
9.663860793792506954e-01
9.756972275478948964e-01
9.742720013409177371e-01
9.765223647699118326e-01
9.826657856142904102e-01
9.948896343319253432e-01
1.001095247922637377e+00
9.826298722760904436e-01
9.709642246306010582e-01
9.838734342351640461e-01
9.711138965703838277e-01
9.851613337140056048e-01
9.716587433359582526e-01
9.679695898968257994e-01
9.875514538125921282e-01
9.879901982656695836e-01
9.794037104795705329e-01
9.484749140127203271e-01
9.923351743480729459e-01
9.852919404441944362e-01
9.760450859107779875e-01
9.771395770511371870e-01
9.857698396231800997e-01
9.695155466656015797e-01
9.664209858755911098e-01
9.989010681620656973e-01
9.696350093773686840e-01
9.704074646414196925e-01
9.866627133832779339e-01
9.845161023062001249e-01
9.849889568328434875e-01
9.925489633255945021e-01
9.958656483716246122e-01
9.620982217007812975e-01
9.885404220054976321e-01
9.687762783060963612e-01
9.701867090480262856e-01
9.853582133825549150e-01
9.752520712105013923e-01
9.618518969407210406e-01
9.794049652317939891e-01
9.818313883930493979e-01
9.689995476302341038e-01
9.732500051906917138e-01
9.879602548299435405e-01
9.701901633731025987e-01
9.557788401248472621e-01
9.860391256244931402e-01
9.763463740712517991e-01
9.872843349300526317e-01
9.804512444547788252e-01
9.653979356233493014e-01
9.639514496214149908e-01
9.780408997507599178e-01
9.622443675722002210e-01
9.837968333894989703e-01
9.962221361806631315e-01
9.832124238561145146e-01
9.690147733697740406e-01
9.534021741525633420e-01
9.682834523419769912e-01
9.923737330108173271e-01
9.996592579838933235e-01
1.003201290412080837e+00
9.864413010631516432e-01
9.847752641272530250e-01
9.827232471078597431e-01
9.925086938475159437e-01
9.740091990787731469e-01
9.931970178927289616e-01
9.813982168825433616e-01
9.668711214822371947e-01
9.844225395019162717e-01
9.957343932003877018e-01
9.839188637624665112e-01
9.800749859846353829e-01
9.848617361885670940e-01
9.696204285242712162e-01
9.835251166516599808e-01
9.850824010171025380e-01
9.922815330233318853e-01
9.942956026241703826e-01
9.776321981643464332e-01
9.849080444940379042e-01
9.763460616039180140e-01
9.842075733430126760e-01
9.879734248810705388e-01
1.000128144438507505e+00
9.875837515523221422e-01
9.586450117554492500e-01
9.562814265742995978e-01
9.544721509467991583e-01
9.761690306415220508e-01
9.659409944779323576e-01
9.722043680397958187e-01
9.706531861136086237e-01
9.584238273178784517e-01
9.959886923583516349e-01
9.537257680176797203e-01
9.883999177577680317e-01
9.758052308620568382e-01
9.784892442587092010e-01
9.946677630016095284e-01
9.639633116987234018e-01
9.684989387161676566e-01
9.751748950062339993e-01
9.793395541778072699e-01
9.569869743910692783e-01
9.846774495797109283e-01
9.832754334956331776e-01
9.748081791837529542e-01
9.514177966775646533e-01
9.855533888889044247e-01
9.443463098890653162e-01
9.910917270572368043e-01
9.809596249004430835e-01
9.873718707598474476e-01
9.795366798217604032e-01
9.720860001876178158e-01
9.742129166563416875e-01
9.830487662568372365e-01
9.862155460932759965e-01
9.880774408399153330e-01
9.637973220513782469e-01
9.778157454011242589e-01
9.983155166980309803e-01
9.888480096202300063e-01
9.660788156501678436e-01
9.789872334801068554e-01
9.504397871928685904e-01
9.788516884993283540e-01
9.894202700383121218e-01
9.856259919808300074e-01
9.705318526385803279e-01
9.876911560173322613e-01
9.814486608349899388e-01
9.868457125704176436e-01
9.715848821519247336e-01
9.699161539556699907e-01
9.828513255608676280e-01
9.869256469799787546e-01
9.747109586780386969e-01
9.808622365332888560e-01
9.560322499725537604e-01
9.658045058786437487e-01
9.639177229277872128e-01
9.796344471948497112e-01
9.930893084483077837e-01
9.847446792233420787e-01
9.845872361058018996e-01
9.903284624833700311e-01
9.787633848477581555e-01
9.510503655705201398e-01
9.480480018612765791e-01
9.702488458174918229e-01
9.843002638059916709e-01
9.796502557019515223e-01
9.807238343445932038e-01
9.880408747076938614e-01
9.745452907329541503e-01
9.781441421300534067e-01
9.864818170909879225e-01
9.833313206525378103e-01
9.698255307319432195e-01
9.850287814884663984e-01
9.879771824196211805e-01
9.924020717326254015e-01
9.633275607871274460e-01
9.387287637512427008e-01
9.817808910401648603e-01
9.872080674996814853e-01
9.599648523975933267e-01
9.908167694069002218e-01
9.779959045824647701e-01
9.853613901151290211e-01
9.689102896353674055e-01
9.726793866200362793e-01
9.833971104029743948e-01
9.690982573765717367e-01
9.773300217542023605e-01
9.770822504712880496e-01
9.890749268287992724e-01
9.906860498264246084e-01
9.605464176161571110e-01
9.663774260392807847e-01
9.374234719421945528e-01
9.718671745538151052e-01
9.798749313241451597e-01
9.833686397228539322e-01
9.873555198611880801e-01
9.863277664284355595e-01
9.888169002856029843e-01
9.864397433499136891e-01
9.876893733089876504e-01
9.947629497225450868e-01
9.576365930191865772e-01
9.798370855812754687e-01
9.949902307561727666e-01
9.498374137261791361e-01
9.908521027138110782e-01
9.657968087049259021e-01
9.756801898221822977e-01
9.663827230121651013e-01
9.576380614764270494e-01
9.591406340699470956e-01
9.950537162342342201e-01
9.918648746420908324e-01
9.902201111117229226e-01
9.854947869753234446e-01
9.829127848600164308e-01
9.536038672130451310e-01
9.731416999989649375e-01
9.650836279613292934e-01
9.778824130208563226e-01
9.706311238040243872e-01
9.413311797969358130e-01
9.867057882824020743e-01
9.659066641528910591e-01
9.924363489242225000e-01
9.578925308657214588e-01
9.870284388025611921e-01
9.957303265780252932e-01
9.827029391508927958e-01
9.419018018733834596e-01
9.786799100733154511e-01
9.936159647232012393e-01
9.893937603342192189e-01
9.957564697146957799e-01
9.970752113388806626e-01
9.620123247248011378e-01
9.805846533914959195e-01
1.007448860133755453e+00
9.882935934960616065e-01
9.893452333992994729e-01
9.780012116494137819e-01
9.888700562021908169e-01
9.822155308245987815e-01
9.986671190226663608e-01
9.920651978883516797e-01
9.786761275729546350e-01
9.909683666137065750e-01
9.807784712946859829e-01
9.736426882918535197e-01
9.827395731908816767e-01
9.608550165090912198e-01
9.864127428864379876e-01
9.855636782967570619e-01
9.858675223331210269e-01
9.919326781236903479e-01
9.733346534127219618e-01
9.840680887949971867e-01
9.753631606442398905e-01
9.950704850566021165e-01
9.928105889297110798e-01
9.797364204318483871e-01
9.779978710918145746e-01
9.777445690942612178e-01
9.831426703559034141e-01
9.907698483038488435e-01
9.882273294135894837e-01
9.961248463198696390e-01
9.939739173009178863e-01
9.724950730719096326e-01
9.727847196110760430e-01
9.672147797016317217e-01
9.610236779212345537e-01
9.893631548959296307e-01
9.901768820486748224e-01
9.869840645016560998e-01
9.818573097988875231e-01
9.739329302505581598e-01
9.574777776222205272e-01
9.823260784711161930e-01
9.900638882454196876e-01
9.865117910343925711e-01
9.567025230998055241e-01
9.814535654611222792e-01
9.886800229563036391e-01
9.775254580036266683e-01
9.829992238653588732e-01
9.844048434046803742e-01
9.837217395331293579e-01
9.871315431165759158e-01
9.515794308691418735e-01
9.822178436861058737e-01
9.921087637692083128e-01
9.748455259954215135e-01
9.758151587564866114e-01
9.813104367390615979e-01
9.925131783300337185e-01
9.807656893384577579e-01
9.821047961702884521e-01
9.786266374617024200e-01
9.806087949591980601e-01
9.732139190500199710e-01
9.632017591379502530e-01
9.516525835990726767e-01
9.848568433200736161e-01
9.781073315491340958e-01
9.775860269913155820e-01
9.890850137851031620e-01
9.871503817973581452e-01
9.613953598391181687e-01
9.611430017899762479e-01
9.735824979112887023e-01
9.790315976837887790e-01
9.730933471076176344e-01
9.691103779738657886e-01
9.812782929166073975e-01
9.712581180184889362e-01
9.838025828518499605e-01
9.867404425663135470e-01
9.892337598638599738e-01
9.888186452193206133e-01
9.611775431006907011e-01
1.004564958078494552e+00
9.603034110601259554e-01
9.494116774986761653e-01
9.718631220381670488e-01
9.677545825536577606e-01
9.527585365757130775e-01
9.801465714299920640e-01
9.773146768648330873e-01
9.886114159880406982e-01
9.610955794712955358e-01
9.839076904073699170e-01
1.011446422465995587e+00
9.593719279613958095e-01
9.881259739403444042e-01
9.287346609689132171e-01
9.873309129619470825e-01
9.821068738369224116e-01
9.785808434105519593e-01
9.851482703073702885e-01
9.790670721188922121e-01
9.850037193163941884e-01
9.956791162672881113e-01
9.737395594661312215e-01
9.923687051689513705e-01
9.825013390753408737e-01
9.772634359589481567e-01
9.560876224999184103e-01
9.846905238537085880e-01
9.708071424246947911e-01
9.734071918949173119e-01
9.804067080318368266e-01
9.966876247548620560e-01
9.939452401936346160e-01
9.733913000282915506e-01
9.951169927690074468e-01
9.639927024476692141e-01
9.840897000415533835e-01
9.880270350864883699e-01
9.798793971610031406e-01
9.709459124903546678e-01
9.546369424856875341e-01
9.727779438354149377e-01
9.751304982010696731e-01
9.960278971985118135e-01
9.784429165115525739e-01
9.823083684216820100e-01
9.875635718512767447e-01
9.841130932321804359e-01
9.471195781440557848e-01
9.699672843367134201e-01
9.858226297032044450e-01
9.506981182766452987e-01
9.789520634421063905e-01
9.747274262274524537e-01
9.919575953009212022e-01
9.818965319868242503e-01
9.730464874545808884e-01
9.824709613251890739e-01
9.818583845560953094e-01
9.777770593038216385e-01
9.851726221104489811e-01
9.884521959233446564e-01
9.818404723181320959e-01
9.655158486171572241e-01
9.953315180725604838e-01
9.937603561792469620e-01
9.844517925680295045e-01
9.643822880681377496e-01
9.643486892820508638e-01
9.851029677333245083e-01
9.760792096266884821e-01
9.979026512472081167e-01
9.738907700818885127e-01
9.805677570789872455e-01
9.789305916528511231e-01
9.747654690053686455e-01
9.558478056075565554e-01
9.534155839215171513e-01
9.820894609856209989e-01
9.909054644114562160e-01
9.814916212308004706e-01
9.857389258032387414e-01
9.868278561931481674e-01
9.825106436467638815e-01
9.894064159809579095e-01
9.717696132319145752e-01
9.638138170584044095e-01
9.840911280212446544e-01
9.983193602767596042e-01
9.892124930286974038e-01
9.652000976584457215e-01
1.000678465326521493e+00
9.804005807027071917e-01
9.841189787309374548e-01
9.875693815420347743e-01
9.844350887009944984e-01
9.585696174306388428e-01
9.823810708743617726e-01
9.844528411548426616e-01
9.608040856965843757e-01
9.838584384100155233e-01
9.942430239288231331e-01
9.868422950546478223e-01
9.829527176384836862e-01
9.667271087815559882e-01
9.675217134366328464e-01
9.782917168220126580e-01
9.717518011954471291e-01
9.766381600203082325e-01
1.002431997630111038e+00
9.668755019620743907e-01
9.728420200417942088e-01
9.788916388677803004e-01
9.938172268156393319e-01
9.738573782766997144e-01
9.906124144793363451e-01
9.877174663765060370e-01
9.816906474736937227e-01
9.751638361937654542e-01
9.580026713284869322e-01
9.913866842032831306e-01
9.742362648679618875e-01
9.776933205609399380e-01
9.679193590591543828e-01
9.845829718311565060e-01
9.839383539372443810e-01
9.812270731186032435e-01
9.854017250600236588e-01
9.849082102278794437e-01
9.816438426176757881e-01
9.632204488172583234e-01
9.721577824125662293e-01
9.675164050308305841e-01
9.881153240767656110e-01
9.702272075435781629e-01
9.763747798414669221e-01
9.706535189524312379e-01
9.415681967996876178e-01
9.908206223644829835e-01
9.799623856430907942e-01
9.709354923697830486e-01
9.659602685692874058e-01
9.753562046443805533e-01
9.861021691431216540e-01
9.653488485180717893e-01
9.858066896806697565e-01
9.979218885329846911e-01
9.827177384601700760e-01
9.438431401992226633e-01
9.675061356756808895e-01
9.708144948645405226e-01
9.748625713985364927e-01
9.575348360227475819e-01
9.782413756910116609e-01
9.780748837313023580e-01
9.886850574821891557e-01
9.771976337803549573e-01
9.906497035310823929e-01
9.770940835259107615e-01
9.889752496801093029e-01
9.758758155083540053e-01
9.894221478690419236e-01
9.832582665268611022e-01
9.722677245221345022e-01
9.846041959882725347e-01
9.827679601160290712e-01
9.914586223383230479e-01
9.897122487851278683e-01
9.833076013754219469e-01
9.632838485339391132e-01
9.932802319507730848e-01
9.639694189609638864e-01
9.838851162643307280e-01
9.970298741234395745e-01
9.847140160920926366e-01
9.661482482318727305e-01
9.793648023893057886e-01
9.842014402627450309e-01
9.926671438162844030e-01
9.844463507246883349e-01
9.938542502896543507e-01
9.499759196117558702e-01
9.895447758951844142e-01
9.637478113215481867e-01
9.904737185260441557e-01
9.683759909150129186e-01
9.804040197109044064e-01
9.804138022910197092e-01
9.836920617681181866e-01
9.999120600790522007e-01
9.610692826906989117e-01
9.933763655940490711e-01
9.732355199551595559e-01
9.716291942343880939e-01
9.675694873157163478e-01
9.885848667796873768e-01
9.897606044520579349e-01
9.616933128333083891e-01
9.681247238674598465e-01
9.751584379286163395e-01
9.230769787416029937e-01
9.755529078308337043e-01
9.925056386043732415e-01
9.897693258010242801e-01
9.655402838014388589e-01
9.929646780925122096e-01
9.658342546525929828e-01
9.853944296019723215e-01
9.577229771966260241e-01
9.761170682593338643e-01
9.832754205129800029e-01
9.839208113821042989e-01
9.912942426131037266e-01
9.935285178456281230e-01
9.856167023531511306e-01
9.892060596006216899e-01
9.902323769232148631e-01
9.911646516450920430e-01
9.933407988494975527e-01
9.698892831130353498e-01
9.911482755703199254e-01
9.922585451031455950e-01
9.742062545408015639e-01
9.926170725795769867e-01
9.654057294008627776e-01
9.756311226375572465e-01
9.811330620184374185e-01
9.932868449005389788e-01
9.833797214035812084e-01
9.732803892904362542e-01
9.821499443890516767e-01
9.929820699895174352e-01
9.824644757398021122e-01
9.726971299588335063e-01
9.768569748185289559e-01
1.002153717742536365e+00
9.924200848246897966e-01
9.867252377370479000e-01
1.005443062477151761e+00
9.784882338508973376e-01
9.864822243376316635e-01
9.845298899183961838e-01
9.981593208698031905e-01
9.922232653859507367e-01
9.765281492722792667e-01
9.729101737107903602e-01
9.878370514932121038e-01
9.768731698695659604e-01
9.683009886146730638e-01
9.862522601190263360e-01
9.974702351378825771e-01
9.770380939567177014e-01
9.810144505946488680e-01
9.809295592869539115e-01
9.610393633118399226e-01
9.895099968334888363e-01
9.793793711028867532e-01
9.821794377388216590e-01
9.896700646367959653e-01
9.492221321673232071e-01
9.814338314373515226e-01
9.619671397091340559e-01
9.535391536345260155e-01
9.836384179021774310e-01
9.742202259684249466e-01
9.727047279383198575e-01
9.881131783969474558e-01
9.730644963336774200e-01
9.720592042491295048e-01
9.697480359795846994e-01
9.800965939929433546e-01
9.837911587166469074e-01
9.929387046661858340e-01
9.772131963418840828e-01
9.771419250228785547e-01
9.824905679671261938e-01
9.446655080802146554e-01
9.524343141114527400e-01
9.955050672859919736e-01
9.843075916484378407e-01
9.633135700683043146e-01
9.839404953459426340e-01
9.781014640723784126e-01
9.612556252711591531e-01
9.712768515132216285e-01
9.881912099773553226e-01
9.853596342202576297e-01
9.905474587925084951e-01
9.523709271177013269e-01
9.860997325352455212e-01
9.874695293166090293e-01
9.718485722110510316e-01
9.746090785890825225e-01
9.883175780368559371e-01
9.849246580960158148e-01
9.779754489173519971e-01
9.962712404079308026e-01
9.824472267798115555e-01
9.721070676506933239e-01
9.683123925544139254e-01
9.843951739686159774e-01
9.826413609946001992e-01
9.564926763667480625e-01
9.691232986906501701e-01
9.758876304026742332e-01
9.783619458344060549e-01
9.553070535543417563e-01
9.952436511058908586e-01
9.786636311177100422e-01
9.422879864563236119e-01
9.295371875318140242e-01
9.681097703168303203e-01
9.860192134725977997e-01
9.839729464347046761e-01
9.546041121351110936e-01
9.808008938100064578e-01
9.973819820604453712e-01
9.794808411980358009e-01
9.760853835157337066e-01
9.701353835751116428e-01
9.878767158788295255e-01
9.826240128083129077e-01
9.827987975655089192e-01
9.597669685319151212e-01
9.832331474835818153e-01
9.710363665313738180e-01
9.701864464763575446e-01
9.977741809097565584e-01
9.764871613845350629e-01
9.748225576300255657e-01
9.925559335272512440e-01
9.809588612111727057e-01
9.840412224981508471e-01
9.997511078787816308e-01
9.534409744225290639e-01
9.826620226510863754e-01
9.712200052062058830e-01
9.832752880992952083e-01
9.902520985509060125e-01
9.860242851003554465e-01
9.744793384741088360e-01
9.734701120098736560e-01
9.782818372538216734e-01
9.815743053651390104e-01
9.906825434182636725e-01
9.885926252422002625e-01
9.935246827384749402e-01
9.753863001808149580e-01
9.810989922866383273e-01
9.874742865634905664e-01
9.763443822124378002e-01
9.787940055168707909e-01
9.812405517562368118e-01
9.816873362546661985e-01
9.867092781072347440e-01
9.768711740462867610e-01
9.908957776035705045e-01
9.846893638149112338e-01
1.011749449485413122e+00
9.872459975111615993e-01
9.850416291967348803e-01
9.681095544889911642e-01
9.601220528191809489e-01
9.916449225101200415e-01
9.706854374393767415e-01
9.589655013920016513e-01
9.840373209102899477e-01
1.001978575339834032e+00
9.638913026958928487e-01
9.683745888855501693e-01
9.940953580301410408e-01
9.900074130726587152e-01
9.862893099950782450e-01
9.801073182274481210e-01
9.900075836534462104e-01
9.599503297366132060e-01
9.902428856806843038e-01
9.746951100250441646e-01
9.747092830692742904e-01
9.872067711343478491e-01
9.802606419132409155e-01
9.843171350592633262e-01
9.626491455858358082e-01
9.523904444807029801e-01
9.913211345806940411e-01
9.677704683215511139e-01
9.739863849559576847e-01
9.744886891596041822e-01
9.768706241182930627e-01
9.719930783620995829e-01
9.609114768235630377e-01
9.789811815672181394e-01
9.705611492942819440e-01
9.857635650856361176e-01
9.610106264245162899e-01
9.841047916300674769e-01
9.971596856944699994e-01
9.848383510959584086e-01
9.832721578344463254e-01
9.978697182351876638e-01
1.000919878878142155e+00
9.920955884457745011e-01
9.797757381120312248e-01
9.716659546048141971e-01
9.828538152977079889e-01
9.780539837628871025e-01
9.896419801041949071e-01
9.966250667739871005e-01
9.905150919898685347e-01
9.876942500712976303e-01
9.940341672161546738e-01
9.858746681551021629e-01
9.878991593819510530e-01
9.798342666032393566e-01
9.869472330679789351e-01
9.837934939246947286e-01
9.695039227081686528e-01
9.451684186062662141e-01
9.889337418238620669e-01
9.603308805905905743e-01
9.827042546015450908e-01
9.980685319028848035e-01
9.848349028594854948e-01
9.776528038818645960e-01
9.782761272915010409e-01
9.832427549946187728e-01
9.538039595604423937e-01
9.843770197105257136e-01
9.965373224077649361e-01
9.799093246484008590e-01
9.487587555292864572e-01
9.867629189099194065e-01
9.887239519523747244e-01
9.793123490641097995e-01
9.853281885745617252e-01
9.714545194246216875e-01
9.877964962994698617e-01
9.762943902203916613e-01
9.841097825319067294e-01
9.814645690927277233e-01
9.747458645640738606e-01
9.888994209289014847e-01
9.777919063277638045e-01
9.940100055825054071e-01
9.846888368553129434e-01
9.943802555692494716e-01
9.740588691298027735e-01
9.866141959725848176e-01
9.581775639938286959e-01
9.860319452350458924e-01
9.980811969651505189e-01
9.905817193938820653e-01
9.887666008952908925e-01
9.830639328395640586e-01
9.871863456266916081e-01
9.656753072280951367e-01
9.693391491198048993e-01
9.764471195578456886e-01
9.921968289653956274e-01
9.759399300775264408e-01
9.739351409662577730e-01
9.825888215612337273e-01
9.864316667690370410e-01
9.641381632169393479e-01
9.704402408439196659e-01
9.749906948653185301e-01
9.487789187616024744e-01
9.842987089264614298e-01
9.872947834126564182e-01
9.840345555159015767e-01
9.426476188764617570e-01
9.804468260290669646e-01
9.755097517019536424e-01
9.911547680537311500e-01
9.909346234958246180e-01
9.831544188753748026e-01
9.856926413375480811e-01
9.682417541299548347e-01
9.616490216592337159e-01
9.668492657534536461e-01
9.920784866122888124e-01
9.861371567225231116e-01
9.926987390335342276e-01
9.963605246620258482e-01
9.935518804123729675e-01
9.801068199545180937e-01
9.851841554591069805e-01
9.859687696795144118e-01
9.950469409241471386e-01
9.895000045333831595e-01
9.569498488602175001e-01
9.789361426599553218e-01
9.593208145894641659e-01
9.905485789442430855e-01
9.796885430843901288e-01
9.834972578652153574e-01
9.920609279390617541e-01
9.834945293460582993e-01
9.838603078150257586e-01
9.801160807237578876e-01
9.613828339070767948e-01
9.431040842171746208e-01
9.769451176791518199e-01
9.703428514441543307e-01
9.955377997747641983e-01
9.852171377162369792e-01
9.880479856652573112e-01
9.631578900793436038e-01
9.861130105002456903e-01
9.867806683939946977e-01
9.849807929753473523e-01
9.811495858853784835e-01
9.600296499898441915e-01
9.893126122080265761e-01
9.879746676400424921e-01
9.771370290992537067e-01
9.838462464174400068e-01
9.830034672822306474e-01
9.927240660287847129e-01
9.503865151566585068e-01
9.823345087006443155e-01
9.843919466372632598e-01
9.544988267140562810e-01
9.749345688919595077e-01
9.811273967884615033e-01
9.846790432007900273e-01
9.944125045638425586e-01
9.901112375719479664e-01
9.926425947914162551e-01
9.825890029959327698e-01
9.831665146644562592e-01
9.658563981043500890e-01
9.838057758881191273e-01
9.815015117615876195e-01
9.670903696876806954e-01
9.808593048635023681e-01
9.852508010314607878e-01
9.856818222063120638e-01
9.691493810145438426e-01
9.735091668420594591e-01
9.769992601051138426e-01
9.772705972155838472e-01
9.644582568826521873e-01
9.941229372504523099e-01
1.001834434298893628e+00
9.632733087591465182e-01
9.927129656300320848e-01
9.728227050011449828e-01
9.818247461128718490e-01
9.646820235021408285e-01
9.725862850307869234e-01
9.672845236898668375e-01
9.817797633036541294e-01
9.685136265862802629e-01
9.933017614993330247e-01
9.996732051722702073e-01
9.900719822816511639e-01
9.694495876156621339e-01
9.711986331710367182e-01
9.820489873658028168e-01
9.760982628657758342e-01
9.910723250495399039e-01
9.869908044374057221e-01
9.791406042558065126e-01
9.825112649216574123e-01
9.830971927988521042e-01
9.866825445795265326e-01
9.847471236201458256e-01
9.936391397374249035e-01
9.915632174659431142e-01
9.693047341381184623e-01
9.713760757233057541e-01
9.905934745568117927e-01
9.889565444474548439e-01
9.491942971103691784e-01
9.977175946762336656e-01
9.566068809357380909e-01
9.731747025507218041e-01
9.909094541689532631e-01
9.713223609817992488e-01
9.890526609489264098e-01
9.752318432758371181e-01
9.788039375272502562e-01
9.829639937074935441e-01
9.945899988215297638e-01
9.877195099118538657e-01
9.965139719917631700e-01
9.842493547202537663e-01
9.756753463446345975e-01
9.820009980612317557e-01
9.802075022226623968e-01
9.775131666668097630e-01
9.776192571424610067e-01
9.829626158281088433e-01
9.604766210668009840e-01
9.869241614553077024e-01
9.765719484512748183e-01
9.754565698988352240e-01
9.834318292081210000e-01
9.580459572492651121e-01
9.859010528042854160e-01
9.860832314292216072e-01
9.745516981584537719e-01
9.863179483139808967e-01
9.852627978068865255e-01
9.901480453276354510e-01
9.840980515379873506e-01
9.806926937737950878e-01
9.835808514537747183e-01
9.836705958093480140e-01
9.777748687286565987e-01
9.661797873619615284e-01
9.967602061041332950e-01
9.753833094112578372e-01
9.667468220796759937e-01
9.875314337521777786e-01
9.810807597133842650e-01
9.881196813841173210e-01
9.771463801029476315e-01
9.748200019770749680e-01
9.850246977818494232e-01
9.728592104897672010e-01
9.749019113964751959e-01
9.899608074557301185e-01
9.721778244726133611e-01
9.745080403374150047e-01
9.987875995854559319e-01
9.591343869789926702e-01
9.871329108549226072e-01
9.731278445448765524e-01
9.922509160234810333e-01
9.977427563824375900e-01
9.710262188968648012e-01
9.910906676812454297e-01
9.883332078004560817e-01
9.807764840427677377e-01
9.888184635550608670e-01
9.855896670253039282e-01
1.000777924687104914e+00
9.631634052969549886e-01
9.667699119543140540e-01
9.808885241920854980e-01
9.921018122135037975e-01
9.593072538575277974e-01
9.783242545584300842e-01
9.956419927017897686e-01
9.701914406977373284e-01
9.804064388748479075e-01
9.677701295232316037e-01
9.902071483063474844e-01
9.608046236718075228e-01
9.882053098342824526e-01
9.728507149576363089e-01
9.823122591321120645e-01
9.827899986733321658e-01
9.765325907287313312e-01
9.885162122940813756e-01
9.744147477798069668e-01
9.670739568973540923e-01
9.856487433470881854e-01
9.832987810708042620e-01
9.962948352395677443e-01
9.768146923346618937e-01
9.741270541179853915e-01
9.908189076773208370e-01
9.929214973809691314e-01
9.629766329741703546e-01
9.583066349311325505e-01
9.772430033779154757e-01
9.869747207700622083e-01
9.793145642972105325e-01
9.686231370725700840e-01
9.883253985328172009e-01
9.717122107052347246e-01
9.601766346429612131e-01
9.878953230407275798e-01
1.003761892918811682e+00
9.741485145428401271e-01
9.945270926362553832e-01
9.868129979278043029e-01
9.854411743688616943e-01
9.809390832500805013e-01
9.608265560232081004e-01
9.663980105945061405e-01
9.830225068362449248e-01
9.856339314187800849e-01
9.863033461045703776e-01
9.696602601310854164e-01
9.909545375803717748e-01
9.867130260080765325e-01
9.555881141173712123e-01
9.809093762698247732e-01
9.929358964215285743e-01
9.983454726294979098e-01
9.954331712322923575e-01
9.709666827826436419e-01
9.772928635104869421e-01
9.794989177345694298e-01
9.969902955622161889e-01
9.859385429419728064e-01
9.927745573790661693e-01
9.510035788379088695e-01
9.704040587068412105e-01
9.691774427879524811e-01
9.919337742598296481e-01
9.933264302530794287e-01
9.854364918904949810e-01
9.599556927714302246e-01
9.908274318876221232e-01
9.616165743443882974e-01
9.883050685232394050e-01
9.941069786688444543e-01
9.803647104399046963e-01
9.781393221035468155e-01
9.684406796279962926e-01
9.663375679826670117e-01
9.761108094780094335e-01
9.885685639654100410e-01
9.831782421513315384e-01
9.856904560463835008e-01
9.781001568842149219e-01
9.679535589356895731e-01
9.715906479273155316e-01
9.783801522524917527e-01
9.921206686240040540e-01
9.833500286194940543e-01
1.007047575177834053e+00
9.832913954341574447e-01
9.942613772940717132e-01
9.818544698804139159e-01
9.647605109571159021e-01
9.895686468837040506e-01
9.834678917433851142e-01
9.939731419243346133e-01
9.688129805150236251e-01
9.821158339739709531e-01
9.693285134929836566e-01
9.912494341593718339e-01
9.640674947610768930e-01
9.456179910441958603e-01
9.790288802750797270e-01
9.953693533748522171e-01
9.692080032452239369e-01
9.767305112488924301e-01
9.815371701966333351e-01
9.587365741296554056e-01
9.773653168574906180e-01
9.795561163064827603e-01
9.966568571038941782e-01
9.778641113395988294e-01
9.840689952570549348e-01
1.004484617737471996e+00
9.855198002471405871e-01
9.713776474829860508e-01
9.870739056467221495e-01
9.896163191623948974e-01
9.794194926060241224e-01
9.893982697474985599e-01
9.882700268924237141e-01
9.935631121058416948e-01
9.887959545945667061e-01
9.711829787754210352e-01
9.939306850807706484e-01
9.687288556760496050e-01
9.815830017421102172e-01
9.905664784115328914e-01
9.788241850173388103e-01
9.759498738535580253e-01
9.585716299763299419e-01
9.736126914912359709e-01
9.971254839129857217e-01
9.675480456095455484e-01
9.811898779993977193e-01
9.828358328663847621e-01
9.745501653655926910e-01
9.871654804692644447e-01
9.966385224223960337e-01
9.575850497278294293e-01
9.633111673566024935e-01
9.891387799922150004e-01
9.777265054153811974e-01
9.973887734706392560e-01
9.737037957389040876e-01
9.818188136565022539e-01
9.683652263393049964e-01
9.915322295834760880e-01
9.944706371714850945e-01
9.733973454867593800e-01
9.626466888080918993e-01
9.888524393429118930e-01
9.923779812987286730e-01
9.753167839308686249e-01
9.917555737068676214e-01
9.938070328821914101e-01
9.924970234698516913e-01
9.677086281671655188e-01
9.950949957541306290e-01
9.804768191106106867e-01
9.677856571581529010e-01
9.610064095987507216e-01
9.687864766630043256e-01
9.646941777683291086e-01
9.622878106015850808e-01
9.826771227152233390e-01
9.848597047244012082e-01
9.799662669831875617e-01
9.713840051454998292e-01
9.698876974552965713e-01
9.800756486351462904e-01
9.826230336800730880e-01
9.818241413865407274e-01
9.815256280564500502e-01
9.881239381429455237e-01
9.674096859194607489e-01
9.804817848978915062e-01
9.717300784835288807e-01
9.861931638177924286e-01
9.794131423464170760e-01
9.818921467024178673e-01
9.840200481926257847e-01
9.741884468099374361e-01
9.683755540450666999e-01
9.905506544007705028e-01
9.523002521734869052e-01
9.674481165205751632e-01
9.783572299660513449e-01
9.750617041466570489e-01
9.974161791511527708e-01
9.577422831138602266e-01
9.821303488095726175e-01
9.842620222104481176e-01
9.826433681262530806e-01
9.688988093738168939e-01
9.619433855731936989e-01
9.858253218043937505e-01
9.856969939206983167e-01
9.828862385210876962e-01
9.966957030466930822e-01
9.908940095876380694e-01
9.831159025061816381e-01
9.761027931247718836e-01
9.693833692724479478e-01
9.817066347228506906e-01
9.720966021321917339e-01
9.824733788979094218e-01
9.890600737384570573e-01
9.949960839837923565e-01
9.710925552160923901e-01
9.755094075283242683e-01
9.560813925638806943e-01
9.900547356222942907e-01
9.851501024925531924e-01
9.888680664499920336e-01
9.681179645518738219e-01
9.488733625636508462e-01
9.633270912353497639e-01
9.995903671839241333e-01
9.935261740156389187e-01
9.866254620417126420e-01
9.830580647785573944e-01
9.721276756169480171e-01
9.722048836754673129e-01
9.774057615625618700e-01
9.770410040716173139e-01
9.769915281413423802e-01
9.714213104167257473e-01
9.992864160086326608e-01
9.876814775081602660e-01
9.836008317746541829e-01
9.488705952017497669e-01
9.784374888632002554e-01
9.728295839620634267e-01
9.821635126676834249e-01
9.826841002738165853e-01
9.763031334529028715e-01
9.710326498799081163e-01
9.726092080182375810e-01
9.909489020396049508e-01
9.874069786854944297e-01
9.762664453458751446e-01
9.887236270845086716e-01
9.947077870898075602e-01
9.896248869107902024e-01
9.673405714322986793e-01
9.615973865590825564e-01
9.675405316685924406e-01
9.853004971880070517e-01
9.825447090238182968e-01
9.885124171393339099e-01
9.955408116244501837e-01
9.871354414227379026e-01
9.885673983738749726e-01
9.707094796362898403e-01
9.704555267210659419e-01
9.596508335274309687e-01
9.670102058940545087e-01
9.908449711327801390e-01
9.816548309533470462e-01
9.834082298034523273e-01
9.773651681912647327e-01
9.333603285157625606e-01
9.703619558581175752e-01
9.820019084439839396e-01
9.740220899379298247e-01
1.004379171916955693e+00
1.002184458043701820e+00
9.555478663688614649e-01
9.853234453103771884e-01
9.913319253176755552e-01
9.800855536110888444e-01
9.357391621999768816e-01
9.576847630720742854e-01
9.698032971044161510e-01
9.906051090482429489e-01
9.654677844735169989e-01
9.860329379849281928e-01
9.786920808314316655e-01
9.701835561518646900e-01
9.490931498814061396e-01
9.768685085513161281e-01
9.937590514872740588e-01
9.865485356974660336e-01
9.800100898043956343e-01
9.778636436085510475e-01
9.896651748425110418e-01
9.706560597929106970e-01
9.705184022537474142e-01
9.819690050950092841e-01
9.781599281898002429e-01
9.605472993423280759e-01
9.919811946130260294e-01
9.885131884972392369e-01
9.863154399935128991e-01
9.713965170653766634e-01
9.861297828408435162e-01
9.740053496023337587e-01
9.850124435902620768e-01
9.857747918483453775e-01
9.923130634066472666e-01
9.760150080994915989e-01
9.928942774346152245e-01
9.552964124032317095e-01
9.490144442231739363e-01
9.878453186650570927e-01
9.695513588646037517e-01
9.998053182003459050e-01
9.772653385514866731e-01
9.862871236512368300e-01
9.799048999815556105e-01
9.714884073790460706e-01
9.901930300158374720e-01
9.978414211297492731e-01
9.911554303279781486e-01
9.800356153480465071e-01
9.304149408088279172e-01
9.650775063869972969e-01
9.682146913749900552e-01
9.780360036625476150e-01
9.828749931772716719e-01
9.856378102419212084e-01
9.953930610403375345e-01
9.855670325065826187e-01
9.864605215170932917e-01
9.872226648349486933e-01
9.776800508588302518e-01
9.798313121232088418e-01
9.917198051645420565e-01
9.697650821411342159e-01
9.927964961401923860e-01
9.912250707620320345e-01
9.894389016254050429e-01
9.771774123522306565e-01
9.505904908183332447e-01
9.772443229878180482e-01
9.894446339386910871e-01
9.883508332870443169e-01
9.681715585568195781e-01
9.670823057323848504e-01
9.735412050499815395e-01
9.782568038489107831e-01
9.891801000220781237e-01
9.849500248663586310e-01
9.748476932632650360e-01
9.545404031010046308e-01
9.754113085059974431e-01
9.910017149054489716e-01
9.991168361027746858e-01
9.556524427341007710e-01
9.858180331874395463e-01
9.832511988546348558e-01
9.540313268746476449e-01
9.760110241395465458e-01
9.652487010389757538e-01
9.630463620923495061e-01
9.884798925739594067e-01
9.706289779634069692e-01
9.707920788023846059e-01
9.818108286742420754e-01
9.808744821580502871e-01
9.712867735471155672e-01
9.800586326099303136e-01
9.974561535511680122e-01
9.752552003507680700e-01
9.634453016328440311e-01
1.001478929367235038e+00
9.785832299998235007e-01
9.873406323684545960e-01
9.945403212383489011e-01
9.797041456673658555e-01
9.877189322032257079e-01
9.948081474731702567e-01
9.958703099505600287e-01
9.693480890770881375e-01
9.793820239190181853e-01
9.867272946528510280e-01
9.692770948740341286e-01
9.755767495874663187e-01
9.691570231762594023e-01
9.843740550448809579e-01
9.772726007999381626e-01
9.763391974021971009e-01
9.897248867079558865e-01
9.813766961880080464e-01
9.842038177522051123e-01
9.873149998860641929e-01
9.781916112353665760e-01
9.761607742399738274e-01
9.762122988201952234e-01
9.874567373204562459e-01
9.828458594082335464e-01
9.923581053243731853e-01
9.679095595749909187e-01
9.702352812463742593e-01
9.849101862859227507e-01
9.905992293199044063e-01
9.818128179047240778e-01
9.907841908884770232e-01
9.756531904688134915e-01
9.924551876176039844e-01
9.767349867714065770e-01
9.794464917593278530e-01
9.725169311769834568e-01
9.616583249734788064e-01
9.813651311955284839e-01
9.912778103187764867e-01
9.606664691535056200e-01
9.835147655234746100e-01
9.595775969706042963e-01
9.628462512701783105e-01
1.000600191335032196e+00
9.739784003453396677e-01
9.677773446290677262e-01
9.689595949050361368e-01
9.812431965213860297e-01
9.835668141104828566e-01
9.738806390890527576e-01
9.914047203532768693e-01
9.876008060862948579e-01
9.880658090828209339e-01
9.628748026095883539e-01
9.741815193570966258e-01
9.781203588088652756e-01
9.707852247651811428e-01
9.685083182689581127e-01
9.859619555828140758e-01
9.700942120617894737e-01
9.913221692467508728e-01
9.747970607258430453e-01
9.918469316600381225e-01
9.814846068376463784e-01
9.680526988215316653e-01
9.792330018063678532e-01
9.875818761340630081e-01
9.861148959700953842e-01
9.862156519020413015e-01
9.692087051810011067e-01
9.836410315297221540e-01
9.730510140773983574e-01
9.843551635641708542e-01
9.988363716760751965e-01
9.721047296802207693e-01
9.510990014530028569e-01
9.672172761022989063e-01
9.872789358366985679e-01
9.824564461390157266e-01
9.846848586360195110e-01
9.726513027061761685e-01
9.911446299166879470e-01
9.884858947048151823e-01
9.741931994812925710e-01
9.854888591581228985e-01
9.626777718891544877e-01
9.737412496532011907e-01
9.701248260984083327e-01
9.891234964034584243e-01
9.943827193424750188e-01
9.902746470211226670e-01
9.725467006493564437e-01
9.993133510445255663e-01
9.724907698560312230e-01
9.848529431527099920e-01
9.703831502911359763e-01
9.894988787068639269e-01
9.801924942290778375e-01
9.870855300180663150e-01
9.885974176124603385e-01
9.858952436189217794e-01
9.815520910177163438e-01
9.605511300495641613e-01
9.976383517465856610e-01
9.926485896726022773e-01
9.850205108392243725e-01
9.811271936918494196e-01
9.767019862745801584e-01
9.685697085697851927e-01
9.836387375176769421e-01
9.734031374093402578e-01
9.738917216359833651e-01
9.910578817072904778e-01
1.003567555628384955e+00
9.964869634023704181e-01
9.747953408210570103e-01
9.707722334419918164e-01
9.862583494060969125e-01
9.823941046547555178e-01
9.722087037608452276e-01
9.565982919172868471e-01
9.685242635659350174e-01
9.822937005631543483e-01
9.919082433595115544e-01
9.756274999480581966e-01
9.775647649130246863e-01
9.752697810774714204e-01
9.711816666377353080e-01
9.837652872628417366e-01
9.598684098965974965e-01
9.910406234150969107e-01
9.791747470278651111e-01
9.724833131062495806e-01
9.791958535632596661e-01
9.921349351286590235e-01
9.682988337650222377e-01
9.760731188081921417e-01
9.908338571373057624e-01
9.923773926469251494e-01
9.911978135519516897e-01
9.797510731948797513e-01
9.760092008378982165e-01
9.746285207218305935e-01
9.774911148977448727e-01
9.877472738303516575e-01
9.982729007252779674e-01
9.884316039944489596e-01
9.883524230748381711e-01
9.353574428621448389e-01
9.656841404031367704e-01
9.587944928394759314e-01
9.955204169696603156e-01
9.927628059351951695e-01
9.866353702406318593e-01
9.793808563940044065e-01
9.777356649607582550e-01
9.856674697737551893e-01
9.871740478117513318e-01
9.785892792176426047e-01
9.828937653269129715e-01
9.766610963413542290e-01
9.827498220373417359e-01
9.851871610264859580e-01
9.717911071651570420e-01
9.595428338534911505e-01
9.811457823070522943e-01
9.817825943242934894e-01
9.937724158120045947e-01
9.887499652002671446e-01
9.877548496533207212e-01
9.595673025981569237e-01
9.748218097103248381e-01
9.792243618323290821e-01
9.825078493500382093e-01
9.710900625073690673e-01
9.644633123652437412e-01
9.928800925251189957e-01
9.678586123711784284e-01
9.605971416003752372e-01
9.692101896018532337e-01
9.954607506856502086e-01
9.852729241094742019e-01
9.857712389528651142e-01
9.927088633091053493e-01
9.830881335013512690e-01
9.689151019514341545e-01
9.822212131575234206e-01
9.799412420587390038e-01
9.869069215120789273e-01
9.911413176260429614e-01
9.769797858152947656e-01
9.905064422815476055e-01
9.974658618969454160e-01
9.761180979335872809e-01
9.885165837301909120e-01
9.820874283526705995e-01
9.856205489887874815e-01
9.766404769501756400e-01
9.712859287519191032e-01
9.684514357050569844e-01
9.850771157551678758e-01
9.621860773266299738e-01
9.723258379865578060e-01
9.779639766796920375e-01
9.732812499115384153e-01
9.856846059162650553e-01
9.786885137571240678e-01
9.938259505622188961e-01
9.905231475447690004e-01
9.929363249784830536e-01
9.828558398398604679e-01
9.855925355067176596e-01
9.690867578716217956e-01
9.752930504659075295e-01
9.583908073044652420e-01
9.753195348713030732e-01
9.829581913241600688e-01
9.810086437978257079e-01
9.943174548445847805e-01
9.782217626389512199e-01
1.009702108614574545e+00
9.269546519335198909e-01
9.701888922931100057e-01
9.974327819165121900e-01
9.921675282400270746e-01
9.563178787232071709e-01
9.769179318878639107e-01
9.897415300305588692e-01
9.945916569049531031e-01
9.796523300029731374e-01
9.833606750448183886e-01
9.765989391759978266e-01
9.574874989574396755e-01
9.807064253727156844e-01
9.818627051860278065e-01
9.580802717389961254e-01
9.770627135467198077e-01
9.828092428719832352e-01
9.627868734813216367e-01
9.781831811224904749e-01
9.901995683083736344e-01
9.897990087607275722e-01
9.854601032073291300e-01
9.738217302434518663e-01
9.795109034070688114e-01
9.661550500018294407e-01
9.918940919094603181e-01
9.904186938376111637e-01
9.309603014793378373e-01
9.811569547885892195e-01
9.565546591042736191e-01
9.282286700269626323e-01
9.713707683381779256e-01
9.867271372454431422e-01
9.907310184291464594e-01
9.890722714692536943e-01
9.858778372155901915e-01
9.764258395486371533e-01
9.578119809373500937e-01
9.600883973747577071e-01
9.890653168658265493e-01
9.924387687815500181e-01
9.667453199638459393e-01
9.929479128092522089e-01
9.565582607884074440e-01
9.749880856931116835e-01
9.787239398362441722e-01
9.704873176108399502e-01
9.831048008517293546e-01
9.746786638541911074e-01
9.817851560488681795e-01
9.750244146316613403e-01
9.891062415233786709e-01
9.758055998787855678e-01
9.694449791587290699e-01
9.861939495097272745e-01
9.718554792405884601e-01
9.962470351865736484e-01
9.968214199331016934e-01
9.787424546849975426e-01
9.875417573035289998e-01
9.374710305587433679e-01
9.766712005645893369e-01
9.829677044203185554e-01
9.674027076232321054e-01
1.006935941044417193e+00
9.777057715837060847e-01
9.879821294141714061e-01
9.857558870145944896e-01
9.938461776132282433e-01
9.717783721568306055e-01
9.862113931079887763e-01
9.834487091562758021e-01
9.910747324072015640e-01
9.828633441613785493e-01
9.773340029524402173e-01
9.867536051136841513e-01
9.935923236370304279e-01
9.804110891440772635e-01
9.826436777126074107e-01
9.854349852323208703e-01
9.787129470490854022e-01
9.585610203391601303e-01
9.810010527678453274e-01
9.866330935248970313e-01
9.713817923411541821e-01
9.808839844565786503e-01
9.620822731348550594e-01
9.864698846088847395e-01
9.813602220459514136e-01
9.813631568050509291e-01
9.626360918908989373e-01
9.869168149990169558e-01
9.604630350646972126e-01
9.897861769430942314e-01
9.853157786591538736e-01
9.734776288977518011e-01
9.869878913936138698e-01
9.828325632515957366e-01
9.881085218984895224e-01
9.894003018489099244e-01
9.872515477924505012e-01
9.735701557333321654e-01
9.846856815990768785e-01
9.774615881994666022e-01
9.946403611212212281e-01
9.755200214259064362e-01
9.884939945737302169e-01
9.587790361300921882e-01
9.871078970037562295e-01
9.697244117925891693e-01
9.911617818808337033e-01
9.577036488101006162e-01
9.812526936114684961e-01
9.741584231951643247e-01
9.468765118534692160e-01
9.420293556958462267e-01
9.837622442320772542e-01
9.885183046456215150e-01
9.681546051683794785e-01
9.946181282291600700e-01
9.796771309665857075e-01
9.748039069844125493e-01
9.669787031750718409e-01
9.878241897424108187e-01
9.387368841938291686e-01
9.752306394784128196e-01
9.456112966776717421e-01
9.888495541193654814e-01
9.854455199869037729e-01
9.842061930597100217e-01
9.813315497707710833e-01
9.881414291552561568e-01
9.889661834171343813e-01
9.675490805749362710e-01
9.832997592146244248e-01
9.835178169605226506e-01
9.653367511352112240e-01
9.578384764875155222e-01
9.605092790427989247e-01
9.692529826184776987e-01
9.695634274657594087e-01
9.831290903914060575e-01
9.567228146338784267e-01
9.910229328188626674e-01
9.656947200810593879e-01
9.810792004227303353e-01
9.948176485117432577e-01
9.789233590907586713e-01
9.794011635779837910e-01
9.781385296085575165e-01
9.611705322849396493e-01
9.998501156777993559e-01
9.935086398530275087e-01
9.556944852037078109e-01
9.832213189224252581e-01
9.688872172341121969e-01
9.777160918020091351e-01
9.809719126300365799e-01
9.966737887605843227e-01
9.540257161816176890e-01
9.940127087707983922e-01
9.646053625693944422e-01
9.933345267216335817e-01
9.879020642167113397e-01
9.962224513379043245e-01
9.452704542310521596e-01
9.783299616384413255e-01
9.913884790887002030e-01
9.875660301186585111e-01
9.827170151638373596e-01
9.803062238871040890e-01
9.896957617836129595e-01
9.718388361274569176e-01
9.851409683016039143e-01
9.858953607658852425e-01
9.704764407589855368e-01
9.872840699380192042e-01
9.896579714400488559e-01
9.751656691517994746e-01
9.431840512776463736e-01
9.869503869594237200e-01
9.819904925318574396e-01
9.717061537272605465e-01
9.810050587446401682e-01
9.787403430838600427e-01
9.428050841665404080e-01
9.774396108004792527e-01
9.697771918004324254e-01
9.687667912739804654e-01
9.705707337175198957e-01
9.673659033627313164e-01
9.784486543959539651e-01
9.754665385592503624e-01
9.679910198571425317e-01
9.916539223584730500e-01
9.884094424764972020e-01
9.491430823563705710e-01
9.791533674793406750e-01
9.885568623248166542e-01
9.906289034444045738e-01
9.910620424099566561e-01
9.911914554260654597e-01
9.927900305506230927e-01
9.976040115836608546e-01
9.708739229525312764e-01
9.685062223039216933e-01
9.894370282028118746e-01
9.518161878220010585e-01
9.865037810833351406e-01
9.839509707297333652e-01
9.862849138400919813e-01
9.822545801634008367e-01
9.620952838167508014e-01
9.953156723631485514e-01
9.860535295180896664e-01
9.798112736178711257e-01
9.941629538304405100e-01
9.682310584018738453e-01
9.560796172000711746e-01
9.925051220295448839e-01
9.493775248524105592e-01
9.859640179513509128e-01
9.813873859873673000e-01
9.710868840462509866e-01
9.792151564894522320e-01
9.878340057460404111e-01
9.751627095413252233e-01
9.901232424426694712e-01
9.888114342726722628e-01
9.895384853003006409e-01
9.746252671368190734e-01
9.858989527178695367e-01
9.926978651978055623e-01
9.805575632302325761e-01
9.931597392464303065e-01
9.459859896198951068e-01
9.720570530117593755e-01
9.740040024396084961e-01
9.835549750698409088e-01
9.600013157694947674e-01
9.672733837487805797e-01
9.334408018931776851e-01
9.593846865819963821e-01
9.831415301999268941e-01
9.927480415018979931e-01
9.809610730625827335e-01
9.593692401518164603e-01
9.506714941797285157e-01
9.788657102672381205e-01
9.678764893737095143e-01
9.881413955291741269e-01
9.832776214463498921e-01
9.825433027632545224e-01
9.873083085366972655e-01
9.807698366273811530e-01
9.832014531205004459e-01
9.761291919979331322e-01
9.883758945915275262e-01
9.900273301020776628e-01
9.912972385750100646e-01
9.670690742163980946e-01
9.778813334178338978e-01
9.727213819754304547e-01
9.771590112066739220e-01
9.935595882536750745e-01
9.886434441385004712e-01
9.706889036238097734e-01
9.698869992236766047e-01
9.703885706482706652e-01
9.455042144256537995e-01
9.827384890385812977e-01
9.793464297537820551e-01
9.887678141652468389e-01
9.856951574995492793e-01
9.790681513635042243e-01
9.829653032689152914e-01
9.899706095666064298e-01
9.792086102780133139e-01
9.675758852382368991e-01
9.650295237967814188e-01
9.747887202641828397e-01
9.495206226482513223e-01
9.860127354898299279e-01
9.876539054693167508e-01
9.604082991082283360e-01
9.867209769032750932e-01
9.760274776301648414e-01
9.776038246463595316e-01
9.777365556371445665e-01
9.910888750550864712e-01
1.000616289211088583e+00
9.551989727375075345e-01
9.905439906925095350e-01
9.866461937422296158e-01
9.829860385283722968e-01
9.859357940656802155e-01
9.825249603243271235e-01
9.847663271811064600e-01
9.980951351305599184e-01
9.761603966298506574e-01
9.573859115948782916e-01
9.769135027432802598e-01
9.582895499674052298e-01
9.773172781401275877e-01
9.783619219551640267e-01
9.927916204769161590e-01
9.983638737395811313e-01
9.826610174933820829e-01
9.830481991417068244e-01
9.902775754987057644e-01
9.882176294580182763e-01
9.942952844106038857e-01
9.680658167958048343e-01
9.893998146174742825e-01
9.862129118114677517e-01
9.876800880486223955e-01
9.775776478027828897e-01
9.823921703170177544e-01
9.906711876914674475e-01
9.714189521208662637e-01
9.727693283209816189e-01
9.648633071864998190e-01
9.884434346191155463e-01
9.936714053217156062e-01
9.912375849899429658e-01
9.812602206413248984e-01
9.810951223117551079e-01
9.831608205843043180e-01
9.905267753164055389e-01
9.835173124074829687e-01
9.797067561778446398e-01
9.835390783366564360e-01
9.812440874613338471e-01
9.583476236041912344e-01
9.496750591883629244e-01
9.689355327985271771e-01
9.846710861470120424e-01
9.656573221198274659e-01
9.567064618330614056e-01
9.725658837911271837e-01
9.866136763352725270e-01
9.865620496284926988e-01
9.813116875384829685e-01
9.822737239123765507e-01
9.877891519863362113e-01
9.677088177844994643e-01
9.963398256912007200e-01
9.895413157174886010e-01
9.766229287308044738e-01
9.756591117728522500e-01
9.693891390684511444e-01
9.850457028178611907e-01
9.814895106870398234e-01
9.563280892139169875e-01
9.834240992389450264e-01
9.856636984609556951e-01
9.846217132691987839e-01
9.648963655553258745e-01
9.925093338812739363e-01
9.833026455856881398e-01
9.618042185753249429e-01
9.907374098018627562e-01
9.736693288707884975e-01
9.531693563717575923e-01
9.872734252105751507e-01
9.748086232146458974e-01
9.681190390108362909e-01
9.985147740151198992e-01
9.693799470246174943e-01
9.632497161454189882e-01
9.798971088374212046e-01
9.773831397333618831e-01
9.934150835525578094e-01
9.857240147647826634e-01
9.547198402533232375e-01
9.814292577818053420e-01
9.658025923694151249e-01
9.594280200017596405e-01
9.602884978812769035e-01
9.778301066450607593e-01
9.735948304916567375e-01
9.659254684628008070e-01
9.857672355220695737e-01
9.793022676292368889e-01
9.763179427502159946e-01
9.895564212243919133e-01
9.818923540411294004e-01
1.001292826672595560e+00
9.809480942926789293e-01
9.769826300293656951e-01
9.751715072212916446e-01
9.612516764278438153e-01
9.968498357480709560e-01
9.835579948406967254e-01
9.786389710550473797e-01
9.553156458014163688e-01
9.818485743699777446e-01
9.805604735383629533e-01
9.828851621102678848e-01
9.902408377958238361e-01
9.741707135341081125e-01
9.949308927788064194e-01
9.787590773209032813e-01
9.746890744791838479e-01
9.675956523544982923e-01
9.635153396725838482e-01
9.844662056918376258e-01
9.821518298126898916e-01
9.914990995180882338e-01
9.879166353112550647e-01
9.738233610748985303e-01
9.785857349308836328e-01
9.612747036371304121e-01
9.771461615290473190e-01
9.837023290498422279e-01
9.427274490583367195e-01
9.398314051363030330e-01
9.808583719881279750e-01
9.644438852716090693e-01
9.557637080822511955e-01
9.816995763626588101e-01
9.822805075383044260e-01
9.848569511221912931e-01
9.859826227943634391e-01
9.804130654394250799e-01
9.900365162070779990e-01
9.835516333176750337e-01
9.652830208521856470e-01
9.958800643069596337e-01
9.692766776336733114e-01
9.772601860905827387e-01
9.817637441885371796e-01
9.790978173366577941e-01
9.592582213366005472e-01
9.829464603648273568e-01
9.977208783926854174e-01
9.872814203642399367e-01
1.000525944680136448e+00
9.889662212359218163e-01
9.795594176895827676e-01
9.798933244849632462e-01
9.898431963374786369e-01
9.823342668556249713e-01
9.781212832873964480e-01
9.827417747479249011e-01
9.804284078686276160e-01
9.844049445613697324e-01
9.852075180631115758e-01
9.880247807152381379e-01
9.644080893768272045e-01
9.781599363025702543e-01
9.839421550724087862e-01
9.463419331390512390e-01
9.682817031173514000e-01
9.757893836433194634e-01
9.967408818737872878e-01
9.891857186019069603e-01
9.750328070159334226e-01
9.975823445497484787e-01
9.753207028694930170e-01
9.758082735259060447e-01
9.807980780538875232e-01
9.905025270720055897e-01
9.871045137995079211e-01
9.592826090704569264e-01
9.557450876869243439e-01
9.903094657592956818e-01
9.652861212542614977e-01
9.835956085402647320e-01
9.813684413253637162e-01
9.731150109616857335e-01
9.743236414271680967e-01
9.962061634828498491e-01
9.855998401737083858e-01
9.679387376477438520e-01
9.749767454646888210e-01
9.880893015825704673e-01
9.649714638652100440e-01
9.790922518206219838e-01
9.989324333630397179e-01
9.741977617838013526e-01
9.957504192985042746e-01
9.753265229239770351e-01
9.880415744431980674e-01
9.760260299021952246e-01
9.687676263504130247e-01
9.484426835989958615e-01
9.850745777770938405e-01
9.702561968134980619e-01
9.893642750987696743e-01
9.846514176881867586e-01
9.847348842907680533e-01
9.688514560207708293e-01
9.715929008594859084e-01
9.766033583832491871e-01
9.740409025337456450e-01
9.887605386358702120e-01
9.646265862019277604e-01
9.983306720455232819e-01
9.929502767001155972e-01
9.891742231482660852e-01
9.863091983028884346e-01
9.839334686164551425e-01
9.894461333149376925e-01
9.864886347077812534e-01
9.652243156928516088e-01
9.858514513315164152e-01
9.885324841996038225e-01
9.829995755457676676e-01
9.888191327418693888e-01
9.794912843334193653e-01
9.867976919597397645e-01
9.881765585020751974e-01
9.818662186849882456e-01
9.593747158633690875e-01
9.812344791817915191e-01
9.883399595080358813e-01
1.002312795485916341e+00
9.885199640811370703e-01
9.811383252216471229e-01
9.786582778156234230e-01
9.992437735030580415e-01
9.776804453092915459e-01
9.762397618700791035e-01
9.542929583464057064e-01
9.838374340141168295e-01
9.779178438810822716e-01
9.904760919664947760e-01
9.527117410285858012e-01
9.773106859645117606e-01
9.943456464404516471e-01
9.788912448473866545e-01
9.900946633594523982e-01
9.635814204528022620e-01
9.817232319215610792e-01
9.896321464689209479e-01
9.564856104053847119e-01
9.552623809115514675e-01
9.555723150192358961e-01
9.819267731818227540e-01
9.732939180805709745e-01
9.858485750344032628e-01
9.753649320120837407e-01
9.894641589718697894e-01
9.884223993430339972e-01
9.909968082272926360e-01
9.711561018828438474e-01
9.771316647131375044e-01
9.903328374207363005e-01
9.834129714748545137e-01
9.802585776766967740e-01
9.571252411081452305e-01
9.877820173891517230e-01
9.829205438753436663e-01
9.937112762659423559e-01
9.865340272293354751e-01
9.834334224699672333e-01
9.538002527015972953e-01
9.740210583503374764e-01
9.826125590056561387e-01
9.780154727056091790e-01
9.886533734952935859e-01
9.741447711052464431e-01
9.991379562905505773e-01
9.787209700948110713e-01
9.729017471366934178e-01
9.720587285405368760e-01
9.782803040382581639e-01
9.915219025784224316e-01
9.862491798702215373e-01
9.842331231251169044e-01
9.844181929137336695e-01
9.803219680134294123e-01
9.711764313454713804e-01
9.730984565208204984e-01
9.785070241474094210e-01
1.002939215238956683e+00
9.794699220387754757e-01
9.942878261111852689e-01
9.909859511530507703e-01
9.844791609599337079e-01
9.798745009548768259e-01
9.852931122927610641e-01
9.784888494963394079e-01
9.922096464501529711e-01
9.730583822491991608e-01
9.719718715266957298e-01
9.843423040555044912e-01
9.580574749029042714e-01
9.648926041466930892e-01
9.742821147046143437e-01
9.923465652492234890e-01
9.841247757450545253e-01
9.660539336660545207e-01
9.831793126334970045e-01
9.431904973171745254e-01
9.926801231082008625e-01
9.898639892430636245e-01
9.797446441042912957e-01
9.891709051420303211e-01
9.590644600992112023e-01
9.911498956672725180e-01
9.804841803493777874e-01
9.824056552937492359e-01
9.757950317091457215e-01
9.795419118826181881e-01
9.745130312497597425e-01
9.717472500666609614e-01
9.805468281272823328e-01
9.795884142597176547e-01
9.777507502976855447e-01
9.744972013123238685e-01
9.936353180053664191e-01
9.822856611573581587e-01
9.536159699353200514e-01
9.879243280004657013e-01
9.907279393949505186e-01
9.977329423456584578e-01
9.584830019526573430e-01
9.900857702730014864e-01
9.802497410144934697e-01
9.510186896478340923e-01
9.897713097761074996e-01
9.915924581560772166e-01
9.857567839222842743e-01
9.919902150330066615e-01
9.803453890134179449e-01
9.931007763786068310e-01
9.819502436999406614e-01
9.716205810179289193e-01
9.905923924319670615e-01
9.881334725839528987e-01
9.727299439723730012e-01
9.929051445456194003e-01
9.735208291115876600e-01
9.847163366076389091e-01
9.894389114340312874e-01
9.855957678629025942e-01
9.842984951516773329e-01
9.645754598272577862e-01
9.622293690043153269e-01
9.536472045528227026e-01
9.765489539483102055e-01
9.761641803177744103e-01
9.756723397520177254e-01
9.759243154456385128e-01
9.907881255292348976e-01
9.587558319664613027e-01
9.813014123982561898e-01
9.709586010639840170e-01
9.670350358418361436e-01
9.784846701843600281e-01
9.878525934638466843e-01
9.852692144691614917e-01
9.855682362366199323e-01
9.773082008677351773e-01
9.793896183153066870e-01
9.790195613375849426e-01
9.869890199767767935e-01
9.775458985415615976e-01
9.901056167217455739e-01
9.845808337910143537e-01
9.736489349679051664e-01
9.874065998213421569e-01
9.871684107590691371e-01
9.860731229689145838e-01
9.901313466460694990e-01
9.858997745270797752e-01
9.617603521945830014e-01
9.876196357556179528e-01
9.744086951454395962e-01
9.637055166123772443e-01
9.846113352399868957e-01
9.862376118267095482e-01
9.759458962857910924e-01
9.527773045664793550e-01
9.912437126095680062e-01
9.743167226537847725e-01
9.808735539881990873e-01
9.820591016187230071e-01
9.892015745237512370e-01
9.669531725419204804e-01
9.987077061180528181e-01
9.842459507356896564e-01
9.827428577466031934e-01
9.774246199828179327e-01
9.758409915510792842e-01
9.899585085876994039e-01
9.628734321467191659e-01
9.822839743430760162e-01
9.894795755335387133e-01
9.826440818537524047e-01
9.607174061812439048e-01
9.878912818059838452e-01
9.650645648333902038e-01
9.526406643528902984e-01
9.737438458492666538e-01
9.709777120276147366e-01
9.876770523998864570e-01
9.420103981467965459e-01
9.399129663299413684e-01
9.549292902522730220e-01
9.868090774461985015e-01
9.993863677517731414e-01
9.852684008694211348e-01
9.767357431938118451e-01
9.719914633429671547e-01
9.839196976836006581e-01
9.873978553890447873e-01
9.732801314747515642e-01
9.838808374784088207e-01
9.818671700361643051e-01
1.000378487020827878e+00
9.753184199143176691e-01
9.893898551668518504e-01
1.000398649706393472e+00
9.913565954264341729e-01
9.755221642010371008e-01
9.658360391572293757e-01
9.521053201370405228e-01
9.963217264043563448e-01
9.389932419358616444e-01
9.851825960221018974e-01
9.528981976659733899e-01
9.724574313895189004e-01
9.862911119431503337e-01
9.872917347122727172e-01
9.876228091675997023e-01
9.671993396288892653e-01
9.623142974932239468e-01
9.849329391018291080e-01
9.922694910340499330e-01
9.898434511451676965e-01
9.806238765454436956e-01
9.770935155965347896e-01
9.726434538598361934e-01
1.003476818498758139e+00
9.855399146261784038e-01
9.843740881352122107e-01
9.945115394034828027e-01
9.854789902096059429e-01
9.826479684332275477e-01
9.792858475343669822e-01
9.837751012746136503e-01
9.840809672500642202e-01
9.737487161741058550e-01
9.705209005583551596e-01
9.855503567250033514e-01
9.641083609734770743e-01
9.505138473846442837e-01
1.008301990374627977e+00
9.944094534336316293e-01
9.816838316150996446e-01
9.870901487308658684e-01
9.786984638805025227e-01
9.734581323490597571e-01
9.823553965489169038e-01
9.679930292980849504e-01
9.740408204634763978e-01
9.844251100491214768e-01
9.794234807435054924e-01
9.803860938300603678e-01
9.268841707352687420e-01
9.826430450752420276e-01
9.779013582490837520e-01
9.798895641522110678e-01
9.984605374407263811e-01
9.702610896840954124e-01
9.518243953105230970e-01
9.868460544454558114e-01
9.701110725092129128e-01
9.853044488999420647e-01
9.570485136310875607e-01
9.758665209109459449e-01
9.754694194964951270e-01
9.838515208823436220e-01
9.800015877283692056e-01
9.763662468090155144e-01
9.965646871245288363e-01
9.516875243620311897e-01
9.685159813254814454e-01
9.881306733329037195e-01
9.927858724844309535e-01
9.976674928337023740e-01
9.822514664952843866e-01
9.674792830096687890e-01
9.935830614155150009e-01
9.872861764350847613e-01
9.965574377185395516e-01
9.758096622054190927e-01
9.732848196157082299e-01
9.899326712408687001e-01
9.795197655722114316e-01
9.808287219760483122e-01
9.414115614414130251e-01
9.794697826853574485e-01
9.583569905369766495e-01
9.832567981703400628e-01
9.479107109199392811e-01
9.772265884022002247e-01
9.793660720061477809e-01
9.918267962884095290e-01
9.790512186981999987e-01
9.859617125433822737e-01
9.823077690118779959e-01
9.777412805052182465e-01
9.613648236560794480e-01
9.777937854383473848e-01
9.838614438390115291e-01
9.644756408017478577e-01
9.797114715887347280e-01
9.668397692122319143e-01
9.610290339616529565e-01
9.725942633921943470e-01
9.482276528720565700e-01
9.860412951818667837e-01
9.889317014387156712e-01
9.619257428551598599e-01
9.873097302896954863e-01
9.883579568747230537e-01
9.700767997416945843e-01
9.876037918624139822e-01
9.570460085585744681e-01
9.705573792270341116e-01
9.856942852565775404e-01
9.619737308206328663e-01
9.816100850424659408e-01
9.795187456031161366e-01
9.897077231348503368e-01
9.753718091262307821e-01
9.689269297514196966e-01
9.832234678380964432e-01
9.818936450506101643e-01
9.756065214226553595e-01
9.897915593505544063e-01
9.598840405062319947e-01
9.995643866734522653e-01
9.794290043161649750e-01
9.758984301280603235e-01
9.754745679373736378e-01
9.802473167741879712e-01
9.884605658762970481e-01
9.433894164950228367e-01
9.641654141976341297e-01
9.713454421724526666e-01
9.735127854981505680e-01
9.790882432982647154e-01
9.726669064541194620e-01
1.009001556735243721e+00
9.727531015367114620e-01
9.879437037360733198e-01
9.917873916196358053e-01
9.984333971268196661e-01
9.826871076734341459e-01
9.646452949549546574e-01
9.660626031622144838e-01
9.991411130615847069e-01
9.753148531438650126e-01
9.947203409523859285e-01
9.885671017511484804e-01
9.844195685296383003e-01
9.282020890722596507e-01
9.823012394520669321e-01
9.714205042566133042e-01
9.804610491489768043e-01
9.720517032467747010e-01
9.776632755753096315e-01
9.900794561184714793e-01
9.922617341614992093e-01
9.857932931579767022e-01
9.624169186703274148e-01
9.858449026134115112e-01
9.752973379588893987e-01
9.532900773795246474e-01
9.842399444887913740e-01
9.904782651091379453e-01
9.779047677483223566e-01
9.572350745164943664e-01
9.964976847914904790e-01
9.799499556251395349e-01
9.778555957893152462e-01
9.844467247563598589e-01
9.409997672844878647e-01
9.910961838775372845e-01
9.825860281852658584e-01
9.716277890394960925e-01
9.827541113707530807e-01
9.839811548096316640e-01
9.790007548170054363e-01
9.548589880934802432e-01
9.899721171347607429e-01
9.962419428412997435e-01
9.881501467830465790e-01
9.769262824396512945e-01
9.891251373681135828e-01
9.665631149357819529e-01
9.579437660136801425e-01
9.939837112318146151e-01
9.913264639270745748e-01
9.705312888633212953e-01
9.875521542507210704e-01
9.709529497487343619e-01
9.812965476901311934e-01
9.696287632792169875e-01
9.823631671106450858e-01
9.893119713974671825e-01
9.804821983198374058e-01
9.786571125976617491e-01
8.974626394756639591e-01
9.833470739541370076e-01
9.770105573859116932e-01
9.844097235228285170e-01
9.867874805912515424e-01
9.817855707410879651e-01
9.916180425618364991e-01
9.781502625535837270e-01
9.702858276358637957e-01
9.823979488862266685e-01
9.708083800428345400e-01
9.817523191429060603e-01
9.798693883388365222e-01
9.917677675268540272e-01
9.723027181290697651e-01
9.627631345822583731e-01
9.807724716749000038e-01
9.728274416377170608e-01
9.852226683356195558e-01
9.950856179647770139e-01
9.851194612674492035e-01
9.750228106578524567e-01
9.785108912487813226e-01
9.812047271452974950e-01
9.537241036931588534e-01
9.866467647819570086e-01
9.924857012987337024e-01
9.946572241220025257e-01
9.946753389891705988e-01
9.739816655731937667e-01
9.897344534351264489e-01
9.915604076781138199e-01
9.707889394681608053e-01
9.838396471166622748e-01
9.716089940020689042e-01
9.587467020179237798e-01
9.911248322411591039e-01
9.598409816068418365e-01
9.735915906133698616e-01
9.935365453347241305e-01
9.829987860970363922e-01
9.868598768490979278e-01
9.442427816246518057e-01
9.744974483167538892e-01
9.782007461656221370e-01
9.787615736343973083e-01
9.768217838894442950e-01
9.800477665046604114e-01
9.899778651732141777e-01
9.879488435324081941e-01
9.912393040177950310e-01
9.904706746387650362e-01
9.847367821813662880e-01
9.888041329543174607e-01
9.775253174725023753e-01
9.923007989245419269e-01
9.842458062097297899e-01
9.749093183179453614e-01
9.922777969725897762e-01
9.961402137817689795e-01
9.805792892904059421e-01
9.876293788855942113e-01
9.802307330242531203e-01
9.893551472694175342e-01
9.755590438325812963e-01
9.888932423652410098e-01
9.912291097968425335e-01
9.951284109324272098e-01
9.495702080812973289e-01
9.746540747212988354e-01
9.788518536242059032e-01
9.838197520542714125e-01
9.410691758786207117e-01
9.865302018744245283e-01
9.859683356194640647e-01
9.598158791849655813e-01
9.951850385831485513e-01
9.715710558249776030e-01
9.824757554216221322e-01
9.945831147121324545e-01
9.761903911222916674e-01
9.823867370235879193e-01
9.870215325851317001e-01
9.938150968809378316e-01
9.839069020993318482e-01
9.906875307983680212e-01
9.568787348662600722e-01
9.583741653857376086e-01
9.759072395630413732e-01
9.686773106778799880e-01
9.768561564260043184e-01
9.787664546790832976e-01
9.841170349202590373e-01
9.519459634755547128e-01
9.802348213439301405e-01
9.943000632679186435e-01
9.923462786108586675e-01
9.900470490933158674e-01
9.909212462654158893e-01
9.852392885322681648e-01
9.714275577138856699e-01
9.732428919762226016e-01
9.751810672758326470e-01
9.711056243244003960e-01
9.873063291526551488e-01
9.864469533001042345e-01
9.634166468592979538e-01
9.799187984514385885e-01
9.858989175007405459e-01
9.618798979361421475e-01
9.781829401415349512e-01
9.696733860771652447e-01
9.717141337924275479e-01
9.763321283707020459e-01
9.876380081075344375e-01
9.871511722334019856e-01
9.655232144218502954e-01
9.824926311494065478e-01
9.391720576724079672e-01
9.790678252225544220e-01
9.547498739890670771e-01
9.758788952723810306e-01
9.755408314955448246e-01
9.468637672540685113e-01
9.766808667301655200e-01
9.578713495980236692e-01
9.816804791965617616e-01
9.737226651983921233e-01
9.748962047501378292e-01
9.758927925815785720e-01
9.800896666278976488e-01
9.840676390228156878e-01
9.655487587958067053e-01
9.928448247960260931e-01
9.864977530350602652e-01
9.755788444584471142e-01
9.907905625083399670e-01
9.896176635013451683e-01
9.866055165481716349e-01
9.478793996144353473e-01
9.924143123249088427e-01
9.814247304749375012e-01
9.558273885147403615e-01
9.502929078693072018e-01
9.636440251588090922e-01
9.949507615450894349e-01
9.926618471576785785e-01
9.624647038511200403e-01
9.902459720564816825e-01
9.668806444500452901e-01
9.789538158880649599e-01
9.909265296151279490e-01
9.638432316477831829e-01
9.848886004753756307e-01
9.714293313475930169e-01
9.814889712200736138e-01
9.861598818407725231e-01
9.598911694379465009e-01
9.472040949894825479e-01
9.955870702669127326e-01
9.864478752154333119e-01
9.822009259690906990e-01
9.892319031198721913e-01
9.799509103157653112e-01
9.466583605890004360e-01
9.757725385561654141e-01
9.922575128899245867e-01
9.840420231427992048e-01
9.804057801282687334e-01
9.800515287322398850e-01
9.653488825821469055e-01
9.438381610282534639e-01
9.801122100669545922e-01
9.792343934024120289e-01
9.952165506907790782e-01
9.824615573700828941e-01
9.768050680086519666e-01
9.824652699816509571e-01
9.666108893758525999e-01
9.877122846454183813e-01
9.695065773979749668e-01
9.846336637584747198e-01
9.758852814890079941e-01
9.861318772147766865e-01
9.660911765751301061e-01
9.743106255474204280e-01
9.801114085091618966e-01
9.971135767300063346e-01
9.782750518587494115e-01
9.789259307078419514e-01
9.857703189612516681e-01
9.944997064542334675e-01
9.705948727738392678e-01
9.822087758336792707e-01
9.967168482707856603e-01
9.642544832295454338e-01
9.783474613230168648e-01
9.653968931203537052e-01
9.829722718093962808e-01
9.464618777883754275e-01
9.537070990570832851e-01
9.981790409901361016e-01
9.804361949141361388e-01
9.274841918986086453e-01
9.789023675328039076e-01
9.865989120345530772e-01
9.771940795743040420e-01
9.879987214741446921e-01
9.794848959837244573e-01
9.592279015452473967e-01
9.910763828074461435e-01
9.902172585983453068e-01
9.708429268061399275e-01
9.793971789796896976e-01
9.911092225210628159e-01
9.646155172779976583e-01
9.651351807544307215e-01
9.912869951688417780e-01
9.994448000692243150e-01
9.612560016613942437e-01
9.629944312794076478e-01
9.953445030929704007e-01
9.891885256693525585e-01
9.729781080208832478e-01
9.894583510865914144e-01
9.807538516025404718e-01
9.988508691983427612e-01
9.653892417256428882e-01
9.816776587718564206e-01
9.969805042268991002e-01
9.927859508365441954e-01
9.758568522469432960e-01
9.946447010090117002e-01
9.618278175973136168e-01
9.801023350230666509e-01
9.896326005365300160e-01
9.865558582829586642e-01
9.760517005376524446e-01
9.505575822660369267e-01
9.884868747754981255e-01
9.633678423481957243e-01
9.825106594340943245e-01
9.725002403790840022e-01
9.759607721421874604e-01
9.927366803794388517e-01
1.024450173844851930e+00
9.791578893789015803e-01
9.897130225819009697e-01
9.617323727252893306e-01
9.524019562548673434e-01
9.772558363628696121e-01
9.546085017753567215e-01
9.888999349829958874e-01
9.565628460014017342e-01
9.586107740212970185e-01
9.660897492381351759e-01
9.821004727386661859e-01
9.911362342436449424e-01
9.929418567868500967e-01
9.789359619431039494e-01
9.775548150721274920e-01
9.779501591757907564e-01
9.938864108616188853e-01
9.810509473489571475e-01
9.855150557698419966e-01
9.712742244219878529e-01
9.401326969785427368e-01
9.715371401318988465e-01
9.890200521393995858e-01
9.910647101596261610e-01
9.844077328356691803e-01
9.758707072400156779e-01
9.784105168181631562e-01
9.743128482781528987e-01
9.836727915881314788e-01
9.863361734129321157e-01
9.864831884090446978e-01
9.727318062466576709e-01
9.724667916642193433e-01
9.806721369623040419e-01
9.634393687955612462e-01
9.752177819793856894e-01
9.762413942687924173e-01
9.786773162203967757e-01
9.911053719599616230e-01
9.925563390971861022e-01
9.876392254996364528e-01
9.871960678132312150e-01
9.847201279788051487e-01
9.681174615467942335e-01
9.718616791605000360e-01
9.568093271520650145e-01
9.817279024137521848e-01
9.597276516137140945e-01
9.900683402000777233e-01
9.977826160017829737e-01
9.759361749846052758e-01
9.778078292356123802e-01
9.865905654327689067e-01
9.870722587503757417e-01
9.667217541312809193e-01
9.744078596989884655e-01
9.650396815593809130e-01
9.611937678569710819e-01
9.841391031495332342e-01
9.854989550206557647e-01
9.439324496936521980e-01
1.006926272584476756e+00
9.568561462784743732e-01
9.906633784858275282e-01
9.842865530199024215e-01
9.825326767357047686e-01
9.579498918842578314e-01
9.839284367450958912e-01
9.861634841538203800e-01
9.757302726180778762e-01
9.835467281791049343e-01
9.708296654904564615e-01
9.917882516412782623e-01
9.785852033010923323e-01
9.700433353413902005e-01
9.835298118964841407e-01
9.775234432686921160e-01
9.866813163766028349e-01
9.502587790558210123e-01
9.764642807677063052e-01
9.765065517311127818e-01
9.763035239288705425e-01
9.723559786057194287e-01
9.657726154787320549e-01
9.945565017995133816e-01
9.781426981130887377e-01
9.723787569159310085e-01
9.767993778560088991e-01
9.961006204138280751e-01
9.934069927704117786e-01
9.885732678313834398e-01
9.431728940085848389e-01
9.644452231121181107e-01
9.916646802686936990e-01
9.956916575544908499e-01
9.729296501232921335e-01
9.890649566303778562e-01
9.825737712258747480e-01
9.845110818317837076e-01
9.812689618758890786e-01
9.739954575245951540e-01
9.624277545319532834e-01
9.871224944221281827e-01
9.544438022831777113e-01
9.851987043300303171e-01
9.543667773971780122e-01
9.478530176419232012e-01
9.702124255532162955e-01
9.892233907379448521e-01
9.884691902140554376e-01
9.848231093339021580e-01
9.734464600870622597e-01
9.567029032762389695e-01
9.823857416059612602e-01
9.911881614487748626e-01
9.755659921658678124e-01
9.670435819610191386e-01
9.867100088101324884e-01
9.711941230027391070e-01
9.898727222430631079e-01
9.658003315285780266e-01
9.737746184091848889e-01
9.837332671202501100e-01
9.796722543692819585e-01
9.683046245508105665e-01
9.822347933168714684e-01
9.750162818156392630e-01
9.541139381967141953e-01
9.744829350741184282e-01
9.728079474769920632e-01
9.872289111077905410e-01
9.675775558901695828e-01
9.918882491866928275e-01
9.713815687488990269e-01
9.789695898429066068e-01
9.698738968147594397e-01
9.851053981571432638e-01
9.682129310149609758e-01
9.813641225407266910e-01
9.864890637673217055e-01
9.906670465360178923e-01
9.738810725095018439e-01
9.903552248853820794e-01
9.670905296507864568e-01
9.618375335868636355e-01
9.750259646810178760e-01
9.909295635921939738e-01
9.766010227617761830e-01
9.824506172081350908e-01
9.833369481199498718e-01
9.669219771457193691e-01
9.880659479434188430e-01
9.904543049628167228e-01
9.892906552296881761e-01
9.738208079266943429e-01
9.633248096852117248e-01
9.545914664167399755e-01
9.795368414538618840e-01
9.812827245059382308e-01
9.911955691643723476e-01
9.898816043767297845e-01
9.779010048290672774e-01
9.615396444080591687e-01
9.838478164023923833e-01
9.785877363735558943e-01
9.860645975536721508e-01
9.894494965757131277e-01
9.868165341961493420e-01
9.529493556959653944e-01
9.759317536677477589e-01
9.547009694209978026e-01
9.702482699444688885e-01
9.548881594020911523e-01
9.808806452196754400e-01
9.647565780892630727e-01
9.759844336581723345e-01
9.968656813235053926e-01
9.908414829228734400e-01
9.985998588702594825e-01
9.716642459294243528e-01
9.878791964003305059e-01
9.846485042943560195e-01
9.836348183284708835e-01
9.856446908532667806e-01
9.747133634221482046e-01
9.890438614417126351e-01
9.865355911411042289e-01
9.915143601204136070e-01
9.859028424066574869e-01
9.798548411302920869e-01
9.645358516697757345e-01
9.838383676128349409e-01
9.558184978390452669e-01
9.855347872537648657e-01
9.558660322417352750e-01
9.950318886632174564e-01
9.778795769425441264e-01
9.898813064333277234e-01
9.875696595092080532e-01
9.668382329713184342e-01
9.889800647931974442e-01
9.465135706229232948e-01
9.760656772853898433e-01
1.001745336372458217e+00
9.592118518839355401e-01
9.794057196751945193e-01
9.766611242806616522e-01
9.629648736664986330e-01
9.867520601377052225e-01
9.880026279197404726e-01
9.672874570976146558e-01
9.868142058021971419e-01
9.895782014195148024e-01
9.788386147710826934e-01
9.800286266469437901e-01
9.983102529036058659e-01
9.763912376479011446e-01
9.540481859893013006e-01
9.969509120886161924e-01
9.660730962979644509e-01
9.687023838928411346e-01
9.845766741915871201e-01
9.290410774911325165e-01
9.751397309866191021e-01
9.608832381444321058e-01
9.903374866220897577e-01
9.726565380892775448e-01
1.006441139696359510e+00
9.672274916685373869e-01
9.843670021605310794e-01
9.599873113701575811e-01
9.782303183350670173e-01
9.806183667944714522e-01
9.870466400851888311e-01
9.884235355539526813e-01
9.199077241612743094e-01
9.895113537278101834e-01
9.485975136333960611e-01
9.834396772124157637e-01
9.921322610827745248e-01
9.825007765933182480e-01
9.814728262923611002e-01
9.899403294723408964e-01
9.807466931023968160e-01
9.571257932821187753e-01
9.766435417370011862e-01
9.827125659213561404e-01
9.750467827920276109e-01
9.754533019001376815e-01
9.534766818712626657e-01
9.698410195172630921e-01
9.743690408294780614e-01
9.922591593614804584e-01
9.830529172978946795e-01
9.844098505186017478e-01
9.954355532729857181e-01
9.737720820652737697e-01
9.688751036209465317e-01
9.710795595725145724e-01
9.823937522994899973e-01
1.002134537176429641e+00
9.544249131564093158e-01
9.823481133047410330e-01
9.952397594921932322e-01
9.882096331697909353e-01
9.704133697261282387e-01
9.816823276222713668e-01
9.878388515726638230e-01
1.003621754708016844e+00
9.699625248676242428e-01
9.676998657855864217e-01
9.590247859383987938e-01
9.880870259768566033e-01
9.657525771058149688e-01
9.697100986059944416e-01
9.877223908303929267e-01
9.745404624406387439e-01
9.862665775650570898e-01
9.944732319779662211e-01
9.743498565865943428e-01
9.908320150743633592e-01
9.898364986930482390e-01
9.871516805986373377e-01
9.623140937859570032e-01
9.868770802104589457e-01
9.528759851210797382e-01
9.772543235093724689e-01
9.846791400197707489e-01
9.950222217694056903e-01
9.899517129023609474e-01
9.935877629200160488e-01
9.828341303856998890e-01
9.902459641416901936e-01
9.898622184238755617e-01
9.920181541930528368e-01
9.815039297244031458e-01
9.823666887124558045e-01
9.923917620187278077e-01
9.875152342778855674e-01
9.846538360626555519e-01
9.800463159341136210e-01
9.897056286764077671e-01
9.933028182239671544e-01
9.845315436723106606e-01
9.574254442600453885e-01
9.714156194910783526e-01
9.615941765043705125e-01
9.893742996358694253e-01
9.824875121442123715e-01
9.958382544247593726e-01
9.573960525907661001e-01
9.724217343000312042e-01
9.753880372819705435e-01
9.831125818878575506e-01
9.862306689477909893e-01
9.819699801808500217e-01
9.754952015694750012e-01
9.755016731323952195e-01
9.591390892404585422e-01
9.701280237121040484e-01
9.617710337586277136e-01
9.791238280670998551e-01
9.845210870310180384e-01
9.629112055695042693e-01
9.835300937691791034e-01
9.963252292133838450e-01
9.800409969945305111e-01
9.623820658237490777e-01
9.797364184555217292e-01
9.719143555697747905e-01
9.580255492857457922e-01
9.816395271079443319e-01
9.779637881755337547e-01
9.925060585465221852e-01
9.704808260753456928e-01
9.756413969671915432e-01
9.870408480032422105e-01
9.777378804177707661e-01
9.886666803215363730e-01
9.778079781664315018e-01
9.868338380208381277e-01
9.855817735062478713e-01
9.595726495199187189e-01
9.772586058713238488e-01
9.818923442485424369e-01
9.821210637173244384e-01
9.733323004630433095e-01
9.573552259559191535e-01
9.658747984596721681e-01
9.473807725120915180e-01
9.982422322083833732e-01
9.956338805938055314e-01
9.901662126083017323e-01
9.770631137260075150e-01
9.794436703175551928e-01
9.634339973508475596e-01
9.875767335801285407e-01
9.875186571480902842e-01
9.888617797584875468e-01
9.889067739063962525e-01
9.839595361807738083e-01
9.735037156917319967e-01
9.959430923432778249e-01
9.949213408131027947e-01
9.791684856701953210e-01
9.694116639860916873e-01
9.782346281870863969e-01
9.979216189213391264e-01
9.670955846285798074e-01
9.612278071139739311e-01
9.865565271986127538e-01
9.838074106744992831e-01
9.743872549721259713e-01
9.841758030735509033e-01
9.837936525836654678e-01
9.762348563713485472e-01
9.745576862688687392e-01
9.827723391141522935e-01
9.813736402661947800e-01
9.467174048954456467e-01
9.819455467063481491e-01
9.653777715795390790e-01
9.740598671074659487e-01
9.812790238261562825e-01
9.736337455652863682e-01
9.560794269682905133e-01
9.852928881313407494e-01
9.850270790620707650e-01
9.699884817872117537e-01
9.834995401165368412e-01
9.614884120775297749e-01
9.828560354326603132e-01
9.783205421243411637e-01
9.900051434206599277e-01
9.671467835103604305e-01
9.774770390054106084e-01
9.736985782312157500e-01
9.970881706001101241e-01
9.621066430272080527e-01
9.780546057764072376e-01
9.616883114858135739e-01
9.883276709091884937e-01
9.599297552882346540e-01
9.669801376762625633e-01
9.875356283973342197e-01
9.864839495782103951e-01
9.570703694156796892e-01
9.728911474351515931e-01
9.942742757040309298e-01
9.902872178877457632e-01
9.724882536628253193e-01
9.512550805119015518e-01
9.562714268868572898e-01
9.901351691606911087e-01
9.875149715704637510e-01
9.889595440695349016e-01
9.859614798147424697e-01
9.583225554902849996e-01
9.798821009640591440e-01
9.897667080572647436e-01
9.867024996928159819e-01
9.890346099519348178e-01
9.881635724254979047e-01
9.898457420936113138e-01
9.762682570142086069e-01
9.938238027472130476e-01
9.915708710192270292e-01
9.861989111611187964e-01
9.817388515834269969e-01
9.894330992419319015e-01
9.692008736328410201e-01
9.939163507804648079e-01
9.852485814201131786e-01
9.618580035302314313e-01
9.530745897892304308e-01
9.763841158096415729e-01
9.910529288981428930e-01
9.855329427309024171e-01
9.888558348928195851e-01
9.811020058352294404e-01
9.759412433694989453e-01
9.745653432445883224e-01
9.762359235097320953e-01
9.931495308962925428e-01
9.507799622491912572e-01
9.832214100375558097e-01
9.816888207787947129e-01
9.825603386011196871e-01
9.706202197369656615e-01
9.898143805461705469e-01
9.811285344699877120e-01
9.754838051242055164e-01
9.898863748044963717e-01
9.839195326363822103e-01
9.509193829654070118e-01
9.779031984223053309e-01
9.727148501715553452e-01
9.803093623486545116e-01
9.553657450172592380e-01
9.872652994112538494e-01
9.817498065863492496e-01
9.874671582135791104e-01
9.772564412989093174e-01
9.573131777314758395e-01
9.808136738668373766e-01
9.827046519080161469e-01
9.816620131981440567e-01
9.885257969521110688e-01
9.904892195961619850e-01
9.934169690674068409e-01
9.825983444007878598e-01
9.750055085173949809e-01
9.759889905810387178e-01
9.762080909589004873e-01
9.730535922803128512e-01
9.579801529619026423e-01
9.754291974371172014e-01
9.802842207614022030e-01
9.833222397147748373e-01
9.919420786455964700e-01
9.747987364639222330e-01
9.821496423335621673e-01
9.664063338153230376e-01
9.683408159393244174e-01
9.890416188426404132e-01
9.656604724892152714e-01
9.847066815680036722e-01
9.867332421192663849e-01
9.703482498301810866e-01
9.819854872573960947e-01
9.732009062493164331e-01
9.540903216216958249e-01
9.896193086709573761e-01
9.840838722927376381e-01
9.770207129394522516e-01
9.863823346586335639e-01
9.782737894465241002e-01
9.475594329413338235e-01
9.988067498335909677e-01
1.010868486995366800e+00
9.413013621617544180e-01
9.840652109860876795e-01
1.001995479499377728e+00
9.814378570428795578e-01
9.959623402374254697e-01
9.820227355683815995e-01
9.867354032986088708e-01
9.986483049776528897e-01
9.936257254364718738e-01
9.801669925213613022e-01
9.862369219387807640e-01
9.637489838261459330e-01
9.536085032734575861e-01
9.900711825045219738e-01
9.598302586067071207e-01
9.614961781463509105e-01
9.731348217019639701e-01
9.943582838380210509e-01
9.827488546231912814e-01
9.694112761416249224e-01
9.745034937469677638e-01
9.820146663263108477e-01
9.754065327909723360e-01
9.765186530517687702e-01
9.707029055393595618e-01
9.987935124821586408e-01
9.319968050225837519e-01
9.775108465958811665e-01
9.493606086586575676e-01
9.622852215619217553e-01
9.821673609206960087e-01
9.661128727839399799e-01
9.796518246706195088e-01
9.878963576469449448e-01
9.889405976310862156e-01
9.644320555951414464e-01
9.986888714226678232e-01
9.792633391107533614e-01
9.897980164578714657e-01
9.818180148989101852e-01
9.762102114029794775e-01
9.663385626110596593e-01
9.892939225884798127e-01
9.482289645515352694e-01
9.802710474390067263e-01
9.737921158271231059e-01
9.810689095106479574e-01
9.909134720369966454e-01
9.722411991227386530e-01
9.809528129546296604e-01
1.011246552727416370e+00
9.541184670931242007e-01
9.877297380392072723e-01
9.745528753095511476e-01
9.802355066732069133e-01
9.591413864703293157e-01
9.829750492972635367e-01
9.851045944116898490e-01
9.926259376729539285e-01
9.651262510830753705e-01
9.852054823258813432e-01
9.618647946169587293e-01
9.854907965857907515e-01
9.897502691795700969e-01
9.820715701202989978e-01
9.620216985628765594e-01
9.944396324561559641e-01
9.832691703185775234e-01
9.831611221574158010e-01
9.779893721107504323e-01
9.924596410566155491e-01
9.723991607485831246e-01
9.752922734709015273e-01
9.677971799207637504e-01
9.807904627020609389e-01
9.826536471316291710e-01
9.821041413920521546e-01
9.877215096771377878e-01
9.657153094936872240e-01
9.770195434280701807e-01
9.751905012911372683e-01
9.737076236413719776e-01
9.635255534177773473e-01
9.775146314792340085e-01
9.886240817954080606e-01
9.649919030123212949e-01
9.784630307689174966e-01
9.836836773150604563e-01
9.852952486761126227e-01
9.870426023095164592e-01
9.919163938371363676e-01
9.990631429534767571e-01
9.555416903834257347e-01
9.964349230766404997e-01
9.909676671056137920e-01
9.847906082294780594e-01
9.835637327518484962e-01
9.887500364710943845e-01
9.844241749440709732e-01
1.002661170310606309e+00
9.695142111406845897e-01
9.986072742749878550e-01
9.711957698552011742e-01
9.647558741850746911e-01
9.666470679336418570e-01
9.931752569960493604e-01
9.897119062458109573e-01
9.855782284987519848e-01
9.891571174209917716e-01
9.624440870587964714e-01
9.744270366744990364e-01
9.725409255297748912e-01
9.721636275304852415e-01
9.888443986203495628e-01
9.707797620315888887e-01
9.674529118706016728e-01
9.663983306617889291e-01
9.531715430311460402e-01
9.847015586277969579e-01
9.555758447331224037e-01
9.870241573147342518e-01
9.925096178979571082e-01
9.956540146439664118e-01
9.660550304677502087e-01
9.949927282617078150e-01
9.554641600831103032e-01
9.880584076523751813e-01
9.898048692707378526e-01
9.831002542842146585e-01
9.795095168515333128e-01
9.878179576618975055e-01
9.930864581817309134e-01
9.683510444951115570e-01
9.758682403669814986e-01
9.649723836660950571e-01
9.866128235886381104e-01
9.766311060431299707e-01
9.645862166764580525e-01
9.862901808854880326e-01
9.934303790570082615e-01
9.895147342862298245e-01
9.852502921759089816e-01
9.804315193554962171e-01
9.838257918933677182e-01
9.883146135989645531e-01
9.856444100663187546e-01
9.913764813463954439e-01
9.886786281804835763e-01
9.510536453294993198e-01
9.930947063174537792e-01
9.893786773879960084e-01
9.669957475813218961e-01
9.497796836006852095e-01
9.793230804971196912e-01
9.327267957953739863e-01
9.827379131282442115e-01
9.771497263934126876e-01
9.735348954176590297e-01
9.844508030351288852e-01
9.744794630340477548e-01
9.819982453654927390e-01
9.932398031861224830e-01
9.902535955137344859e-01
9.704754084722010399e-01
9.793108047104831515e-01
9.959354583229567126e-01
9.620694401738049129e-01
9.921123899252461964e-01
9.852663762396056679e-01
9.685981615388262744e-01
9.816417489466744417e-01
9.790235855662094977e-01
9.626149491509822242e-01
9.925857041935527425e-01
9.798879338554833396e-01
9.584011987826870360e-01
9.784429866001027598e-01
9.875971425650025282e-01
9.751652789326968884e-01
9.704070729883714774e-01
9.530753532891256263e-01
9.922708441547423153e-01
9.933330025400436414e-01
9.880816895736213024e-01
9.695997851927966593e-01
9.941603109540322336e-01
9.947812550182200120e-01
9.897134662142020867e-01
9.947731677236901771e-01
9.830523907652731763e-01
9.778124100411265118e-01
9.697513426609065679e-01
9.827564909774417767e-01
9.479859288072846057e-01
9.890892099341684895e-01
9.773469220117193546e-01
9.708828316570161654e-01
9.712821115196267341e-01
9.793545223716961790e-01
9.686465692404679917e-01
9.969547170162675886e-01
9.634148829455047025e-01
9.973187900543424300e-01
9.613817042106985733e-01
9.639511652357730664e-01
9.967501621230464570e-01
9.874796948503585803e-01
9.835410610229724515e-01
9.785850327353765588e-01
1.008355656753887164e+00
9.959372729622683051e-01
9.901866093772379029e-01
9.878494571281004610e-01
9.923775712315495712e-01
9.313382281923712203e-01
9.560077742204177165e-01
9.956922495355597924e-01
9.769555573581261143e-01
9.936450633507635244e-01
9.784945609117114973e-01
9.900742573688547932e-01
9.941848441285732196e-01
9.774888046007926823e-01
9.866546229093755560e-01
9.916539082618829326e-01
9.850163423948474772e-01
9.658763619918968590e-01
9.852467359993017926e-01
9.711897188255663727e-01
9.792826510311600785e-01
1.003694530932328188e+00
9.820011094777076899e-01
9.672616153779299841e-01
9.731618995676711847e-01
9.796913285754388356e-01
9.567523340819558131e-01
9.872745830387908983e-01
9.394676557069672196e-01
9.768979300938154253e-01
9.791607224668268383e-01
9.889650874593910457e-01
9.792002179304650777e-01
9.270524610329342607e-01
9.972471634329286294e-01
9.731421355310717614e-01
9.960697505634944493e-01
9.824960310596571045e-01
9.860576196977043351e-01
9.899148082624792400e-01
9.712932214725452651e-01
9.838898344023031539e-01
9.830913619716609153e-01
9.886550520376724549e-01
9.665462549004112391e-01
9.558935952185887430e-01
9.913268275365121340e-01
9.972330716834384434e-01
9.823011892532756972e-01
9.343410722392899714e-01
9.940662437651923700e-01
9.792773146747563162e-01
9.881086298014783997e-01
9.823153431152757964e-01
9.829600652105958680e-01
9.667415339617470016e-01
9.886512183186300096e-01
9.663683104191355122e-01
9.835177666994486811e-01
9.865901677369411926e-01
9.845926203689356893e-01
9.904931549070773444e-01
9.719985746052131059e-01
9.674995986920178481e-01
9.618921625173809664e-01
9.796259684354954311e-01
9.842011859406429863e-01
9.567018677048240161e-01
9.823095016822950276e-01
9.609040098993509860e-01
9.626465646464857917e-01
1.010831193649766258e+00
9.672657817358716326e-01
9.843900150938438287e-01
9.262978853664057821e-01
9.871585853644794240e-01
9.904380435282558182e-01
9.996250682022970180e-01
9.846767041448434288e-01
9.628343362808816641e-01
9.843497723148855183e-01
9.384037985929479797e-01
9.836306464407661432e-01
9.913728676683870589e-01
9.649948851608342038e-01
9.850236136041818913e-01
9.693612035050812592e-01
9.907690978533014725e-01
9.782855971619148772e-01
9.782105111317690449e-01
9.686934288014096284e-01
9.780052993076624457e-01
9.617230845174679077e-01
9.798799674270676219e-01
9.740622351381795774e-01
9.710279948057983779e-01
9.621849173353472784e-01
9.590832204601044131e-01
9.790054374681793625e-01
9.810298032680244695e-01
9.799169805735566952e-01
9.807574134854654124e-01
9.522594976189050486e-01
9.791907089713445256e-01
9.784080868658627805e-01
9.596739757861293407e-01
9.895846987465097833e-01
9.814505492240899187e-01
9.775074688325942063e-01
9.832133489681698091e-01
9.713962802600806246e-01
9.900129958125378771e-01
9.504674938105701631e-01
9.722750422924282265e-01
9.856340633352117520e-01
9.817121587998476340e-01
9.848946041305952637e-01
9.911135566555879794e-01
9.707439010171672322e-01
9.861753300386897347e-01
9.976442209363112212e-01
9.974576041622796874e-01
9.850620814440741446e-01
9.747885232633807240e-01
9.917859274802401925e-01
9.679022510451069650e-01
9.737894207580967132e-01
9.747531146035691707e-01
9.884350102963671558e-01
9.831215493931333427e-01
9.690195996248907040e-01
9.751443921353921684e-01
9.729600498532109398e-01
9.336942349658827744e-01
9.668949099744217346e-01
9.724087259429108343e-01
9.409197466843257640e-01
9.870124213560889093e-01
9.830663393505261194e-01
9.854385122200193248e-01
9.804376206643201641e-01
9.845568665196363645e-01
9.952521069538288190e-01
9.704023900886729059e-01
9.754350075489396366e-01
9.739740570636188366e-01
9.818325733643181730e-01
9.682800635149272361e-01
9.757476384479411013e-01
9.918114534910151825e-01
9.777732935992913266e-01
9.839518298740719260e-01
9.768493966959350683e-01
9.791476305803539226e-01
9.731748377128236482e-01
9.797734980850089093e-01
9.858883892030966267e-01
9.709918538822431833e-01
9.629944876281654187e-01
9.486875844095439270e-01
9.762786003414396507e-01
9.859897171554946604e-01
9.745965340061339965e-01
9.861785522435345674e-01
9.924137458154526081e-01
1.004171259768849245e+00
9.907790535305012192e-01
9.844555947531802298e-01
9.842350829876826968e-01
9.804911151307389439e-01
9.876906162700146430e-01
9.894183305831038000e-01
9.914866486039329851e-01
9.921193021634914233e-01
9.739922611570955846e-01
9.877812647887486142e-01
9.855047058245104408e-01
9.900944301107947876e-01
9.653814291337398101e-01
9.939828019707811491e-01
9.864635002865107527e-01
9.941873307911817115e-01
9.824755122734815105e-01
9.988024116117155682e-01
9.622880230582553374e-01
9.860427419458543952e-01
9.695557397923912912e-01
9.719001868649299603e-01
9.837548363058565837e-01
9.784346907600161014e-01
9.574388403473784726e-01
9.887156026097522199e-01
9.579186414605871391e-01
9.914440439638442237e-01
9.776050208080193649e-01
9.977635276279307464e-01
9.708724599368565578e-01
9.755380671553552929e-01
9.898262536069334372e-01
9.754310618392852961e-01
9.658078495337738545e-01
9.952456634583874973e-01
9.818251100802356524e-01
9.861037874174639617e-01
9.809429874513587722e-01
9.584400881310547460e-01
9.868786564308911213e-01
9.786991627978058883e-01
9.901853585571026573e-01
9.681549305074819145e-01
9.848727427803997125e-01
9.729547000487973607e-01
9.887228314516820493e-01
9.869860749585461779e-01
9.700710499241108620e-01
9.771651797192349997e-01
9.834620658196221443e-01
9.737468760118229705e-01
9.549938124215139323e-01
9.906909734875285478e-01
9.775848575260874807e-01
9.745616290575572771e-01
9.936540493119109252e-01
9.879835597573576322e-01
9.917375599129399921e-01
9.737879060959998556e-01
9.787706402825406826e-01
9.601493566547794067e-01
9.747461813120683605e-01
9.798535437869282383e-01
9.767772644368419854e-01
9.678466620211323423e-01
9.705132695733875714e-01
9.676531232610352529e-01
9.826236785986433020e-01
9.582002663560904576e-01
9.647518072829598390e-01
9.915383823165453414e-01
9.656592406092997516e-01
9.941337971805679352e-01
9.971345223829696236e-01
9.834427668693883628e-01
9.942542160711884680e-01
9.544650562953411743e-01
9.703772963157473175e-01
9.882188446714629260e-01
9.750880146293298134e-01
9.725751375298478107e-01
9.874185633741955348e-01
9.727575199010920493e-01
9.845207778749593963e-01
9.862889050227013898e-01
9.796046618644504989e-01
9.774869303328297399e-01
9.857270990231107310e-01
9.609821243681054836e-01
9.910226571333989876e-01
9.808542386170041594e-01
9.787686405958601066e-01
9.519904961722148728e-01
9.944908234066229813e-01
9.860995340241434093e-01
9.689432987825041810e-01
9.806154840027558883e-01
9.820951082436483182e-01
9.868999550496411199e-01
9.639358425972496258e-01
9.910490059906787996e-01
9.768624685986255773e-01
9.612297300314617265e-01
9.747811557565663199e-01
9.738571862249628674e-01
9.685307145646351312e-01
9.594879461458653003e-01
9.899993474429583662e-01
9.713111977752697523e-01
9.833713810060223937e-01
9.846664153185992197e-01
9.622003781037445913e-01
9.604541006485731724e-01
9.633800875489596516e-01
9.873318752627995298e-01
9.914102703719943621e-01
9.511590218696103216e-01
9.862280640562682832e-01
9.614991758231021812e-01
9.594112555020517519e-01
9.849140452209200758e-01
9.752474991813652183e-01
9.890173597650380177e-01
9.637899362266885150e-01
9.843462510400994292e-01
9.494811285963278280e-01
9.792398765360603718e-01
9.809527973968057424e-01
9.817187140938302692e-01
9.630039114914401566e-01
9.884313400834523478e-01
9.827971712239444990e-01
9.858607142423784220e-01
9.730192871856542247e-01
9.830249116033048518e-01
9.840994457225175074e-01
9.691833074019877703e-01
9.817314504173445533e-01
9.890485292896158409e-01
9.897973740707695089e-01
9.994190368591709950e-01
9.792996389594343931e-01
9.655472304946662865e-01
9.947361839180275389e-01
9.877868052737514004e-01
9.899516966383895555e-01
9.938098527085510447e-01
9.849582254013569127e-01
9.793204004427049636e-01
9.910877036793690475e-01
9.837232051540094613e-01
9.816757249262219043e-01
9.617637390420236132e-01
9.921846002309402390e-01
9.837900475446291759e-01
9.844235037060616866e-01
9.842425667133767320e-01
9.884391632516360549e-01
9.557216375632778815e-01
9.885551950401535448e-01
9.884083618832609774e-01
9.967829499214219124e-01
9.938696291286197582e-01
9.844026614331029545e-01
9.726550908367693760e-01
9.808998282374841171e-01
9.521940250389980820e-01
9.809839939195741376e-01
9.866598891326923138e-01
9.688835926958810907e-01
9.651349712413583859e-01
9.766395857338794340e-01
9.902894851877738214e-01
9.660394492942684375e-01
9.754504512291214402e-01
9.785374817461452990e-01
1.000028047765769923e+00
9.929948983262090190e-01
9.733577966555351235e-01
9.857615399604041651e-01
9.837266130308260914e-01
9.768299442727114146e-01
9.777812006117378996e-01
9.762557737636360367e-01
1.001229626162448261e+00
9.669427728367898656e-01
9.803177236070949041e-01
9.815381268201859299e-01
9.874733602510756825e-01
9.820210384998349085e-01
9.861627887887444155e-01
9.786864532113894732e-01
9.770144186112816875e-01
9.866196908667157484e-01
9.917539079090214038e-01
9.897250170403352199e-01
9.572480226406265835e-01
9.990006879090014280e-01
9.717879787608885156e-01
9.794232059304210924e-01
9.843413212056905115e-01
9.870517411685644227e-01
9.847916279373728488e-01
9.697901654532617988e-01
9.731099353742103109e-01
9.778587489572529989e-01
9.884453304056973755e-01
9.898083055065758362e-01
9.687963715963200384e-01
9.688327220353704083e-01
9.834930198625462250e-01
9.792079357832823572e-01
9.718331552578528543e-01
9.401741702024165592e-01
9.751740727808093645e-01
9.945594968654595247e-01
9.921449238250349412e-01
9.930738933230347509e-01
9.890235066369241768e-01
9.808950416196928757e-01
9.952333004750250067e-01
9.728490619251721760e-01
9.629639001462925174e-01
9.996913884037398335e-01
9.847011133524874449e-01
9.864384815780475879e-01
9.563473611427844023e-01
9.876013373772954962e-01
9.709437398463978131e-01
9.862618967857640362e-01
9.828625390880121326e-01
9.690035141955566367e-01
9.893655207529170603e-01
9.845349601716187893e-01
9.694805927623262320e-01
9.966489363468337137e-01
9.852334483007917365e-01
9.905575509870132578e-01
9.788256910920575260e-01
9.649272047051440371e-01
1.000968936373749285e+00
9.776937216314010026e-01
9.583303973667071096e-01
9.693333092274476481e-01
9.945500054451757999e-01
9.870777031810256119e-01
9.878366132879358164e-01
9.773877427915347305e-01
9.851145765936335508e-01
9.720089591889813363e-01
9.541423533954839220e-01
9.879099014477834562e-01
9.320373324264208392e-01
9.653087134414057857e-01
9.796915712089532269e-01
9.737100635977002927e-01
9.931585949095121935e-01
9.735021315655596474e-01
9.782542225918334777e-01
9.820149274783323001e-01
9.559876946463571334e-01
9.584379231615125505e-01
9.643683924951255149e-01
9.933277751601062855e-01
9.705979622367914006e-01
9.918036000118781725e-01
9.706083837218149046e-01
9.874392062781995882e-01
9.635177565777318653e-01
9.736162688119178732e-01
9.865382096639729870e-01
9.823772585610870411e-01
9.974644338064616589e-01
9.720948853927106059e-01
9.544833947861889323e-01
9.757046575186848480e-01
9.735063392745338939e-01
9.831404635975042883e-01
9.916293327054954698e-01
9.464519007073848300e-01
9.768291998747039573e-01
9.887587626957362597e-01
9.736039949707125940e-01
9.968027270623744940e-01
9.911052914657865198e-01
9.754047272460311113e-01
9.868397704731727282e-01
9.726418746809529781e-01
9.601586430370327996e-01
9.847428968198305155e-01
9.911604521838588422e-01
9.808744081748778099e-01
9.825212349163413572e-01
9.457326004206175751e-01
9.788466668754566280e-01
9.934999288509891446e-01
9.698366719460457253e-01
9.659367139038921302e-01
9.837484375645829671e-01
9.821876953505609409e-01
9.919422384611983334e-01
9.894278535770957284e-01
9.576458456485644755e-01
9.976782576928823199e-01
1.002610275963381925e+00
9.940479725947782841e-01
9.828778443490576722e-01
9.697961170702276146e-01
9.687215483670579275e-01
9.911637428790573967e-01
9.866921270199107141e-01
9.639729876329491409e-01
9.788266511761176680e-01
9.923628721519172080e-01
9.731425173481547120e-01
9.900309174897364839e-01
9.804808946946784731e-01
9.839504695975547222e-01
9.815423983879916214e-01
9.851637630126378609e-01
9.880134778180915678e-01
9.786286119426302887e-01
9.898894029810972883e-01
9.807148524844576665e-01
9.838938386727172913e-01
9.882236419211221090e-01
9.664051588345400345e-01
9.684743948822785997e-01
9.517026244828959980e-01
9.860077164511378278e-01
9.400969124740888860e-01
9.830064308659191008e-01
9.691932996851301274e-01
9.875903719803936776e-01
9.842918502046476004e-01
9.882959104572576203e-01
9.640480381439332502e-01
9.896074537066851251e-01
9.818875090390503102e-01
9.845555006952649846e-01
9.714352812938508164e-01
9.825725726936498372e-01
9.621687501696410960e-01
9.825719088362812048e-01
9.791587402710852928e-01
9.868417634948820627e-01
9.793298516306534474e-01
9.909000856199812191e-01
9.783372811766838373e-01
9.908656095200726321e-01
9.900663788622904304e-01
9.960445628118334005e-01
9.793035630544343340e-01
9.731963055773505955e-01
9.952543798107036377e-01
9.563986730825932980e-01
9.762678049814740300e-01
9.747584474175432501e-01
9.744309199670175836e-01
9.872600011846102142e-01
9.716611531817971326e-01
9.876768946631639956e-01
9.735349430416734284e-01
9.802162228261742660e-01
9.934329991223114220e-01
9.562015665424905553e-01
9.829247461510628447e-01
9.843072856840257012e-01
9.585423372577107637e-01
9.762042097682694930e-01
9.919238239004964930e-01
9.826572189710854888e-01
9.535700150367377725e-01
9.717149579184483077e-01
9.792269293411647313e-01
9.743212468816765393e-01
9.912841232026500249e-01
9.871689193665603712e-01
9.766548107466630491e-01
9.970562702524946586e-01
9.709882046683045997e-01
9.857157883128042641e-01
9.864588423495586067e-01
9.780437858924466710e-01
9.801765522881785708e-01
9.846386559666645555e-01
9.835469411665137551e-01
9.856966395526286506e-01
1.002995090433196124e+00
9.892626703992544179e-01
9.697310258062230570e-01
9.869820143736354190e-01
9.625407930010466684e-01
9.721022601446578371e-01
9.784183211554597914e-01
9.861387684721341085e-01
9.956176952171315042e-01
9.712708884312221125e-01
9.867966558635061780e-01
9.704261280960664315e-01
9.956933300894739158e-01
9.928742747851985184e-01
9.831609874970161922e-01
9.916955235897865206e-01
9.952062586526932986e-01
9.666713191171327768e-01
9.578488875078414733e-01
9.453433133556797818e-01
9.858474362823301806e-01
9.839400024998354866e-01
9.884535396342242208e-01
9.600316425666225451e-01
9.912882774379612183e-01
9.656760690075117948e-01
9.803857811709485448e-01
9.888135843983126838e-01
9.823374855617335033e-01
9.842396409457803141e-01
9.623986861439971507e-01
9.719798960967184209e-01
9.731186205587317728e-01
9.315893059553284061e-01
9.769742516772609298e-01
9.617015115691226468e-01
9.650952627316046195e-01
9.390644005210047052e-01
9.733460570059303540e-01
9.812078761271300076e-01
9.957561243902394166e-01
9.712160805626662841e-01
9.759520686957048330e-01
9.597736269909656892e-01
9.689953379192888239e-01
9.872781868430620111e-01
9.976300308109081749e-01
9.538670762850709473e-01
9.749347942809852841e-01
9.801435229859046805e-01
9.840215415002109278e-01
9.769344840872600244e-01
9.765176293542366937e-01
9.965977898986160266e-01
9.947390233281231398e-01
9.916309247283960904e-01
9.863176188301381320e-01
9.687913186536225574e-01
9.881319637441661197e-01
9.603376178411073827e-01
9.998379351629550493e-01
9.692858344608311638e-01
9.901882258376124568e-01
9.469508724524735577e-01
9.827796606616662212e-01
9.417830529700311759e-01
9.397987552324982286e-01
9.762361312251961465e-01
9.807300993774463738e-01
9.617944171396435316e-01
9.595776068882619914e-01
9.582428522543249283e-01
9.639581141694725241e-01
9.795647709320471908e-01
9.723531454897531567e-01
9.957662435783330990e-01
9.811504401314019574e-01
9.619659309525104840e-01
9.784414111914776502e-01
9.876712246686200070e-01
9.912560168072178657e-01
9.919654888135527315e-01
9.781499944271593305e-01
9.923797074456831568e-01
9.945066451395212503e-01
9.761222702871410473e-01
9.890616508181169220e-01
9.546392937065603101e-01
9.516236443057003447e-01
9.871535861072650020e-01
9.919356244131091183e-01
9.882351194304869191e-01
9.924584437328285436e-01
9.886769533550603395e-01
9.970953304984410126e-01
9.744622710220820494e-01
9.735327660531273297e-01
9.706958315326347231e-01
9.957205696249943339e-01
9.794111768914880445e-01
9.725889505888287712e-01
9.883188724966698313e-01
9.842698333007937617e-01
9.696495792802463098e-01
9.832473225481522805e-01
9.789063301119499405e-01
9.623353310302783514e-01
9.628725811542482305e-01
9.759235794541527564e-01
9.911030468139067073e-01
9.912576295145270056e-01
9.554487937977980128e-01
9.713867027752736139e-01
9.773322039839439368e-01
9.765984554321752720e-01
9.744151012320109162e-01
9.895084999803684944e-01
9.819380130078746438e-01
9.808525127313547642e-01
9.959913845949009970e-01
9.989175699637095063e-01
9.605445501684056753e-01
9.688841432750041616e-01
9.981957056757487790e-01
9.883829754350172969e-01
9.663618868267189743e-01
9.833490125982093932e-01
9.909485891688445403e-01
9.635832219112612229e-01
9.736932852244666314e-01
9.956329486722215183e-01
9.706902567064671361e-01
9.774810694417547241e-01
9.802839114765802275e-01
9.881644221321160826e-01
9.816052369417018753e-01
9.634199508348276764e-01
9.927947290720253726e-01
9.904705647711626870e-01
9.772830899687542372e-01
9.550367678830182783e-01
9.865327788059947700e-01
9.517743613374985978e-01
9.793083848274405367e-01
9.969633097978143343e-01
9.817005926156570084e-01
9.508568471906875263e-01
9.923887571919988160e-01
9.837551627455523029e-01
9.762980094947126819e-01
9.865975776591721091e-01
9.723295290009080771e-01
9.829175862481204229e-01
9.687016880683999576e-01
9.658220865696436341e-01
9.798403928585669442e-01
9.763728352059100057e-01
9.913203102451892956e-01
9.857720063546773215e-01
9.619176267966560445e-01
9.932975491164459658e-01
9.688713414829690507e-01
9.757151581806919882e-01
9.863732640136644303e-01
9.868797173988879123e-01
9.790863241153908714e-01
9.675436735626040674e-01
1.012186915371452667e+00
9.815539353296282021e-01
9.773550096976004742e-01
9.625131983075088105e-01
9.755569028427469869e-01
9.862185659018608552e-01
9.766071178223832971e-01
9.729496516389550820e-01
9.667397580793899436e-01
9.898828275180117098e-01
9.861287722938878453e-01
9.930136067244462739e-01
9.933954753844713714e-01
9.868720501867148664e-01
9.654001495155586365e-01
9.709216041728476743e-01
9.363349802714858727e-01
9.750353004480515340e-01
9.818799385163358151e-01
9.946011078100475133e-01
9.498409977259678616e-01
9.995461893779253870e-01
9.558794502705878493e-01
9.839436868874313902e-01
9.583820714095103721e-01
9.672823507813694821e-01
9.785426747299981187e-01
9.831760428461925327e-01
9.613451990787165169e-01
9.922358806138997789e-01
9.879575126656192641e-01
9.549427111141879365e-01
9.841545270191255357e-01
9.803330125428951769e-01
9.784314606882853482e-01
9.761493649726737942e-01
9.817129708078438100e-01
9.855613368257329920e-01
9.694293734766935566e-01
9.828416675426802085e-01
9.831326875233291629e-01
9.865802150198704767e-01
9.811882610285683759e-01
9.783042200271953037e-01
9.933257590930776315e-01
9.873676225390424221e-01
9.612896688038727877e-01
9.746124903143941198e-01
9.807934812371771338e-01
9.842759504130675907e-01
9.962648292923194093e-01
9.832675801548429462e-01
9.926524460156017637e-01
9.780600057107587952e-01
9.939007665987945606e-01
9.697826214490333774e-01
9.702610050538712505e-01
9.946763612848763536e-01
9.822063313219198122e-01
9.657658117993522806e-01
9.855617837082994992e-01
9.645647128286554128e-01
9.835426847231536485e-01
9.681679748185677559e-01
9.673313762053635800e-01
9.807941017782666471e-01
9.927625473987307103e-01
9.943345902191420560e-01
9.903679181493708628e-01
9.735883023838793893e-01
1.002158358565190532e+00
9.853341348306497993e-01
9.936878456629978373e-01
1.002567083343766319e+00
9.805572560677968674e-01
9.821615397882202947e-01
9.558518655097389960e-01
9.742160523179052012e-01
9.640059552228814610e-01
9.770226359171454433e-01
9.823758883524387198e-01
9.706818946160409300e-01
1.003137862561256810e+00
9.927173923238605813e-01
9.860084594508743416e-01
9.985254336191392577e-01
9.779671714917718139e-01
9.777478146736930942e-01
9.679995561232797030e-01
9.655341658347400546e-01
9.648489721930748608e-01
9.797732681283845002e-01
9.547410090829625551e-01
9.460864630641394601e-01
9.739568563763809639e-01
9.720679730373180671e-01
9.674980451281305349e-01
9.746284909435105615e-01
9.797891300896788280e-01
9.788330709031100030e-01
9.758901303348898049e-01
9.771810699694930546e-01
9.891236949177112381e-01
9.809894519078403707e-01
9.904286243544125901e-01
9.928729377597432793e-01
9.770336588056325322e-01
9.728515033430098491e-01
9.840607599254159732e-01
9.880583035426120375e-01
9.910481854297099602e-01
9.953308170221837337e-01
9.994551530342242751e-01
9.889832014069103172e-01
9.772713426586303598e-01
9.804146493323662170e-01
9.589957298286961862e-01
9.727913303182166294e-01
9.567437668686179508e-01
9.871348523712190071e-01
9.814077968350481962e-01
9.632962919546401714e-01
9.745402210851907832e-01
9.927691838769935329e-01
9.835693847358363273e-01
9.817785822647080440e-01
9.834821167263243513e-01
9.879925695452376200e-01
9.773950522050820489e-01
9.634440110789678213e-01
1.015551791659117020e+00
9.913022171385565962e-01
9.414159869308887929e-01
9.716601798732157347e-01
9.688402209516451258e-01
9.797356355256217064e-01
9.861636311444512693e-01
9.626413468701895404e-01
9.843326961632993255e-01
9.390461573494591763e-01
9.838159417213779845e-01
9.801981203849448043e-01
9.879768964705165635e-01
9.814709672581886091e-01
9.765307250777348624e-01
9.851185909917510308e-01
9.871196226014858910e-01
9.931737813818087846e-01
9.845633796532240467e-01
9.476144977319576057e-01
9.673286867185616478e-01
9.701772862696392830e-01
9.637875881258768374e-01
9.920137688335612935e-01
9.954076302331671400e-01
9.672166633701758665e-01
9.866651235112779972e-01
9.794894988169292604e-01
9.896286952996397046e-01
9.943191232614625452e-01
9.633526545058394008e-01
9.820093112146226488e-01
9.770903306634326491e-01
9.809993107895261799e-01
9.863615263562057756e-01
9.842013630382703271e-01
9.686659805931315814e-01
9.785708341027633539e-01
9.451270170984290564e-01
9.842209569027327021e-01
9.556083377065497375e-01
9.925464894784272740e-01
9.578978204727978119e-01
9.739187881361536236e-01
9.444322284199304640e-01
9.967337747262627889e-01
9.687994935925656748e-01
9.878465027996051750e-01
9.710811435140596082e-01
9.641605693056679582e-01
9.854788234608823361e-01
9.881700313966995664e-01
9.734481418588528667e-01
9.983081228240521243e-01
9.977139584780623238e-01
9.683375249755059588e-01
9.917236476342106144e-01
9.925062738016934283e-01
9.694951973071045392e-01
9.508533742091256347e-01
9.891919258577811513e-01
9.917979029374616173e-01
9.848204511215145063e-01
9.818583492631196563e-01
9.885070470605338278e-01
9.880605535785265126e-01
9.887155587593422501e-01
9.924138152118134881e-01
9.882567973955271867e-01
9.762540320147290451e-01
9.650154441594094301e-01
9.804549817058969552e-01
9.721064643485061163e-01
9.769212911498545981e-01
9.768872393200492832e-01
9.600526805728861746e-01
9.869418896093513638e-01
9.717605997172854559e-01
9.763565157536935324e-01
9.655243238234925141e-01
9.805282973685911507e-01
9.889928841335564602e-01
9.821191570736123033e-01
9.569463072898967138e-01
9.643412821319904404e-01
9.757317130243363668e-01
9.831749325865596356e-01
9.926009502930759343e-01
9.924427289686441611e-01
9.800052533806991040e-01
9.835598756134056320e-01
9.664524913190463140e-01
9.496600790612849119e-01
9.810942334319214808e-01
9.937603666864626151e-01
9.810575661064419029e-01
9.774219981276905944e-01
9.651307614221262821e-01
9.849027548874982330e-01
9.864363259999462397e-01
9.563866437069759030e-01
9.877296204546349712e-01
9.679324478760948924e-01
9.805444758406416383e-01
9.780642689182734717e-01
9.666218697064093979e-01
9.676213715858144049e-01
9.599335403012552170e-01
9.656716337454319676e-01
9.936891777179306384e-01
9.889044871899662636e-01
9.854693241564956852e-01
9.873403776794471565e-01
9.843401633723652955e-01
9.786662199322094802e-01
9.595242192982557095e-01
9.761154348690741500e-01
9.646659720103566427e-01
9.827851447139438479e-01
9.772799288995352995e-01
9.812259974026332765e-01
9.890577309371549886e-01
9.669161653814241086e-01
9.790545313959244655e-01
9.853420774168477614e-01
9.910342909339713291e-01
9.904380335186994122e-01
9.946427074078419972e-01
9.791409007664014785e-01
9.853325958588193823e-01
9.689921498487971130e-01
9.812214733810391554e-01
9.798376033890350278e-01
9.693566245924396529e-01
9.733914984508015289e-01
9.793228403377380875e-01
9.216145268629040155e-01
9.986155503127999156e-01
9.937099316360156198e-01
9.530487022314381163e-01
9.748855735902509645e-01
9.747125156944805857e-01
9.937600588989852213e-01
9.974796658068754152e-01
9.895574602295726940e-01
9.903145337315005792e-01
9.620573291334519883e-01
1.008853474732401612e+00
9.843303400693648175e-01
9.468012579668524387e-01
9.880052319933442240e-01
9.695038660267106811e-01
1.006515338949477867e+00
9.741916029194084281e-01
9.559739304404690774e-01
9.789865402588766585e-01
9.777573000499008016e-01
9.766007981194623211e-01
9.705507500107445340e-01
9.819907384486050717e-01
9.888551108164532755e-01
9.742134552955081794e-01
9.786448427320758592e-01
9.840290115745911059e-01
9.788032068257849216e-01
9.851296163907559134e-01
9.785743490314776638e-01
9.965103565613980807e-01
9.651042053284106803e-01
1.006985395119826654e+00
9.573137847606799644e-01
1.009845716363102497e+00
9.907213178257036068e-01
9.557158186630507757e-01
9.749284726855232952e-01
9.821337202590637583e-01
9.823345697728735892e-01
9.914700400799699720e-01
9.856678138067280770e-01
9.952777218992038266e-01
9.909245033513127687e-01
9.881550984054879860e-01
9.808511130937860312e-01
9.796046354591166905e-01
9.437986296250681084e-01
9.649891646611704621e-01
9.687919958197142023e-01
9.875112804645302944e-01
9.707932534698370253e-01
9.843679295205043367e-01
9.862183761398938264e-01
9.827055391953639640e-01
9.805088483903278140e-01
9.775893914798208240e-01
9.952546786507062704e-01
9.956266290991784285e-01
9.796320439020955728e-01
9.748947273027062099e-01
9.596452727840021346e-01
9.907318663282118631e-01
1.002345157449880730e+00
9.968915863734900684e-01
9.682987398700950710e-01
9.631439841647009281e-01
9.776215009345535778e-01
9.870010315060512296e-01
9.800504091005836083e-01
1.000195084454201577e+00
9.700377767023150577e-01
9.385955293577163960e-01
9.714768973019088927e-01
9.606089504552998148e-01
9.896837991321448813e-01
9.744588971519234644e-01
9.875709189784603881e-01
9.879824554152835114e-01
9.761687650209611711e-01
9.791000663600786247e-01
9.804815483885069849e-01
9.872080846343954663e-01
9.870598208967186205e-01
9.593412866276949114e-01
9.722247097121351489e-01
9.885972122555686248e-01
9.827863425496128347e-01
9.767108629195818681e-01
9.763747569954713823e-01
9.808751173947515278e-01
9.833281128414241845e-01
9.811165231252604313e-01
9.752419390722713022e-01
9.681049983589442576e-01
9.952742299847988638e-01
9.711181405689079948e-01
9.769138760119894238e-01
9.709797638386434837e-01
9.771797951389517012e-01
9.957944760194655798e-01
9.912719695800115138e-01
9.829662747333078876e-01
9.786874242073251295e-01
9.930859070456150572e-01
9.835497212225150498e-01
9.749484742404480597e-01
9.588679395775584480e-01
9.558074814231894978e-01
9.929160260354572554e-01
9.567321418961933777e-01
9.939082432611379136e-01
9.916871306435927069e-01
9.595249776444915168e-01
9.970523000051902951e-01
9.716546587922101352e-01
9.941477892714473130e-01
9.764657389876573168e-01
9.874147366612314736e-01
9.896976313959492400e-01
9.427380470574068250e-01
9.790772194973093034e-01
9.671621030359160986e-01
9.641895922702520272e-01
9.738479266212006769e-01
9.784136988073253161e-01
9.640566623944147873e-01
9.908329107421514070e-01
9.549192888836414150e-01
9.694922316871746881e-01
9.743383737090804964e-01
9.418986808967561020e-01
9.792581721676046902e-01
9.971554908370913184e-01
9.799201882151381549e-01
9.776952038727243499e-01
9.676223571780702137e-01
9.787409286074451042e-01
9.891935178617239366e-01
9.772848893745094134e-01
9.640203914911205096e-01
9.663347575858960425e-01
9.890671154771285556e-01
9.854514591064102991e-01
9.609069349501581092e-01
9.944978473731328483e-01
9.900216606021181587e-01
9.969532749939217231e-01
9.583924069253220157e-01
9.924599017455436600e-01
9.827567248764597085e-01
9.701974030750218914e-01
9.909957520250280982e-01
9.550016778967651554e-01
9.522660408945491373e-01
9.887380653069895997e-01
9.836590494978020294e-01
9.829338147525971126e-01
9.464494359497889198e-01
9.825975164961928687e-01
9.766174815174540891e-01
9.708993736557022247e-01
9.879289440985506987e-01
9.536425904648861973e-01
9.900536760936626823e-01
9.783595807252731813e-01
9.761263923835010736e-01
9.899823537143010999e-01
9.865180575645583483e-01
9.746159300834711381e-01
9.925615079209109126e-01
9.785158184044173701e-01
9.814489371400868523e-01
9.537761653591714239e-01
9.775800070150176824e-01
9.811534084182135240e-01
9.785619720979392699e-01
9.732788096500364361e-01
9.688548941097029354e-01
9.616579332893779863e-01
9.579585256086323719e-01
9.804265964676092127e-01
1.003717224847975542e+00
9.782428435031959024e-01
9.786818616613043309e-01
9.986518110793038971e-01
9.729128143421855723e-01
9.750291508207272750e-01
9.691024164525422480e-01
9.535278770362850542e-01
9.685565953594232891e-01
9.887104630580879627e-01
9.794237869320797651e-01
9.778007737701970292e-01
9.766148598757495858e-01
9.834672754979446596e-01
9.846060537074939889e-01
9.366960004888542635e-01
9.879526700357623703e-01
9.950383843418421081e-01
9.871535125700974245e-01
9.896722366330670262e-01
9.687099133132475171e-01
9.792325195764050028e-01
9.786196781830188707e-01
9.951157229986903330e-01
9.155184951438016805e-01
9.917951718358614110e-01
9.905587141972284071e-01
9.979050625132751540e-01
9.640021309889252876e-01
9.964475096015467104e-01
9.980196993252136162e-01
9.802310248618985034e-01
9.674263642347308290e-01
9.815115920940807870e-01
1.000932789162475745e+00
9.770550923777612251e-01
9.985596052320472316e-01
9.922316139039630833e-01
9.665993610123466695e-01
9.286093816636541431e-01
9.657516765823325189e-01
9.789924503477492879e-01
9.699072687904998213e-01
9.801361400080991215e-01
9.688259350337546927e-01
9.800423611167019544e-01
9.786405713460144540e-01
9.850024669854960946e-01
9.740896058712925631e-01
9.856815148469333376e-01
9.861928718413448536e-01
9.779803985073706185e-01
9.871221614827885293e-01
9.741462070164220721e-01
9.244330636155376757e-01
9.431470945438668041e-01
9.837578996432015943e-01
9.526050767394677043e-01
9.649537427688155145e-01
9.822555274487105859e-01
9.887273018402648050e-01
9.751614625668265646e-01
9.983112165187253417e-01
9.859974555057136048e-01
9.521758669237613271e-01
9.691716687662467189e-01
9.846128887238061456e-01
9.850598662721035126e-01
9.762264762794826689e-01
9.696080989873788747e-01
9.622846273594528599e-01
9.991807589230102815e-01
9.672305354554158185e-01
9.800595132005192056e-01
9.716106305254584852e-01
9.785980161788273568e-01
9.919610920698838097e-01
9.637972155526871587e-01
9.806875825102620015e-01
9.873518818647967210e-01
9.999726630734645516e-01
9.856330786804591293e-01
9.835618102342010838e-01
9.557874308318785594e-01
9.982049415041066576e-01
9.681899563719107427e-01
9.937654080419860980e-01
9.678972589531585902e-01
9.811644216247842332e-01
1.001296981604226088e+00
1.001238424276521766e+00
9.541121335655528002e-01
9.780967902645076872e-01
1.008737447233526874e+00
9.870127424164071295e-01
9.700701549943674395e-01
9.657302110392280703e-01
9.832596314656021352e-01
9.740484419355071033e-01
9.874252737585451634e-01
9.872482844328004381e-01
9.845323081666418341e-01
9.932522297013972601e-01
9.839189745437305623e-01
9.409168911228986687e-01
9.973461849815989932e-01
9.650588564208751885e-01
9.842323261632929254e-01
9.861839530115803498e-01
9.823627218066912636e-01
9.799080991714390620e-01
9.793460221359561180e-01
9.897660638416669876e-01
9.753858191907778252e-01
9.396895378594768422e-01
9.917649560490240379e-01
9.872910459881804046e-01
9.736986161217601188e-01
9.902942018677706182e-01
9.861611827570172517e-01
9.644422501514451351e-01
9.864212552157526348e-01
9.737031790446323276e-01
9.809753206580503759e-01
9.883884987146610568e-01
9.826283124625736498e-01
9.618969431241970458e-01
9.893338180081487909e-01
9.634296236415212933e-01
9.808017618708275709e-01
9.957720752149123999e-01
9.829496131501920253e-01
9.627747796253897095e-01
9.897885262512767790e-01
9.729100443954703525e-01
9.776079466117436612e-01
9.843538977250491095e-01
9.827495979313272123e-01
9.890062190213683158e-01
9.587193410601865251e-01
9.820083471870236780e-01
9.958632583223823165e-01
9.851432674804971867e-01
9.801872473091887139e-01
9.458693835542399952e-01
9.935478563543120867e-01
9.912489934325838803e-01
9.734494447157566732e-01
9.525406744625610767e-01
9.865491602847951125e-01
9.879437635256924644e-01
9.801747282478502354e-01
9.521943472112948115e-01
9.926752712745409157e-01
9.459961762174803335e-01
9.884932403625371622e-01
9.682161872158374649e-01
9.809371630333254544e-01
9.925285985676858269e-01
9.529485154461361240e-01
9.877796700912088168e-01
9.691802879341738786e-01
9.785416987663053678e-01
9.883542228641163385e-01
9.509913169574769620e-01
9.855780406534230265e-01
9.947310074760848941e-01
9.421238845501664905e-01
9.651424091239440006e-01
9.737848541179131567e-01
9.750972964926434283e-01
9.712079963874145072e-01
9.883955423974765120e-01
9.641545874428649743e-01
1.010990822894066943e+00
9.843404771062060910e-01
1.003368689165147876e+00
9.708209006609155312e-01
9.922724021686822882e-01
9.825614464496537082e-01
9.706433653694791497e-01
9.891690351592563601e-01
9.991010210899490263e-01
9.861127786193326639e-01
1.001399020753406033e+00
9.715370317205628270e-01
1.004331619803829900e+00
9.781722487048249981e-01
9.913480740382968337e-01
9.812843345658402994e-01
9.921676641384791218e-01
9.787722290349385457e-01
9.929700640427191471e-01
9.381349940417268440e-01
9.889987128091091151e-01
9.744989864514760347e-01
9.828150388443089858e-01
9.843248928817500687e-01
9.746289980627133032e-01
9.956200929313283599e-01
9.763153975410790997e-01
9.699900303759677600e-01
9.248994653997764104e-01
9.935184657336916247e-01
9.864993612643347953e-01
9.861059112701725526e-01
9.601153083493634277e-01
9.701238365082431869e-01
9.910504197706185847e-01
9.826357532126870353e-01
9.940703970408197865e-01
9.878022757450848346e-01
9.427065244484079676e-01
9.834642183031742091e-01
9.726674900199029361e-01
9.590491524423239156e-01
9.710212669735504010e-01
9.750492785689245379e-01
9.634296087208148451e-01
9.789843723220167382e-01
9.686220395788976978e-01
9.741490019439796866e-01
9.785420259269586030e-01
9.954363802062602407e-01
9.881743173168088257e-01
9.685077717313121948e-01
9.890642896194352662e-01
9.948777201357286160e-01
9.836240011249002269e-01
9.874277628124271677e-01
1.008182386615235071e+00
9.825826843656427778e-01
9.810191235292483602e-01
9.979263253934085309e-01
9.700917282264376329e-01
9.786851664867299849e-01
9.493390393164652385e-01
9.882882146801515999e-01
9.862336354663485682e-01
9.952788927331954749e-01
1.002953478462064840e+00
9.705969229420051692e-01
9.783823987739480588e-01
9.883082787196451058e-01
1.000511275735937344e+00
9.691496148667096966e-01
9.877904674611104330e-01
9.753292464624768732e-01
9.836234154674365904e-01
9.630039026506410638e-01
9.816591714272517866e-01
9.856929828657097215e-01
9.629107674631308678e-01
9.863647632887226901e-01
9.814718583558501575e-01
1.008397750989401098e+00
9.753915731909715836e-01
9.924406491949824272e-01
9.577520821250726790e-01
9.879000005702773812e-01
9.623442639451840197e-01
9.715326313866323726e-01
9.981927406611713627e-01
9.577612907178191248e-01
9.754669503712595224e-01
9.825415430983716059e-01
9.909146243598947468e-01
9.771657726965459201e-01
9.884282818020370120e-01
9.577798893401652247e-01
9.873454486973144428e-01
9.918333043588938303e-01
9.623659787333631588e-01
9.801695003731946132e-01
9.767619063865327078e-01
9.817720381448912237e-01
9.562387370512936968e-01
9.574319422333624763e-01
9.577076283580980842e-01
9.877812893894754032e-01
9.794607619535081744e-01
9.894528820186411222e-01
9.878161739898393412e-01
9.794448362003216335e-01
9.853359317240524273e-01
9.774963164530235948e-01
1.005986741444753418e+00
9.712124488590032634e-01
9.884086219638102966e-01
9.907259571890109084e-01
9.856274832472791125e-01
9.578674815551054822e-01
9.790931809298789590e-01
9.851423299811601364e-01
9.285318401543647404e-01
9.880427280707716475e-01
9.820749365418757204e-01
9.889873002639807398e-01
9.801725227512536609e-01
9.795587942357877331e-01
9.845237043140426803e-01
9.659714027982161388e-01
9.850583435820280398e-01
9.963134251720657808e-01
9.885337353854620757e-01
9.828882995567660430e-01
9.661226004400451650e-01
9.870103957241282977e-01
9.905096899136138777e-01
9.470782489709144158e-01
9.559627268910839692e-01
9.888326887777975083e-01
9.860681407318604430e-01
9.755013265731824479e-01
9.769587868596597557e-01
9.796685564190226181e-01
9.826749574984401381e-01
9.929055037203270428e-01
9.864710809919741141e-01
9.863011857714016895e-01
9.971454433050612742e-01
9.498014258838048951e-01
9.810704139080138608e-01
9.758017940872305562e-01
9.814210655053093868e-01
9.790049216366847329e-01
9.810277932545696800e-01
9.660620967461761577e-01
9.588586360431620159e-01
9.823882367903686852e-01
9.782149727047275700e-01
9.558702484723423654e-01
9.854806092310121057e-01
9.330871856117494145e-01
9.866910732385929528e-01
9.717105727238761759e-01
9.909269517691691176e-01
9.889695952297054005e-01
9.823526486610487662e-01
9.685445119104613143e-01
9.686346775313059432e-01
9.955507545362592969e-01
9.696415623153873398e-01
9.838753744895493147e-01
9.730107280331188324e-01
9.882895985466078059e-01
9.824351457449852498e-01
9.828412383555752418e-01
9.616653992540038498e-01
9.647502544115929002e-01
9.818754732300308818e-01
9.830060873039476732e-01
9.657292080604815698e-01
9.801096195716152426e-01
9.575865673227496044e-01
9.698103178717424333e-01
9.675141862480359789e-01
9.524522024835102574e-01
9.616952301380137236e-01
9.725435935077761940e-01
9.849025297806720536e-01
9.426490171025023734e-01
9.672307724649407135e-01
9.927772623706832000e-01
9.747491704046006289e-01
9.954235438168657080e-01
9.717982050027477170e-01
9.739265305132631667e-01
9.803171375738263249e-01
9.936865325249695235e-01
9.848018295431528735e-01
9.804085520149692368e-01
9.568982851258417410e-01
9.755018084232187636e-01
1.007419863043435670e+00
9.787563322114753994e-01
9.922829165928963580e-01
9.928976101058252235e-01
9.934208844007443862e-01
9.669397059739519573e-01
9.861524125999442392e-01
9.654839191671077403e-01
9.828605735447195624e-01
9.995714884745934281e-01
9.729666623865351749e-01
9.908959125996479322e-01
9.877858758145354745e-01
9.679194794891307074e-01
9.822440575278480468e-01
9.757617573937820143e-01
9.689272580693779613e-01
9.834575967548369047e-01
9.886303538885033992e-01
9.963193700213647253e-01
9.633453669459931534e-01
9.829676888186091865e-01
9.693184966582485407e-01
9.922298351615497225e-01
9.777124744050704752e-01
9.750620992232946760e-01
9.558349902038074664e-01
9.640951613155390731e-01
9.731487803704800266e-01
9.801937361529929893e-01
9.771303584616453097e-01
9.907675502272008661e-01
9.609685217967917081e-01
9.697866273274723392e-01
9.700644074844253506e-01
9.560389018889451362e-01
9.938320803129614411e-01
9.760914992448215255e-01
9.827359895953250435e-01
9.914836800822193208e-01
9.866687858520136745e-01
9.766994315420224337e-01
9.809809472272609243e-01
9.903717463833593415e-01
9.599924571772033843e-01
9.879070495762369841e-01
9.582940996497097963e-01
9.753429496679854038e-01
9.733089972237088938e-01
9.595076159365830692e-01
9.969645099601085469e-01
9.868139336307941711e-01
9.779179431583214788e-01
9.586553900848622245e-01
9.766924710019497802e-01
9.872490128094284501e-01
9.913185252091325506e-01
9.602518340271641861e-01
9.350894996632173051e-01
9.906042639687858697e-01
9.888215397422844832e-01
9.841138815011528651e-01
9.841854897892614584e-01
9.549223449984248768e-01
9.922337160405092504e-01
9.848059257456307503e-01
9.834710378955688892e-01
9.711327102619153884e-01
9.885831186280402694e-01
9.790854742612327133e-01
9.749700273834100983e-01
9.896902130646784146e-01
9.684121635789904037e-01
9.846074396544421958e-01
9.898244804449722878e-01
9.647541363074315646e-01
9.629282813816917308e-01
9.793387227982878196e-01
9.717144476672130438e-01
9.906539558883731278e-01
9.763973987152001488e-01
9.880318872152834553e-01
9.735335587353781683e-01
9.840744263820104809e-01
9.871823385663897055e-01
9.793270559287458044e-01
9.928855550892378146e-01
9.831470449086961994e-01
9.763024149850710875e-01
9.398634624218666911e-01
9.725258632863380548e-01
9.877709107377136144e-01
9.882665447729659380e-01
9.591131886069659274e-01
9.764533935992122382e-01
9.783096980726804226e-01
9.832294793779539077e-01
9.738150468682792438e-01
9.787600969056029498e-01
9.613237804724629187e-01
9.799055428852138094e-01
9.839108890353501780e-01
9.951970121650018930e-01
9.918584505372276539e-01
9.783309332963228133e-01
9.884803088424529705e-01
9.652722710827779107e-01
9.942183527798363896e-01
9.705411316268156563e-01
9.799161135265578304e-01
9.811138204823144360e-01
9.629522018230074476e-01
9.616273369065122534e-01
9.615043402984223553e-01
9.793783132392871460e-01
9.853961583014385628e-01
1.011309855890064835e+00
9.593542417012735912e-01
9.786837878974091742e-01
1.002973983526720403e+00
9.793403074202809977e-01
9.704776837363040531e-01
9.873364273611370256e-01
9.811119752571821895e-01
9.651352348069169862e-01
9.834451276822290255e-01
9.580719806515674009e-01
9.830578948791900418e-01
9.947842281192965652e-01
9.800348300402337287e-01
9.811527144835769931e-01
9.826383145289009358e-01
9.819545052871512247e-01
9.760408830733544594e-01
9.795696596750262941e-01
9.895391267725383022e-01
9.846876877713025555e-01
9.492583543084637254e-01
9.812124936846616796e-01
9.807407966308087088e-01
9.865542600822347907e-01
9.190658961451061426e-01
9.905069955307074236e-01
9.847757852199207074e-01
9.800939730282599571e-01
9.914105668104368219e-01
9.989962401323045915e-01
9.620806857043774363e-01
9.811798445290828008e-01
9.851414315320825565e-01
9.816118196029899323e-01
9.809414433485476037e-01
1.003684292631559893e+00
9.808696886218228883e-01
9.622400342069878931e-01
9.778858390073300599e-01
9.867039333657848799e-01
9.851155398784748884e-01
9.893536826241488003e-01
9.913168312442449670e-01
9.835469448188267627e-01
9.822423142803180518e-01
9.933483182358834318e-01
9.768280665230449911e-01
9.865482701165881885e-01
9.649037098509321009e-01
9.820245080225045164e-01
9.642916152598812740e-01
9.486899506956441019e-01
9.899142658877829737e-01
9.673201373685071935e-01
9.757540208891992695e-01
9.887535674920141515e-01
1.005942898022926579e+00
9.821494534135786214e-01
9.876175050721517357e-01
9.830977704694180419e-01
9.854852900595930665e-01
9.806880957515944353e-01
9.797792105426833542e-01
9.814108175334753659e-01
9.725068110962252765e-01
9.804773014932004482e-01
9.822901638466733365e-01
9.687716284610662365e-01
9.883033608575136908e-01
9.863391335501366930e-01
9.876694799274203795e-01
9.899433904070523704e-01
9.882190290369453622e-01
9.843351499216528300e-01
9.868428830280588926e-01
9.734583074810954084e-01
9.681406094339789492e-01
9.821615790184936579e-01
9.544979053319648798e-01
9.709774831088755498e-01
9.707889716952872172e-01
9.891958224655906795e-01
9.901590767700845230e-01
9.898333343682134133e-01
1.002387187160221904e+00
9.775692174907018028e-01
9.795678394247352427e-01
9.450509256389889590e-01
9.666477296980573453e-01
9.906440863146772635e-01
9.896671353842970698e-01
9.917170704627583655e-01
9.664250765985115121e-01
9.970893081192511165e-01
9.709185256816914578e-01
9.776486885638669966e-01
9.964417170145046798e-01
9.828269179476032402e-01
9.838174286100475063e-01
9.799463104212404740e-01
9.822232217363845441e-01
9.798963862000654723e-01
9.882779806679869994e-01
9.772602531317746699e-01
9.741088632900630762e-01
9.929932801798083686e-01
9.811259843457358354e-01
9.701640135568524448e-01
9.753560350627817899e-01
9.607422287463364130e-01
9.799994985861462116e-01
9.849396489268964494e-01
9.939998288555327299e-01
9.652976689635526242e-01
9.684592899981793179e-01
9.799299930344662624e-01
9.705833210896204211e-01
9.741210690342484435e-01
9.681923340574043468e-01
1.001047290733106943e+00
9.782460753126211994e-01
9.879760945777542602e-01
9.871554470667114334e-01
9.701675823253415043e-01
9.872871304848958030e-01
9.877027095243732235e-01
9.387188262052784671e-01
9.688906896960042259e-01
9.861358049388344593e-01
9.836264381564137071e-01
9.934810001448086680e-01
9.847514062547257918e-01
9.794969312349016688e-01
9.873851838987560692e-01
9.917641183635607094e-01
9.789009437450018059e-01
9.743849529439149171e-01
9.864244700059167092e-01
9.990273420720593434e-01
9.791957758850260429e-01
9.527091096920435875e-01
9.674679506310985833e-01
9.779680858182939751e-01
9.861564948609091719e-01
9.786359889522708855e-01
9.785773918397485671e-01
9.874203887345583963e-01
9.566482868143000307e-01
9.757557067586540844e-01
9.708757992248490121e-01
9.632254740997959752e-01
9.796291526408897887e-01
9.801441520003497665e-01
9.519251291318240327e-01
9.664760761780797349e-01
9.878952594161591882e-01
9.922329359168694518e-01
9.871014563614258774e-01
9.697372389614932198e-01
9.716271843836915556e-01
9.658355210693888582e-01
9.859251023350837917e-01
9.812157319360358398e-01
9.469302174921100379e-01
9.861791211469463914e-01
9.736796964631306839e-01
9.938012985945587907e-01
9.734509747824708903e-01
9.868224157034480859e-01
9.835120309780329695e-01
9.747210247168125452e-01
9.758867271699516177e-01
9.448878982957276129e-01
9.800056212698023961e-01
9.793407275857646255e-01
9.779217642535770194e-01
9.803533586289924218e-01
9.885812273181634469e-01
9.625401745196544567e-01
9.749130306269977453e-01
9.678202351955152993e-01
9.712600991602949874e-01
1.001167374172589941e+00
9.967727204018177467e-01
9.882820451430092135e-01
9.713366177458194750e-01
9.569254246374654382e-01
9.846633882827103834e-01
9.925356247258610987e-01
9.934749964514218989e-01
9.769930643353818001e-01
9.862787596265761847e-01
9.858073057282142893e-01
9.661391202110057863e-01
9.928194547529923808e-01
9.826654472044936695e-01
9.702952346138309370e-01
9.746864003317046166e-01
9.781960982915718361e-01
9.808792055092769857e-01
9.918661204793001174e-01
9.919179102117959834e-01
9.728513074004381256e-01
9.722503764095901113e-01
9.781925903686146118e-01
9.888527678927973019e-01
9.884527541650238724e-01
9.672435355585231598e-01
9.729246276515948200e-01
9.910408350269546141e-01
9.884387350058037036e-01
9.834134105672752701e-01
9.924732629408882234e-01
9.800231703300698038e-01
9.692133380258105557e-01
9.875291866042980038e-01
9.936229381430038421e-01
9.719018963368085684e-01
9.801152842435562063e-01
9.811659236277683327e-01
9.697197376535698909e-01
9.859363280821112907e-01
9.854698864534446878e-01
9.728720914211531623e-01
9.938040065649960120e-01
9.921990964708603533e-01
9.729952951977757225e-01
9.745717784851913867e-01
9.572856779567149310e-01
9.771053959898510222e-01
1.001412649977244218e+00
9.908628159645507250e-01
9.604971314105775759e-01
9.854783510095068699e-01
9.732470561008568222e-01
9.937901522869262427e-01
9.579845520584517882e-01
9.858290764512064319e-01
9.475485516902747429e-01
9.735472505525645248e-01
9.763985805372816795e-01
9.666618154936931218e-01
9.831293345416878271e-01
9.920364348783518027e-01
9.867725388112038587e-01
9.829748204461660199e-01
9.719978538837841242e-01
9.886184044236621116e-01
9.663185991658209684e-01
9.840324603081500587e-01
9.664679903006524464e-01
9.663752503896723134e-01
9.851228205928981296e-01
9.796434609690943818e-01
9.828318743714316019e-01
9.807498463461948868e-01
9.900007795798453358e-01
9.741701880025063209e-01
9.771046331590587108e-01
9.784638236963473235e-01
9.791197715996441397e-01
9.839476454970822461e-01
9.746398055346175981e-01
9.681389085598475219e-01
9.634525159131299699e-01
9.885756399270572148e-01
9.670738411842167981e-01
9.683597163553895326e-01
9.850811382582688180e-01
9.704505813718533602e-01
9.718693885396550991e-01
9.827914403880485539e-01
9.658792185627115279e-01
9.942123891703196215e-01
9.584768417129946316e-01
9.508086697843094459e-01
9.882144688139985478e-01
9.809221205716688319e-01
9.728078176387057185e-01
9.740925900873581567e-01
9.768020647480744056e-01
9.621871161514076176e-01
9.531964655964814126e-01
9.817222575789609218e-01
1.002971455936198630e+00
9.869008314183568276e-01
9.878946887281221390e-01
9.831114211780115353e-01
9.810797745308008633e-01
9.669328274252296795e-01
9.731913334521536951e-01
9.804237647774778353e-01
9.802320059373978989e-01
9.637737383618141251e-01
9.816930404982038283e-01
9.572902909605898181e-01
9.903434324413938894e-01
9.898435718978220166e-01
9.872285449788198441e-01
9.943475950368246830e-01
9.773242022443199284e-01
9.800385648290043106e-01
9.575320917780617558e-01
9.911288080486320151e-01
9.927573529290271148e-01
9.967734545820536862e-01
9.690762982396557979e-01
9.901494706330782325e-01
9.766688220588850555e-01
9.857746296459088953e-01
9.842587131812212675e-01
9.823312548260397792e-01
9.710819807151815919e-01
9.915748166990647761e-01
9.748306873755421265e-01
9.576297784846103944e-01
9.784885279976519579e-01
9.834448217873978937e-01
9.794455791245931797e-01
9.713099666177290592e-01
9.621507736105833208e-01
9.876312379912862705e-01
9.792485923925006164e-01
9.772492144173007267e-01
9.657106915206323805e-01
9.666062877698238243e-01
9.771680828094907456e-01
9.797041294460883121e-01
9.837548906274293792e-01
9.946029811036536383e-01
9.901697740302570772e-01
9.584924843336009026e-01
9.401877774313561753e-01
9.667158531491173434e-01
9.923057109106054874e-01
9.675402958488126259e-01
9.709889929404926789e-01
9.959787163793720755e-01
9.888473714491196054e-01
9.908034805679113433e-01
9.708911991712372291e-01
9.957695316364265636e-01
9.672518970372869784e-01
9.669648927060161547e-01
9.739754532489177663e-01
9.951636757499274788e-01
9.642131233926956035e-01
9.886270019258749375e-01
9.795544639867961312e-01
9.772169420278744578e-01
9.943287517621236526e-01
9.614346000031366302e-01
9.719831488166894573e-01
9.899718742276220063e-01
9.969788665360883595e-01
9.852123899583122846e-01
9.884769094416364643e-01
9.627606116380922341e-01
9.846725665458182508e-01
9.598462703726593492e-01
9.536965810460624748e-01
9.747976521127488247e-01
9.670629938374553092e-01
9.825073951088180157e-01
9.950321965446629058e-01
9.480877317907357993e-01
9.813989185366619461e-01
9.827613444841500900e-01
9.683768775016298180e-01
9.857708684499810747e-01
9.602493244808997241e-01
9.662245204600715676e-01
9.798005396044016102e-01
9.690610729949914459e-01
9.672751399935125560e-01
9.896895035682929942e-01
9.748718525553726755e-01
9.645150767157090188e-01
9.776710489433824147e-01
9.982385347448194945e-01
9.847318556548573243e-01
9.801332572562921897e-01
9.521327307646707538e-01
9.669254739021544420e-01
9.699575665240058875e-01
9.904422423766353623e-01
9.716518358975801961e-01
9.723041182647887970e-01
9.798903284876959718e-01
9.790201865756542610e-01
9.797590984336199682e-01
9.889819698571852280e-01
1.003184904970309210e+00
9.637743691898558174e-01
9.967561209432382885e-01
9.788184478113435283e-01
9.818153532046156595e-01
9.628092084106826265e-01
9.822507531798665426e-01
9.820820942018005928e-01
9.777380057469209351e-01
9.882682672912432853e-01
9.678198375401164677e-01
1.002903910217701089e+00
9.642482687782429895e-01
9.786733302235485210e-01
9.788603747927228094e-01
9.910561125151835515e-01
9.585513503252940382e-01
9.810870968149261184e-01
9.563027226740626885e-01
9.479664466554779123e-01
9.860701445138141397e-01
9.852997126304845477e-01
9.900530825248947675e-01
9.845865570165868164e-01
9.873077490039730009e-01
9.665624309434299732e-01
9.656781831635158353e-01
9.596136009513055454e-01
9.847872644395336827e-01
9.804617484288107310e-01
9.950490445760072911e-01
9.635113553427541166e-01
9.628933538890592780e-01
9.883654056809546562e-01
9.862276018862694560e-01
9.919746165341488675e-01
9.877715083617795155e-01
9.753975779999034534e-01
9.881634674924270056e-01
9.885699141160372294e-01
9.797179286518499230e-01
9.914210706759569725e-01
9.930303971662531870e-01
9.841817142697836251e-01
9.734906049037173048e-01
9.739362176863830545e-01
9.706491501315446246e-01
9.949725680034141595e-01
9.598509167605245862e-01
9.722875699532543825e-01
9.924867260175852524e-01
9.628677835768272297e-01
9.946158447794949398e-01
9.852064765358243825e-01
9.910428616553711434e-01
9.951374634571074074e-01
9.814632799102033234e-01
1.001375011076810040e+00
9.865377714788767793e-01
9.622507527778110248e-01
9.815359616510065388e-01
9.676938096873526352e-01
9.532353452271731253e-01
9.963249728101429836e-01
9.659374530738824571e-01
9.875410596155967946e-01
9.865544146410041293e-01
9.867216218087910828e-01
9.803530591795601712e-01
9.676314771654198621e-01
9.785982323648986236e-01
9.665236110643133927e-01
9.508665121762314154e-01
9.902938451981120327e-01
9.917305652719957676e-01
9.577323778983960478e-01
9.913088614179181857e-01
9.749904736104159086e-01
9.577426564518312091e-01
9.838053332829198583e-01
1.001282292000618579e+00
9.813194256808257521e-01
9.824672131522740326e-01
9.996253271275153951e-01
9.519256540692958568e-01
9.841673939173217756e-01
9.727810221875325958e-01
9.744809177007230927e-01
9.904342952614807460e-01
9.787633195892126992e-01
9.758646282217072754e-01
9.594161655447248638e-01
9.863676723924409417e-01
9.714228115310454825e-01
9.780538863819464579e-01
9.674662570537930772e-01
9.874295661275007685e-01
9.617380299014511857e-01
9.838310894179480570e-01
9.666007861027643422e-01
9.863404829123607609e-01
9.779783072617336259e-01
9.715381792220774138e-01
9.722934126132326549e-01
9.394368391356205938e-01
9.533811314694068395e-01
9.856640101043777635e-01
9.813441593127154583e-01
9.925117471530865432e-01
9.690966111148159312e-01
9.747550271793231635e-01
9.847336615858751641e-01
9.888166646217254607e-01
9.822849452225563827e-01
9.806826661710414950e-01
9.426756981696560178e-01
9.959402477576521084e-01
9.947988861952269390e-01
9.914021289047103558e-01
9.501031451336472422e-01
9.621073115275818877e-01
9.599990363215322731e-01
9.786634040556276837e-01
9.740679830034316700e-01
9.927460753423350548e-01
9.825691046880163926e-01
9.829803748263307162e-01
9.863702125137668864e-01
9.801386280864989864e-01
9.888585994134253543e-01
9.816166729034807581e-01
9.889551463773796902e-01
9.916170820351491999e-01
9.824549313157570074e-01
9.806894752540031845e-01
9.648341202495912539e-01
9.865126144914264650e-01
9.761736633492010817e-01
9.551182619766269699e-01
9.874604352614682057e-01
9.736714317361975235e-01
9.875611602599803085e-01
9.798760190192303821e-01
9.868620146430716611e-01
9.916170259888607008e-01
9.738408399395892534e-01
9.835383324317146236e-01
9.757173685913729244e-01
9.653798959160549975e-01
9.957693952183017672e-01
9.744682212820250378e-01
9.839468006532580135e-01
9.774514215847960319e-01
9.675758657305031374e-01
9.823453256908188935e-01
9.785113565866393470e-01
9.746449154316909613e-01
9.891566689089265063e-01
9.603616609873719678e-01
9.740281586835399796e-01
9.429950751501531281e-01
1.001065732532360419e+00
9.871858428642249494e-01
9.744443936376125937e-01
9.817516951869490471e-01
9.925348532500378740e-01
9.732319059313679910e-01
9.785336149652600346e-01
9.842497674039198952e-01
9.873437517908129069e-01
9.839976683640744293e-01
9.699280833345620412e-01
9.749039785922458679e-01
9.715006701042953052e-01
9.280840055587993298e-01
9.758443532712345325e-01
9.895977366884790571e-01
9.853673514324802207e-01
9.744623532318873460e-01
9.791061588272675920e-01
9.832052653553594590e-01
9.765496142395777568e-01
9.557940372916639005e-01
9.699885084814627856e-01
9.801216726348149777e-01
9.689005175651278501e-01
9.901785045877519176e-01
9.843596592765712083e-01
9.711284317628918750e-01
9.901778177844048345e-01
9.682245139397752665e-01
9.825531406406037283e-01
9.812513863976661810e-01
9.849080655639723680e-01
9.715660428524091063e-01
9.919194080060997898e-01
9.935962691964921323e-01
9.901352368198899079e-01
9.812340791709363019e-01
9.835113508143807914e-01
9.795153265527096753e-01
9.768021975780446509e-01
9.771969077691775585e-01
9.828203604495815426e-01
9.894159310207032432e-01
9.573333131322159240e-01
9.720643687981533887e-01
9.749957228274879206e-01
9.958358310928030477e-01
9.846782399415627829e-01
9.831903597991715760e-01
9.865254376019256810e-01
9.804030957768153920e-01
9.834556242328693632e-01
9.968902137790009998e-01
9.917430920246373960e-01
9.736771578384499914e-01
9.833636854912192193e-01
9.820364646847759005e-01
9.851447384761755632e-01
9.543108007116379854e-01
9.744901375764211116e-01
9.872676209642111678e-01
9.795838601883174457e-01
9.815011315290564919e-01
9.722880557995129402e-01
9.538190873885250554e-01
9.701218115549318233e-01
9.863496234701101262e-01
9.791261317537814923e-01
9.903388098731371603e-01
9.821080301555624725e-01
9.880922710092896466e-01
9.553721128614239833e-01
9.914836116300207447e-01
9.907941188235849239e-01
9.842519187095190025e-01
9.450808173020063263e-01
9.559765468306790082e-01
9.803858438078110193e-01
9.846309202333020094e-01
9.987437116158812689e-01
9.656893162031023881e-01
9.778841218403980795e-01
9.857757776715935227e-01
9.716419501237556489e-01
9.872701074187447690e-01
9.879505912610525575e-01
9.906086019997543124e-01
9.548558602341143953e-01
9.847879356399171780e-01
9.800543813454171138e-01
9.671873330275194691e-01
9.655238809591416560e-01
9.572805899662670814e-01
9.802807509414637188e-01
9.832658223269297171e-01
9.854223356398691402e-01
9.883789386589907355e-01
1.001755324973623518e+00
9.723513430559442838e-01
9.485393026246000669e-01
9.859371577178096535e-01
9.803263497706927732e-01
9.827457708603197784e-01
9.713262034670607781e-01
9.622368043707834051e-01
9.984261431584928737e-01
9.862689081868704077e-01
9.866141063389192167e-01
9.539337980868707323e-01
9.816364017706072920e-01
9.900216072695436909e-01
9.851018277816598889e-01
9.691588385332670086e-01
9.819860325231137832e-01
9.753471431185002372e-01
9.678871517294386218e-01
9.736593910273464436e-01
9.903853998785603352e-01
9.865335740684078036e-01
9.738029883972876277e-01
9.775953181340333309e-01
9.881186474318370827e-01
9.753887481645647783e-01
9.874887097411897408e-01
9.589594441038064021e-01
9.674362278221242395e-01
9.856618243599110096e-01
9.817917306570789204e-01
9.808111036225789503e-01
9.919959276558861783e-01
9.514558805441232225e-01
9.745448579009150514e-01
9.614912631851884051e-01
9.472285025671317582e-01
9.724137512186811216e-01
9.796421222039815024e-01
9.837790179862043738e-01
9.911180154828030942e-01
9.786825440262346687e-01
9.897098237197742288e-01
9.434505965062236488e-01
9.867147620111810236e-01
9.775493900973322159e-01
9.672673179903997775e-01
9.832877119575098579e-01
9.699097529196872847e-01
9.793789459366606387e-01
9.640431266249730458e-01
9.899557982398410338e-01
9.786549015189729417e-01
9.842666160626651894e-01
9.457170609144434081e-01
9.818146241304234190e-01
9.890176891544820714e-01
9.891512407097278192e-01
1.005854684743392902e+00
9.669340580558678511e-01
9.716294958642827106e-01
9.993627328434887547e-01
9.893399015149442199e-01
9.862376443250596703e-01
9.617479164924640500e-01
9.849446667781643905e-01
9.580270359120474088e-01
9.577854755964940736e-01
9.967941507946099788e-01
9.590171376227382138e-01
9.761474923920464564e-01
9.819973740891121405e-01
9.864570254710516295e-01
9.581580047986020254e-01
9.746604980525446216e-01
9.844264207246933296e-01
9.948062657748629745e-01
9.799772397570385429e-01
9.764171994875736615e-01
9.953179265428619971e-01
9.206152843604715752e-01
9.852856004682374325e-01
9.443919967541803961e-01
9.887374905760177857e-01
9.900213445915475585e-01
9.855308098592040489e-01
9.838185733477523565e-01
9.783119705434558666e-01
9.909749262857675545e-01
9.756746056766184561e-01
9.906599563986444590e-01
1.004030406581833956e+00
9.864595068257099308e-01
9.757687097093363793e-01
9.940195128947315606e-01
9.746661727036427525e-01
9.730602560082350916e-01
9.923538733798025202e-01
9.786055581908562617e-01
9.821173590534989506e-01
9.875678959502484089e-01
9.696616755696746415e-01
9.939132525508177496e-01
9.933814753402627762e-01
9.767341648396312692e-01
9.826902986153626118e-01
9.797327195210875361e-01
9.891405404679458613e-01
9.714202930448180284e-01
9.742309187263445969e-01
9.637848864232539947e-01
9.898109349389137002e-01
9.891054623808007706e-01
9.598844589982983289e-01
9.815688915377384083e-01
9.867374055770579133e-01
9.949264230365195694e-01
9.470093768623342179e-01
9.745457749731487596e-01
9.909424225159617627e-01
9.580362721398201220e-01
9.177644588759935607e-01
9.953261877030268323e-01
9.821832812533807244e-01
9.837552873325952074e-01
9.955661010259119204e-01
9.808695507646261191e-01
9.658492317863569543e-01
9.828778512626797914e-01
9.815333334448669289e-01
9.956855514438456289e-01
9.356157482143118154e-01
9.523480655340800238e-01
9.481971009394608574e-01
9.771237741886183992e-01
9.933010079422727179e-01
9.775933134734448027e-01
9.993640102627154853e-01
9.707092920011209936e-01
9.838895668468654598e-01
9.795265666145994699e-01
1.011910604004679026e+00
9.754173443659824860e-01
9.708905547636369482e-01
9.692169083645091332e-01
9.886025847220286655e-01
9.858834682161452534e-01
9.780593362805822810e-01
9.769111163913170026e-01
9.573615975734595107e-01
9.809109705514388322e-01
9.867256265244351843e-01
9.952290337828177957e-01
9.992357633527387817e-01
9.887146578389840457e-01
9.734145195934239547e-01
9.870846917697574385e-01
9.795506286077928504e-01
9.917350336446940640e-01
9.786899567971101277e-01
9.803691212864783511e-01
9.930052389270965785e-01
9.677477595132368826e-01
9.684319128592044912e-01
9.945480108119630902e-01
9.791458938723829331e-01
9.515701737360143797e-01
9.619675683523761789e-01
9.573561280755524816e-01
9.815135813347647398e-01
9.873634718243207153e-01
1.006413995523408600e+00
9.720938275557834407e-01
9.816328796310339611e-01
9.947098883204998909e-01
9.685732587792317272e-01
9.607109311331584189e-01
9.920184462551627780e-01
9.927497697793320475e-01
9.948738258681455449e-01
9.938315703444453586e-01
9.733233130577358949e-01
9.475807426506478448e-01
9.767591796198015208e-01
9.882221265538946309e-01
9.792977715104387304e-01
9.939173849013280826e-01
9.727857438919983446e-01
9.737521070354149266e-01
9.793045800723335637e-01
9.849640351744626265e-01
9.727773787721440968e-01
9.500138495855292575e-01
9.689962954657387328e-01
9.744691941713344852e-01
9.887075062636839773e-01
9.875885644882206327e-01
9.685793287458654977e-01
9.917387489460433025e-01
9.903676481318168801e-01
9.473168278172761081e-01
9.748002491700595851e-01
9.834008131793711138e-01
9.957688267693768358e-01
9.896188126495627513e-01
9.851827869651991199e-01
9.757650730757678748e-01
9.807502920922758216e-01
9.730717020955137464e-01
9.893163791669126184e-01
9.850194549878622530e-01
9.860423590229532298e-01
9.806557175663603854e-01
9.830252083575620192e-01
9.538883944287993577e-01
1.000878974979846125e+00
9.678619785539070985e-01
9.675120947984502395e-01
9.732157058150712192e-01
9.841067404367579430e-01
9.805326754941376954e-01
9.644303325942633620e-01
9.866494410173403118e-01
9.908294450760140037e-01
9.855693359768664674e-01
9.774356347627929376e-01
9.289573636876264917e-01
9.683616354087996037e-01
9.338466604420124773e-01
9.586800356352999097e-01
9.596160919875977857e-01
9.665302294104207714e-01
9.873932321902226805e-01
9.696562677410537345e-01
9.629376980015770249e-01
9.755295244778380281e-01
9.685523049084381331e-01
9.739941063226562612e-01
9.804784618714299516e-01
1.000692202304453549e+00
9.934128777150779133e-01
9.915787941060192345e-01
9.807891116831000122e-01
9.901084985404215999e-01
9.921708965424047566e-01
9.801721740904423275e-01
9.528844405135675766e-01
9.833315426580262475e-01
9.924525825335330786e-01
9.930752879980013770e-01
9.631118465636638870e-01
9.915265704134665903e-01
9.689882833177041466e-01
9.789243174707105144e-01
9.850502801682584630e-01
9.810124746242351312e-01
9.765309757614107911e-01
9.684269910811109661e-01
9.829410596096004316e-01
9.756118204447822295e-01
9.809761165048848097e-01
9.745640815092134757e-01
9.838964235888414400e-01
9.656283784942476522e-01
9.594123522581557983e-01
9.868592640711528752e-01
9.889239883527686237e-01
9.937640967972717343e-01
9.809437557059045298e-01
9.886989258293413796e-01
9.868784866285378321e-01
9.817849410342449623e-01
9.623877344417208768e-01
9.596242173119993168e-01
9.525105788042615984e-01
9.857093052205686545e-01
9.582666851421771659e-01
9.878789258580339405e-01
9.880681329221716602e-01
9.857216983882501893e-01
9.592854044628155163e-01
9.589425154738208112e-01
9.842146866080757617e-01
9.797310008197814835e-01
9.667131314946334486e-01
9.849307030045080236e-01
9.798462556699630843e-01
9.885752377807659474e-01
9.784593573043621761e-01
9.887371571713829965e-01
9.899759398370080454e-01
9.795122041707640115e-01
9.742005775953733737e-01
9.497630719918469522e-01
9.742155733529116457e-01
9.824407357341282676e-01
9.880453943197156086e-01
9.846156076605079299e-01
9.722942309607212064e-01
9.929908274924568179e-01
9.729596650428630200e-01
9.716475895280285435e-01
9.909001542034765464e-01
9.660092268549099748e-01
9.871387111627567545e-01
9.725420253951617688e-01
9.755297442328063617e-01
9.881136307858322532e-01
9.705541608169263590e-01
9.900329107989516153e-01
9.722511993973619315e-01
9.785512345867037887e-01
9.814303630677273516e-01
9.756523470514815166e-01
9.900473962809485107e-01
9.642930222026930842e-01
9.683560398521748880e-01
9.523406747638657466e-01
9.917539028514513744e-01
9.869366075418091189e-01
9.493619270375266428e-01
9.714344116923205874e-01
9.598381958602326680e-01
9.912914518481786841e-01
9.720181308529994846e-01
9.867786448354064488e-01
9.869331939252645736e-01
9.840788652462111319e-01
9.951692626950987552e-01
9.831106025318498975e-01
9.861132404999554124e-01
9.921515757167385097e-01
9.896730990511893866e-01
9.869777080630605104e-01
9.761177822127659054e-01
9.782849791501218029e-01
9.771076829549486531e-01
9.886328460441581312e-01
9.818392587872729615e-01
9.768256386088206566e-01
9.839459176070388668e-01
9.871823626674803842e-01
9.756781816565608390e-01
9.864305383324427634e-01
9.810785143833795630e-01
9.753879253424687645e-01
1.004005633735408853e+00
9.791628663529665655e-01
9.620312849741684547e-01
9.573866876542259652e-01
9.819207864103043359e-01
9.861841572116892829e-01
9.855805593548023769e-01
9.946156174662954541e-01
9.525521805155859889e-01
9.590685839739880869e-01
9.719011993574038222e-01
9.798324181199838945e-01
9.838209514783714527e-01
9.778376815022328250e-01
9.703047351583636848e-01
9.908504158619594326e-01
9.696660678921001919e-01
9.631842732621516134e-01
9.820862699515575667e-01
9.843077389712776570e-01
9.615936540942106037e-01
9.501493819430159027e-01
9.733151801012895898e-01
9.732019096973160144e-01
9.845005494557576009e-01
9.457241565107072923e-01
9.728985285032838437e-01
9.951081926511734510e-01
9.739554041768092585e-01
9.790510984281126650e-01
9.818314826088587743e-01
9.898103988254962626e-01
9.932142147509056551e-01
9.717396973552858697e-01
9.320654499602177845e-01
9.782422045460366089e-01
9.963611711695701256e-01
9.810430044749529621e-01
9.683168542649347454e-01
9.853911306265255021e-01
9.662107158402784002e-01
9.634398372609780381e-01
9.857187426281646125e-01
9.736101504014323949e-01
9.486671006164709707e-01
9.888643519221850253e-01
9.836431896045222389e-01
9.864076455460097925e-01
9.639492066749690835e-01
9.872131510510379071e-01
9.813397081824126733e-01
9.583287867439485019e-01
9.664302790361737339e-01
9.896221172320358583e-01
9.466938862341890415e-01
9.918710908213299593e-01
9.770986677673509924e-01
9.822101209206774985e-01
9.862387045425057286e-01
9.669180808613080380e-01
9.783682196739642567e-01
9.735224323237224864e-01
9.757044918341862827e-01
9.760397097318358473e-01
9.735592541272869438e-01
9.889886808456390677e-01
9.585869378050670964e-01
9.868847291856878146e-01
9.594516177936656121e-01
9.800830761876843100e-01
9.856421172780400752e-01
9.324458574631617758e-01
9.823841808880677817e-01
9.401270530019266713e-01
9.819144345710653088e-01
9.697645661323138766e-01
9.912657174892142153e-01
9.923123658950400161e-01
9.606031849380688437e-01
9.851299194429398165e-01
9.902270895190768973e-01
9.695121658541013820e-01
9.857272322245290708e-01
9.466758207504663014e-01
9.680945812197389033e-01
9.971207356376162734e-01
9.593175669695309660e-01
9.800285289939669742e-01
9.666643774239365161e-01
9.797146858163127137e-01
9.792471968066172039e-01
9.518219743805641508e-01
9.903106299493288356e-01
9.733828296714288619e-01
9.725058333154743551e-01
9.728477913150881395e-01
9.560311614951771952e-01
9.798332434943156644e-01
9.542256013577259388e-01
9.863749840788765821e-01
9.478375635765803331e-01
9.717843776601786665e-01
9.556331766941941197e-01
9.688801674662222974e-01
9.750947509159647586e-01
9.845051128805720753e-01
9.867320480006342986e-01
9.958954374045989599e-01
9.676983675029108278e-01
9.905229814824224599e-01
9.843672838764113697e-01
9.755213933175216345e-01
9.737115884463249937e-01
9.927224295593670700e-01
9.834201574052635619e-01
9.744763598589067932e-01
9.566969443876011114e-01
9.523509673660704999e-01
9.807253418346333351e-01
9.867954774051997946e-01
9.887302510787114862e-01
9.736697974352057638e-01
9.574112396340693776e-01
9.882596774555104657e-01
9.916666481237250697e-01
9.898163262222099412e-01
9.556619178529917047e-01
9.993916294633556907e-01
9.844254242636333307e-01
9.833665385958108018e-01
9.725763371186790796e-01
1.001521202965143020e+00
9.710247015317409192e-01
9.836935691865991149e-01
9.537928463325748840e-01
9.788511705493723181e-01
9.883142706679854950e-01
9.715701402752008331e-01
9.505515597842796316e-01
9.756405730262128762e-01
9.849256487100123136e-01
9.660298180323091399e-01
9.684846294032034564e-01
9.525387113839699493e-01
9.853970465418849800e-01
9.795569258171953342e-01
9.859949443292521654e-01
9.801706430748817755e-01
9.690192065079235029e-01
9.879400308548249576e-01
9.798437246814537538e-01
9.726351478687610408e-01
1.000666238987953705e+00
9.874108155573574352e-01
9.676602841613041184e-01
9.517531061604691534e-01
9.765224133403961337e-01
9.808728235077343038e-01
9.943342137465388531e-01
9.864803676615220285e-01
9.764757405686628200e-01
9.594370239403534617e-01
9.802358592665552095e-01
9.828124651798862965e-01
9.848999998040935955e-01
9.938391407462825455e-01
9.804655571373641632e-01
9.829023559908627306e-01
9.737746373216177309e-01
9.737280810042991952e-01
9.668973630185553336e-01
9.828709115997837920e-01
9.950078546030863835e-01
9.708534672145155975e-01
9.550868953891533675e-01
9.901159498596446840e-01
9.561035513431294097e-01
9.778308906664824329e-01
9.884359871847586687e-01
9.825201060308511591e-01
9.935825767380981333e-01
9.915385804806887693e-01
9.767975292312648383e-01
9.711088325843213465e-01
9.881702609277952520e-01
9.717148237926386267e-01
9.547505016679935785e-01
9.666799181338883162e-01
9.803939529848854084e-01
9.558281104925627769e-01
9.843514843692330318e-01
9.945110998308493988e-01
9.367329667018581274e-01
9.715565251715732042e-01
9.497866566061154980e-01
9.826807092473726080e-01
9.585538650719818143e-01
9.765767586806447520e-01
9.710985709407748967e-01
9.890648529783772069e-01
9.973474086112154025e-01
9.965415492306539669e-01
9.755162767479764740e-01
9.750714487274403375e-01
9.844563142400909461e-01
9.841622463325774284e-01
9.806956747955418718e-01
9.686193069384790855e-01
9.675883608895300414e-01
9.985389808893799790e-01
9.690570000702369846e-01
9.691828756005034240e-01
9.565633948174349088e-01
9.840099177135909203e-01
9.354389763245951617e-01
9.917823919916786135e-01
9.881696482261003167e-01
9.777629114974212277e-01
9.732407397805125093e-01
9.764303930272112408e-01
9.909724304401779094e-01
9.550702024871695617e-01
9.809925709046879438e-01
9.807040775867197357e-01
9.712212686226447955e-01
9.776165852867004791e-01
9.802331034046798397e-01
9.853390915513655646e-01
9.612500349439132563e-01
9.721168386718614940e-01
9.791037700388944831e-01
9.837372313583099270e-01
9.793446024507093117e-01
9.918720763364751170e-01
9.898802270351916288e-01
9.591573253807189614e-01
9.771030547936826460e-01
9.900607087236322768e-01
9.678212160066956837e-01
9.912059941366950788e-01
9.766446370583838910e-01
9.755161884903373881e-01
9.746808428866360341e-01
9.825722178749942692e-01
9.550586413604671421e-01
9.731734669583648190e-01
9.853858773381339864e-01
1.004232999249919267e+00
9.784435346465345518e-01
9.839584066183075794e-01
9.885685893087317044e-01
9.908584555359760682e-01
9.816326725977364553e-01
9.905003652289003924e-01
9.926766590643130161e-01
9.810215631582831497e-01
9.866296474129808702e-01
9.985265224702620790e-01
9.810845818572525578e-01
9.718098159670390812e-01
9.966211110449159083e-01
9.808920928637898662e-01
9.799874587558357053e-01
9.896020109664560582e-01
9.887118743302271140e-01
9.808689631512879092e-01
9.795084785375978154e-01
9.883701691789109622e-01
9.832385762121034212e-01
9.681662148858697359e-01
9.824351713889410975e-01
9.513770122176237187e-01
9.866485301040829325e-01
9.664713549898439338e-01
9.641631028833095307e-01
9.774603573556993608e-01
9.806405758437407583e-01
9.827132845072772405e-01
9.725163534901853923e-01
9.885679620229401721e-01
9.980807918084352304e-01
9.791877427107612553e-01
9.884262744753455898e-01
9.620884960987241552e-01
9.661881975178597814e-01
9.693678907277144541e-01
9.843212141373457458e-01
9.747193357522396795e-01
9.636333993922547858e-01
9.821770318487786922e-01
9.808383848495476620e-01
9.900624865220631898e-01
9.853820959788377465e-01
9.929683322069571272e-01
9.863918145269615634e-01
9.807151577750450322e-01
9.729987117592066026e-01
9.808885767167681013e-01
9.960751498330133735e-01
9.742422380541555516e-01
9.737250332884581638e-01
9.771472199544065651e-01
9.981305012290160317e-01
9.845045280836740575e-01
9.619131983949517073e-01
9.814810441374955952e-01
9.960066167927669190e-01
9.621316601077659625e-01
9.785628544265240203e-01
9.897151898456425512e-01
9.793426319559228599e-01
9.952965440930754415e-01
9.660465668502427050e-01
9.868649626183371160e-01
9.881010609768385855e-01
9.750935047894718766e-01
9.893219953385040677e-01
9.432745878094889180e-01
9.786239498219510002e-01
9.872629798990381067e-01
9.930977042687008094e-01
9.703764515661050805e-01
9.879362278498184935e-01
9.377386678583303770e-01
9.769252718369489941e-01
9.744581565782820531e-01
9.654799593155451998e-01
1.005979439041378098e+00
9.770813506961043560e-01
9.716191926893622544e-01
9.516752222200297595e-01
9.937442766813624484e-01
9.750534028176942591e-01
9.770440662195002401e-01
9.756309627100723247e-01
9.737919351366982612e-01
9.749360233036961088e-01
9.665656741395374230e-01
9.893565426248343009e-01
9.627944631261413644e-01
9.489489721789020615e-01
9.891048216801585635e-01
9.920374276529846380e-01
9.805308301822674988e-01
9.553166471438494511e-01
9.786105959340531957e-01
9.720363139826444510e-01
9.666918108039453950e-01
9.898078702524684136e-01
9.841832396764060853e-01
9.784790827391089962e-01
9.747937632440795142e-01
9.919035577473067633e-01
9.865731871958273169e-01
9.665008356656578092e-01
9.796178894544294025e-01
9.897387149544041307e-01
9.832560608539716585e-01
9.839375916257145915e-01
9.726229601270027780e-01
9.818553126051676738e-01
9.745468890979435139e-01
9.942884022266663679e-01
9.781688190041666342e-01
9.573587835714792993e-01
9.858276127734895145e-01
9.535068417524968920e-01
9.918644693015009617e-01
9.484002920357652577e-01
9.888197966417663354e-01
9.629737458978229192e-01
9.613847485477903243e-01
9.573487603215512509e-01
9.554009825944576040e-01
9.919350825729966736e-01
9.828536695960979896e-01
9.737751052721486111e-01
9.888747417083685320e-01
9.719729737417116544e-01
1.004397336237117244e+00
9.695582348845914744e-01
9.900726482904349535e-01
9.656189197114029010e-01
9.934020668107157448e-01
9.926023590645818295e-01
9.728728130504836757e-01
9.775111087893131323e-01
9.907293966718019318e-01
9.692623855090427565e-01
9.588850140686573376e-01
9.865726039658628821e-01
9.821239629519606940e-01
1.004795427613858427e+00
9.737253005079876678e-01
9.908517509072528595e-01
9.597942663525709239e-01
9.595333027333861065e-01
9.527269911039856209e-01
9.896233839686126021e-01
9.872743383513074011e-01
9.729090546155337860e-01
9.525676043747624000e-01
9.899042172866905354e-01
9.947401871830641173e-01
9.883191648220182035e-01
9.603915516592018697e-01
9.933645132727889626e-01
9.658742063742123962e-01
9.627141712195353973e-01
9.881099994715816237e-01
9.709585370954791905e-01
9.749122911921600521e-01
9.734409444448824944e-01
9.687012546934443691e-01
9.865454158620111658e-01
9.982219808949993611e-01
9.871000042228625926e-01
9.796104940749015277e-01
9.788864899133934427e-01
9.812569936431466688e-01
9.748298457618614909e-01
9.904858094715464079e-01
9.733113823348299443e-01
1.001801133318033221e+00
9.957770898221683931e-01
9.861041255086153701e-01
9.825250629424278070e-01
9.809190916478339739e-01
9.573905586109208166e-01
9.773302478763487011e-01
9.717169168006700719e-01
9.905848810037917174e-01
9.465193713481379056e-01
9.689841183947249803e-01
9.825350554475464904e-01
9.346140665860145358e-01
9.806247501046831960e-01
9.654654401316133949e-01
9.729814779860421758e-01
9.967114915432202515e-01
9.882925626390824947e-01
9.706863606491815677e-01
9.595202310031814008e-01
9.784555083596094827e-01
9.746581020199940326e-01
9.792163943378566771e-01
9.917926119364015580e-01
9.796529442940333787e-01
9.532449395734633457e-01
9.859976333545410476e-01
9.954656142012716646e-01
9.633298134517488398e-01
9.457037981005975702e-01
9.893965131722191053e-01
9.562736441023931278e-01
9.734556431696488321e-01
9.832552400832904604e-01
9.322262695813753330e-01
9.885905075692886790e-01
9.955383584964367927e-01
9.650626757493407926e-01
9.722388184103436526e-01
9.893847454003883435e-01
9.634188915473184123e-01
9.921204259765105116e-01
9.841263663241524018e-01
9.584956720801656171e-01
9.778368175231243464e-01
9.638392199407520566e-01
9.928398544094197975e-01
9.756527530432673734e-01
9.908469085767717122e-01
9.926116213174984715e-01
9.697266691751184053e-01
9.654570798317361202e-01
9.899481023547473946e-01
9.832218417891802620e-01
9.882765244657876202e-01
9.750011969321742411e-01
9.980533809410669921e-01
9.796482462661241231e-01
9.844047313642384500e-01
9.925952928349268678e-01
9.801552205163843734e-01
9.651097146941555183e-01
9.681195053590067046e-01
9.859676354868095460e-01
9.813834073713202377e-01
9.729655853432861434e-01
9.794393335037352433e-01
9.784595374103000065e-01
9.944637242800958843e-01
9.843603670057786692e-01
9.782739816831227397e-01
9.565703024739407034e-01
9.876073687508644117e-01
9.816958312852347435e-01
9.825928833281817321e-01
9.748958652465165020e-01
9.871111360150464087e-01
9.990301413693737365e-01
9.740961851378117098e-01
9.724420946879117622e-01
9.822281796472907001e-01
9.822307752500109013e-01
9.943960839382126604e-01
9.642780524725402813e-01
9.812251533466725961e-01
9.778920839472566851e-01
9.663578341791262405e-01
9.547883405291437420e-01
9.796859042023555730e-01
9.859128247224803188e-01
9.812714801301534173e-01
9.705956406088569466e-01
9.786926176831253210e-01
9.779265454540372327e-01
9.858349406312905128e-01
9.826155227802271241e-01
9.965700990070215370e-01
9.938758131666584061e-01
9.638586819679150208e-01
9.717727142140372143e-01
9.556524108803888806e-01
1.007018809324635944e+00
9.729557829564392524e-01
9.692947033703537274e-01
9.920366361548084155e-01
1.008604035765201967e+00
9.733812360268487840e-01
9.860906228253663031e-01
9.691868707028611363e-01
9.439180160940588982e-01
1.004942712136622118e+00
9.859364394652916364e-01
9.890639880510538884e-01
9.582620601383350367e-01
9.643320373880028828e-01
9.922584101349430918e-01
9.724983708981307373e-01
9.982980180211508126e-01
9.768649141505142408e-01
9.938276329006007215e-01
9.666458847393275544e-01
9.772109985124939335e-01
9.892677448507801730e-01
9.853320707649659838e-01
9.917117819732828021e-01
9.916587448839137009e-01
9.848795935115298716e-01
9.960559777037417684e-01
9.941606374221534370e-01
9.896030677681562082e-01
9.500888243846785652e-01
9.741583253195860159e-01
9.822621054588993594e-01
9.813914201127018622e-01
9.847656796521355727e-01
9.709998599293138133e-01
9.906066031501008506e-01
9.785012208739273243e-01
9.875336732206551060e-01
9.824868361127272465e-01
9.723881205195353816e-01
9.858863877942092291e-01
9.624482519538820613e-01
9.687646028431343703e-01
9.871296746729676386e-01
9.860164836400390209e-01
9.804635111199606623e-01
9.581299453633472796e-01
9.898133800428435825e-01
9.958147210948696815e-01
9.876611272414919096e-01
9.830305843773434749e-01
9.510378668179183537e-01
9.763879945643491043e-01
9.916423927304550689e-01
9.786999263131518356e-01
9.891128978322035747e-01
9.889478591050464562e-01
9.646481379618829788e-01
9.828294049918196995e-01
9.785969035106525382e-01
9.735060094599736757e-01
9.882758550637763539e-01
9.875522966556269377e-01
9.850060577539643258e-01
9.755830088228939490e-01
9.851885910734468066e-01
9.841466102635411106e-01
9.926371830493271320e-01
9.942812221296237762e-01
9.809678862657729148e-01
1.011052182897105522e+00
9.748880837282685174e-01
9.797869858074270688e-01
9.702520337349915813e-01
9.850030290471369909e-01
9.814793788691460463e-01
9.894311151825276873e-01
9.923420598508452262e-01
9.852154815670458587e-01
9.672210676654882100e-01
9.770286977846845966e-01
9.512204797674661538e-01
9.497670440621572840e-01
9.724237096418930637e-01
9.866605446403849955e-01
9.671372149474843916e-01
9.927137295381516235e-01
9.962674357212760734e-01
9.748199488975194393e-01
9.955521663576635261e-01
9.511606930434289842e-01
9.505132724565612534e-01
9.501937261433173187e-01
9.817051019062414952e-01
9.697692901365140283e-01
9.888506769194230772e-01
9.963268210552744808e-01
9.879997814620139485e-01
9.668152521594864934e-01
9.458760942769539604e-01
9.780430163547769729e-01
9.830080037277190153e-01
9.771795315940172699e-01
9.805985498183144022e-01
9.630530510005538281e-01
9.700740493179487167e-01
9.816470319479638773e-01
9.887838868869905928e-01
9.268224614381612714e-01
9.646185191812935988e-01
9.860512152477710623e-01
9.805392454203031294e-01
9.687754131995164331e-01
9.656063116066049279e-01
1.000546548575583561e+00
9.756971898474855465e-01
9.831833378475527407e-01
9.851284632811302400e-01
9.575642232278952504e-01
9.771951343378538768e-01
9.918898347445902486e-01
9.939771798035116346e-01
9.746087056637703361e-01
9.913074582311548477e-01
9.907697433655865416e-01
9.550613664751720355e-01
9.808729724774011283e-01
9.920997568611267248e-01
9.815882154771355950e-01
9.634678923397117511e-01
9.860914500236243052e-01
9.739319304659009857e-01
9.847462306858816294e-01
9.577470288375589114e-01
9.960469812986296745e-01
9.451706778659207941e-01
9.472024978489413938e-01
9.838856263788926526e-01
9.702448796658397212e-01
9.685722952563666777e-01
9.617701386075838688e-01
9.988819010385342478e-01
9.407734611275015979e-01
9.373730406506139978e-01
9.921674922742788061e-01
9.678613932360045080e-01
9.672880495073169493e-01
9.709664472598964480e-01
9.774671710094071653e-01
9.638396964866058347e-01
9.753094897616413350e-01
9.761083555937666301e-01
9.851790927898367300e-01
9.775067318211496659e-01
9.908878447617327501e-01
9.601911461842930207e-01
9.658052346401052590e-01
9.859021564866504717e-01
9.548550953026607724e-01
9.824178146468107720e-01
9.593095613368113339e-01
9.849133768650513154e-01
9.703926500399904231e-01
9.648851888531448928e-01
9.861385004403913079e-01
9.625590168229837262e-01
9.876789379469560481e-01
9.681353366252205550e-01
9.798019064379387411e-01
9.412071465178998286e-01
9.484333568392794289e-01
9.713048521562510640e-01
9.911678740144017619e-01
9.920673838346952822e-01
9.682717742789174187e-01
9.782035134890316730e-01
9.799043346137634725e-01
9.647903237359274353e-01
9.882078221566334975e-01
9.788691651212324540e-01
9.848638148318310526e-01
9.416894456828595050e-01
9.562391749260489293e-01
9.828341386215416753e-01
9.858055381037561515e-01
9.888614705321026044e-01
9.836431210432728944e-01
9.665447251358348923e-01
9.822788105207871379e-01
9.942084497508092422e-01
9.957345647597978244e-01
9.822319979286712188e-01
9.625513349054443113e-01
9.988688411625175068e-01
9.777447555409490842e-01
9.849040026878179699e-01
9.522938228419185469e-01
9.757360116191668986e-01
9.637606212264976380e-01
9.708780612617224914e-01
9.731797585611657864e-01
9.764683572931353028e-01
9.851648533941453900e-01
9.475431339387109242e-01
9.723552902044453328e-01
9.782262342521838017e-01
9.863309424094578448e-01
9.783219725109337794e-01
9.858673862743155825e-01
9.824530295693407744e-01
9.823432649522348958e-01
9.897283824645614070e-01
9.972909788463305558e-01
9.580812769665703055e-01
9.823489901047345318e-01
9.725210520205438414e-01
9.793853271954640061e-01
9.868013589061401802e-01
9.589439270718282948e-01
9.760732533411636824e-01
9.846792136234808757e-01
9.782867737657198193e-01
9.761856854601982381e-01
9.559196225479584808e-01
9.716952922134243220e-01
9.905166869556037978e-01
9.593957399837877986e-01
9.905897123494353806e-01
9.869611531632455081e-01
9.930654372998172219e-01
9.863901238485163203e-01
9.816004208748609905e-01
9.685828901202676589e-01
9.715211108668130313e-01
9.732108995880526248e-01
9.827671106188168304e-01
9.741154045363609182e-01
9.720040295653609164e-01
9.884114300732955716e-01
9.925505275789039406e-01
9.911042198160885386e-01
9.759355892617879169e-01
9.925439257265140647e-01
9.706131608838852731e-01
9.608014579890340467e-01
9.749291194808171745e-01
9.817104690320516136e-01
9.860543734126103743e-01
9.909484705712697794e-01
9.991322318447342088e-01
9.805484723661805901e-01
9.589005960685512697e-01
9.864089617237389307e-01
9.731841035414676711e-01
9.834967232269896664e-01
9.905137853027047301e-01
9.835695659266001645e-01
9.747929546974731796e-01
9.834149677956164348e-01
9.562561237737040587e-01
9.778803758988060535e-01
9.784793903142855465e-01
9.780900876810024736e-01
9.877284361226732479e-01
9.729721341121676526e-01
9.622431773414226175e-01
9.921345523943113642e-01
9.699546736544063519e-01
9.586364316676601049e-01
9.699688994337268833e-01
9.721102717175419405e-01
9.754575985418304507e-01
9.653523217849790949e-01
9.712709164459243372e-01
9.603368152293700888e-01
9.903559370906700465e-01
9.817577215444116545e-01
9.691530989322973966e-01
9.898439551913258416e-01
9.815118030158238582e-01
9.858476634794006710e-01
9.724915343676752144e-01
9.758915828433680772e-01
9.790394892348690536e-01
9.813541412175067480e-01
9.910121878035867971e-01
9.889243851488369597e-01
9.774417216132806896e-01
9.905232471303729858e-01
9.478802482906735216e-01
9.756794261369106103e-01
9.600524704717059432e-01
9.858778042041074219e-01
9.766353385518242725e-01
9.816569730259090409e-01
9.804146147603537420e-01
9.775420360368312078e-01
9.804829336538930518e-01
9.678973551645556617e-01
9.379202091633382921e-01
9.849101464294507391e-01
9.798569414153700530e-01
9.859229957023090130e-01
9.678694141671939644e-01
9.846950494866958392e-01
9.796781416737827541e-01
9.595329728242157907e-01
9.896188827487357731e-01
9.847246791133129618e-01
9.894231683906349328e-01
9.884853621525208078e-01
9.837579590584597522e-01
9.611633053638604096e-01
9.871610420552719978e-01
9.796037632237948323e-01
9.918845157148062919e-01
9.930092251587693264e-01
9.827286029791811872e-01
9.828978396601949497e-01
9.793654905294524315e-01
9.594128723026661421e-01
9.726211940238250753e-01
9.660316654496986510e-01
9.452343827341882498e-01
9.546665648281343897e-01
9.814930448988832268e-01
9.617576490388232147e-01
9.551807046318891992e-01
9.699629002291343394e-01
9.690089465167530669e-01
9.639446081414543288e-01
9.816784459119668460e-01
9.712456759083213376e-01
9.648826996393234934e-01
9.731438386125551565e-01
9.879276997510985092e-01
9.749497116926925111e-01
9.808584527742226777e-01
9.843177190328047388e-01
9.924447487786309807e-01
9.516015329042681881e-01
9.855830606623758872e-01
9.548868128901993879e-01
9.683850215418939866e-01
9.853730543772567518e-01
9.713696270044013259e-01
9.707190444735805945e-01
9.870460427918467117e-01
9.745412716431868239e-01
9.888496730127156464e-01
9.911470792450760570e-01
9.625922872823771126e-01
9.911361362783736029e-01
9.570626241215336449e-01
9.837178640892546566e-01
9.757905178800060364e-01
9.889355325569382238e-01
9.656819896219991373e-01
9.878128512400480288e-01
9.876007690059882549e-01
9.562120352895793207e-01
9.749269726014035964e-01
9.736591348229005627e-01
9.871837414756871043e-01
9.701899905193157592e-01
9.711202710606350319e-01
9.613919071143394168e-01
9.903542262406636043e-01
9.768513304533397168e-01
9.965112656909942412e-01
9.964278671169555235e-01
9.817582370766381183e-01
9.789322635343038481e-01
9.710714815633112451e-01
9.704538925197860877e-01
9.351381578269456485e-01
9.725832055704087820e-01
9.842220256216129837e-01
9.875321595133474961e-01
9.806088242460481164e-01
9.787366271566489972e-01
9.779502598726335094e-01
9.923240569934175248e-01
9.895812815223448133e-01
9.833055673505469718e-01
9.775157280348532041e-01
9.829267128400510645e-01
9.772753568007384040e-01
9.895798987878865471e-01
9.644281820520930193e-01
9.800607315168522460e-01
9.901985310301147925e-01
9.677239327516449219e-01
9.750829454055306433e-01
9.853831335721171536e-01
9.674874631209091635e-01
9.616974291359159377e-01
9.947970900301710273e-01
9.786761416971847538e-01
9.557335989474871063e-01
9.680944743628955296e-01
9.961066063381373015e-01
9.623401029248678240e-01
9.737343452356701512e-01
9.826229000670492209e-01
9.830418409082370967e-01
9.720782202533286842e-01
9.877048258611207388e-01
9.742314113646705076e-01
9.819513541004547541e-01
9.821501617929133676e-01
9.726062342670247496e-01
9.854429049330967194e-01
9.599368905543707031e-01
1.002241513620243829e+00
1.005686887103317995e+00
9.781398288704555855e-01
9.868347867903466408e-01
9.635372541969782212e-01
9.840926970749308555e-01
9.695156275004785940e-01
9.592213465515181392e-01
9.872128761173097899e-01
9.300291098871272810e-01
9.796211113246878766e-01
1.000677559835009722e+00
9.896440216328576955e-01
9.695441462046556769e-01
9.944964204588108148e-01
9.830269015086057216e-01
9.812585806732277982e-01
1.001697636100509214e+00
9.734205583904192993e-01
9.668848801157696737e-01
9.780569720962349889e-01
9.841015304922088314e-01
9.790660292117803198e-01
9.580277456548208503e-01
9.676292387491917113e-01
9.822636529645892844e-01
9.608967513527183479e-01
9.476025110689483277e-01
9.785814730871028599e-01
9.967078115758415402e-01
9.870141990826897249e-01
9.928250602678995174e-01
9.787984257792652354e-01
9.898080681275726045e-01
9.882251084966184873e-01
9.712636524230616741e-01
9.911764126825807208e-01
9.869207670632260676e-01
9.865736989794262612e-01
9.718770117509309969e-01
9.788149461473045765e-01
9.806200987380179201e-01
9.684875463930497919e-01
1.003553370329292704e+00
9.804529944103268502e-01
9.797218412213531957e-01
9.717405623434429707e-01
9.937817440872748209e-01
9.819261772420052603e-01
9.989071700661397157e-01
1.000607072213341109e+00
9.875556682834172317e-01
9.640983487154766163e-01
9.769668690770094699e-01
9.748418677398804633e-01
9.807470376157764180e-01
9.710778201980388991e-01
9.822537260679130577e-01
9.911831394516983362e-01
9.613154869121914858e-01
9.936670600777579576e-01
9.707882105591132404e-01
9.484725658171376805e-01
9.868356906979692811e-01
9.854219390386804722e-01
9.857659196852561756e-01
9.817180746254031698e-01
9.941060042277631847e-01
9.803997193586159176e-01
9.865803693485134529e-01
9.935533111178375121e-01
9.733553421472287415e-01
9.837677259095009008e-01
9.876632139934010679e-01
9.706828207450327595e-01
9.889698569056178945e-01
9.855513791554005865e-01
9.754171968974750806e-01
9.841975065649560817e-01
9.720513339969190092e-01
9.760708712572164769e-01
9.719781816934447427e-01
9.908197607504538595e-01
9.827355140500158015e-01
9.768421546781002052e-01
9.773673694162192671e-01
9.755109297642918786e-01
9.588853387748021984e-01
9.688437213026134254e-01
9.558969097581483387e-01
9.814395564865594501e-01
9.877550421751222220e-01
9.799307329978930170e-01
9.785019649447118661e-01
9.648335685578721677e-01
9.926959779988923094e-01
9.864000039505618211e-01
9.787783700888061933e-01
9.894192914199793076e-01
9.742383812230401841e-01
9.654196721686649774e-01
9.753792481397443037e-01
9.580329124735620372e-01
9.855908476393534512e-01
9.723695282340333312e-01
9.633802430840349151e-01
9.716076952822499946e-01
9.920794308917260107e-01
9.964716299856436477e-01
9.692190882443540989e-01
9.886016782170661266e-01
9.818285462803518771e-01
9.492724241027377108e-01
9.939902798911675053e-01
9.921511596193862692e-01
9.753251276562464600e-01
9.797842847503435149e-01
9.832772061436673150e-01
9.770262761246791827e-01
9.874889888169741115e-01
1.012154728936136339e+00
9.955365101034071573e-01
9.635149604069738194e-01
9.902193116703010833e-01
9.769669667765277232e-01
9.968546645906826154e-01
9.641654497057526862e-01
9.823975055533943346e-01
9.851699358922614280e-01
9.923729124951985447e-01
9.774720714329080407e-01
9.903841362111776014e-01
9.838192081024753621e-01
9.394864335617211237e-01
9.740098764970697154e-01
9.911879250437990452e-01
9.846490429519876297e-01
9.534403362092087608e-01
9.837339335911223781e-01
9.719404436857692620e-01
9.759832168200442970e-01
9.788105587650520745e-01
9.908434699956111258e-01
9.730527215813450370e-01
9.889645494959901084e-01
9.930913467023393393e-01
9.956365977477569240e-01
9.885618331022753003e-01
9.759903081187345508e-01
9.861674236909497848e-01
9.838249900358352340e-01
9.788191699493162812e-01
9.787130291576024987e-01
9.889542231849587361e-01
9.937706192840811692e-01
9.400570714686039553e-01
9.842798354765626145e-01
9.845202720222242521e-01
9.935204388221261507e-01
9.570918204766637460e-01
9.860480929702832853e-01
9.889358030069025363e-01
9.792279270780863687e-01
9.854555451559011692e-01
9.803627620548475141e-01
9.573756313111053684e-01
9.666116360757057713e-01
9.874083669639520666e-01
9.881937927684247835e-01
9.858071787057559598e-01
9.957511789004851455e-01
9.882744455743943668e-01
9.750775703638803193e-01
9.961328470306335392e-01
9.906073331436976437e-01
9.689038333231195788e-01
9.538116781256477106e-01
9.648862483835672910e-01
9.649275343093182133e-01
9.784637971298230097e-01
9.899205766384077121e-01
9.552093698202008820e-01
9.798782607045206650e-01
9.748164477694807317e-01
9.879388402642681477e-01
9.541049092261655318e-01
9.806132986779770855e-01
9.839673132198680783e-01
9.874567612262608041e-01
9.725247637443285020e-01
9.868402888193843481e-01
9.876287217625064896e-01
9.703003507952021600e-01
9.852047790964217899e-01
9.767802404473707734e-01
9.673822607044009203e-01
9.820281277289336641e-01
9.681058717337138741e-01
9.835875918657613903e-01
9.816551112362578158e-01
9.850968172279637169e-01
9.855936309667179263e-01
9.911962020178844979e-01
9.699676155527794386e-01
9.556164204187749256e-01
9.629501367876887041e-01
9.885131237578417274e-01
9.949690538755024960e-01
9.712889521156576889e-01
9.830574326902299376e-01
9.860074613824940659e-01
9.667854135617500733e-01
9.810953665192381212e-01
9.918002660187088537e-01
9.950812198311015377e-01
9.898854340003683250e-01
9.808080345113862064e-01
9.926668181071109931e-01
9.524009605405546752e-01
9.773354172928085948e-01
9.780762894694722265e-01
9.833974752707037581e-01
9.766604300480767886e-01
9.898464977136219867e-01
1.011121189840315182e+00
9.868283761270607579e-01
9.791926526890786242e-01
9.686297764675720900e-01
9.522482534170413349e-01
9.883691142382351469e-01
9.891883499096546517e-01
9.803254449149395588e-01
9.809030409520064220e-01
9.697019929853007980e-01
9.918287781266056369e-01
9.741690655706172208e-01
9.580091809567997663e-01
9.701710203214811701e-01
9.831225120395928885e-01
9.830593944722976207e-01
9.556914160823081206e-01
9.872700491421698699e-01
9.871358758919425158e-01
9.891431190308687116e-01
9.920251878322383643e-01
9.679294218032546970e-01
9.844426071034593217e-01
9.769217569583483751e-01
9.902554906497269549e-01
9.926174527919221502e-01
9.786204997548220152e-01
9.772655305997790531e-01
9.804877286389117597e-01
9.704096476110177782e-01
9.890029375838556014e-01
9.899362051263410622e-01
9.517258714490449689e-01
9.948478320324631863e-01
9.863398808943745211e-01
9.783496202488601856e-01
9.767650460278781699e-01
9.778632701256355642e-01
9.686838980269468768e-01
9.618564509027399678e-01
9.706354102419382235e-01
9.862546432641733363e-01
9.711414581732499274e-01
9.763548217308649635e-01
9.877973574336658125e-01
9.754322960933539122e-01
9.906736665806543662e-01
9.537914402859020147e-01
9.722282898879133217e-01
9.817060513903159702e-01
9.814324223509383049e-01
9.642089740111121632e-01
9.911256459912772820e-01
9.777622825585043920e-01
9.878025688346209199e-01
9.749599844551766203e-01
9.798758438095805934e-01
9.803770360424208796e-01
9.732741441227897861e-01
9.573202055594582927e-01
9.855873824039739217e-01
9.838561110461707671e-01
9.791994005972930459e-01
9.689342930491174899e-01
9.735866077037088617e-01
9.925484000152361430e-01
9.738624217622974255e-01
9.800276552775787353e-01
9.699028637008973996e-01
9.668571271003174594e-01
9.782636655479274301e-01
9.874189313546435365e-01
9.611853869761275426e-01
9.889862672275013811e-01
9.668232789319537446e-01
9.620479516821510702e-01
9.888247518419593929e-01
9.774643320148812542e-01
9.842778642081013718e-01
9.648750708631920192e-01
9.617112845988927683e-01
9.727171917182630967e-01
9.869612727569440080e-01
9.863934902728883625e-01
9.608279660610253847e-01
9.785622844121514285e-01
9.906005775505180022e-01
9.863589620744964703e-01
9.493076109074756186e-01
9.799287554353571794e-01
9.993586480411646988e-01
9.803804968475251513e-01
9.728161757382012276e-01
9.689112457059425587e-01
9.940530457393225161e-01
9.918688731571282391e-01
9.820809084458309579e-01
9.917700451624122948e-01
9.589601791512660789e-01
9.770354098582642033e-01
9.856602025164082903e-01
9.785711660541548396e-01
9.856682667942827658e-01
9.707980376218638963e-01
9.907385843427332084e-01
9.894577480148851745e-01
9.793862779089234083e-01
9.798364898951261726e-01
9.872924088608832083e-01
9.432115219760943692e-01
9.836982334163827391e-01
9.690583761856311762e-01
1.006458289790053584e+00
9.976851619784945502e-01
9.717409742982059395e-01
9.735373729991927405e-01
9.940864460156378923e-01
9.729696175200220898e-01
1.011883866531113396e+00
9.695159065077645355e-01
9.504355249834726127e-01
9.685960066762983045e-01
9.688100370725386545e-01
9.543510048998669060e-01
9.452195423023379561e-01
9.890936854619366558e-01
9.930999995195076702e-01
9.771535085193148173e-01
9.773867239143434471e-01
9.737367336465299061e-01
9.927940103418759765e-01
9.609997467716235864e-01
9.719660740448339276e-01
9.973735612932534966e-01
9.787926331690099957e-01
9.579772505032053687e-01
9.790731613012229051e-01
9.629556795376834621e-01
9.764295872031928392e-01
9.872364690952482036e-01
9.636743723797718264e-01
9.637569190952992582e-01
9.864964656886764383e-01
9.652297745862449263e-01
9.902632881322909197e-01
9.800744429775645195e-01
9.810383529947164227e-01
9.646557517498088874e-01
9.879410658422846936e-01
9.685562353928407475e-01
9.749749173164400373e-01
9.728203423228509727e-01
9.789882324772178901e-01
9.833571554207473087e-01
9.684570497580849979e-01
9.773307029724273010e-01
9.805228374932789537e-01
9.889252659808562829e-01
9.778857599883560292e-01
9.903902136864597416e-01
9.855635865143692609e-01
9.738727055788707343e-01
9.879972764463446078e-01
9.930473687512125780e-01
9.619191819378403174e-01
9.849803499076985602e-01
9.917171555297031871e-01
9.788498874704000263e-01
9.746390117300732792e-01
9.871302794219720678e-01
9.776418885716258167e-01
9.788726972954526762e-01
9.778470333815832971e-01
9.714392879312508944e-01
9.841589392460882157e-01
9.903210327647447020e-01
9.901303222211198518e-01
9.911601473697949638e-01
9.903367949274943793e-01
9.762071340849576284e-01
9.680795189716648874e-01
9.785741004827613887e-01
9.935772905662223486e-01
9.831814967263867722e-01
9.697160675043470235e-01
9.661492761248596794e-01
9.866982361541826174e-01
9.728433622014031057e-01
9.760781319845908133e-01
9.888679227340626543e-01
9.749429295841988141e-01
9.845564069967892573e-01
9.803804773891956481e-01
1.001627562851280739e+00
9.868714983909281369e-01
9.694970077372807582e-01
9.807452452238197838e-01
9.624035887702803160e-01
9.596733529020194942e-01
9.689676801934236083e-01
9.662852947327267294e-01
9.811717254848815184e-01
9.827088407775246282e-01
9.601858638195878148e-01
9.773447324796344926e-01
9.806890926368183603e-01
9.810025990116789663e-01
9.659421994061710981e-01
9.849208836469443007e-01
9.859654455963986486e-01
9.728812868282835646e-01
9.858149305356954661e-01
9.709598103943249958e-01
9.718365832496383971e-01
9.823581957503093598e-01
9.426201635109405785e-01
9.907146763964668201e-01
9.806550058187746277e-01
9.959041042447127623e-01
9.761181358015981191e-01
9.847202598097936077e-01
9.945130995223621095e-01
9.877028567317415186e-01
9.400419525365693030e-01
9.826138346651680511e-01
9.893192548348002102e-01
9.930506277984791907e-01
9.903217721544602670e-01
1.001272726173872085e+00
9.664169989720776677e-01
9.788193077809863585e-01
9.829519698331568023e-01
9.651863668325636469e-01
9.796692479926871755e-01
9.820904292903865906e-01
9.831112232506855619e-01
9.848788583071308445e-01
9.670578555413441579e-01
9.563283922793508474e-01
9.854444851638561875e-01
9.711374296602128808e-01
9.939102868304791061e-01
9.794551356256142594e-01
9.634719057719394186e-01
9.885317082522584453e-01
1.006101113217999110e+00
9.264958526446970266e-01
9.698309025450253529e-01
9.946911011502438393e-01
9.747971624060196572e-01
9.659705934820695949e-01
9.777836212908123104e-01
9.851934797949220002e-01
9.988071594722001123e-01
9.891902405817811772e-01
9.507378523604627096e-01
9.744005811001208439e-01
9.813057634707023080e-01
9.864197490050310435e-01
9.611483871693201619e-01
9.863018891405987976e-01
9.569937634511337388e-01
9.762733370321375892e-01
9.781972344879574788e-01
9.602668870199614348e-01
9.738653596494301068e-01
9.919590620584746166e-01
9.763465332305516498e-01
9.774325234478937752e-01
9.604794091805656242e-01
9.907836489523282886e-01
9.936204403491698534e-01
9.746205212716012589e-01
9.833899352837408570e-01
9.673475773341942974e-01
9.645390315729627240e-01
9.688225006626247637e-01
9.845535539821733684e-01
9.968190168189277056e-01
9.820357292616186395e-01
9.825732923631272930e-01
9.758096583750517361e-01
9.843980803725302930e-01
9.826357190979033707e-01
9.376933392907651488e-01
9.847099157526245650e-01
9.883240234081885900e-01
9.805301498929823723e-01
9.841085199536644401e-01
9.652180216616879083e-01
9.932856580764981569e-01
9.828201678980102995e-01
9.951712252162514538e-01
9.840727301309202257e-01
9.272376378879395586e-01
9.630263413509926318e-01
9.709766394448148263e-01
9.876630225125758722e-01
9.828117493072745514e-01
9.877415109205588406e-01
9.902155949959694503e-01
9.807479018027901452e-01
9.926432409324333905e-01
9.641745563011213660e-01
9.836842042667156560e-01
9.805582026262201767e-01
9.972737677593067618e-01
9.722328783370888239e-01
9.924094227327435735e-01
9.963931504380313386e-01
9.775389661219130444e-01
9.848693063335457465e-01
9.855252187508818373e-01
9.780853617870644001e-01
9.921225357375236253e-01
9.922505079466421574e-01
9.682491474215711991e-01
9.839969272968210889e-01
9.822873157171918557e-01
9.963082348583569559e-01
9.660196111548573494e-01
9.655660454258664371e-01
9.883913726928007515e-01
9.921257703567889497e-01
9.798169192717741671e-01
9.960395980372718228e-01
9.575212898089048297e-01
9.666129492624760955e-01
9.879727937465480059e-01
9.868610205659092971e-01
9.836604192835379790e-01
9.889567209643685963e-01
1.000858012801276953e+00
9.889487472914472166e-01
9.666242916446528000e-01
9.946905613321158635e-01
9.870873024942731222e-01
9.921706293363070639e-01
9.883253672047170868e-01
9.844835398713375207e-01
9.587689924345311754e-01
9.864537708986199638e-01
9.774174647582116737e-01
9.871589062567546202e-01
9.866952783880603706e-01
9.749390710795822201e-01
9.764176131373379919e-01
9.618574920351419255e-01
9.950667734647526963e-01
9.713822127679504481e-01
9.899048722523118293e-01
9.834927084174600598e-01
9.951388489720597308e-01
9.853461874776318075e-01
9.947521899996039085e-01
9.926991852186152210e-01
9.744535026012548506e-01
9.726210487934888738e-01
9.654468419803586832e-01
9.911170410609128067e-01
9.507772461737814540e-01
9.862673855031499626e-01
9.884424801602984534e-01
9.726518795741665446e-01
9.594701197359111200e-01
9.699927260033726073e-01
9.657173611499033639e-01
9.876784670213187844e-01
9.709959554947380500e-01
9.746164661733860424e-01
9.818157968233464095e-01
9.829747280719879354e-01
9.807097180469596109e-01
9.821901819017172519e-01
9.795197522763401388e-01
9.700287909396759778e-01
9.875496304577822126e-01
9.941087211775488930e-01
9.667090169790275578e-01
9.842690593053241566e-01
9.911904924639899361e-01
9.773514713575599533e-01
9.841508365721133300e-01
9.531835338194702967e-01
9.502499388709444439e-01
9.878948511976094471e-01
9.979804406728747246e-01
9.429939432034045721e-01
9.813960146537177298e-01
9.731460094518594728e-01
9.631815086020331096e-01
9.650768712130107785e-01
9.673751179045813053e-01
9.694132919909986823e-01
9.774713617203255600e-01
9.781896197022607042e-01
9.645299174982673307e-01
9.759145740605864594e-01
9.803045610294032208e-01
9.724823983960171336e-01
9.898086515600635904e-01
9.902762487950693693e-01
9.761314149207032109e-01
9.808906594889206243e-01
9.869090348751856645e-01
9.729398989777907625e-01
9.836518306919306287e-01
9.857696885641346052e-01
9.639184977571004787e-01
9.775992283741889999e-01
9.671516959437654881e-01
9.848807232492745589e-01
9.848697981901245457e-01
9.865808607107120487e-01
9.880918027886989030e-01
9.773199666548652020e-01
9.667558786180935337e-01
9.536598016716157922e-01
9.865775148813360484e-01
9.934865702202163584e-01
9.779367620006024220e-01
9.838136370433130384e-01
9.686443523260049870e-01
9.786011329891263211e-01
9.614598044206686955e-01
9.600198102458883387e-01
9.640895150808423963e-01
9.585688815855875067e-01
9.865930857503569795e-01
9.675153728550759391e-01
9.431792744777250936e-01
9.967932174454501304e-01
9.635092904615762954e-01
9.720581421577363379e-01
9.930087322777774173e-01
9.682365365007445934e-01
9.829423845171348928e-01
9.717313057232741524e-01
9.886744497289803313e-01
9.853297219062399082e-01
9.821667060629225565e-01
9.790979112439618381e-01
9.489517545536647614e-01
9.790055466075502366e-01
9.803702142269924424e-01
9.753924028637240840e-01
9.834455490079608841e-01
9.857079072777671369e-01
9.843050387978909965e-01
9.734155462089076893e-01
9.923878185410668351e-01
9.676529085960404730e-01
9.852778846483570829e-01
9.887754611723342801e-01
9.491369172762802453e-01
9.693742475840605444e-01
9.861328624264383835e-01
9.879214472222395127e-01
9.704309367338644909e-01
9.348155350011232434e-01
9.850457977161495293e-01
9.747491300737836095e-01
9.868000032860164694e-01
9.858278142268381838e-01
9.817404394290001335e-01
9.827030842921123943e-01
9.479300185356949182e-01
9.841165131600360105e-01
9.934411380362477839e-01
9.675813518181711759e-01
9.796177182934765471e-01
9.659874496420708390e-01
9.852552421104429081e-01
9.801250378576690236e-01
9.788912822812906311e-01
1.002263899742968478e+00
9.833561943858453169e-01
9.601820104615917950e-01
1.019372953748987287e+00
9.566887270369284213e-01
9.802648860602859449e-01
9.760987938469679603e-01
9.947292712323715369e-01
9.728608539974160641e-01
9.624538330943464004e-01
9.897736659096610934e-01
9.633647002185823371e-01
9.853800204323723833e-01
9.994627747889892611e-01
9.765088988797145930e-01
9.915998943538736343e-01
9.696127107598164763e-01
9.786427350740148912e-01
9.911793760773551787e-01
9.653672038665606081e-01
9.749167338285045226e-01
9.637582046926004287e-01
9.783436412210125832e-01
9.837634751534563016e-01
9.817438302366641167e-01
9.911702489555488382e-01
9.851851243253123558e-01
9.705677299849855277e-01
9.398010564772046882e-01
9.766495890548957393e-01
9.761313309917156733e-01
9.841604419089544642e-01
9.808290957922133346e-01
9.713454925898953318e-01
9.878215812518993388e-01
9.798313434321981319e-01
9.816077124696902523e-01
9.872682621640509470e-01
9.774198148211067361e-01
9.855673774799160736e-01
9.880505352613871972e-01
9.761786988864060710e-01
9.806338667270276810e-01
9.742723663213933571e-01
9.638337352097547939e-01
9.753036609292610182e-01
9.742946365839071365e-01
9.846897222348679479e-01
9.913519083092577899e-01
9.621615846557017848e-01
9.890407252849875430e-01
9.717080782668620076e-01
1.003431890188859477e+00
9.805838428363751191e-01
9.797758993122147597e-01
9.782910126988829669e-01
9.624025991481328646e-01
9.921078830938548920e-01
9.868505844293392615e-01
9.729437435307869420e-01
9.605095837916048929e-01
9.797115264961607783e-01
9.882382191204931443e-01
9.903071854020289999e-01
9.863354963887632776e-01
9.604704093037752521e-01
9.730354172089077380e-01
9.860596655863791415e-01
9.309984754016464858e-01
9.730240939933888500e-01
9.806602939809113684e-01
9.941385709430206052e-01
9.896923127460167668e-01
9.832792158648537839e-01
9.703988853862058894e-01
9.922122038412959366e-01
9.922437865591254846e-01
9.877305947778718398e-01
9.659501997168219445e-01
9.795307021782311274e-01
9.569341659516698018e-01
9.908027523607790821e-01
9.902195017204512562e-01
9.720122350076332296e-01
9.861192413226040898e-01
9.744604221173877034e-01
9.866994725134164979e-01
9.763743974122613967e-01
9.823268547933852179e-01
9.768666607144302905e-01
9.460652955406128051e-01
9.930444477334439135e-01
9.848358657520578374e-01
9.824057366745789777e-01
9.868438759207240896e-01
9.804454631268664233e-01
9.645985717921485847e-01
9.780076069805464511e-01
9.743028581305638314e-01
9.893841917896172289e-01
9.868387864650274288e-01
9.655846163270279670e-01
9.884161499714458898e-01
9.838418272087334771e-01
9.956776513104191872e-01
9.787654502246933008e-01
9.701468760717546491e-01
9.746502598861878086e-01
1.003515709583506998e+00
9.851615531231324718e-01
9.891402433179534714e-01
9.572440456987452162e-01
9.839842122971474980e-01
9.939086051005432410e-01
9.894601133130427328e-01
9.699449174431865606e-01
9.788743309072860388e-01
9.535635602846299630e-01
9.847755313767229124e-01
9.801052171027880844e-01
9.807348224809526727e-01
9.681449262371256692e-01
1.007035711173927872e+00
9.995275618620454994e-01
9.908110185195034836e-01
9.585029742035212630e-01
9.878233846977287902e-01
9.719432345869688517e-01
1.008414565550054265e+00
9.622511871103432979e-01
9.952134331048193561e-01
9.759124129133854852e-01
9.522558100479332488e-01
9.731910676141688477e-01
9.524555403259975517e-01
9.482617487833479020e-01
9.891419634488087809e-01
9.775959356249583898e-01
9.825937105255315718e-01
9.614266783841335373e-01
9.766713401718642995e-01
9.960299946678377037e-01
9.872410166532176179e-01
9.645907303352780904e-01
9.486187912892306562e-01
9.786022552101676375e-01
9.596001036214605318e-01
9.785820913797071974e-01
9.921469538807906607e-01
9.701718380119125351e-01
9.734693591593782669e-01
9.586060783719360101e-01
9.905022975675860097e-01
9.692098151739352296e-01
9.856647726908229767e-01
9.615806758108983443e-01
9.774668897571339166e-01
9.731398112557887448e-01
9.714191580377442570e-01
9.482468544995722448e-01
9.727691938715026243e-01
9.815292030321211003e-01
9.553578959496464851e-01
9.604078217786781169e-01
9.974600127540373951e-01
9.672085576853114430e-01
9.879558583866532295e-01
9.923679453124600869e-01
9.843462364749562266e-01
9.896397459077022063e-01
9.601346574932506650e-01
9.704524843479930274e-01
9.758976400151783137e-01
9.813958718051606356e-01
9.826986782321166514e-01
9.992245592891088046e-01
9.921218869102197413e-01
9.748185420079575891e-01
1.003771533899964208e+00
9.822998956089420419e-01
9.798910159117764085e-01
9.983399368055303480e-01
9.842577198220718859e-01
9.914589307416935560e-01
9.633381916316355875e-01
9.843299873193962490e-01
9.640054095381445087e-01
9.863636274939528992e-01
9.890123935659331789e-01
9.888085405891238189e-01
9.876162969117338042e-01
9.909673075266651754e-01
9.939481527556525142e-01
9.950782140284393229e-01
9.898060073582292118e-01
9.658976638332925635e-01
9.921329688747205777e-01
9.819930516425873224e-01
9.762834604496488655e-01
9.987693960957684247e-01
9.562115760970341105e-01
9.799486143594756671e-01
9.828981014054415377e-01
9.726330542540908564e-01
9.720396501602446282e-01
1.005316955668130730e+00
9.798111028827595215e-01
9.975199734506594584e-01
9.772886672373662931e-01
9.690002965630255538e-01
9.937796395296806251e-01
9.938529977449186426e-01
9.571049231458685913e-01
9.843594848969237088e-01
9.414577615225920848e-01
9.943150266535513149e-01
9.744076674148435258e-01
9.885947803487358243e-01
9.858745547228310313e-01
9.863851748756505833e-01
9.854191689771659712e-01
9.900883763006381733e-01
9.655956389289304109e-01
9.671359158040143678e-01
9.876472081689290361e-01
9.855534417727368490e-01
9.595494108868515282e-01
9.282191938568180589e-01
9.986445828861955087e-01
9.778128674977221158e-01
9.905540782792555676e-01
9.763324086433069482e-01
9.682786064113927393e-01
9.889075699752212234e-01
9.717214061485249799e-01
9.873206717734230864e-01
9.715989571555958548e-01
9.347704104066112407e-01
9.701106842359801252e-01
9.773084354418056785e-01
9.897323884464258592e-01
9.840920074866680300e-01
9.803338381874470153e-01
9.899018357297768578e-01
9.538991628869607498e-01
9.858209162805952053e-01
9.900518939639194604e-01
9.876828767789490593e-01
9.847050055656695333e-01
9.807802780314165414e-01
9.810301545883649554e-01
9.659397503957992681e-01
9.815165471349495130e-01
9.891308063242894022e-01
9.954808122001365112e-01
9.774439390789084747e-01
9.618949879119805813e-01
9.644173473950330422e-01
9.931723838783658165e-01
9.767994228810045199e-01
9.672411099711886173e-01
9.844499021784863801e-01
9.888198280511336646e-01
9.867641142226202255e-01
9.714026296854749720e-01
9.259786928270752338e-01
9.706758005020548197e-01
9.694378516947745883e-01
9.846783664496693289e-01
9.998131399836441835e-01
9.588429348059280821e-01
9.736544938718538766e-01
9.787003468177720711e-01
9.618965534447095900e-01
9.914107876106784678e-01
9.887298574538825324e-01
9.919543162378139378e-01
9.965455397341492771e-01
9.845553847726848939e-01
9.683017553679663658e-01
9.929823695064089462e-01
9.831494913830757243e-01
9.675091394747540319e-01
9.752578401271261299e-01
9.846326725486760356e-01
9.906862337718406186e-01
9.841016503198827259e-01
9.695889550650376165e-01
9.626654089374151457e-01
9.826547671117592531e-01
9.861187042906488509e-01
9.754927102675458039e-01
9.868674828804538945e-01
9.774542427483667861e-01
9.945226101416555498e-01
9.725367684223826803e-01
9.486789970403515238e-01
9.765748843495882792e-01
9.840423329748122505e-01
9.900835839645969472e-01
9.855692851196861115e-01
9.656206487865618415e-01
9.787112905961752318e-01
9.741158122797213270e-01
9.669086066439555038e-01
9.844071109824189536e-01
9.529866302408586121e-01
9.664367756598492010e-01
9.789892730903546614e-01
9.830136304074907905e-01
9.862618008835775107e-01
9.798300785539716395e-01
9.643095077943087956e-01
9.881065119509995220e-01
9.938715990890857332e-01
9.827936584211747206e-01
9.770463580996242570e-01
9.591711881192990230e-01
9.826690961910548028e-01
9.875706166286881693e-01
9.594281845906408313e-01
9.788810814962279894e-01
9.659947105943910151e-01
9.658949813419670516e-01
9.875096846174270526e-01
1.010908368065318585e+00
9.854695678721303587e-01
9.981277661715182159e-01
9.959407555319977901e-01
9.739774181607093739e-01
9.777343614668051464e-01
9.894571706938517508e-01
9.904925577151162397e-01
9.679090610475743484e-01
9.968678121485213817e-01
9.559007131384466005e-01
9.907548704712567655e-01
9.919693235748078264e-01
9.964550170131053486e-01
9.640779043042206897e-01
9.843565775140641350e-01
9.636913974304979202e-01
9.679771556418477196e-01
9.907268722501129110e-01
9.630365868382870786e-01
9.597133289338477535e-01
9.939811418898442108e-01
9.920569733478266095e-01
9.809819633743411815e-01
9.870674965613108753e-01
9.708400383888535767e-01
9.497526182587621157e-01
9.774785307514759491e-01
9.757771627802689363e-01
9.704702624241722253e-01
9.923749828093342273e-01
9.869746378716298674e-01
9.937638652154866525e-01
9.856565347587079584e-01
9.739737285769022312e-01
9.760184324847110959e-01
9.800679653211007425e-01
9.783633670325055931e-01
9.721571323040071322e-01
9.898888673684530515e-01
9.709073312138614131e-01
9.984946670918128930e-01
9.679302069724418089e-01
9.692977953212271736e-01
9.728955972342007152e-01
9.800980529386791318e-01
1.001234296678485514e+00
9.773402588199227026e-01
9.808210848503233770e-01
9.793969095502284006e-01
9.830885239305955370e-01
9.661847005678819711e-01
9.656473740316185994e-01
9.800971990912479281e-01
9.805534571561830282e-01
9.894605915492927783e-01
9.668255131052425622e-01
9.854810952881414288e-01
9.876530193312654804e-01
9.890173574727031403e-01
9.876006694715743217e-01
9.843629348079993013e-01
9.643314185796102445e-01
9.870932691197602527e-01
9.808448405898891886e-01
9.879252381952793316e-01
9.774757085852894267e-01
9.814563347379998692e-01
9.720642530299827833e-01
9.829348581194606860e-01
9.793228895204689755e-01
9.875366164397911817e-01
9.544846005970200054e-01
9.844478261662823471e-01
9.927195959823204019e-01
9.680247398658502478e-01
9.651057354119335630e-01
9.812798686518584557e-01
9.702357054276656845e-01
9.853600829358563074e-01
9.560209621308550787e-01
9.435719522277149496e-01
9.811074698511104142e-01
9.656491249100737084e-01
9.914547057874875113e-01
9.904329014951825938e-01
9.535563740511789899e-01
9.876611153242783603e-01
9.849352752666415967e-01
9.799617371616701211e-01
9.867359666981417865e-01
9.817465494279542515e-01
9.711093439330970023e-01
9.592440940234637781e-01
9.809836795203954463e-01
9.917851727945544704e-01
9.838680879065854201e-01
9.916480284038872162e-01
9.891725280289668243e-01
9.824523865379466425e-01
9.872339497071216385e-01
9.870278832609375996e-01
9.851872221727995260e-01
9.726799159110478543e-01
9.647516237872539868e-01
9.680219297292755876e-01
9.497252809408842644e-01
9.822065926000616010e-01
9.856386429321070120e-01
9.695988687266446915e-01
9.863276542420775783e-01
1.004349444712974826e+00
9.565609955951629439e-01
9.822944355714913200e-01
9.706151185253074631e-01
9.543510248765789683e-01
9.898357683929821516e-01
9.762339560216917178e-01
9.863878990959071835e-01
9.668205415381023737e-01
9.702262432921355817e-01
9.886883242576683939e-01
9.887086046709306908e-01
9.794406997076718913e-01
9.795160701354020949e-01
9.801319760793959501e-01
9.910788790703365381e-01
9.941266829132009430e-01
9.787584158481652530e-01
9.868578645669155991e-01
9.645360412976373699e-01
9.834715376556530941e-01
9.909209099323790237e-01
9.535490738982222991e-01
9.947874123428106508e-01
9.845664873759529812e-01
9.682057106795006751e-01
9.880915263491925060e-01
9.444739472440940586e-01
9.621117692939648025e-01
9.751682127284638790e-01
9.711998269484232171e-01
9.850191631558533611e-01
9.776289310686400169e-01
9.891486395899027340e-01
9.806357402008091251e-01
9.699438930690037486e-01
9.916138801184410934e-01
9.978074784013284404e-01
9.821414075778924779e-01
9.496422382111350258e-01
9.885811894034237657e-01
9.870519088292030174e-01
9.782159112449756444e-01
9.469123343200631648e-01
9.942812273064215445e-01
9.867849269691443270e-01
9.484332653821517800e-01
9.885841828700745459e-01
9.816643823934448898e-01
9.712830846793971684e-01
9.871008465347413940e-01
9.820608340084464594e-01
9.762066865419392059e-01
9.707225321509604932e-01
9.930544314366833714e-01
9.939163896812689414e-01
9.814899794662332866e-01
9.511764797928451420e-01
9.704942552943668366e-01
9.911575617390848691e-01
9.721864008488888542e-01
9.877276282254964235e-01
9.647467675816484567e-01
9.420572643644997690e-01
9.801635981653609164e-01
9.810501685308402608e-01
9.785998234371677817e-01
9.689381102822868241e-01
9.702434969176987334e-01
9.393889920784650460e-01
9.763551547026617650e-01
9.891002935911231697e-01
9.788681961002853038e-01
9.847602807575561723e-01
9.979937648742535083e-01
9.802416852716093754e-01
9.871846515855829951e-01
9.827934420352507638e-01
1.001289448930213544e+00
9.739792561041678010e-01
9.820345743246309267e-01
9.892475758926814189e-01
9.951467670262995613e-01
9.779111831160898216e-01
9.917849317742802873e-01
9.627880062624296631e-01
9.489974262678477768e-01
9.860132272902429884e-01
9.894072912727572833e-01
9.739060861522159662e-01
9.376013215627631014e-01
9.873766494328836130e-01
9.529668108970696938e-01
9.854905522841885812e-01
9.758904186892211063e-01
9.908528736336152942e-01
9.609302303426308089e-01
9.742397997740305238e-01
9.641494356968034474e-01
9.908292960717667297e-01
9.857583982488490326e-01
9.965527698542312462e-01
9.942654560682722131e-01
9.906115595991856759e-01
9.831608926037639362e-01
9.640975771238454728e-01
9.846173062774231655e-01
9.899429397672592224e-01
9.601172363929713072e-01
9.446573335358915413e-01
9.812253329800799673e-01
9.881567444871079964e-01
9.702977166054157498e-01
9.830861258389899104e-01
9.835432901917287030e-01
9.813357819819850114e-01
9.897930514367727639e-01
9.479124457849673613e-01
9.981516237543738290e-01
9.791731200016401404e-01
9.806913865356106097e-01
9.955654841706006453e-01
9.914068269509354048e-01
9.883227320172389696e-01
9.817968565638245382e-01
9.869912906968096866e-01
9.903461682895960960e-01
9.879098875630004661e-01
9.956081020137577120e-01
9.611253067834181207e-01
9.798275212736874407e-01
9.638444780523597322e-01
1.020335649209243689e+00
9.874981610252194786e-01
9.719732022660690918e-01
9.598817830482604396e-01
9.781808951412479525e-01
9.555722321018931265e-01
9.659713504262587014e-01
9.766693409005754445e-01
9.601458619843793452e-01
9.731406151067957255e-01
9.758457648463605416e-01
9.742875613024410963e-01
9.876669024017932230e-01
9.684557240029310066e-01
9.938552950579271350e-01
9.807504285825212609e-01
9.794502871176655745e-01
9.784684749485480504e-01
9.731996809364438228e-01
9.863375619290835061e-01
9.535153005603538290e-01
1.001970924511028427e+00
9.955461304302687386e-01
9.910307449506227107e-01
9.496819595775789491e-01
9.740683602616593273e-01
9.819250612075700602e-01
9.801344832382515859e-01
9.822603222003919443e-01
9.863299457116670999e-01
9.861462032419020529e-01
9.866407077070277198e-01
9.684674681415988973e-01
9.589759512555957599e-01
9.652731440376612904e-01
9.512741094338980075e-01
9.902321918714046545e-01
9.883786319736681536e-01
9.832677069390234337e-01
9.729804611163654915e-01
9.894860216984294743e-01
9.863717482864492458e-01
9.744821563933591113e-01
9.799739321930370783e-01
9.799951929264671957e-01
9.709537611018271841e-01
9.962916934717254147e-01
9.510810136843537155e-01
9.863241291215220086e-01
9.990030320584868395e-01
9.691324479148009097e-01
9.885446099272525711e-01
9.689070051938200034e-01
9.953523787187046334e-01
9.795886724782418842e-01
9.911497757496646743e-01
9.806880341734584006e-01
9.826194016272797871e-01
9.933816494790362883e-01
9.844461792906011866e-01
9.964251836713216015e-01
9.798161764823309916e-01
9.860484810067282613e-01
9.821132584750366101e-01
9.871043430820177766e-01
9.614372747342783132e-01
9.543345554348076076e-01
9.734603065993031601e-01
9.771273276202947500e-01
9.928281879498781493e-01
9.830757959932369117e-01
9.751856738266704294e-01
9.821321633784808602e-01
9.936949062888351669e-01
9.929789127678300131e-01
9.859691197467426171e-01
9.618592568455086589e-01
9.819645251138297004e-01
9.799672243677628458e-01
9.271922808577540698e-01
9.869905719544658229e-01
9.721455823650640982e-01
9.822576134977820672e-01
9.784565106190659112e-01
9.681435698059286388e-01
1.000913028508174429e+00
9.877412363010417140e-01
9.750191180657160617e-01
9.922583799695803286e-01
9.844410844335218513e-01
9.750880887946838937e-01
9.758248715536727014e-01
9.795931811139022560e-01
9.695026375561585086e-01
9.895738332306199814e-01
9.831353809880857275e-01
9.828903616426125645e-01
9.892687359929956958e-01
9.592366444597459907e-01
9.871057437648846911e-01
9.892268034302024171e-01
9.865895002044314799e-01
9.496885100292056237e-01
9.331211653531675809e-01
9.312374868055750543e-01
9.976532798090806953e-01
9.839870444355210966e-01
9.915613896645063541e-01
9.868918632241963085e-01
9.683183531880003025e-01
9.619999295995083077e-01
9.870715602148504297e-01
9.935900140866841257e-01
9.928101487877019071e-01
9.772690437016994247e-01
9.677936956892754239e-01
9.619670677340094178e-01
9.875460402272543403e-01
9.695934719998041684e-01
9.922256968965141866e-01
9.852912392946580056e-01
9.748031163708273938e-01
9.717937186157576956e-01
9.786709685024799210e-01
9.867909114635495804e-01
9.845476167749471763e-01
9.771814891101728850e-01
9.809729992118239039e-01
9.765764500129806569e-01
9.953014460522923157e-01
9.932603866168764339e-01
9.719381939845976870e-01
9.723945972784834302e-01
9.467143550130709961e-01
9.767585881274001292e-01
9.653825189185589739e-01
9.976268464646257383e-01
9.812234990809451940e-01
9.851055934984537243e-01
9.732467667320288118e-01
9.797001071672060135e-01
9.894560388477550150e-01
9.753124275529061471e-01
9.555760492566948150e-01
9.911466419523478066e-01
9.574541969731067415e-01
9.736618378852566202e-01
9.795685651564338681e-01
9.383054388250606781e-01
9.724662077204585531e-01
9.579677131526713740e-01
9.751304339321043013e-01
9.709801211324124992e-01
9.752080776209601787e-01
9.895334355009118843e-01
9.873342632978843181e-01
9.761373619450859351e-01
9.852832588317045337e-01
9.878205348645454631e-01
9.582851647729542233e-01
9.781310026845896344e-01
9.515631738634919845e-01
9.849371113272937794e-01
9.631477148260474408e-01
1.001071055291612444e+00
9.873986518399524570e-01
9.751324487417150078e-01
9.860195026565966581e-01
9.805528719021154860e-01
9.923437289620647972e-01
9.806653084280997357e-01
9.629558907493900310e-01
9.881487734928446898e-01
9.781760970229025354e-01
9.791113078526020308e-01
9.814535426991386480e-01
9.789485393390351398e-01
9.800879003541042023e-01
9.827770845879437722e-01
9.857947288149858656e-01
9.884343807176581009e-01
9.820217676723218547e-01
9.711192849537449989e-01
9.823113963883498556e-01
9.823116410637481311e-01
9.822548992154841452e-01
9.781118308593622634e-01
1.025989584402785315e+00
9.790235009304302238e-01
9.830782070125909655e-01
9.745971641947499542e-01
9.910747060934658181e-01
9.647767799276008027e-01
9.682843878899386469e-01
9.867587792332149776e-01
9.850847982057937546e-01
9.894504639608016072e-01
9.644065096891137889e-01
9.887796993920441313e-01
9.901412854561054688e-01
9.942000667857774365e-01
9.906067806015720345e-01
9.844791941885525643e-01
9.662088874563519170e-01
9.848682127242679440e-01
9.795692060352167996e-01
9.825965337122543053e-01
9.881768248252349451e-01
9.875887459079996100e-01
9.884387342980818225e-01
9.846298183819480743e-01
9.664244703618609655e-01
9.654508454617459767e-01
9.791525241947879321e-01
9.855935364181319658e-01
9.622065217197787179e-01
9.822399561589745254e-01
9.838320898668968528e-01
9.875496850212884814e-01
9.824826722851762728e-01
9.727827434428926168e-01
9.754197244055896610e-01
9.814189647397411065e-01
9.708155215707927610e-01
9.804382494288144123e-01
9.679527569166831436e-01
9.894186098883948066e-01
9.840762885499545476e-01
9.766912921737980202e-01
9.902822863437312773e-01
9.893736528350578485e-01
9.753232382919917454e-01
1.007069431830829753e+00
9.604019243247922111e-01
9.738355119642487789e-01
9.846507537910228480e-01
9.862647974004988827e-01
9.900828883474748210e-01
9.877112566847089381e-01
9.772264106312927856e-01
9.861704891249312155e-01
9.680740342917474317e-01
9.658634626634486908e-01
9.836840543125001668e-01
9.773303047527915899e-01
9.863854586160974991e-01
9.611289552042937556e-01
9.873565735078474459e-01
9.916061980410807442e-01
9.922539751836504385e-01
9.848550752336758807e-01
9.781987936525997629e-01
9.619065610094804653e-01
9.789619207073978480e-01
9.726603155692249425e-01
9.716281981583786420e-01
9.715149367414475101e-01
9.800888678159866974e-01
9.864802637881834313e-01
9.793773988439591349e-01
9.867941177524863772e-01
9.846956228268246569e-01
9.471837816357251416e-01
9.724859567540565797e-01
9.836507864422053826e-01
9.905486965722263282e-01
1.002368589696668089e+00
9.922351062533255606e-01
9.831492411614661808e-01
9.742190751018950934e-01
9.899284737061524453e-01
9.783238634758828489e-01
9.758574917410967053e-01
9.853285337142079214e-01
9.901314513847331300e-01
9.946489570733173524e-01
9.945332067057431891e-01
9.899951088665370769e-01
9.773502685770870668e-01
9.762166221757474505e-01
9.747589379377257224e-01
9.674161066239630458e-01
9.802056158688542409e-01
1.002936609005177004e+00
9.960886221430880205e-01
9.804246115583916676e-01
9.709519499517097474e-01
9.656159905268455468e-01
9.859673894909370961e-01
9.946258480796806856e-01
9.683252770701372691e-01
9.734826104981572081e-01
9.890281628183452689e-01
9.612766595066224440e-01
9.848068231739210976e-01
9.825166997675008895e-01
9.700520506128326170e-01
9.705844240761827280e-01
9.768337640276132383e-01
9.853036563893813327e-01
9.912655894295774317e-01
9.930738098431106664e-01
9.862396830858668473e-01
9.837495333038043244e-01
9.878587227935007320e-01
9.784984428107107446e-01
9.615081395846176715e-01
9.672162054413615540e-01
9.669953498690865290e-01
9.887544172777684715e-01
9.750594030175552263e-01
9.775766117071804651e-01
9.808868436040607541e-01
9.808579653360027795e-01
9.905160059992580424e-01
9.809575450336792679e-01
9.882946427259661215e-01
9.864052590151143329e-01
9.660549794270659740e-01
9.709120135894661052e-01
9.910905994601484359e-01
9.617819995599339311e-01
9.520370380737148697e-01
9.617616071674792710e-01
9.870099007921641077e-01
9.658551296323010238e-01
9.661435072633199894e-01
9.856626908353893768e-01
9.747188776876402061e-01
9.792771617931437245e-01
9.869395442671856644e-01
9.756303045973799826e-01
9.901775288879830494e-01
9.933753566485352682e-01
9.765360333330371789e-01
9.721337822719567923e-01
9.694535667880400664e-01
9.879139739382492014e-01
9.846357570170913842e-01
9.696507236961363629e-01
9.818023016727434049e-01
9.578652298245988739e-01
9.741525300955693467e-01
9.902750807241931241e-01
9.906327949800324273e-01
9.866571643706708583e-01
9.833415675102787912e-01
9.894451025766589636e-01
9.186054292433329937e-01
9.930337638521958832e-01
9.741096986072360631e-01
9.829882960606417530e-01
9.945612834686992088e-01
9.767975574962397545e-01
9.829191687643341613e-01
9.656791729854949935e-01
9.999446133194074271e-01
9.743474421801624485e-01
9.853566153293304986e-01
9.854268185427235149e-01
9.737145645844225150e-01
9.783620881369967659e-01
9.842892810214992627e-01
9.899259386943742856e-01
9.810176289652309256e-01
9.759729198306661413e-01
9.867550986374860056e-01
9.610423957873415191e-01
9.646925112694814120e-01
9.875238605056742003e-01
9.769657382478341701e-01
9.916311104937792775e-01
1.009637171045116411e+00
9.775850074439753623e-01
9.874375227779730313e-01
9.863320769291192835e-01
9.637408971336235419e-01
9.559911147523825203e-01
9.832741164565133030e-01
9.859265220173152322e-01
9.636099105914642804e-01
9.816440992675131705e-01
9.896877772074292867e-01
9.709482221739862418e-01
9.798658770441757149e-01
9.534543113524660551e-01
9.870631068136801467e-01
9.797004537131351887e-01
9.846871382148522089e-01
9.864694852773718825e-01
9.826369642876290333e-01
9.790867428448790655e-01
1.006034554456255670e+00
9.573899518259301189e-01
9.649348708044170886e-01
9.713112779938968266e-01
9.849453246515333937e-01
9.576878738893794818e-01
9.832089973699941199e-01
1.010451455150661815e+00
9.962081415691786956e-01
9.710265562119236860e-01
9.679767317010971039e-01
9.793762629995579339e-01
9.849331719119662765e-01
9.880749015727922080e-01
9.728523714717651760e-01
9.764318328961449911e-01
9.925882243081055600e-01
9.567975705797447938e-01
1.000691843227521138e+00
9.578849001040755651e-01
9.784754704418870963e-01
9.509111509638635829e-01
9.785700195664759349e-01
9.724325984049992933e-01
9.838741785034991194e-01
9.952580763599079283e-01
9.864328134050469599e-01
9.878517015719707750e-01
9.735025516329943729e-01
9.861797585296946389e-01
9.728057996047277944e-01
9.779765444697839927e-01
9.873428260962818781e-01
9.670428993517531380e-01
9.843120147757454808e-01
9.870394415623841011e-01
9.783549602115891863e-01
9.516731479912616809e-01
9.862731772725272794e-01
9.647277377895894235e-01
9.758042219798882533e-01
9.760461129757451726e-01
9.876349911977132523e-01
9.660532082888546590e-01
9.828934678049994211e-01
9.941489864606262161e-01
9.899364905959913141e-01
9.767021483888639333e-01
9.483311147493735938e-01
9.867593806083598817e-01
9.711297410612498293e-01
9.921339447078517670e-01
9.816904845103189281e-01
9.879127897626661658e-01
9.858466794254212573e-01
9.802260090278963611e-01
9.840275022142108696e-01
9.480978100238613981e-01
9.979656214281638071e-01
9.813609437002218661e-01
9.801662513219017159e-01
9.913254569343087352e-01
9.890699814665973033e-01
9.839392144285863395e-01
9.821984322563037662e-01
9.827568188715253283e-01
9.818085130685033635e-01
9.766022766936530708e-01
9.860244958413909577e-01
9.904209357107026657e-01
9.992451909022797008e-01
9.705033447147090042e-01
9.958021234330356464e-01
9.999393807939301881e-01
9.866971899603564911e-01
9.754894876511662760e-01
9.723906567543102453e-01
9.915407891512639793e-01
9.427879402119427876e-01
9.813283037107930484e-01
9.742994515524537880e-01
9.685257697867941662e-01
9.684728554739476802e-01
9.943123898814193451e-01
9.772510375501778368e-01
9.643675855210527281e-01
9.750386407684498158e-01
9.641552947157078224e-01
9.911918144333495828e-01
9.713778225337337258e-01
9.728987676374396543e-01
9.849040191331112082e-01
9.913522613800883621e-01
9.683370392508384716e-01
9.887056851470616969e-01
9.753516513958190304e-01
9.782706935056186826e-01
9.693053265804325580e-01
9.835834921879879067e-01
9.616250320138308716e-01
9.601237503452368927e-01
9.818213547475781455e-01
9.776375183127334889e-01
9.728242272264914225e-01
9.632175676857777091e-01
9.839539398668748493e-01
9.891753517740793367e-01
9.776095142297754892e-01
9.949725875926628271e-01
9.923282179238551715e-01
9.781975647881744340e-01
9.712423287833376051e-01
9.857559993644244845e-01
9.691037742619875717e-01
9.862697604292401943e-01
9.712878130591913184e-01
9.899853221945783543e-01
9.768114894021298067e-01
9.714584205405810691e-01
9.917746358785737293e-01
9.865396415232707827e-01
9.842082790754040911e-01
9.889962734975502601e-01
9.808874280971603410e-01
9.796858903501822757e-01
9.856025787070109567e-01
9.616988260527813415e-01
9.836386917466984903e-01
9.817671217034381614e-01
9.846013570909797341e-01
9.890015624987655851e-01
9.717485690892494477e-01
9.849796104816632702e-01
9.965134099428564207e-01
9.704906885845752118e-01
9.960065346841824319e-01
9.795574421894355233e-01
9.984824447363364053e-01
9.500150476853734816e-01
9.605478811051573196e-01
9.760013487789684916e-01
9.635021371505694265e-01
9.911319096160312592e-01
9.755662418775694622e-01
9.855733206051536799e-01
9.567247668285219220e-01
9.582046870603464495e-01
9.881721747681586621e-01
9.947134055600658220e-01
9.769285772304380222e-01
9.740945794444915151e-01
9.858694863388834939e-01
9.865840878083829146e-01
9.689748258061920971e-01
9.464286808206680002e-01
9.653633084527817321e-01
9.947396353418085369e-01
9.445823820976273488e-01
9.652811031365196026e-01
9.778329006895490894e-01
9.972062027972243836e-01
9.679318596792111373e-01
9.650293977202961671e-01
9.661181859728604771e-01
9.884395281729868588e-01
9.850536714167241747e-01
9.856260539304010360e-01
9.864848412730088389e-01
9.793620140812061559e-01
9.927343824298370256e-01
9.589107533253307114e-01
9.969710193508097840e-01
9.813188954549011411e-01
9.746025448774944255e-01
9.669011577978284810e-01
9.492272632463372162e-01
9.843514297298557869e-01
9.885524366697716614e-01
9.877020777360907555e-01
9.723755426552747050e-01
9.851263030074587368e-01
9.909448763676512728e-01
9.826370614050943253e-01
9.888275198726351745e-01
9.963462028918307345e-01
9.691741847921088171e-01
9.876442765581964212e-01
9.801134970500507970e-01
9.822796006081968567e-01
9.807983692988734292e-01
9.940072353105683378e-01
9.652565984167009727e-01
9.883735391108233737e-01
9.572398136436717220e-01
9.964560986308946822e-01
9.927628666290042592e-01
9.751045624707821435e-01
9.587373714941305192e-01
9.579856211342151484e-01
9.579491294600221973e-01
9.943138152979411615e-01
9.915352779637947034e-01
9.809467279327552802e-01
9.668306876049741483e-01
9.805280519381345261e-01
9.816546929502288910e-01
9.848200437481984260e-01
9.737869959144881404e-01
9.717074495172765003e-01
9.809693953802900435e-01
9.897861776806435863e-01
9.712691757122738911e-01
9.958819565372915017e-01
9.911036076191626076e-01
9.795326159241516395e-01
9.853156314220480327e-01
9.936643347558012929e-01
9.885086589229242771e-01
1.004837555520571080e+00
9.978780102131339369e-01
9.875355416999579417e-01
9.823059166316535640e-01
9.847708296784795090e-01
9.645773823020421522e-01
9.822858977886278486e-01
9.769649925580270455e-01
1.028493758556711102e+00
9.823069010641344301e-01
9.824019444781559862e-01
9.788784170082202030e-01
9.609495370588796437e-01
9.844095510364374579e-01
9.919690675298088456e-01
9.789760430596816665e-01
9.695677331553682610e-01
9.873596113899537619e-01
9.901938635791871501e-01
9.763709341490348637e-01
9.730734206913581597e-01
9.732755433791269173e-01
9.772038658530017852e-01
9.855101405472085352e-01
9.882521920500350054e-01
9.862288900774556222e-01
9.583072165221196981e-01
9.915581418979917405e-01
1.000763463901415573e+00
9.644193602522878050e-01
9.875362760951179597e-01
9.899814522430611108e-01
9.775275412176469558e-01
9.805121820630676721e-01
9.460247674585304800e-01
9.869000248543498000e-01
9.870660106721400595e-01
9.782637929390725073e-01
9.654768204724356595e-01
9.888705246916528191e-01
9.772447070569604266e-01
9.756856191064704475e-01
9.872659573523550058e-01
9.793039948501047753e-01
9.860516229214079109e-01
9.854600574427097026e-01
9.635863049874046071e-01
9.659428704659067666e-01
9.821540172864450247e-01
9.905808385663246174e-01
9.800768144855847019e-01
9.821136760036395241e-01
9.795804536900565296e-01
9.749572080497983517e-01
9.703721608586172165e-01
9.851011480040335888e-01
9.691843803568743754e-01
9.961462686164160862e-01
9.604437843697556376e-01
9.912695060424622229e-01
9.876195966471480459e-01
9.808141149595264174e-01
9.893119095424495191e-01
9.918749915810715079e-01
9.619648835376808371e-01
9.899245411313274401e-01
9.887089528705621522e-01
9.789038043768987229e-01
9.750784505382920075e-01
9.738937493281378810e-01
9.913855504123026963e-01
9.761452149980214266e-01
9.782342385386122441e-01
9.995812616630488368e-01
1.002095147700519551e+00
9.701212353415971101e-01
9.695275044067814818e-01
9.559547374842306544e-01
9.831165846633335148e-01
9.906549438910515759e-01
9.911066941517372442e-01
9.614205957305870243e-01
9.615974737608136147e-01
9.823763523595067104e-01
9.650072770899320584e-01
9.897290261230801134e-01
9.881147579111455581e-01
9.859880338800511845e-01
9.875687313282685009e-01
9.527933950075715419e-01
9.715884825286708049e-01
9.669248378004697830e-01
1.005871677929269126e+00
9.869807414502504983e-01
9.811552438654834729e-01
9.904964214018270319e-01
9.816319473174855981e-01
9.976326804281397953e-01
9.862845957427671673e-01
9.837355983629536560e-01
9.931320507189789204e-01
9.678956800369675761e-01
9.902479776874156814e-01
9.765408865764401147e-01
9.910609329943230739e-01
9.723284437181379802e-01
9.782961074920377698e-01
9.817076466826776260e-01
9.728906666391206048e-01
9.862127191015119809e-01
9.905842334800083471e-01
9.675032600218027579e-01
9.695479011788872281e-01
9.807535355423953050e-01
9.920126174955000709e-01
9.841931724560335493e-01
9.858618217104635484e-01
9.903908912556210753e-01
9.845504533286592030e-01
9.757881006643952526e-01
9.845921052198988166e-01
9.790669625113226360e-01
9.873108601686799712e-01
9.912475309443506966e-01
9.894955307519295307e-01
9.898983139177880419e-01
9.874412191497446978e-01
9.463265681857204736e-01
9.863679619033040025e-01
9.769184755570584633e-01
9.661960915488975177e-01
9.932266966526406282e-01
9.872696488153825944e-01
9.596331744090308424e-01
9.837386288208771479e-01
9.789552333753530622e-01
9.483539433386830586e-01
9.999970785462763967e-01
9.783822530982422272e-01
9.801179852984348573e-01
9.685094536576122071e-01
9.571371652159340604e-01
9.750323929056164962e-01
9.889858341576083234e-01
9.710114329044670090e-01
9.698399695554079658e-01
1.006750501367060124e+00
9.938839656468962946e-01
9.763701593598576034e-01
9.704327265229858446e-01
9.603938998788190684e-01
9.840914502870919955e-01
9.846837095449532118e-01
9.863993718350733131e-01
9.726876905507336746e-01
9.742321232440553924e-01
9.624077041015359768e-01
9.636982845739229253e-01
9.828284850982373921e-01
9.579800096389902153e-01
9.988078037983521007e-01
9.800885547563327194e-01
9.879491272803515578e-01
9.767475479707194985e-01
9.970305715836195182e-01
9.831167078261154879e-01
9.886949609680134587e-01
9.772657855224018419e-01
9.875613535052392145e-01
9.855490415217182942e-01
9.806257999663736680e-01
9.778560608084835293e-01
9.866495345741322920e-01
9.848641008036960187e-01
9.378687542995720605e-01
9.899448440989547793e-01
9.832688265256622762e-01
9.704611643232337048e-01
9.920135114216854788e-01
9.877852507888811306e-01
9.815690002660497626e-01
9.736751762437666491e-01
9.821840680482715191e-01
9.861314543542523126e-01
9.618938546945056123e-01
9.911048518208008806e-01
9.663917199827637416e-01
9.651628424936663508e-01
9.665772145379348812e-01
9.814309214962476657e-01
9.928926336247453355e-01
9.679625283056914054e-01
9.398970201461195328e-01
9.427963921768882649e-01
9.902611830368042156e-01
9.635161045645297406e-01
9.922782395597085081e-01
9.852989031727050762e-01
9.584838824069334962e-01
9.747803258535491233e-01
9.732439420289025200e-01
9.786286762028395536e-01
1.000608753935453787e+00
9.800250774974564871e-01
9.829460269484785462e-01
9.944316725123510947e-01
9.705386606456277709e-01
9.530111816602742092e-01
9.677141354349572122e-01
9.701914608815539465e-01
9.753735774199666642e-01
9.812202397633107420e-01
9.827573261668193227e-01
9.523401880578741263e-01
9.859214996258428565e-01
9.395949832209611330e-01
9.739788159924328559e-01
9.710056880502017096e-01
9.804216804310392774e-01
9.856921448964318655e-01
9.703176085424348729e-01
9.844504992004803334e-01
9.955014092685782190e-01
9.843211905115086813e-01
9.697302370943087224e-01
9.795489320477147599e-01
9.550430418679902722e-01
9.684327767304199419e-01
9.910794902191736311e-01
9.761271897808785347e-01
9.859264483836430726e-01
9.810930571738131212e-01
9.829974072716093358e-01
9.722466606827265823e-01
9.770734088909535098e-01
9.910422267385565753e-01
9.921252622231865326e-01
9.768891737008337239e-01
9.638469410430188233e-01
9.738744192125172727e-01
9.828098535256792889e-01
9.669301304259434460e-01
9.829066369649201995e-01
9.611171942468279550e-01
9.782404593292414186e-01
9.844872996169862223e-01
9.902760192315396282e-01
9.827852522314181050e-01
9.814444065424013930e-01
9.711130025535975596e-01
9.802617426117459232e-01
9.531064398958007944e-01
9.475312948759823106e-01
9.797655501014651547e-01
9.872591812657727228e-01
9.875027464309855674e-01
9.842105136711774005e-01
9.964961239573175700e-01
9.783571833057687073e-01
9.807616092884459125e-01
9.886165560370994143e-01
9.444372119775591434e-01
9.683277674080450481e-01
9.978914423886672269e-01
9.722338932330334416e-01
9.832564396081880931e-01
9.814883838287447038e-01
9.772213911019014265e-01
9.770531104888521279e-01
9.857203078959472231e-01
9.843171579375687985e-01
9.907369566266738259e-01
9.763097998017755685e-01
9.585228052215828409e-01
9.544026339019970884e-01
9.918410931411756337e-01
9.794506260701932865e-01
9.882573485677224046e-01
9.730058429382769658e-01
9.823461181983924595e-01
9.625200740446611114e-01
9.811459269680944395e-01
9.819248247626893855e-01
9.662234095562556302e-01
9.658004370614120537e-01
9.947423491857039224e-01
9.888112704801814701e-01
9.889311459896017453e-01
9.935825954554553530e-01
9.850862632101514693e-01
9.933806159818852066e-01
9.935803444781375893e-01
9.887145311297369510e-01
9.715341258807286273e-01
9.759255790729556290e-01
9.814050184365046281e-01
9.887348625090504051e-01
9.735104971739999558e-01
9.912074579224838811e-01
9.827817614941665170e-01
9.750902315270993936e-01
9.621214509112746560e-01
9.927880182935187037e-01
9.784684842577774377e-01
9.782368676537591679e-01
9.819991265971163008e-01
1.011270390548267395e+00
9.938382327209214218e-01
9.914715292832099180e-01
9.941798821459501001e-01
9.862407022904728926e-01
9.615912903317407334e-01
9.929256279796232487e-01
9.393050116517515091e-01
9.747922774183991335e-01
9.841201477556692501e-01
9.746745224796914409e-01
9.767956489530019715e-01
9.719051336744524150e-01
9.829255009266567589e-01
9.856300746322357309e-01
9.825356358912539223e-01
9.818124988476707449e-01
9.757448216602672142e-01
9.850523784108929926e-01
9.689094739310906146e-01
9.825114751141482694e-01
9.550704902182871603e-01
9.637103764339908230e-01
9.717452087591953447e-01
9.749627145882587831e-01
9.878198855901924036e-01
9.500514049974867481e-01
9.774710295066774135e-01
9.861048292450426134e-01
9.706445219414133740e-01
9.673631411254964840e-01
9.826959120689774396e-01
9.851975851081360425e-01
9.920216948656005451e-01
9.823158595546475080e-01
9.803264270966853822e-01
9.868845002535421296e-01
9.799370991496838545e-01
9.852692584195903436e-01
9.841580344822060678e-01
9.710140654424338491e-01
9.634433270665532234e-01
9.801567924607252902e-01
9.685542577950020382e-01
9.783218900908520199e-01
9.921600304776874157e-01
9.871265182915097691e-01
9.761210763137241342e-01
9.793465486181164303e-01
9.900923081453948393e-01
9.788616657777367003e-01
9.892759253465015501e-01
9.850199622249815601e-01
9.730771053387754499e-01
9.772886318933561300e-01
9.899854465664796876e-01
9.542313448379248220e-01
9.559030150775009727e-01
9.914920159445744785e-01
9.716564545147526877e-01
9.814012383327140876e-01
9.946404607243135576e-01
9.871948609148376574e-01
9.670116121524884312e-01
9.801532134531658613e-01
9.919299508159010736e-01
9.754161049138645456e-01
9.847997313036073175e-01
9.769297804220327119e-01
9.947168634501017959e-01
9.859918623861269049e-01
9.920870146134027623e-01
9.811508767824970167e-01
9.592096538857183274e-01
9.986205096337471554e-01
9.683706690484011892e-01
9.779876199783050783e-01
9.705906080319018914e-01
9.822787121997542670e-01
9.658622220752430820e-01
9.635558276472141470e-01
9.741673815826031868e-01
9.812221757486139229e-01
9.837120399390087977e-01
9.701220526298882652e-01
9.911661747305975378e-01
9.766612888961886396e-01
9.638706360291314779e-01
9.879743033883947589e-01
9.746140151954370001e-01
9.750345784142697703e-01
9.773776486194223345e-01
9.849000840765674836e-01
9.596915252500934912e-01
9.424619287537469026e-01
1.001081026104292837e+00
9.593875453001033948e-01
9.624928362016333949e-01
9.668695100741442339e-01
9.727887914684039128e-01
9.857059522559357134e-01
9.568770508406050368e-01
9.769263866826751741e-01
9.879181507437746479e-01
9.765500197488775624e-01
9.610314257215393230e-01
9.725477778331002021e-01
9.907622930195655320e-01
9.749759514201925548e-01
9.796832085712793292e-01
9.808368390284076810e-01
9.924004185853010362e-01
9.892004184447057424e-01
9.993532519216894450e-01
9.688424931265446904e-01
9.741182513852204572e-01
9.813996524584147618e-01
9.849379749839806131e-01
9.626716015898224565e-01
9.655096861856763413e-01
9.690022421525189555e-01
9.943170787132112887e-01
9.890145192395423113e-01
9.783958425158955086e-01
9.728158037769939481e-01
9.849644583767396266e-01
1.003865116492567822e+00
9.668553688830476833e-01
9.834596389501315539e-01
9.789025867812694015e-01
9.818378081336696095e-01
9.716508355545845355e-01
9.694341945478464062e-01
9.448156433733652104e-01
1.002418194696594211e+00
9.780089536131028050e-01
9.783776084842102927e-01
9.628568192586908214e-01
9.608811365178950847e-01
9.735335622402168099e-01
9.432612625037349874e-01
9.493688298881564069e-01
9.632906498911554261e-01
9.690129719739682956e-01
9.946620777516340661e-01
9.900399177416195906e-01
9.788605016458404862e-01
9.646271304835865035e-01
9.725007061822599219e-01
9.974114438125005755e-01
9.941695522048645817e-01
9.667560158554303618e-01
9.810924897313582083e-01
9.908290377552192441e-01
9.707453902390879019e-01
9.701703231172894570e-01
9.868492111350574136e-01
9.815527757522934937e-01
9.818957694788513768e-01
9.781003276341811992e-01
9.836962405238921514e-01
9.787565663980105635e-01
9.840456468694203096e-01
9.986417547524060190e-01
9.894053671967766306e-01
9.643718205592640702e-01
9.909714210341579177e-01
9.736620712384875809e-01
9.790339502456146814e-01
9.918772507286466311e-01
9.641983118628644212e-01
9.927462340554119580e-01
9.746520378129968076e-01
9.889087812682331169e-01
9.702644022950132063e-01
9.804557700568593548e-01
9.871771824796565786e-01
9.787941321788392601e-01
9.796135821836053914e-01
9.656588259566385446e-01
9.816460532732278477e-01
9.864831691047509787e-01
9.684490632654596531e-01
9.727350122078157746e-01
9.763727479912726048e-01
9.568614927579941476e-01
9.840998264116627148e-01
9.640570129143101186e-01
9.903363286543651611e-01
9.711062937090991776e-01
9.776653969647773890e-01
9.795393000730955313e-01
9.903309156430570859e-01
9.851147428472775136e-01
9.706201511524393810e-01
9.728875333348091514e-01
9.863780234519123891e-01
9.922775452652826678e-01
9.612790132464118509e-01
9.768850660000166775e-01
9.900434911473117161e-01
9.893535209110300155e-01
9.635201067411773845e-01
9.777464457540949727e-01
9.842610957941239080e-01
9.718136323153424572e-01
9.796607360574596246e-01
9.510231206606414300e-01
9.833975809829194059e-01
9.813515191069853705e-01
9.471298020744101098e-01
1.006077887784674108e+00
9.357851734573113811e-01
9.644251693668753900e-01
9.556828574150794120e-01
9.808033279546317651e-01
9.769200174675364279e-01
9.739022340944718525e-01
9.664826324084550002e-01
9.902343174032950390e-01
9.663553360283689830e-01
9.769147271793339193e-01
9.908404958208748559e-01
9.807854414194564496e-01
9.910205345367597563e-01
9.963995867766105574e-01
9.772447994105568636e-01
9.793824816264582456e-01
9.833181491610616387e-01
9.679992589389941893e-01
9.818424385834513268e-01
9.833791612688722594e-01
9.873253808391165842e-01
9.814318229481104883e-01
9.924826252137648464e-01
9.847761604345189879e-01
9.722317779235146729e-01
9.717741244275177603e-01
9.795174723002790795e-01
9.853964631693136189e-01
9.819879175687088457e-01
9.594090790307888694e-01
9.895867057234996045e-01
9.719706152854922232e-01
9.804426842608552350e-01
9.815008620264733530e-01
9.890576189763861104e-01
9.799968171071624656e-01
9.885367171181013157e-01
9.880621697849127916e-01
9.449982871013348218e-01
9.814510354714677254e-01
9.829765354393616983e-01
9.952720392159343232e-01
9.691760830414943850e-01
9.767166762670094204e-01
9.817711033220671846e-01
9.825161451638452226e-01
9.995359888791580660e-01
9.832467896808881891e-01
9.935661893483763718e-01
9.729459914032165813e-01
9.659347479156955574e-01
9.835376975845711023e-01
9.832834613958943981e-01
9.805930371992791494e-01
9.899664913937449295e-01
9.782072646656263526e-01
9.848507463115734328e-01
9.843291553794655258e-01
9.754982163199309442e-01
9.973598905396288128e-01
9.954815673477311888e-01
9.347827779463706577e-01
9.805448930849695044e-01
9.853411757999509524e-01
9.915565075790550020e-01
9.933147904131259809e-01
9.762340789075115710e-01
9.873160411681144444e-01
9.914391673364894020e-01
9.724464209846958029e-01
9.718587112091882085e-01
9.750872560167888059e-01
9.495619890471219682e-01
9.852645906852974811e-01
9.677124841292551460e-01
9.901812768181572633e-01
9.947207388008282303e-01
9.675728422272640294e-01
9.827424965432181025e-01
9.834313896718351877e-01
9.889408721845406314e-01
9.889771178377129157e-01
9.847157136350780382e-01
9.889401556027981322e-01
9.670197017690002061e-01
9.925566873244408006e-01
9.917642685573080374e-01
9.771274503548227353e-01
9.490110625605288064e-01
9.693676783311307998e-01
9.740394779240078016e-01
9.638188189414937934e-01
9.850015988316795923e-01
9.770278363218356521e-01
9.875030501214581147e-01
9.816137065768044678e-01
9.664888577545246440e-01
9.818528175454774853e-01
9.845090478396066880e-01
9.831463538529012780e-01
9.687097598169823742e-01
9.813783881078967930e-01
9.572262736786663062e-01
9.565013845363082856e-01
9.892986411021409410e-01
9.436227803289745086e-01
9.902169491964853965e-01
9.735156903855500810e-01
9.810107209410120488e-01
9.835308028619468290e-01
9.858179271749100137e-01
9.763371339643852620e-01
9.725813115267939457e-01
9.666910422651884272e-01
9.813839585767739626e-01
9.961174703728128410e-01
9.806967583281394063e-01
1.003496455358629635e+00
9.832696837541468060e-01
9.683028511072889755e-01
9.818154188038902275e-01
9.765292104680176610e-01
9.920516404168950864e-01
9.786111488829556393e-01
9.557023505058491741e-01
9.818088550053224450e-01
9.731120400175771179e-01
9.911589619647438454e-01
9.857739769905959903e-01
9.269216244664885140e-01
9.896133368177393308e-01
9.876163411017915283e-01
9.873978682156238085e-01
9.918546026342169863e-01
9.916814095965922338e-01
9.942367615321785479e-01
9.930568299498668816e-01
9.595639058543676825e-01
9.947915564827823909e-01
9.742484639633993693e-01
9.625269492793654402e-01
9.908391157713488662e-01
9.821048258789797369e-01
9.837837309318989698e-01
9.480006113152790181e-01
9.983819495307599823e-01
9.893949743710059863e-01
9.876319793174611616e-01
9.856422790355545693e-01
9.770431253829813256e-01
9.769023220672228280e-01
9.782138129230825152e-01
9.569032361658640351e-01
9.859668759022948148e-01
9.834569776574122457e-01
9.765455974055811117e-01
9.841321117402895835e-01
9.723111795876214769e-01
9.793490205855009956e-01
9.614173629027373824e-01
9.912834886744077423e-01
9.696762968962674423e-01
9.589412450754711825e-01
9.958398894366209397e-01
9.780911853020884950e-01
9.824218996643097057e-01
9.927238595513532271e-01
9.781537275245242302e-01
9.751451689817094426e-01
9.904486316481451169e-01
9.762691718448190947e-01
9.819492058637927512e-01
9.662968903437366697e-01
9.894055258067695480e-01
9.869889344338679260e-01
9.649496136167626803e-01
9.875928173453667469e-01
9.848303696363660542e-01
9.835817160400318615e-01
9.918877761079116784e-01
9.551816878122144638e-01
9.921442020158599551e-01
9.839401707434493050e-01
9.775576599026211122e-01
9.919596903395696552e-01
9.761858366521111163e-01
9.858743182619023049e-01
9.783820436284613731e-01
9.571798236045236941e-01
9.531784941147072310e-01
9.773704707336771103e-01
9.771075097027237533e-01
9.954688353112651766e-01
9.790290179602547660e-01
9.957322730829668567e-01
9.874037904881146632e-01
9.844742934186163641e-01
9.606545473441922001e-01
9.852245482185983949e-01
9.803753931991457948e-01
9.815210223071222373e-01
9.788575395836665027e-01
9.837257025146347589e-01
9.815550139250664996e-01
9.635456736599364858e-01
9.905847605731333827e-01
9.724497962803442253e-01
9.957099332592534990e-01
9.747379958196246141e-01
1.002706184357910812e+00
9.845881832738071493e-01
9.732040412264503226e-01
9.889948168672232365e-01
9.453707304422186430e-01
9.874073675470176337e-01
9.501487076717352043e-01
9.737840762843565923e-01
9.793008720496899633e-01
9.924726707500912681e-01
9.825101110687729511e-01
9.929880121560900053e-01
9.793643812884180733e-01
9.753701655931551473e-01
9.603322233457896040e-01
9.875218862933283770e-01
9.915498178905867155e-01
9.782540975763667213e-01
9.839727537832535509e-01
9.737974183131633543e-01
9.875031314895162948e-01
9.865076112708065503e-01
9.577575103713062976e-01
9.803081336997142570e-01
9.771871918351564545e-01
9.795962665816928538e-01
9.885303001736817086e-01
9.744721992304798963e-01
9.830082446009973385e-01
9.795028622693844333e-01
9.812031727944032777e-01
9.898421974426468983e-01
9.782356581470310619e-01
9.960588286469904684e-01
9.934409572281056588e-01
9.701565148433314301e-01
9.905286702069804328e-01
9.906534850394460578e-01
9.940264871119086632e-01
9.897098963830175400e-01
9.879934956773714916e-01
9.864542642249616300e-01
9.895522128111069460e-01
9.746125567326598960e-01
9.806250739856905430e-01
9.752159693473932967e-01
9.707102043343727171e-01
9.945240815811892121e-01
9.653860840036774249e-01
9.648067303571458142e-01
9.616441499428982631e-01
9.843760451995354765e-01
9.861841002376788845e-01
9.879985535669785213e-01
9.676376680312791523e-01
9.843525216108495179e-01
9.817633971415754557e-01
9.426835814263762048e-01
9.761881900155675584e-01
9.644240126731865592e-01
9.792236271300948092e-01
9.847254943964409701e-01
9.440567184249809563e-01
9.746729404669326469e-01
9.785504121032988500e-01
9.933151730563051229e-01
9.698177899410918013e-01
9.736857719858651450e-01
9.798090403201585863e-01
9.727993928016349656e-01
9.742410853720989694e-01
1.003164212964348989e+00
9.748630930793489302e-01
9.878672507064879538e-01
9.917382547496581546e-01
9.574662953092930584e-01
9.692260657657627565e-01
9.734321539656247690e-01
9.827962381005205250e-01
9.749248228884261902e-01
9.841477425916881350e-01
9.848035730227030493e-01
9.683418256331741691e-01
9.839230833189793746e-01
9.517896745439250461e-01
9.788545381852252758e-01
9.946204299668656157e-01
9.880402414363328445e-01
9.970990473797907150e-01
9.603196921419296928e-01
9.862946265065188900e-01
9.410655846725763940e-01
9.443360765527989420e-01
9.834409394508240032e-01
9.910220673649732248e-01
9.726617054198779533e-01
9.810486450582800444e-01
9.921040978955383283e-01
9.808242123688588610e-01
9.481019957750235205e-01
9.810184222038239588e-01
9.780742897893368593e-01
9.661799912959833092e-01
9.796879322450984251e-01
9.739327222967292252e-01
9.809197013824605405e-01
9.659670026468969439e-01
9.903834645856667285e-01
9.269119421837930251e-01
9.828430093034317139e-01
9.722541533019292137e-01
9.842548939665535235e-01
9.828993890354144058e-01
9.826144815084743023e-01
9.823583409373277675e-01
9.591637002467758855e-01
9.872088388897106714e-01
9.770837764700874839e-01
9.906563698202448531e-01
9.483455835383223231e-01
9.952986143861565216e-01
9.922371453686538167e-01
9.771466944693043555e-01
9.816887097690887298e-01
9.801961948863874285e-01
9.707957619161111662e-01
9.602656361250302419e-01
9.881161768197282980e-01
9.797245219594448162e-01
9.752100013967958114e-01
9.801880272476990452e-01
9.840897036250071395e-01
9.811843124135609662e-01
9.825500117924867993e-01
9.732635489538298268e-01
9.835391626486383876e-01
9.776648851431766207e-01
9.903985512583344253e-01
9.852399484548254316e-01
9.538988155760226295e-01
9.854552426552718458e-01
9.498866183435297206e-01
9.721865966617135868e-01
9.914908978750074375e-01
9.851620332993077378e-01
9.810705021784374980e-01
9.901130643400523068e-01
9.893833704638768101e-01
9.736085661550285542e-01
9.851978119692639257e-01
9.950469904415768507e-01
9.853031124150837261e-01
9.906005223256281189e-01
9.646026059156446175e-01
9.715769653235420966e-01
9.774158127685201869e-01
9.650890523918339570e-01
9.942403405101482017e-01
9.566825770176914379e-01
9.673458682473012882e-01
9.820589132635614282e-01
9.827404272637432214e-01
9.831777034112402225e-01
9.897497327242019693e-01
9.877375225801681147e-01
9.932313160544212760e-01
9.751225627924217099e-01
9.866989521403902730e-01
9.656362804748487294e-01
9.909909493606994246e-01
9.942251068969033545e-01
9.824553241065118181e-01
9.613745446915394899e-01
9.623258138225354585e-01
9.807125441911295205e-01
9.810288627617699264e-01
9.952146005124017369e-01
9.811972686894604445e-01
9.862971594133951303e-01
9.736468064209446993e-01
9.858987884891531328e-01
9.816522649448614635e-01
9.739105541704649038e-01
9.808156984567387715e-01
9.952315448507165208e-01
9.874558091596284948e-01
9.789792896037738945e-01
9.501542210182597481e-01
9.739828935389832631e-01
9.854052828337365177e-01
9.875448614398586455e-01
9.902257790128872195e-01
9.898978943307982226e-01
9.749458496343531566e-01
9.956629961529899209e-01
9.798694870997138873e-01
9.691307917149690754e-01
9.862439440703050231e-01
9.799968644330669942e-01
9.918261786353347320e-01
9.504190691026550564e-01
9.392357054069309097e-01
9.603230401925613169e-01
9.736918410674202384e-01
9.830627700088440113e-01
9.903245928714051738e-01
9.926276950800031473e-01
9.883184490879500794e-01
9.775506628126366948e-01
9.597710312702066870e-01
9.849614169195545221e-01
9.816955153777695564e-01
9.812475130321172134e-01
9.862921959471155908e-01
9.876221232707137476e-01
9.892775764222655477e-01
9.855319145521851398e-01
9.541074570917844611e-01
9.688016520324133074e-01
9.948844577119759780e-01
9.852439270814060679e-01
9.850721943950114801e-01
9.583327228211867554e-01
9.886572959596440224e-01
9.768585490592501808e-01
9.798823151138478238e-01
9.869553470636278636e-01
9.812378440597676610e-01
9.829812388101630827e-01
9.683652500302046828e-01
9.540728268372912213e-01
9.911247768640266687e-01
9.932231264991319142e-01
9.442794521699561239e-01
9.844532799822129920e-01
9.636096123573970607e-01
9.924117574918943641e-01
9.785878519436801426e-01
9.867125125161676502e-01
9.847621663941418246e-01
9.826112937844440065e-01
9.629204257572242520e-01
9.903277606051448245e-01
9.836465734822521512e-01
9.979046500853097079e-01
9.663496662120137914e-01
1.003346618270076540e+00
9.814367287893780434e-01
9.793678546828492593e-01
9.922974097815762118e-01
9.854163098081977212e-01
9.873687273941698095e-01
9.810060030989415925e-01
9.733263922296894188e-01
9.855683204973066935e-01
9.839139375537635512e-01
9.699434881964480448e-01
9.881327727938133965e-01
9.723022799367485591e-01
9.655229807400702580e-01
9.485802261675568836e-01
9.795748395545077480e-01
9.836660002606995024e-01
9.905454205660579881e-01
9.640363429610111501e-01
9.656139209366251253e-01
9.739158399932320576e-01
9.618708022679898217e-01
9.873149833857537416e-01
9.635976189270327730e-01
9.911919677206362245e-01
9.804345726284321438e-01
9.580191804747664186e-01
9.739745727700074296e-01
9.798812348122997173e-01
9.801499708614507256e-01
9.705936961289615139e-01
9.988189566263742103e-01
9.559796028167063531e-01
9.809196701786769834e-01
9.832520736217618129e-01
9.911746508315462112e-01
9.886909075536280955e-01
9.827735223950507804e-01
9.982475466007136866e-01
9.569927469955119559e-01
9.729575623269324236e-01
9.735741481491841931e-01
9.891642786505476792e-01
9.629551719629076967e-01
9.717370562696754366e-01
9.673171563199898237e-01
9.875798337969676766e-01
9.874522342815532649e-01
9.925484997289941713e-01
9.704298412628423742e-01
9.947836087025652141e-01
9.560502970852564619e-01
9.733492945233647164e-01
9.655028809172307991e-01
9.804533179854274527e-01
9.954755349616886129e-01
9.598319699707044128e-01
9.871975582697648521e-01
9.688989398113296847e-01
9.363326897237587154e-01
9.886201324564020121e-01
9.677433010174981698e-01
9.826496729190079549e-01
9.789415973130348725e-01
9.771182026807522236e-01
9.883468089037148463e-01
9.877487526935861961e-01
9.979497237643301100e-01
9.789164564468053609e-01
9.860304308900190717e-01
9.859773221123488973e-01
9.888999103745332864e-01
9.786785954534471532e-01
9.876654864503519038e-01
9.785587133736023402e-01
9.752344384591976612e-01
9.772489592593570640e-01
9.699792970651566204e-01
9.755010872030667191e-01
9.824935654615883918e-01
9.965149457443864822e-01
9.890661978500225882e-01
9.928851644133832588e-01
9.849201401095807329e-01
9.783784003208907398e-01
9.552964086394296617e-01
9.767378138338963511e-01
9.761921247648901456e-01
9.736809545964590917e-01
9.900897887777005968e-01
9.771651963023727516e-01
9.723421268364608183e-01
9.812449944023448056e-01
9.973839476904752255e-01
9.909045073936061376e-01
9.683974919964062344e-01
9.854171333691312817e-01
9.871328283763322053e-01
9.483647018233598569e-01
9.654954492257656895e-01
9.646880496165511909e-01
9.766499417342636713e-01
9.858090617908078501e-01
9.784623482707107689e-01
9.888020031344062488e-01
9.832897909449015428e-01
9.765330764596965585e-01
9.458003830505696818e-01
9.776671504993428297e-01
9.798097110015226985e-01
9.502790640340997852e-01
9.633732328695837621e-01
9.862989884878665681e-01
9.754458528667827588e-01
9.488551566164650231e-01
9.641341113068452318e-01
9.812616445650073072e-01
9.819289086927126542e-01
9.986743339632070393e-01
9.836109123498051332e-01
9.798358013077135276e-01
9.837501250330784597e-01
9.710891277386382026e-01
9.903595492910818310e-01
9.428595931062762059e-01
9.573183751510289108e-01
9.558882970802805579e-01
9.796869804707010188e-01
9.930203927661440666e-01
9.850517208277950187e-01
9.790756923724099892e-01
9.935582321291768215e-01
9.639242846107403118e-01
9.875024861555652400e-01
9.724201082731255275e-01
9.905766323480867941e-01
9.721942726237894350e-01
9.818053502234790342e-01
9.825608087604860152e-01
9.649891751220756042e-01
9.634916657099318327e-01
9.937711985397280623e-01
9.840111720431563569e-01
9.852675248604848557e-01
9.776083866786395848e-01
9.643945113669523117e-01
9.903889580237861257e-01
9.932709851766685638e-01
9.764930901423870546e-01
9.654871987885191853e-01
9.750116258341113840e-01
9.763017613150588581e-01
1.003207558454515036e+00
9.588574037284551821e-01
9.895113085583499002e-01
9.730797442201255532e-01
9.855846273128995305e-01
9.785577057777995469e-01
9.788833348980796600e-01
9.758436220081541101e-01
9.634079745269171768e-01
9.736907452422057796e-01
9.698265101256303700e-01
9.616690539538051974e-01
9.857084179159255610e-01
9.644150814386761583e-01
9.839351040719997998e-01
9.690916375153926232e-01
9.701911060786825303e-01
9.878565425726469895e-01
9.875115995567400606e-01
9.719467222667933504e-01
9.875273277442023767e-01
9.930048187686014716e-01
9.924584051378194660e-01
9.724371670869864648e-01
9.701184569307009786e-01
9.894375051555747147e-01
9.615203387843695992e-01
9.869757067266103912e-01
9.696277592234560094e-01
9.619884258320731130e-01
9.578553260533343439e-01
9.765323984071812013e-01
9.612493835678485032e-01
9.842061269607160767e-01
9.867911996732137148e-01
9.623184988720250299e-01
9.799275067135901907e-01
9.927702808782038479e-01
9.863039498578635156e-01
9.617919909643645182e-01
9.818137266385293938e-01
9.965373034210183167e-01
9.787833509997414527e-01
9.850150207945490566e-01
9.804486522554595185e-01
9.804237271856300895e-01
9.386201671969816029e-01
9.763466082027359993e-01
9.866031561639846403e-01
9.904074060240979360e-01
9.911265784881536645e-01
9.739020057761857974e-01
9.741218819629695602e-01
9.713050070330822017e-01
9.703381383985286712e-01
9.796787514065972147e-01
9.878494752459227035e-01
9.204093458647587545e-01
9.915207754024284448e-01
9.608382160636217417e-01
9.827439405567101049e-01
9.953844631030653867e-01
9.659146352101835031e-01
9.822764592748475243e-01
9.816596814567624119e-01
9.885965331989187144e-01
1.003804015712765452e+00
1.001854137200728134e+00
9.715961349613292386e-01
9.884896268200651370e-01
9.770411094888837855e-01
9.957006060877324760e-01
9.873427115334326709e-01
9.701228187130864766e-01
9.878511189892531519e-01
9.903921043761635401e-01
9.878119331109315171e-01
9.920034132972472829e-01
9.858002284731302023e-01
1.002610684952037312e+00
9.898936039303116718e-01
9.787626873652385262e-01
9.686678121387877205e-01
9.788266365154615345e-01
1.001135825786494182e+00
9.796210914740667297e-01
1.006878851551443299e+00
9.647345303017351714e-01
9.881652459785909004e-01
9.571636340887800243e-01
9.878422905982087165e-01
9.693554293117357945e-01
9.851876961812514599e-01
9.916251279625498682e-01
9.822814807898549994e-01
9.501668505712262958e-01
9.821185517897014217e-01
9.816052745047799677e-01
9.914606340251543859e-01
9.720951603645788808e-01
9.564707121156466041e-01
9.873159579412640330e-01
9.676383653020338427e-01
9.997753778936919744e-01
9.772379939587761966e-01
9.875173075334034989e-01
9.908203421750498840e-01
9.765830490703238942e-01
9.791018230971548775e-01
9.486153862741760756e-01
9.826306188820723708e-01
9.709406163637417375e-01
9.544534487640675691e-01
9.767628627330645630e-01
9.789255605357604084e-01
9.787016917061501786e-01
9.788600707901188303e-01
9.860070498585695731e-01
9.853508836491058354e-01
9.836114304653122975e-01
9.935737169468634722e-01
9.791583166787950487e-01
9.801584883870124720e-01
9.690078244916002781e-01
9.686285730788292136e-01
9.636872723343264946e-01
9.700885133795426052e-01
9.835873099065041147e-01
9.854441945293018756e-01
9.436323566465077972e-01
9.848414912176729485e-01
9.954429608512800343e-01
9.860420349825739228e-01
9.908473669774785497e-01
9.669134400605112756e-01
9.924853616475091123e-01
9.672060751992060945e-01
9.711411874789702692e-01
9.729436835216669355e-01
9.666291629108915151e-01
9.695993131609081939e-01
9.730105615472383063e-01
9.846565899764717633e-01
9.788374282471089538e-01
9.919893497557811246e-01
9.768999005903720168e-01
9.725033604069415194e-01
9.693287904174759939e-01
9.787084191236509190e-01
9.866951906267885652e-01
1.000686939889127824e+00
9.664324519925874268e-01
9.874661569277292106e-01
9.748239208091029617e-01
9.807855538032288489e-01
9.611205224154477644e-01
9.816670271990483032e-01
9.560047509439384417e-01
9.663440038395160192e-01
9.706258237179694603e-01
9.417033672778395426e-01
9.798561165711532350e-01
9.841098880881780087e-01
9.715585020343039391e-01
9.782117182230113395e-01
9.744173762428818275e-01
9.746193694478536562e-01
9.647032990655277640e-01
9.968814075113163753e-01
9.930290946055473356e-01
9.810334042635359131e-01
9.748884549873644279e-01
9.720758074444499908e-01
9.959435651612406071e-01
9.647486081711297290e-01
9.758462478452529787e-01
9.885849716532658649e-01
9.859595915334290472e-01
9.697319467082299305e-01
9.829131661390572150e-01
9.857596728448326795e-01
9.743357932961281831e-01
9.863324377966741219e-01
9.814677175838498746e-01
9.873721887680407816e-01
9.760801369532710048e-01
9.802371105655925954e-01
9.665331221454570576e-01
9.941974290334391062e-01
9.668851990019876608e-01
9.786967088996296749e-01
9.916411866453548329e-01
9.322567029292968543e-01
9.862307556449740886e-01
9.773703250420260336e-01
9.878879635920772007e-01
9.757998961647016412e-01
9.828859516374822691e-01
9.842858952574190523e-01
9.817092308343564611e-01
9.863712447796267879e-01
9.859379425929726271e-01
9.717869256937682332e-01
9.587591959435177724e-01
9.710202871775829303e-01
9.831025943405601319e-01
9.551049132156367305e-01
9.595283475425800956e-01
9.910451847343264564e-01
9.729698659018530815e-01
9.753066267813785828e-01
9.847012521969644716e-01
9.765860532620522783e-01
9.207799762984630876e-01
9.922266014777342269e-01
9.817840349991119320e-01
9.844853534823101437e-01
9.893452251112025975e-01
9.866520606797967163e-01
9.841779037049963597e-01
9.791062191887873745e-01
9.773761044747361071e-01
9.735707250913049338e-01
9.557814396263552004e-01
9.732446517600216174e-01
9.730170913465377991e-01
9.768099552338369573e-01
9.701128942269112709e-01
9.840656773970740678e-01
9.711438304251841513e-01
9.663118314799846731e-01
9.906473186215395410e-01
9.842156040364905545e-01
9.758375747426825120e-01
9.895192254634301854e-01
9.494768572321418132e-01
9.730174820061368024e-01
9.861785587354716665e-01
9.860924814491055512e-01
9.751828999970735268e-01
9.738306642782778022e-01
9.569038513406362689e-01
9.790047542386448587e-01
9.785650108508225919e-01
9.862318848391905535e-01
9.757977481575657031e-01
1.003484950842196577e+00
9.912358078848558796e-01
9.595771973839907210e-01
9.838160497841622609e-01
9.790382890188442655e-01
9.950588077200408499e-01
9.684687063456726142e-01
9.732700214979337350e-01
9.881384657229610458e-01
9.689560332717270796e-01
9.768562252379985322e-01
9.970210404346372401e-01
9.805921048725696476e-01
9.710665089216622414e-01
9.855166206802887796e-01
9.891163031222932611e-01
9.887160865763189310e-01
9.851299518447034220e-01
9.833636621156731650e-01
1.002256875603228625e+00
9.735929850204771974e-01
9.606571047540952701e-01
9.895813554647530097e-01
9.872671297574752147e-01
9.688085296946997715e-01
1.002522271864962899e+00
9.602433926604519998e-01
9.776162095811666841e-01
9.709317194042444976e-01
9.838441502106644032e-01
9.652289792424671999e-01
9.979266735827438950e-01
9.763037661110485210e-01
9.803613044405511401e-01
9.872282254822754011e-01
9.879516898537421543e-01
9.893327473059206900e-01
9.661316136365643015e-01
9.844342645800806535e-01
9.954642424664369438e-01
9.597035082926875793e-01
9.940061011026433135e-01
9.572959102081811666e-01
9.932853463272141026e-01
9.737747974869340739e-01
9.797794299524514861e-01
9.939857601451731473e-01
9.536374493262704810e-01
9.686197959481449571e-01
9.955707739300347914e-01
9.833053894345594736e-01
9.855833342544536579e-01
9.811635049793684393e-01
9.823629486116121079e-01
9.798614674216381548e-01
9.644013489972830255e-01
9.872191373271170800e-01
9.723260931972611543e-01
9.878176062815001712e-01
9.880632520323888723e-01
9.656796067335472467e-01
9.752352513453212968e-01
9.868987164958265002e-01
9.791145493720355697e-01
9.508839083671428716e-01
9.788643313905773802e-01
9.733281764682323312e-01
9.637973768844138034e-01
9.783238069077637711e-01
9.408451071682064626e-01
9.877624322825735437e-01
9.791974364383522200e-01
9.720793888675663963e-01
9.644355994237627794e-01
9.709929915632449227e-01
9.728715985799516464e-01
9.766454174989300796e-01
9.740351287260653468e-01
9.777752493227952479e-01
9.800082312613005442e-01
9.921454879780876590e-01
9.584511207305476121e-01
9.860698705676071985e-01
9.815710056994306765e-01
9.895733500625857326e-01
9.867382156222366252e-01
9.683520973868082748e-01
9.713649977673192160e-01
9.849951522377839996e-01
9.759799534447024527e-01
9.812154028612216639e-01
9.725572566769354887e-01
9.885362154296308823e-01
9.648663119461245996e-01
9.740001494380731151e-01
9.784079260513134368e-01
9.761362230700578735e-01
9.506107662244123180e-01
9.774506261133728557e-01
9.857409449691143521e-01
9.602259143245561734e-01
9.693485218123082392e-01
9.912436925630706552e-01
9.609280532883704984e-01
9.575402514923881947e-01
9.769045486042959858e-01
9.559855664880204662e-01
9.941222760731783792e-01
9.640463161658088254e-01
9.718456095864134170e-01
9.834631005250257241e-01
9.867117255311044222e-01
9.695085516980177509e-01
9.558412617226454966e-01
9.679065761653540267e-01
9.728616628866650906e-01
9.738802342221124508e-01
9.767056765422005293e-01
1.004483774208977387e+00
9.792137756894785383e-01
9.618707567433656402e-01
9.952006068103738112e-01
9.748874803654234977e-01
9.844559876916549879e-01
9.643184750114511816e-01
9.902630536225854874e-01
9.765625887507423109e-01
9.889140122949156009e-01
9.853704935516468533e-01
9.862232821154510720e-01
9.895532647312750285e-01
9.687899830748487595e-01
9.973043631982735358e-01
9.659470779433304566e-01
9.838354395642573413e-01
9.937961740820425716e-01
9.640722037553928203e-01
9.899698563506387217e-01
9.813296234953741148e-01
9.825717428265170472e-01
9.793187689514687433e-01
9.850011208558099307e-01
9.706093912174200700e-01
9.847941430951469011e-01
9.959438846939958623e-01
9.731458663974897894e-01
9.590039262873237824e-01
9.837393786549736285e-01
9.626932944875700171e-01
9.804243458073997886e-01
9.898934695050829458e-01
9.838950376776363083e-01
9.670236318828563382e-01
9.989617129200780710e-01
9.907603913557029296e-01
9.872445034238721551e-01
9.717515539149346182e-01
9.840975990043084876e-01
9.739707703745421608e-01
9.860095713878022083e-01
9.850200093228512754e-01
9.994075495274430398e-01
9.558399391499040609e-01
9.869846606162901992e-01
9.731222960278055334e-01
9.859480053433651303e-01
9.867806402239261976e-01
9.914372461677212200e-01
9.868616096008296923e-01
1.002365757958724402e+00
9.812630313115596747e-01
9.806983714596233526e-01
9.794619606462001693e-01
9.807310864978538989e-01
9.728368126247245451e-01
9.640226150360288182e-01
9.696291217407201346e-01
9.811387644218146908e-01
9.745293906316028210e-01
9.961727450856510124e-01
9.784880785443266227e-01
9.874500061562124786e-01
9.791595583677694670e-01
9.904777021580792873e-01
9.764792458355683324e-01
9.778038665219483949e-01
9.807176143109330724e-01
9.858698934534790848e-01
9.862592927856195235e-01
9.505416298303055456e-01
9.808827181356247760e-01
9.801495726719888779e-01
9.825712590286631576e-01
9.787258906299539651e-01
9.864662023551810099e-01
9.664800339498385018e-01
9.932265035813003795e-01
9.940108655307019481e-01
9.795081795805301583e-01
9.548415385577708747e-01
9.567220381400212137e-01
9.783360880002163196e-01
9.640178707171842554e-01
9.631384521935342224e-01
9.890451918753906391e-01
9.776055805034467028e-01
9.855468011136415685e-01
9.723753777046212354e-01
9.746884164787680271e-01
9.879696854409799611e-01
9.779688673733939464e-01
9.803968268501337402e-01
9.267526957687460820e-01
9.860449272487259442e-01
9.828286463133234507e-01
9.747821539850379802e-01
9.839637309814255328e-01
9.828633941991095080e-01
9.921795456770068355e-01
9.765826162225192952e-01
9.913915785647410273e-01
9.800181388855425668e-01
9.662701243306504040e-01
9.698343572561303194e-01
9.907468032310295936e-01
9.881801154268751164e-01
9.833544543118915016e-01
9.903993149028392784e-01
9.922117933636639409e-01
9.912758246109790727e-01
9.944491418322302101e-01
9.842153067725510907e-01
9.736461534265898887e-01
9.736327864085766448e-01
9.868472074127638827e-01
9.695443446388670727e-01
9.416803562228621693e-01
9.731485284659920909e-01
9.886457753154698214e-01
9.844126303139497658e-01
9.802839514368257845e-01
9.885144888597313662e-01
9.859453669139882637e-01
9.978120719604567368e-01
9.758882166996979413e-01
9.748545026284390902e-01
9.751187079790534229e-01
9.883266699827238932e-01
9.793032930156502225e-01
9.773926780421522409e-01
9.757759458610520964e-01
9.906227927058276483e-01
9.877701709518090789e-01
9.753922787239616143e-01
9.712332645938235309e-01
9.946640676067348696e-01
9.859711330860887468e-01
9.838926897078825728e-01
9.808942624404494159e-01
9.531514401555787330e-01
9.901005809802925217e-01
9.743539715267498513e-01
9.748653993974590870e-01
9.722098007560495692e-01
9.780284571159627571e-01
9.947997182705605734e-01
9.799492009417645200e-01
9.788066907855103027e-01
9.659465647081076911e-01
9.745564260968808679e-01
9.883169826773280375e-01
9.821750304561462919e-01
9.786147500250413911e-01
9.928240811410841138e-01
9.823662224330054205e-01
9.920116099293424528e-01
9.946895475162514932e-01
9.767746078442429702e-01
9.779689148388500675e-01
9.879024870104914369e-01
9.718338662073144896e-01
9.843635140905099279e-01
9.800187041449648362e-01
9.820063350693438720e-01
9.919149022527631310e-01
9.909084744404097478e-01
9.843735749482369624e-01
9.848044448680516316e-01
9.969566111795818975e-01
9.509952570720383580e-01
9.864460636803007443e-01
9.527545037042410847e-01
9.834268497637579376e-01
9.793655878444117446e-01
9.849277584252225104e-01
9.745621911117751113e-01
9.807262806983538805e-01
9.572832941275781771e-01
9.846123884734517828e-01
1.002477201170685728e+00
9.650141603750996833e-01
9.263476912675719932e-01
1.004377460628995911e+00
9.908892648582595664e-01
9.829395806766517696e-01
9.762276516382779601e-01
9.895073723776625085e-01
9.695243624829543716e-01
9.897723174040189420e-01
9.726324275269099262e-01
9.851374166213476835e-01
9.583114861858220701e-01
9.939014810936319666e-01
9.943070131524451849e-01
9.838390496770008653e-01
9.829590281862780055e-01
9.679425740176779147e-01
9.668060121859555212e-01
9.817745819011746145e-01
9.797869767920563966e-01
9.738571064630199281e-01
9.820386685830329032e-01
9.521147214520422342e-01
9.887260582806919329e-01
9.757137852719925952e-01
9.921698226516767471e-01
9.881629219343752712e-01
9.765816796639141817e-01
9.741944005220128933e-01
9.885988620601128263e-01
9.622599433116278966e-01
9.823793950821897436e-01
9.971136884082160146e-01
9.804327288596054180e-01
9.624081902958132595e-01
9.627360912436156992e-01
9.655120000814303438e-01
9.813198149558604033e-01
9.907606753185119741e-01
1.002655495214202830e+00
9.502216131477672079e-01
9.800264351990654044e-01
9.869575139317748880e-01
9.741573809663200967e-01
9.802250943539033701e-01
9.739939491594306054e-01
9.674426277010551578e-01
9.819041442384998097e-01
1.009701015535660940e+00
9.755460132017526043e-01
9.937307467653971882e-01
9.886907718675863599e-01
9.677259433351399487e-01
1.004627319392157769e+00
9.835094635005947605e-01
1.001837671915345673e+00
9.662121512595498452e-01
9.878909761681561319e-01
9.513361446733012983e-01
9.940344582807546514e-01
9.455480684801890190e-01
9.714436519028467609e-01
9.768319037510569958e-01
9.795585785481772945e-01
9.372055740744393848e-01
9.730081439449514980e-01
9.830289530832366784e-01
9.865497188011349561e-01
9.844188823875732464e-01
9.562861475105436382e-01
9.793603814020906961e-01
9.746766949771782373e-01
9.864337412339155842e-01
9.733030297474223325e-01
9.778508668028044193e-01
9.896839432044470808e-01
9.694126231787354442e-01
9.810127383022665404e-01
9.506561747757821257e-01
9.930700952207742738e-01
9.938342247427502940e-01
9.699299509348567883e-01
9.352894697193436802e-01
9.981562665319079208e-01
9.918275290685812928e-01
9.800250969896218134e-01
9.980526098211510710e-01
9.744458271064316834e-01
9.968081119634497611e-01
9.959600887288804216e-01
9.853148194215595179e-01
9.457040217530139348e-01
9.894534072659643131e-01
9.770686501144704161e-01
9.975680409343831156e-01
9.968856058294944811e-01
9.752860233745102025e-01
9.879246032775235165e-01
9.889652579822911793e-01
9.784448594728305526e-01
1.009877596392669163e+00
9.707115911301457123e-01
9.565057863070781652e-01
9.714995732228415282e-01
9.815213917217533446e-01
9.803581272228268917e-01
9.737736473972899987e-01
9.859694817309055948e-01
9.851587294026276087e-01
9.721871554612161459e-01
9.910379631429434566e-01
9.708782324463920421e-01
9.906758779612663268e-01
9.770175487406213000e-01
9.874446106099437070e-01
9.640401117321566460e-01
9.648312355641581739e-01
9.819088406383768008e-01
9.743178681997716195e-01
9.890031502988902989e-01
9.845172872492490290e-01
9.836398664079245568e-01
9.705564125641334972e-01
9.824100021924472292e-01
9.721226514257128581e-01
9.883176208773752913e-01
9.893678014866514880e-01
9.812471875651224140e-01
9.792510597767718483e-01
9.734292851100999622e-01
9.584702211616890066e-01
9.786958942868841937e-01
9.852440478916960620e-01
9.701050285125616401e-01
9.917005824448863471e-01
9.891336776021765198e-01
9.526948955743015368e-01
9.847206297821223808e-01
9.815546946742670364e-01
9.653926268406178846e-01
9.691608598726719759e-01
1.002184511200368888e+00
9.994339213800593757e-01
9.999020800314192270e-01
9.918396429387418278e-01
9.572886674953924313e-01
9.667637500812564788e-01
9.915223498341508845e-01
9.815704306772586873e-01
9.808737114968461013e-01
9.761439511594800500e-01
9.575195704008702124e-01
9.955186122288365302e-01
9.804831934201626575e-01
9.713258715499892837e-01
9.800509488012417725e-01
9.750092161922534473e-01
9.667074854348139956e-01
9.847847073016589015e-01
9.790298597012973003e-01
9.850026419199765515e-01
9.724614356046645813e-01
9.812626089484524083e-01
9.783062407210265654e-01
9.931063250409019050e-01
9.717467485467762289e-01
9.894581355225943176e-01
9.815657079785566896e-01
9.889769413900998396e-01
9.853695412561241929e-01
9.948138717900303352e-01
9.777102955916774363e-01
9.690952550289608780e-01
9.845953471169167637e-01
1.002183383622638368e+00
9.807790339793238665e-01
9.844749392387187603e-01
9.762082420802307148e-01
9.924041856864926903e-01
9.535814676141164403e-01
9.581821761998216003e-01
9.692185337278623747e-01
9.816456752488741389e-01
9.967301657399793013e-01
9.821228045632462988e-01
9.916017981617640809e-01
9.674933042523548021e-01
9.892402484323425949e-01
9.400031039366139041e-01
9.828871971868744506e-01
9.886963317940241636e-01
9.920129655660271384e-01
9.774655202336717252e-01
9.684924191670695182e-01
9.684813390789404064e-01
9.862602813883629693e-01
9.564380309211875097e-01
9.832742105136124122e-01
9.726029007272694038e-01
9.628869216066835435e-01
9.814652957667110433e-01
9.522036200420309626e-01
9.573211345018431961e-01
9.942764094088699656e-01
9.875768046430817293e-01
9.768628011653882615e-01
9.642522169600170612e-01
9.922377836541299567e-01
9.881349603256082137e-01
9.881006127764664360e-01
9.897160937584508211e-01
9.749571819496855030e-01
9.919618828014333811e-01
9.767854914925174770e-01
9.886725928973403299e-01
9.838229696769029697e-01
9.292117134129922462e-01
9.803083210922987067e-01
9.728562808539369389e-01
9.928688910944328816e-01
9.779308403292938934e-01
9.799726645657484969e-01
9.772706717434586077e-01
9.783820380656129689e-01
9.354429817504308353e-01
9.566292659651900454e-01
9.824416528369701584e-01
9.801657234550856801e-01
9.599675770769227068e-01
9.563306090478580490e-01
9.702750865750299214e-01
9.822507213809519300e-01
9.693568395478319166e-01
9.848820042505723737e-01
9.994997279375736898e-01
9.922149047519523979e-01
9.844382873669897949e-01
9.896379889095571203e-01
9.766470606721394665e-01
9.817711712111694133e-01
9.430721108145997400e-01
9.949171302765732472e-01
9.873421855800392777e-01
9.851995046374635301e-01
9.583224036177703242e-01
9.821603082339754875e-01
9.558221399526035666e-01
9.766082650672567311e-01
9.681662732308898844e-01
9.868201321441323337e-01
9.869781887093375117e-01
9.665003384033428180e-01
9.813086798343849670e-01
9.809829408420311925e-01
9.772340649973174642e-01
9.765199981425123354e-01
9.739076700921972529e-01
9.836635434871796591e-01
9.838860168718700505e-01
9.785353565588952307e-01
9.944843591501831837e-01
9.854458734716452506e-01
9.812021600485154593e-01
9.582937168676630701e-01
9.765642797075692050e-01
9.938881840036523085e-01
9.870740531261739115e-01
9.785679766742451102e-01
9.959102666749363175e-01
9.925514196820085511e-01
9.880164563663547117e-01
9.834997988077018860e-01
9.912222274079585116e-01
1.008775018263323275e+00
9.821117234451482991e-01
9.918278742808738224e-01
9.842747418622269651e-01
9.808007663915441210e-01
9.572920559559596754e-01
9.452509551015657596e-01
9.652369511544438563e-01
9.640145196170807340e-01
9.850875023369520811e-01
9.982393893484600156e-01
9.860008482312063727e-01
9.563568250536504944e-01
9.724382203567111249e-01
9.777985041433748803e-01
9.215172751193231315e-01
9.872416615665722261e-01
9.684966836109207833e-01
9.961680160574430953e-01
9.841507701460490143e-01
9.896959713734341246e-01
9.835141469700335870e-01
9.781273467262682209e-01
9.616629621804139161e-01
9.794611954288056088e-01
9.871111922296527119e-01
9.781639791947928098e-01
9.511293336549528910e-01
9.861300463807716188e-01
9.792831053937375296e-01
9.844671258602225583e-01
9.713616446156252415e-01
9.706287445691941240e-01
9.696960389678762615e-01
9.658202533735963380e-01
9.881350951010375860e-01
9.862367526642750182e-01
9.812062917772278459e-01
9.706994502919461532e-01
9.926330233422775429e-01
9.867783969127015276e-01
9.621389392649100092e-01
9.823864599460310210e-01
9.621948856931499261e-01
9.986068115914685794e-01
9.721531979262895140e-01
9.750632161225890604e-01
9.789116631655638834e-01
9.714165571196964333e-01
9.830053184154897705e-01
9.908983158569573124e-01
9.555182375700886910e-01
9.807144156159408599e-01
1.001006549926209743e+00
9.918309359851905649e-01
9.829013014541465587e-01
9.724490827301738305e-01
9.486917078524937930e-01
9.790416521894871327e-01
9.631863727001221953e-01
9.968248087202870034e-01
9.867447411806510305e-01
9.648562928302484298e-01
9.608873500286048142e-01
9.882504745051333694e-01
9.815697209290298320e-01
9.929116840461728044e-01
9.846148124090597920e-01
9.727867962644134447e-01
9.728159000578145976e-01
9.574665515552290840e-01
9.955370578410817073e-01
9.695562182536723306e-01
9.947319300843452394e-01
9.698875528130718182e-01
9.913647508413465648e-01
9.743409314001344468e-01
9.956224307769455661e-01
9.842572804064910752e-01
9.746203488388761604e-01
9.788774756500285834e-01
9.854180845073724493e-01
9.651851009520808766e-01
9.898943136502715845e-01
9.735970153026431984e-01
9.776595124733594711e-01
9.721596196013571056e-01
9.962961076385978831e-01
9.809463461590026689e-01
9.706278897211244594e-01
9.723700646635851097e-01
9.764827312687766048e-01
9.967156580041524050e-01
9.710118199685033868e-01
9.743517677753287254e-01
9.752334227948997736e-01
9.849512333974618228e-01
9.752304451772019211e-01
9.781654257579259770e-01
9.819537933469429936e-01
9.946220191938112132e-01
9.899173484325244354e-01
9.693394980861228527e-01
9.565045838157979485e-01
9.831453376596349658e-01
9.868696889967421004e-01
1.000681190557147549e+00
9.626369533086163166e-01
9.809950095078404653e-01
9.842667029309443150e-01
9.808955545113002827e-01
9.789641922561851395e-01
9.878406927611946831e-01
9.808063141358130954e-01
9.710185872630398007e-01
9.960304695677313358e-01
9.877895462179813180e-01
9.915526691869338549e-01
9.585349271865034604e-01
9.675007122165492079e-01
9.940138822872525148e-01
9.798850027472761903e-01
9.780750755355483994e-01
9.783189297382237637e-01
9.861805805092084265e-01
9.676000437150292788e-01
9.808044689720032405e-01
9.814526376709646893e-01
9.908895937673244392e-01
9.868820711533685675e-01
9.778067890364996462e-01
9.949052521777814739e-01
9.884635546630170522e-01
9.632745016074524269e-01
9.802548448286305671e-01
9.883775470448670220e-01
9.828712181400987014e-01
9.952184302867572718e-01
9.662013694939183273e-01
9.633653549760169410e-01
9.708767216486465790e-01
9.652811565768468771e-01
9.862024228814061377e-01
9.896437727249733918e-01
1.001286512453408717e+00
9.861137582495274057e-01
9.627831169255478549e-01
9.760166807038790360e-01
9.869227538980450687e-01
9.826053261324074750e-01
9.697318856406257348e-01
9.818158080456022008e-01
9.791520846798850153e-01
9.809676758542009711e-01
9.669802805331604301e-01
9.884737386787266766e-01
9.881780579017078736e-01
9.775842715181839448e-01
9.879172085500517175e-01
9.954260051404208998e-01
9.782472341262820059e-01
9.675122632560922975e-01
9.840364850744249825e-01
9.706567144225436428e-01
9.875478429914105183e-01
9.914302813606885589e-01
9.924288590433189006e-01
9.888478772555751029e-01
9.782804321215083920e-01
9.664435249117484528e-01
9.882936167640851144e-01
9.739048769568274810e-01
9.759346170946655574e-01
9.823072868176121464e-01
9.678188393748048401e-01
9.631218584438721031e-01
9.575527738091118568e-01
9.858775595132218683e-01
9.564903633564070251e-01
1.000222642129152906e+00
9.869827163926518931e-01
9.826329018957741246e-01
9.682803989301028702e-01
9.876859711586614132e-01
9.813287520076263704e-01
9.730942527664568908e-01
9.645730705109981651e-01
9.941942832626065041e-01
9.705843534191920252e-01
9.717105502718661469e-01
9.886240462672188922e-01
9.522564377491857801e-01
9.823169809021001786e-01
9.610541528473959261e-01
9.645357322144709755e-01
9.734711365746293588e-01
9.794784555826562267e-01
9.820417784219195312e-01
9.812749040616430829e-01
9.641227149573250443e-01
9.831362445067270972e-01
9.831639523650033130e-01
9.822153377454306833e-01
9.886957481125416836e-01
9.682235505968264100e-01
9.888656940782080129e-01
9.819871866538036898e-01
9.822505157797355446e-01
9.781923959967266935e-01
9.737573385847201335e-01
9.498007429636929899e-01
9.884004571665777616e-01
9.722833874699757795e-01
9.877510372987733378e-01
9.725538068338319686e-01
9.975419301320230803e-01
9.870893793390030924e-01
9.831504138184020691e-01
9.667302145919856038e-01
9.933874155224302616e-01
9.648127653744984489e-01
9.649675395500154629e-01
9.711208126409729413e-01
1.013199652997233358e+00
9.852112751042360062e-01
9.705237205840697712e-01
9.761082449363709390e-01
9.852654624659830107e-01
9.868155683788888410e-01
9.737981651808813588e-01
9.519238416714690398e-01
9.800696132883948142e-01
9.876057027523544862e-01
9.718678289756872424e-01
9.771741055616657290e-01
9.853852963425751010e-01
9.768838247722279045e-01
9.733970159742723061e-01
9.981027264563946400e-01
9.788812557330076602e-01
9.523392430000831022e-01
9.842480815913280390e-01
9.807863388111591751e-01
9.882608914800119493e-01
9.629411407513297494e-01
9.697724104231428832e-01
9.976722640163173672e-01
9.741815750259551487e-01
9.712667236738257159e-01
9.336246951514447501e-01
9.645470572197398784e-01
9.914318783748758968e-01
9.907017749636851667e-01
9.919247090425247215e-01
9.671369637014277654e-01
9.594965576355265480e-01
9.884078856947592362e-01
9.862895665547175561e-01
9.845902794915878387e-01
9.825989558318594108e-01
9.636897682906149232e-01
9.899529800718001038e-01
9.884812056902350097e-01
9.814560163244472335e-01
9.832571934526869173e-01
9.970452209449306435e-01
9.959942008714104400e-01
9.608664466273310056e-01
9.794727150172747310e-01
9.529228082072246364e-01
9.900385606241171033e-01
9.601177459030846295e-01
9.661503302063786380e-01
9.942510228926098037e-01
9.909687147564200105e-01
9.738655942926995879e-01
9.747895958089715096e-01
9.804839320375612344e-01
9.899697979622539279e-01
9.738577337907899922e-01
9.614322174782438113e-01
9.576253948551474160e-01
9.881711043240140047e-01
9.837082458285718589e-01
9.748480928918148436e-01
9.916544684657442321e-01
9.866644637082728764e-01
9.501381719015845606e-01
9.937754018414177715e-01
9.996443103660612728e-01
9.699603502521862985e-01
9.833423253387264529e-01
1.000024135053857233e+00
9.952532097840013359e-01
9.644085362924098570e-01
9.808788563855767029e-01
9.876842974842763301e-01
9.727610642447710454e-01
9.709270748413326713e-01
9.635402105586552413e-01
9.633760153349814059e-01
9.532373409413825716e-01
9.839678576502774998e-01
9.717106747404817835e-01
9.842874251026599852e-01
9.669898099594633756e-01
9.893239363842571965e-01
9.813272246151031331e-01
9.923688765266145406e-01
9.792926822667491482e-01
9.689320333808695285e-01
9.539311658517345416e-01
9.788184091091430838e-01
9.902942067314868257e-01
9.963238032792108845e-01
9.740907044442769225e-01
9.699610539432389489e-01
9.881137141883270525e-01
9.732491756870322863e-01
9.875001755977568241e-01
9.669727285041551657e-01
9.715006819710351182e-01
9.919709178678658423e-01
9.926726023201248861e-01
9.871842005755745442e-01
9.984186070135262492e-01
9.911796531763157336e-01
9.699967902361394945e-01
9.755583591313705671e-01
9.723890282124498796e-01
9.598888166352271822e-01
9.800661967919314099e-01
9.682578795584857456e-01
9.722860421099001060e-01
9.997109809138253755e-01
9.853430029537528778e-01
9.824224460471815412e-01
9.918230527047242617e-01
9.878631614128126071e-01
9.769333190663637145e-01
9.701814720990473706e-01
9.905655743613188680e-01
9.802925591251785420e-01
9.494171441234918740e-01
1.013135754170511049e+00
9.904544972848503548e-01
1.000963588798827075e+00
9.860826073428096139e-01
9.321406536263472375e-01
9.809225575938216313e-01
9.602346510062705898e-01
9.885104830888672423e-01
9.769220255203155956e-01
9.507792589797809946e-01
9.949822243158245039e-01
9.894892332016888004e-01
9.764392293463227679e-01
9.870356048599576715e-01
9.764599059762447686e-01
9.548984614746619526e-01
9.913589065563125358e-01
9.657121552289125166e-01
9.855213793508039721e-01
9.728560945397349835e-01
9.735710042569203360e-01
9.448818165342708353e-01
9.786799277830511290e-01
9.931036417633198887e-01
9.775916681925685969e-01
9.918674544872589927e-01
9.849686887357760323e-01
9.815543580783300248e-01
9.823108131160301904e-01
9.713116705505339121e-01
9.782111776947268744e-01
9.716031951965069524e-01
9.822353223249775667e-01
9.886480621287760950e-01
9.421722383759465469e-01
9.577547509564475758e-01
9.742513853059401319e-01
9.797139396906126008e-01
9.756611473724015049e-01
9.836525998083526234e-01
9.377471237930793402e-01
9.851668940305504663e-01
9.725519756915886882e-01
9.884200759272895320e-01
9.725535402734657442e-01
9.810113358655910831e-01
9.652781133648413725e-01
9.815451158917515295e-01
9.633150739865824486e-01
9.960088177871683213e-01
9.793099321977044580e-01
9.863592588545464501e-01
9.688719599924801029e-01
9.790500304904721229e-01
9.926709828853111928e-01
9.715926492582231955e-01
9.897328784122607637e-01
9.962364182052889650e-01
9.861970625612315189e-01
9.555969892899383034e-01
9.887228285386562288e-01
9.603650990349901218e-01
9.747161619724467041e-01
9.831957798338027965e-01
9.727858114041767479e-01
9.870747574007185943e-01
9.841096686992724107e-01
9.700787694757161406e-01
9.470816699613850975e-01
9.673742261413864618e-01
9.928030030541918904e-01
9.869602003668871415e-01
9.921597783760862654e-01
9.752585589791717968e-01
9.654953565826538409e-01
9.901828285281321085e-01
9.892122911819646314e-01
9.858282820223489562e-01
9.782611461066791358e-01
9.904541013931877913e-01
9.773760358579058893e-01
9.854780889854279913e-01
9.984951913485228259e-01
9.836728834055997739e-01
9.773400214253354923e-01
9.696974216732670016e-01
9.668120504908234158e-01
9.801669021965782047e-01
9.781764258567954284e-01
9.941109573407216349e-01
9.524745957982893030e-01
9.799505945332057655e-01
9.685058431200100904e-01
9.853519608408378705e-01
9.826152178038995988e-01
9.955631899232153526e-01
9.734889301878910661e-01
9.947552157553373187e-01
9.769271634315939146e-01
9.854056579184357068e-01
9.448204380889790865e-01
9.937664137478159354e-01
9.535735452574293225e-01
9.745631683916153865e-01
9.696306308034677857e-01
9.849114145211979032e-01
9.867005547186072922e-01
9.915590718702527173e-01
1.024443638851757266e+00
9.760973228146149205e-01
9.458861157825156907e-01
9.861047912948707195e-01
9.514943014831312995e-01
9.626363252402689863e-01
9.594868057393302063e-01
9.797389459619345597e-01
9.804887788663279036e-01
9.954989227582474731e-01
9.746528840944408412e-01
9.927564036736662434e-01
9.384239611493557787e-01
9.822230524637531879e-01
9.797747035876058774e-01
9.828030921639060447e-01
9.571932666764882969e-01
9.758576658455441200e-01
9.830411717617766332e-01
9.686879220369337684e-01
9.856193488652592594e-01
9.804638543018611152e-01
9.805802351803216688e-01
9.618217685053076504e-01
9.937536013175168881e-01
9.742198665821072412e-01
9.907440869119289450e-01
9.842460145914413427e-01
9.801610217030095606e-01
9.902116003701291191e-01
9.778204671780184043e-01
9.500738750634497576e-01
9.372679197312884236e-01
9.804055591197934350e-01
9.588400198525985907e-01
9.461510078263578594e-01
9.856443169395990855e-01
9.747020703199715808e-01
9.814321637181468994e-01
9.820769241054605470e-01
9.630369691416976741e-01
9.539842337295876273e-01
9.862013051061797597e-01
9.638999032579876891e-01
9.853537877430420533e-01
9.891765766676406946e-01
9.812483057728151881e-01
9.825297286921729212e-01
9.859089502701599006e-01
9.821592354466396335e-01
9.900416918263427180e-01
9.727723901568485765e-01
9.901088322364376415e-01
9.560763826938182275e-01
9.665958453523396665e-01
9.891895737078907347e-01
9.900725790055012743e-01
9.799982637820363607e-01
9.872153635856223408e-01
9.765226292725986967e-01
9.573320354715662006e-01
9.484988404993284217e-01
9.848722151729356611e-01
9.822472662770906915e-01
9.751984065183519901e-01
9.766965279424641988e-01
9.799772562361576123e-01
9.874574420337982605e-01
9.781676002497978750e-01
9.978061735647870689e-01
9.894245164943722415e-01
9.397708589281666969e-01
9.837177155577151444e-01
9.593875390717852003e-01
9.509449629437444207e-01
9.742441536003171310e-01
9.736479822014195706e-01
9.643143556135818084e-01
9.814871295687777053e-01
9.859311676901777455e-01
9.993822712985170886e-01
9.856259202110209117e-01
9.641931002141578277e-01
9.999377744649130539e-01
9.866152253642044290e-01
9.740707288506031958e-01
9.932991581334501552e-01
9.724572135384420557e-01
9.760568151071885579e-01
9.777016174912431801e-01
9.909443009616121234e-01
9.845633423394956063e-01
9.879669961127808264e-01
9.528654845680856189e-01
9.581688720274526005e-01
9.985057298925602565e-01
1.004326379291654803e+00
9.664333358183144762e-01
9.963428720011464623e-01
9.838806642131194824e-01
9.615587354073698023e-01
9.822048632526837464e-01
9.420361357108770761e-01
9.818981812851780289e-01
9.831774989589040503e-01
9.950496959957342291e-01
9.931785758817675003e-01
9.691107234228123479e-01
9.838040644435673832e-01
1.006896315031450939e+00
9.906765580220999734e-01
9.778707243639989111e-01
9.848833477940291958e-01
9.657876390697326396e-01
9.841559090564180323e-01
9.820651161015548913e-01
9.988288071341366869e-01
9.869000141637752632e-01
9.867562066609936178e-01
9.852764484886100682e-01
9.473780039255442764e-01
9.695921911360246837e-01
9.608919107110945879e-01
9.830753285043145606e-01
9.941613931143097327e-01
9.895092424776259499e-01
9.574437603002419195e-01
9.829532748305491729e-01
9.877949573755402390e-01
9.620383533993375202e-01
1.002396852336163713e+00
1.000772237460308078e+00
9.887083266157734585e-01
9.994965800291994995e-01
9.795312120338474093e-01
9.722109028163405942e-01
9.681491773000896472e-01
9.909547666875432315e-01
9.880059414425109710e-01
9.639048508930322390e-01
9.803395854600861492e-01
9.741840222245704561e-01
9.857934193143206292e-01
9.528472802297510702e-01
9.632821974119105679e-01
9.821951436639750899e-01
9.833757575864222611e-01
1.003047873861997008e+00
9.758640085344209014e-01
9.677811225142780582e-01
9.854212873989801613e-01
9.632389555583837915e-01
9.820694337018285314e-01
9.885712993718583919e-01
9.846378871342846839e-01
9.656543021292478546e-01
9.857872062587774709e-01
9.790564959742547035e-01
9.742255747841742641e-01
9.631648469125616563e-01
9.789939181250715272e-01
9.756218825881491918e-01
9.700759632892770323e-01
9.933630292510057247e-01
9.854649459533662004e-01
9.858492698100239648e-01
9.759831580962917696e-01
9.534195836076508890e-01
9.528731667301560959e-01
9.811498463627591482e-01
9.446025052489853691e-01
9.848218472294503201e-01
9.664264878092527766e-01
9.705382938193402032e-01
1.008455121635394969e+00
9.862324050764150751e-01
9.707132288938155051e-01
9.825234595572549523e-01
9.955357629511670803e-01
9.796968346064507394e-01
9.827413490140571861e-01
9.786232349112939932e-01
9.639526495474366463e-01
9.826402751889845577e-01
9.891155730498043530e-01
9.756878330879481531e-01
9.796213369832180717e-01
9.898368284272679452e-01
9.782113234593953210e-01
9.781622174963117144e-01
9.910781871333486093e-01
9.753452306219628776e-01
9.845271033028046848e-01
9.647470720420162626e-01
9.639711067068771344e-01
9.813635258502184655e-01
9.773993094737195575e-01
9.627390475536005132e-01
9.688695696305424931e-01
9.894674006219219553e-01
9.713503291107395965e-01
9.811164782371455395e-01
9.852594011113711137e-01
9.864787601167637199e-01
9.876827807289887406e-01
9.437642117106971318e-01
9.667344976607682439e-01
9.924870194034920434e-01
9.864104985697873529e-01
9.852797460673176078e-01
9.800343891920478834e-01
9.822983961544782261e-01
9.898395729330654591e-01
9.891780705645982774e-01
9.729520945767292650e-01
9.746664068105579393e-01
9.868291192476957852e-01
9.892604865488288102e-01
9.952447392957547434e-01
9.953678289564215076e-01
1.004672951646454759e+00
9.868061042058404730e-01
9.956677193105881729e-01
9.873522462908385089e-01
9.825443451044449938e-01
9.894580755941235761e-01
9.685309480275635652e-01
9.736130172045148745e-01
9.822659728540060753e-01
9.928417080938753969e-01
9.889663743876401236e-01
9.878408808102427940e-01
9.813146449357453838e-01
9.780788714048003207e-01
9.716366875520335844e-01
9.789408066268262543e-01
9.827431222816607193e-01
9.764612231334884873e-01
9.942951948621293612e-01
9.789553981648113634e-01
9.730690255629955709e-01
9.883012958137443738e-01
9.889319617644815041e-01
9.913360395468121533e-01
9.843346272967193888e-01
9.673120694509350637e-01
9.906637406789449152e-01
9.472516416835541353e-01
9.966710819726485315e-01
9.961243576133244071e-01
9.856696888959115554e-01
9.834009509823288253e-01
9.883446066055121548e-01
9.695049386351766163e-01
9.904692309784277615e-01
9.813423458802124077e-01
9.870743390842170450e-01
9.303861521173719673e-01
9.738697041623113337e-01
9.901767871478255323e-01
9.838937428237285454e-01
9.796650104589327279e-01
9.731936420701198243e-01
9.839782134381885870e-01
9.600109394525301321e-01
9.876506536493686594e-01
9.969746174024514129e-01
9.893473398719678791e-01
9.832152236763395114e-01
9.685595015112834494e-01
9.784812469648372923e-01
9.891343699720842597e-01
9.837322365186556006e-01
9.902162233781616196e-01
9.770905073832123477e-01
9.834650564134181927e-01
9.787851866434887915e-01
9.861454803512791356e-01
9.501762578980398333e-01
9.781162102665054148e-01
9.716065677648644261e-01
9.806576077481518050e-01
9.650690870672620214e-01
9.736732516967183670e-01
9.616245936964623597e-01
9.757686335530110222e-01
9.658244566377741647e-01
9.873970087663844764e-01
9.812095428714810996e-01
9.898379599203597223e-01
9.913225653686007499e-01
9.657119039850232678e-01
9.770271123563543103e-01
9.758400666688366032e-01
9.894535213140059904e-01
9.859391342234510303e-01
9.588117120594318310e-01
9.717441317039173798e-01
9.804077901792793703e-01
9.612472766016555425e-01
9.709778427797707279e-01
9.898696790803741541e-01
9.486675384010476719e-01
1.000196184870741467e+00
9.822254474937118784e-01
9.590272416619722851e-01
9.899732737671893545e-01
9.900251270659652381e-01
9.731403381812824271e-01
9.847278126256894248e-01
9.574268416539220006e-01
9.786905875124262133e-01
9.541188706953168674e-01
9.764924829622687596e-01
9.840307174637763499e-01
9.654499110186171018e-01
9.824737879540440533e-01
9.826702400318954034e-01
9.578759302769260797e-01
9.740710211892593673e-01
9.904565654261811014e-01
9.642774387300040440e-01
9.836292094495753258e-01
9.869025765732125643e-01
9.765250556895349598e-01
9.942852418859370323e-01
9.663941262842641322e-01
9.964927632698616922e-01
9.822523532437458238e-01
9.964788059932959685e-01
9.804728327308422919e-01
9.845462972563067128e-01
9.842494769166707513e-01
9.474405211868307530e-01
9.892224037259894631e-01
9.966741108580975395e-01
9.760915587849429143e-01
9.864795552422945812e-01
9.542264071795041325e-01
9.453426869881452754e-01
9.747524694128645306e-01
9.739330676121628061e-01
9.639894269631976709e-01
9.818555812084412970e-01
9.712800777240173655e-01
9.715505397714331304e-01
9.788342864588538417e-01
9.810058906179736082e-01
9.661128967470424822e-01
9.850434843008424313e-01
9.943607279748284400e-01
9.649537617877530504e-01
9.704628157409707079e-01
9.812993482375551579e-01
9.725707774626700663e-01
9.657498420595709288e-01
9.873377233901585726e-01
9.897270487683035300e-01
9.815535658531470142e-01
9.481890374948271916e-01
9.809002129215280696e-01
9.600530567059655240e-01
9.789073918334976199e-01
9.715980103556443037e-01
9.830212441027357251e-01
9.889286327047209779e-01
9.694957491485959311e-01
9.743774359771835147e-01
9.771463625334395608e-01
9.797337541822911389e-01
9.731116482374716492e-01
9.899975188567987638e-01
9.888912181989025774e-01
9.928045159236997819e-01
9.827576487717365472e-01
9.659226016149896621e-01
9.883304813828037716e-01
9.511024806614986060e-01
9.900190885054840351e-01
9.883980869248455425e-01
9.847882505988788671e-01
9.669521787297713500e-01
9.910390077347669413e-01
9.978068610707095942e-01
9.895529533145774881e-01
9.783101098033013532e-01
9.583422444572085031e-01
9.858897063854948906e-01
9.711758298350269270e-01
9.892206452529357374e-01
9.730955110114628548e-01
9.842228183969209399e-01
9.782845708599038348e-01
9.887982572243091406e-01
9.784979915153578789e-01
9.870537059570837490e-01
9.539462071539662746e-01
9.871428865590102797e-01
9.646621951023620634e-01
9.617920509166358878e-01
9.821359458460131586e-01
9.926210173675713566e-01
9.804950895773570929e-01
9.706932640002874368e-01
9.894963499646839411e-01
9.610877641020125761e-01
9.686577991510484376e-01
9.993130848127925736e-01
9.802907529429168987e-01
9.721029626841625193e-01
9.854700669150534553e-01
9.656615774267592878e-01
9.861554126791495234e-01
9.827369333877163937e-01
9.949965832415930134e-01
9.621033909581268029e-01
9.805984083548232588e-01
9.809406637365485349e-01
9.845421621256518208e-01
9.920624487138465231e-01
9.830931332658742194e-01
9.657679847827458364e-01
9.842415629572657254e-01
9.655743093850576164e-01
9.751884793499636661e-01
9.616766361905458860e-01
9.837958012142591357e-01
9.819628015694743528e-01
9.873665170360060861e-01
9.792956431381009130e-01
9.856254397270569623e-01
9.854016857436844745e-01
9.832601809351280142e-01
9.766642900145170447e-01
9.516795858986271117e-01
9.586659498006792068e-01
9.673940205163420458e-01
9.907694689373601760e-01
9.918388834029533419e-01
9.609708079241998657e-01
9.703490600845268155e-01
9.912906808286535698e-01
9.776557053842377387e-01
9.963140397052653308e-01
9.904412678829545014e-01
9.918364992472925579e-01
9.800351623245988630e-01
9.894101391956157121e-01
9.857968247699239184e-01
9.821552331245970713e-01
9.631794199247162291e-01
9.652800296305587002e-01
9.767392851102286722e-01
9.849933277605682491e-01
9.694793808457471407e-01
9.686308443326260287e-01
9.983598812820192459e-01
9.555709552322572131e-01
9.790843108282722973e-01
9.940234343204662482e-01
9.607966792590870719e-01
9.710529720554157418e-01
9.903740988508684673e-01
9.958705655492530173e-01
9.928807638904222355e-01
9.889758338572077756e-01
9.671022622894428489e-01
9.757755758191475337e-01
9.779803770631037008e-01
9.725639439321280832e-01
9.500440636652351944e-01
9.876537777094579473e-01
9.988660302071816766e-01
9.921961461815659300e-01
9.651655843621951281e-01
9.828551938423045753e-01
9.695844829864322945e-01
9.759784432625728812e-01
9.721623494807439814e-01
9.931814406211963986e-01
9.876940917128982367e-01
9.851504899076020116e-01
9.606218824000130052e-01
9.874700456044959163e-01
9.981252103960425170e-01
1.000243090371195409e+00
9.635425768373306887e-01
9.825929322170517954e-01
9.795036468255440276e-01
9.641590318350133915e-01
9.971193164161310518e-01
9.858344194280470596e-01
9.336186839701295925e-01
9.656322310502268857e-01
9.683675854558382312e-01
9.724021513098026759e-01
9.973941040925795587e-01
9.854854715750390737e-01
9.966241301494154214e-01
9.336595252223364172e-01
9.733543964952799943e-01
9.701577364330515874e-01
9.339075947779682529e-01
9.843364255740507662e-01
9.911258188736197239e-01
9.685633920487835002e-01
9.815364245596029935e-01
9.893267343034850558e-01
9.874047017469639309e-01
9.366669361796502447e-01
9.963892261420892460e-01
9.986267581527772386e-01
9.820572901733131133e-01
9.919053962480153253e-01
9.865262676407018372e-01
9.657197262247199099e-01
9.759898195709704183e-01
9.786220179259604857e-01
9.838667467616358797e-01
9.717261107733097258e-01
9.645121281617555775e-01
9.635985383170091456e-01
9.841690826208310261e-01
9.604652695840107945e-01
9.644061217858286295e-01
9.745398268237157602e-01
9.912034462934863344e-01
9.674132468955837227e-01
9.773542304843140238e-01
9.781278102145868347e-01
9.607112478114108178e-01
9.896099235498342361e-01
9.689901137180614299e-01
9.913124957481407318e-01
9.884494389805614789e-01
9.826197856260350250e-01
1.001932808619415471e+00
9.673069331349661848e-01
9.924546949927948170e-01
9.805368982383622090e-01
9.809051544359629338e-01
9.648230908405512896e-01
9.775392623933149006e-01
9.630570446497200843e-01
9.705247645219660102e-01
9.906239883987587591e-01
9.887437447377329658e-01
9.708186518048026459e-01
9.866420454034350307e-01
9.737514139416627579e-01
9.832336320174315247e-01
9.862918926603053693e-01
9.594923770243545258e-01
9.759498161201778377e-01
9.870950481027843670e-01
9.860683821137117278e-01
9.771817823961521654e-01
9.838072150169958618e-01
9.771736116948773754e-01
9.878383152738505757e-01
9.818214997085576989e-01
9.791543764746013512e-01
9.899733474650608267e-01
9.872676920467867712e-01
9.716711023076805009e-01
9.899491595416560763e-01
9.673235151431818224e-01
9.743863219786996765e-01
9.859229517011418586e-01
9.923021454291609533e-01
9.625210600450188059e-01
9.891821732194823191e-01
9.809523994745144027e-01
9.874093736270330712e-01
9.898702968831849525e-01
9.868115593343432801e-01
9.754420995193765487e-01
9.959608842970664178e-01
9.800560633436719016e-01
9.864883348171356037e-01
9.803807551274962284e-01
1.005576477676973335e+00
9.580602120674064359e-01
9.574414073724767382e-01
9.621332688351909024e-01
9.707248204812998216e-01
9.819628749052805583e-01
9.829769873953059234e-01
9.864789904106590068e-01
9.676273895723226381e-01
9.925385139754258068e-01
9.738116764939185321e-01
9.896427605824142937e-01
9.619748041200956168e-01
9.797111748791254016e-01
9.706361547104411791e-01
9.665168527906426998e-01
9.749294765755981418e-01
9.496990003676386571e-01
9.906760049269953683e-01
9.841668304702660963e-01
9.803136425830811795e-01
9.916517539705245188e-01
9.752467845770228516e-01
9.891740652062875894e-01
9.769343797401931484e-01
9.850501516266959579e-01
9.757301641037929851e-01
9.969792278776373751e-01
9.579603075068051643e-01
9.811913089272600308e-01
9.796179120586840927e-01
9.634654370469545315e-01
9.820118350785536077e-01
9.913860137744502365e-01
9.712772019534110512e-01
9.720322472800483338e-01
9.552804871584422708e-01
9.716131152431716211e-01
9.425916904575448729e-01
9.894697595121748623e-01
9.900412050957222432e-01
9.821541881899753523e-01
9.807760114344273861e-01
9.930024235727873405e-01
9.593856259681732279e-01
9.870983687771425208e-01
9.849305049806271750e-01
9.793538801772693203e-01
9.916440452088962632e-01
9.722232533489999495e-01
9.504375346787385936e-01
9.729695782061499321e-01
9.854200545141099665e-01
9.676865061023873782e-01
9.762834069587951191e-01
9.792105082557610585e-01
9.931560693580139265e-01
9.730436562992615945e-01
9.846568265338261350e-01
9.860741338802685441e-01
9.740826314602570868e-01
9.908855994446429394e-01
1.006072924478554675e+00
9.904434886776807279e-01
9.807897133451577432e-01
9.834982633141071684e-01
9.785477303210322608e-01
9.848619527912771954e-01
9.824255917761937074e-01
9.733551400469120374e-01
9.878944382326457774e-01
9.911470435185799621e-01
9.848931381425447551e-01
9.675420466719446555e-01
9.683405265042193122e-01
9.848036231875930691e-01
9.785524771693253632e-01
9.799662508425474039e-01
9.870483312933008291e-01
9.962432202764331945e-01
9.491006399623486134e-01
9.717902863070645436e-01
9.801008880051409466e-01
9.762380450308377755e-01
9.747190298261850794e-01
9.845526810655229610e-01
9.559785310384028012e-01
9.809975563261750242e-01
9.875696017543980076e-01
9.911614681755248624e-01
9.989412782020637982e-01
9.654735459542195253e-01
9.700449525786084548e-01
9.818482203873470926e-01
9.884887307015343128e-01
9.686966397041369969e-01
1.011961705110713261e+00
9.610252356711043165e-01
9.666716451578756253e-01
9.875434932246694997e-01
9.796879464743695198e-01
9.705235055034824310e-01
9.773744750607425980e-01
9.748133555053182242e-01
9.703371941897102060e-01
9.546436214978850643e-01
9.866512595650905881e-01
9.943241438433402246e-01
9.890702287256052383e-01
9.728098035479978423e-01
9.746506989444104763e-01
9.925209448661517220e-01
9.944087900106987066e-01
9.823988017155426133e-01
9.890045978947695771e-01
9.821757434862742331e-01
9.867089715150150209e-01
9.931642536761596807e-01
9.643793147041074265e-01
9.848804086028559723e-01
9.502919905347845253e-01
9.801827296406151468e-01
9.984406883056869964e-01
9.844426307874701854e-01
9.654099614926295869e-01
9.877735124134895406e-01
9.917812338791844873e-01
9.907100040548953990e-01
9.857729407917069642e-01
9.773621739383756557e-01
9.614536486992864006e-01
9.823004831950519211e-01
9.884553416164959527e-01
9.876524069001447748e-01
9.679675526040182332e-01
9.871141403134175984e-01
9.857997237849954741e-01
9.860144959302836742e-01
9.878810608851943398e-01
9.800036568945076354e-01
9.949551604271084093e-01
9.742151356053458944e-01
9.803610948988084051e-01
9.890266737706424616e-01
1.023926087829725384e+00
9.739735555984769810e-01
9.875842548174107449e-01
9.916227236316536020e-01
9.929687834866386398e-01
9.775276059220976421e-01
9.705829113706659905e-01
9.906356721758959871e-01
9.802848438615420212e-01
9.625675337167252099e-01
9.595378352775784103e-01
9.893647771546212333e-01
9.673974939673057882e-01
9.658203766302243531e-01
9.820353508321238989e-01
9.854402295632133102e-01
9.650774856028314641e-01
9.519423831732983787e-01
9.847198764366663637e-01
9.619320481274575840e-01
9.607800419050501750e-01
9.903183010391095609e-01
9.859724725247619448e-01
9.893699244451799046e-01
9.896742514703413818e-01
9.781254095184791497e-01
9.869034326138226287e-01
9.635301077790089375e-01
9.843654394402303609e-01
9.931216589815755613e-01
9.894922577421890741e-01
9.906550235778773805e-01
9.671824874858269139e-01
9.674352659616697325e-01
9.877486335515343052e-01
9.880051615291061129e-01
9.899868137051406336e-01
9.888943568525064842e-01
1.001305208960212134e+00
9.889571364651799090e-01
9.892378644948109923e-01
9.691695463371527985e-01
9.806220903660352040e-01
9.571971782461805578e-01
9.944977797277586573e-01
9.841573493705245701e-01
9.750292094471176840e-01
9.781260094227314239e-01
9.387745513172617295e-01
9.803495362077365716e-01
9.892940770354375912e-01
9.905085959021203701e-01
9.820945885041409973e-01
9.763255483864483608e-01
9.722155898888454884e-01
9.251181962526762170e-01
9.882984130277404633e-01
9.811478377084068558e-01
9.566839756695538766e-01
9.854450544346365914e-01
9.875212249663649633e-01
9.808322741333824757e-01
9.815326194572270291e-01
9.730665508295643917e-01
9.740254084826676095e-01
9.916579462440596737e-01
9.849456930450839476e-01
9.816851633900469665e-01
9.919410660379499589e-01
9.810403793964789232e-01
1.001999544568296319e+00
9.833715921143685312e-01
9.814644216311715352e-01
9.717918615739555843e-01
9.950729943685432399e-01
9.774249326710705565e-01
9.563931383617861881e-01
9.819211651390019613e-01
9.673386357845572547e-01
9.719587859724320156e-01
9.896394950448684780e-01
9.851996973040548777e-01
9.481294379441784770e-01
9.711663736690084869e-01
9.298356936468037404e-01
9.681014232224129934e-01
9.757655185126571373e-01
9.894869416779307203e-01
9.709190115715591318e-01
9.849804158306432189e-01
9.860769023490929541e-01
9.804562041632015612e-01
1.001154830084556302e+00
9.700039087694213302e-01
9.900904492208206786e-01
9.792834606044231727e-01
9.864000015571989799e-01
9.674926035911051159e-01
9.797619720381230968e-01
9.846460689119720389e-01
9.533719822733749405e-01
9.870570006199267388e-01
9.892398510255784316e-01
9.814846345038999997e-01
9.771749138412993974e-01
9.905402055750104351e-01
9.861884492442312133e-01
9.915801067147685943e-01
9.920210263639563930e-01
9.722279042190205001e-01
9.813761144218765553e-01
9.537281806739242862e-01
9.872395911697837700e-01
9.771016737324712542e-01
9.880632067673893459e-01
9.734176911839995672e-01
9.877511169824131354e-01
9.755018571048035270e-01
9.861409846271264046e-01
9.710936479396898857e-01
9.791832607862201998e-01
9.765497980573508707e-01
9.828927350748807301e-01
9.874482597447085119e-01
9.933410303452285817e-01
9.905018235558507023e-01
9.862697487105710481e-01
9.749525201878563863e-01
9.838762920469388273e-01
9.900162761141039214e-01
9.878765637846099734e-01
9.782260190457683358e-01
9.924099182143762965e-01
9.611208062640710370e-01
9.836291367944953734e-01
9.944604133898026221e-01
9.860379666546543742e-01
9.535035002263618775e-01
9.872767421086453554e-01
9.605262017565067145e-01
9.633439361500856224e-01
9.804398440578834251e-01
9.488225499157862952e-01
9.850755827111468133e-01
9.761337551660583811e-01
9.852878599742229682e-01
9.862910117340218941e-01
9.609081646350483563e-01
9.765008206544525393e-01
9.783529826250075834e-01
9.935536936064759406e-01
9.938099768552640656e-01
9.802672865906978394e-01
9.833057670688718499e-01
9.808416819834414602e-01
9.877186334858523153e-01
9.859991206234834937e-01
9.860373436842270189e-01
9.946666819772451706e-01
9.945387788137637353e-01
9.790961443880021875e-01
9.823241093028273196e-01
1.000494100883717818e+00
9.950660396950065101e-01
9.753649832951575283e-01
9.881272334280072345e-01
9.901557639306589609e-01
9.765454127298007769e-01
9.869324496861517915e-01
9.594002417419170703e-01
9.806243166371023667e-01
9.787562713692176120e-01
9.741744941288652537e-01
9.828881596163216994e-01
9.681252659892706225e-01
9.613181233052658925e-01
9.869503711643453636e-01
9.770880908471533122e-01
9.596436410821450602e-01
9.791356559119768210e-01
9.837919707542898129e-01
9.802739103059281423e-01
9.468653182645989652e-01
9.762919805138280394e-01
9.850475005872886269e-01
9.964104644835454216e-01
9.904244938194012304e-01
9.870768586825001689e-01
9.825126294318493603e-01
9.901090686613680525e-01
9.729478533490839576e-01
9.705261826169772066e-01
9.733451628676973444e-01
9.789675151618136839e-01
9.920127166473073910e-01
9.768609029147448108e-01
9.831944139418327122e-01
9.912204933360265757e-01
9.758530172830577332e-01
9.743313071787648161e-01
9.747762996878704955e-01
9.685210278323086452e-01
9.870314626390070956e-01
9.942037231098046490e-01
9.882898134731892270e-01
9.785418860626859949e-01
9.897520463257056811e-01
9.864370142602939540e-01
9.881599089410910697e-01
9.728620453087426512e-01
9.730933502978775795e-01
9.839988138618334101e-01
9.786154202328860574e-01
9.721170365006500669e-01
9.724707718859936234e-01
9.796202166722456361e-01
9.963242663030531521e-01
9.911159092580090757e-01
1.001664441014006757e+00
1.002712657864290868e+00
9.899711349292001916e-01
9.886611558833447999e-01
9.986028272578780784e-01
1.000444064282954626e+00
9.748324344732188784e-01
9.797632861806696569e-01
9.782114887751521826e-01
9.536863301085761746e-01
9.978591037926802798e-01
9.304031436398814137e-01
9.847763841670300611e-01
9.783821799401408725e-01
9.813843212463148058e-01
9.871073594321532196e-01
9.583972124385847779e-01
9.857894121332537729e-01
9.673939807664483359e-01
9.949407840619065579e-01
9.494025028002279765e-01
9.818381228728110255e-01
9.808046911900484277e-01
9.840604920615707574e-01
9.435741297592936672e-01
9.902212320717719285e-01
9.650499061990353011e-01
9.895461100646307795e-01
9.709355993312044353e-01
9.707279790979050915e-01
9.839610051692055936e-01
9.905037340733382489e-01
9.668777725262155398e-01
9.724692984400975515e-01
9.714745249032942231e-01
9.908887812967723807e-01
9.933684730390557327e-01
9.779289736550598189e-01
9.775098268704324189e-01
9.828592479147015837e-01
9.690421224820975343e-01
9.747165286733467937e-01
9.737084257585824076e-01
9.689200659594842113e-01
9.872024962104298806e-01
9.744142632208168120e-01
9.796103970886461676e-01
9.778691061769403392e-01
9.846583702355520273e-01
9.602843305392498863e-01
9.528948663831066090e-01
9.891695673646662135e-01
9.626130731067567003e-01
9.781079686438119980e-01
9.225955055311257924e-01
9.701188339073641975e-01
9.961194059805648093e-01
9.880426586691728463e-01
9.760095107684110260e-01
9.993325378679945858e-01
9.843931517929485064e-01
9.713512734059058795e-01
9.936098341744743490e-01
9.845728198936265496e-01
9.721984269849696103e-01
9.686342179721995072e-01
9.840132593351520462e-01
9.544408450513022224e-01
9.820014776578442905e-01
9.908728243062360219e-01
9.817652266856170540e-01
9.994044457709257978e-01
9.620579181375421562e-01
9.854812928823416529e-01
9.995248964461896923e-01
9.912154416695043713e-01
9.550758393214594522e-01
9.797555214068607299e-01
9.781277389570472991e-01
9.863124011869659480e-01
9.839852109583546724e-01
9.856070084192820602e-01
9.624524859373784214e-01
9.783050003298152664e-01
9.700866326846930843e-01
9.899158397214493643e-01
1.002554973112833814e+00
9.841405370410236664e-01
9.962112600938222151e-01
9.877472811094083482e-01
9.868696520308642972e-01
9.900492552889924580e-01
9.731849394245011275e-01
9.712495181793846522e-01
9.684243214165042524e-01
9.970055010945951812e-01
9.709378977554528056e-01
9.850452374828115865e-01
9.841551672698090059e-01
9.934541434989468955e-01
9.874084291888259868e-01
9.730626976893602675e-01
9.776011970198044132e-01
9.837796867585093530e-01
9.779246732196374969e-01
9.866090032985669334e-01
9.817775952594286482e-01
9.694940371939642088e-01
9.684415024245608405e-01
9.960365418380876523e-01
9.884427496115579803e-01
9.704871561423823456e-01
9.923426356696793960e-01
9.837353786476316087e-01
9.717127354076293688e-01
9.933085913496247921e-01
9.810223543048116612e-01
9.292086799220233839e-01
9.787164930233077653e-01
9.811887303811899219e-01
9.844010055384440072e-01
9.596458333856368039e-01
9.646640169318981828e-01
9.782680635657566848e-01
9.741688542155666486e-01
9.815486377548116037e-01
1.002035040849098113e+00
9.833713891861078915e-01
9.817083992553147231e-01
9.870223332971970187e-01
9.740814798737259528e-01
9.897880490243756713e-01
9.922734343137165069e-01
9.631804880491370291e-01
9.581803039576072267e-01
9.551335506804833342e-01
9.822689448162155168e-01
9.826247386654081151e-01
1.001529810609901316e+00
9.916523201533181675e-01
9.682035506022599325e-01
9.853970397961987482e-01
9.901484425285622670e-01
9.638939685470176988e-01
9.749348006164980651e-01
9.708300338695254883e-01
9.725866448857425350e-01
9.739221734329406299e-01
9.635047937951471964e-01
9.607994978640614914e-01
9.686610708979873641e-01
9.759876041050173923e-01
9.869647881074332663e-01
9.695166897714889709e-01
9.928957290556043036e-01
9.817539420908512060e-01
9.615878203673599023e-01
9.852148500533233211e-01
9.934785839857726009e-01
9.759515420015774101e-01
9.566406335185579923e-01
9.460265469109615522e-01
9.913308907837918849e-01
9.858594159235154475e-01
9.890658145704210868e-01
9.973698025001859202e-01
9.819395001897178732e-01
9.612305282461245381e-01
9.775221774022089249e-01
9.797054670118995334e-01
1.006778467935618870e+00
9.841344949742371062e-01
9.825860645071646804e-01
9.854420306327684731e-01
9.831520451195853161e-01
9.943828628590746233e-01
9.937655423448741310e-01
9.520143758587302774e-01
9.777901485242846968e-01
9.693869032348838566e-01
9.747556589250886416e-01
9.945100919816763918e-01
9.854581367534982483e-01
9.879681798946283733e-01
9.733170656957415012e-01
9.720598235470451209e-01
9.681795778467429114e-01
9.807414040992241677e-01
9.712015019175777031e-01
9.727712916597541781e-01
9.597175449133387160e-01
9.793769890294873326e-01
9.571434392469196917e-01
9.719012775505396773e-01
9.734749432680458447e-01
9.765813697975735952e-01
9.908329326949062432e-01
9.744216245153736189e-01
9.729696710878169563e-01
9.732835405010137331e-01
9.910040882572357379e-01
9.283055061920790774e-01
9.882885339429356986e-01
9.826682675431978042e-01
1.007695252531517482e+00
9.500281318648847728e-01
9.828715048189430314e-01
9.949276120634745757e-01
9.772809400621916831e-01
9.723261985178279776e-01
9.835857713431119809e-01
9.953378687277734116e-01
9.836969922109664033e-01
9.906262993000604089e-01
9.781176574941325974e-01
9.729375525236622080e-01
9.892990829835336397e-01
9.661777959270082539e-01
9.771247530045830132e-01
9.694705872490541054e-01
9.488622436451400466e-01
9.791626571598823769e-01
9.650417641881634534e-01
9.925245043423982505e-01
9.871227046094601665e-01
9.661639105652857218e-01
9.829059277616778445e-01
9.669856543041538410e-01
9.850020774169060411e-01
9.887345168516317173e-01
9.871011997099673474e-01
9.858077954382903352e-01
9.711061635788458268e-01
9.999423965308388285e-01
9.862277614067979092e-01
9.910472016093460068e-01
9.666948728015725134e-01
9.875196549009147562e-01
9.898138760463899288e-01
9.821020424435579210e-01
9.850562635862072369e-01
9.886546130479854089e-01
9.838149682537460361e-01
9.756986869421647723e-01
9.923450098932214969e-01
9.910645298246726353e-01
9.671590228254904886e-01
9.903705044186340567e-01
9.810483333519336435e-01
9.844553818012914403e-01
9.769584652882877807e-01
9.918294938559399920e-01
9.919538982491709067e-01
9.788505826753468586e-01
9.636842024343990065e-01
9.492342313877717430e-01
9.666419058868812586e-01
9.831687672173897719e-01
9.701227566435035587e-01
9.840669757196870426e-01
9.800732265395767362e-01
9.842085367488127012e-01
9.845958313581202326e-01
9.616752540052517784e-01
9.642093710124767236e-01
9.969236354600665706e-01
9.626826600929454525e-01
9.865733882934190069e-01
9.785312102245373733e-01
9.825171996912668293e-01
9.852014610018178242e-01
9.495759863007907642e-01
9.790272932296796293e-01
9.835580802263794720e-01
1.003864223762110486e+00
9.756866606294840594e-01
1.005576279776753346e+00
9.852439866866629092e-01
9.498378421070577948e-01
9.847990810016786778e-01
9.639274183785133676e-01
9.845681207420129422e-01
9.706197090917376702e-01
9.760479988825552233e-01
9.831626777330650935e-01
9.740153826524908798e-01
9.956881146081828504e-01
9.677169883917132731e-01
9.900304883342836426e-01
9.835332630989308544e-01
9.798305575686880875e-01
9.562566034686129646e-01
9.620711978436347067e-01
9.524011608113478466e-01
9.982002213110298117e-01
9.372229600360889590e-01
9.628690843789493581e-01
9.747770265893486163e-01
9.421041237787780576e-01
9.594281682321598170e-01
9.835624559232215569e-01
9.779137764555543288e-01
9.850745127830196068e-01
9.836852600909736788e-01
9.685402720777342989e-01
9.813008955851140191e-01
9.816377224223065134e-01
9.891987254602224722e-01
9.895960836317153619e-01
9.867647247534262478e-01
9.879493017125879906e-01
9.697932108317304234e-01
9.853307456603033199e-01
9.819878942074736772e-01
9.799238840985097232e-01
9.755739561008237581e-01
9.751775063166677748e-01
1.011843150937272728e+00
9.874584143956546267e-01
9.870370963909912421e-01
9.773116407250059812e-01
9.825373064908149434e-01
9.731751465281262004e-01
9.875072205365805766e-01
9.874660003512076845e-01
9.653011925700714091e-01
9.698523122642425109e-01
9.755024932355100820e-01
9.708396597219955959e-01
9.871141255296431716e-01
9.837845506157890663e-01
9.777158656899622713e-01
9.745982724678047271e-01
9.808438778279027215e-01
9.787910701362126931e-01
9.903861627397427814e-01
9.722015141411644024e-01
9.577806850908050507e-01
9.801689225328937827e-01
9.811119406905842721e-01
9.756470668424701564e-01
9.657998298397755255e-01
9.836884547322957140e-01
9.904535558970237741e-01
9.812615962537225567e-01
9.891032612183298101e-01
9.876494061431249083e-01
9.809037482258894380e-01
9.844168374692270351e-01
9.805425098450314403e-01
9.840983008259854836e-01
9.785923025213359994e-01
9.786797380274833147e-01
9.658322700509874847e-01
9.686802840102438639e-01
9.571233715503281170e-01
9.915083746842289214e-01
9.768772221166750480e-01
9.655608785947649153e-01
9.452612653879517435e-01
9.789144077269298361e-01
9.650679827781488695e-01
9.669092028721438803e-01
9.661387152410703116e-01
9.935796608979760025e-01
9.729965702455172227e-01
9.829236791181875654e-01
9.859143719161824748e-01
9.836860411917464075e-01
9.865601216163438769e-01
9.202382250327646451e-01
9.762960554477657649e-01
9.837944571151349127e-01
9.833541388641743319e-01
9.846132371874001254e-01
9.582322763627747486e-01
9.903345180313301022e-01
9.792787493432051349e-01
9.903839568182234432e-01
9.863091073694765232e-01
9.902189277551171065e-01
9.937418548812926300e-01
9.880857636333379990e-01
9.863446025501427794e-01
9.892763916722474571e-01
9.947347386772575906e-01
9.794436194525258932e-01
9.859839399370151636e-01
9.723957204301634238e-01
9.711213025845818470e-01
9.808790076616916709e-01
9.951896262091841638e-01
9.679719659581829116e-01
9.725078756289748938e-01
9.677752945664961359e-01
9.855358685298208909e-01
9.924297610907568679e-01
9.836314069674042537e-01
9.855652957182043927e-01
9.754806714011372559e-01
9.776824633792492447e-01
9.607347230180873776e-01
9.894364305777050284e-01
9.831658773482402358e-01
9.919711241638821120e-01
9.846536940656884784e-01
9.832371597015167053e-01
9.848439982488823574e-01
9.790059272102030752e-01
9.793231043045174111e-01
9.912155556847883631e-01
9.815424975315459877e-01
9.894388699735944259e-01
9.780069122804057047e-01
9.795100343479345995e-01
9.840142269100462524e-01
9.805103275191580092e-01
9.813722475907135090e-01
9.951062997978951108e-01
9.907911584061384058e-01
9.973053816866057630e-01
9.713821551534815857e-01
9.890033620746186971e-01
9.759482128122324296e-01
9.669683918059482908e-01
9.972943683409317694e-01
9.888643627045260454e-01
9.381394540928215120e-01
9.672315093866059588e-01
9.800873889196173305e-01
9.984494377428116962e-01
9.847985416715540063e-01
9.813623905011498172e-01
9.950826094130035271e-01
9.755431060166860346e-01
9.856424937797262364e-01
9.790227443593849666e-01
9.959665893791990188e-01
9.882848432359179203e-01
9.580837456107895722e-01
9.736960124682305651e-01
9.871759144062907110e-01
9.722303720419565032e-01
9.903481902275158566e-01
9.848567569646872188e-01
9.885738434986165446e-01
9.769897035679351305e-01
9.894583899319551179e-01
9.977799174221294587e-01
9.921655637757786916e-01
9.727963895839255581e-01
9.882194557848457128e-01
9.872434032700265760e-01
9.885853974656185761e-01
9.809990449289579528e-01
9.929927207918777254e-01
9.832874949025321998e-01
9.870750733409413558e-01
9.752977342104037772e-01
9.746310425049843351e-01
9.779655561609741365e-01
9.715597123549859493e-01
9.569989917404102542e-01
9.617213101097965566e-01
9.462036153133692729e-01
9.828372123815755090e-01
9.741820508013089297e-01
9.687835778872212478e-01
9.874961528979583347e-01
9.633201561362496612e-01
9.619539214498620261e-01
9.700748889596948477e-01
9.889307991544568077e-01
9.754065429517931873e-01
9.779822422304920160e-01
9.932969737467920446e-01
9.731884169257132289e-01
9.743219886863226931e-01
9.953874752082281230e-01
1.002783173268193329e+00
9.907290682248253155e-01
9.781592229779549896e-01
9.801075253145129507e-01
9.855402321061074167e-01
9.932941531416006331e-01
9.806540813222781594e-01
9.922485194310033396e-01
9.927829267453747164e-01
9.670366699683754508e-01
9.805672996911556361e-01
9.796457184798775808e-01
9.837282527238885299e-01
9.710170902175834229e-01
9.871938517388070267e-01
9.872736065173534081e-01
9.721203904129728235e-01
9.806436316658327934e-01
9.719351230870960645e-01
9.921998277860406557e-01
9.877586085871570276e-01
9.815966333906619434e-01
9.842452852895763327e-01
9.926091428336154543e-01
9.957437938508857389e-01
9.932362199590691887e-01
9.684081468052719854e-01
9.570223046034087577e-01
9.865856960033193568e-01
9.850640451974226330e-01
9.978413302171629251e-01
9.605416885093170931e-01
9.840833088107657778e-01
9.710852516035816118e-01
9.537968402604295459e-01
9.778567987729515076e-01
9.794459723674123763e-01
9.676283000644406718e-01
9.924818290682533295e-01
9.665972543068012124e-01
9.740170172526444459e-01
9.888383897728834082e-01
9.669634413321157584e-01
9.811488058014899982e-01
9.732540156247737606e-01
9.841139956307026759e-01
9.696191431720770915e-01
9.875208128407940711e-01
9.798626673976246204e-01
9.805570909797944879e-01
9.868381384186751815e-01
9.315041655800687659e-01
9.796947452025667191e-01
9.847048772077264811e-01
9.706844342855631691e-01
9.866438179333879566e-01
9.804266254107316669e-01
9.859527333871426213e-01
9.874355383343714765e-01
9.843934873964002019e-01
9.862624972008934288e-01
9.691005871345919065e-01
9.807492419128018835e-01
9.742536183716230536e-01
9.585581377611300802e-01
9.827532300518941888e-01
9.749142972081681346e-01
9.839620515305267379e-01
9.898597383154982277e-01
9.724581132407652539e-01
9.847391554985921447e-01
9.825036646037031973e-01
9.700716885054914140e-01
9.738781849061161067e-01
9.886051263535712286e-01
9.936861393130778097e-01
9.846037044051270115e-01
9.758478069435875257e-01
9.893765558693145001e-01
9.843010925561295199e-01
9.871146092674926154e-01
9.336189673647601328e-01
9.730141292554567167e-01
9.899111255995430847e-01
9.610547745735146252e-01
9.830102442745076718e-01
9.812222716863344685e-01
9.777951324371282338e-01
9.832392719143603355e-01
9.626209367526044058e-01
9.932103925229672781e-01
9.852392718024750584e-01
9.777258829002731799e-01
9.789635075554529164e-01
9.840759529274960560e-01
9.871167475136014557e-01
9.620139566864682745e-01
9.857398427568713206e-01
9.555809800620373995e-01
9.686189378597617194e-01
9.890753596390519098e-01
9.856126397098098346e-01
9.751595547647906592e-01
9.864335073672582110e-01
9.912853094090001704e-01
9.760494228287444063e-01
9.812118940799393618e-01
9.903837928117801281e-01
9.851709702051568707e-01
9.850453764177495852e-01
9.950164378524399833e-01
9.921217142893939966e-01
9.802144998762766237e-01
9.994758667075194225e-01
9.798225051818950648e-01
9.747319936100891091e-01
9.896633616120011911e-01
9.798290160761605749e-01
1.003331766516469603e+00
9.670466303592732960e-01
9.635433944296327713e-01
9.746671091031637868e-01
9.692335588285890813e-01
9.875338985383751433e-01
1.001598143204335711e+00
9.685035856295609591e-01
9.857943077283335409e-01
9.964343832540204504e-01
9.684094738531024982e-01
9.799552650942784382e-01
9.820627603444649356e-01
9.802100148983353689e-01
9.852421387876604264e-01
9.991846803181613224e-01
9.762568153648678582e-01
9.432862901140103284e-01
9.824472950752017875e-01
9.678299487937138679e-01
9.816151870328154727e-01
9.971670277294859552e-01
9.481316793421835643e-01
9.835318557231129688e-01
9.820253470969927401e-01
9.664999614182104848e-01
9.885285972458792703e-01
9.720245904131963322e-01
9.588307193195444444e-01
9.686134303353575170e-01
9.710131578945900843e-01
9.540408161492320849e-01
9.817876367298686846e-01
9.902802789950548856e-01
9.685715852673881798e-01
9.906659839387653710e-01
9.905794541442216605e-01
9.919499682345747082e-01
9.625590478190594323e-01
9.921059371918121705e-01
9.609737047293547274e-01
9.829044060865320676e-01
9.858607969010418914e-01
9.702895198585567149e-01
9.947214073693020353e-01
9.563057668025207736e-01
9.863811030115362533e-01
9.869704406456937251e-01
9.823465299304392495e-01
9.446301589500185614e-01
9.658145763457205435e-01
9.865889205678649576e-01
9.927658669805102809e-01
9.923157540059676096e-01
9.382368388619944932e-01
9.797091895527448857e-01
9.908001075210417508e-01
9.607326887070046784e-01
9.616787391233856397e-01
9.894684194361968999e-01
9.884159412383549670e-01
9.749720266443281380e-01
9.958724004718242373e-01
9.836808088684237950e-01
9.916429746881745277e-01
9.716332372209209867e-01
9.709978816252028411e-01
9.661707156296294174e-01
9.883827700182264975e-01
9.892690738222235103e-01
9.797481509595805660e-01
9.948119623773825637e-01
9.583802319926885138e-01
9.828328096903469202e-01
9.897816869223604597e-01
9.613343856005637234e-01
9.773688210843878288e-01
9.963911356365033889e-01
9.916140928517191977e-01
9.838313212567849630e-01
9.658295795313697196e-01
9.621753567367508087e-01
9.841289667467141289e-01
9.862942976287855101e-01
9.829232503490958894e-01
9.624727765873616336e-01
9.972573651177474297e-01
9.823771368199735177e-01
9.907766916248351707e-01
9.644481973009343401e-01
9.908677250360539146e-01
9.755071213800957652e-01
9.707684125065149106e-01
9.810951996586794177e-01
9.807111952284141010e-01
9.656458942099397369e-01
9.838163139838281834e-01
9.897758272236879540e-01
9.915527072936163311e-01
9.870718814066228308e-01
9.726797402954293625e-01
1.002894358661279961e+00
9.494637070350411268e-01
9.785662262595770100e-01
9.938530675285158766e-01
9.937586325087249817e-01
9.896558375645894134e-01
9.805339756453940181e-01
9.919089069691575666e-01
9.911064214581193355e-01
9.832381994554243443e-01
9.955337745171255470e-01
9.785647409943867281e-01
9.870162968401695602e-01
9.852366033330072215e-01
9.786775149487804137e-01
9.818260907279566796e-01
9.716552772729433185e-01
9.955684047730620767e-01
9.735956726904591019e-01
9.765440860387337718e-01
9.768508410867170477e-01
9.796382659860847220e-01
9.771244245901609116e-01
9.791669326011201990e-01
9.912045095970692943e-01
9.865703183733142145e-01
1.002494840055451863e+00
9.930546877635841874e-01
9.738969479515824368e-01
9.972571661246814045e-01
9.770203641512515969e-01
9.577428793860973677e-01
9.817935235846100284e-01
9.852099382230310454e-01
9.841913853609478569e-01
9.972818004293345640e-01
9.846064886254859427e-01
1.000530494791458169e+00
9.857459692813672625e-01
9.966809047277975786e-01
9.830357943472984861e-01
9.958011630612827458e-01
9.789844062934229818e-01
9.534325176647657774e-01
9.882253083457515075e-01
9.845172373354176276e-01
9.940507815689232363e-01
9.880856590721492916e-01
9.771433339216194502e-01
9.699533829682269737e-01
9.838008782894319681e-01
9.604531081066496334e-01
9.732553243698676138e-01
9.906387721131665325e-01
9.849174979913983830e-01
9.906077626065508124e-01
9.772787200481545256e-01
9.866720526112653378e-01
9.923668102863367757e-01
9.730858765384107212e-01
9.706880133969173485e-01
9.517079642436927500e-01
9.878406127922628732e-01
9.543314428013930373e-01
9.956921221331762606e-01
9.717939340542930404e-01
1.002891441149203144e+00
9.833093397342600461e-01
9.847545766226218911e-01
9.647430458040104906e-01
9.785494028526607879e-01
9.839278590616084008e-01
9.915820283574180438e-01
1.002555260371984280e+00
9.845413774192376399e-01
9.595239284631048582e-01
9.660169268184394253e-01
9.845469084551931038e-01
9.913407649974439462e-01
9.467622015089404153e-01
9.852560114243664735e-01
9.738734612127449841e-01
9.540794071971765433e-01
9.802164893074196694e-01
9.825749435402739707e-01
9.884602174743547520e-01
9.692965914894345891e-01
9.979040987539085084e-01
9.937497454061816615e-01
9.869217833176072707e-01
9.879830170400141220e-01
9.712086182010425395e-01
9.636018781683216572e-01
9.680370434779751454e-01
9.968703257121099837e-01
9.896408771736785459e-01
9.666296241363169228e-01
9.548132440329641923e-01
9.864826208818201492e-01
9.649253903161840729e-01
1.013373771769103815e+00
9.792308999018703997e-01
9.641752871232948108e-01
9.888120876831352213e-01
9.805037283675474002e-01
9.903360340449079979e-01
9.700813959582367252e-01
9.816321071148262911e-01
9.762562128403921013e-01
9.797519395470267733e-01
9.909054784538385841e-01
9.679370431781427753e-01
9.901617547896681693e-01
9.726517678737057748e-01
9.740505803767742776e-01
9.825285003174906162e-01
9.938067542955083544e-01
9.832536046901476645e-01
9.885714724987051394e-01
9.763502267046200167e-01
9.857171113906688653e-01
9.856063722482097944e-01
9.948083582717823781e-01
9.774804501416485270e-01
9.778583266420037834e-01
9.791921369399498865e-01
9.890890140729535762e-01
9.658049232072754009e-01
9.610560894709855306e-01
9.814634355576717928e-01
9.788537628979535610e-01
9.641683418591784349e-01
9.677598726154112985e-01
9.788597399633407470e-01
9.812618511762628559e-01
9.742473792891738205e-01
9.647120406669700277e-01
9.765324546630306246e-01
9.668803101216791873e-01
9.785375969517581263e-01
9.841554682556097333e-01
9.989578086478958507e-01
9.604185862287979436e-01
9.806292590923986197e-01
9.976826347257876648e-01
9.585105084471764458e-01
9.875296967230888789e-01
9.807778292996082170e-01
9.547907125152724772e-01
9.843168517301772447e-01
9.886153261637706802e-01
9.804118838363695687e-01
9.878400947280351341e-01
9.787822563322736702e-01
9.872866460950370238e-01
1.001518793214783543e+00
9.853764706887532254e-01
9.653543938063594565e-01
9.689650491694231649e-01
9.677143001252264121e-01
9.803723475433858692e-01
9.875289273882400520e-01
9.350434191863948863e-01
9.885398307386026318e-01
9.678963383430568834e-01
9.749632511681372016e-01
9.716332343167116692e-01
9.858937878583393655e-01
9.821062996453795435e-01
9.869024524158837020e-01
9.752808629995664003e-01
9.673635502427299082e-01
9.855482355554335827e-01
9.679387929191479722e-01
9.923427007601153260e-01
9.442452243700774073e-01
9.693674989332395908e-01
9.787443927752109696e-01
9.612557238940631077e-01
9.604403405882386835e-01
9.792122676250855084e-01
9.766229806946513659e-01
9.791018728439299101e-01
9.954297523566190131e-01
9.863110002470976134e-01
9.868899375309168054e-01
9.771988752383108379e-01
9.569628228198220343e-01
9.991675499304562003e-01
9.746040172395090684e-01
9.791871143218151552e-01
9.874280893130306103e-01
9.901429562406495188e-01
9.470614652873035055e-01
9.853739928563552963e-01
9.857134868724586330e-01
9.793673254384122062e-01
9.870004686976041608e-01
9.901384542604206862e-01
9.928163301014361064e-01
9.941351115215669720e-01
9.815304232761951075e-01
9.908847030996228433e-01
9.906079330674564254e-01
9.783581087476811433e-01
9.774303852584694807e-01
9.647979193451347024e-01
9.739477114443173544e-01
9.789895373893504615e-01
9.814051945718659242e-01
9.518552140295611919e-01
9.767132327700719374e-01
9.777394788654947266e-01
9.679355456374106881e-01
9.829684553432203042e-01
9.903298787612084819e-01
9.871619385335919095e-01
9.793560656303731404e-01
9.667739825845638180e-01
9.798719581203370055e-01
9.782884929115489570e-01
9.917988943218517539e-01
9.825552784784004068e-01
9.667575235146934620e-01
9.682880592687189703e-01
9.901693511354030530e-01
9.816059756814412562e-01
9.478718846789138119e-01
9.700861498340956901e-01
9.787860890200565933e-01
9.919744497585025744e-01
9.613899578312796734e-01
9.849926736752462331e-01
9.907584742855348736e-01
9.599952041457789909e-01
9.704379543920605977e-01
9.829268889375261109e-01
9.957034559334543289e-01
9.814976717459423794e-01
9.745753768173986975e-01
9.778913593935746329e-01
9.723754230383259145e-01
9.941283936552948175e-01
9.861804869733676870e-01
9.781383233108809083e-01
9.969194392308944330e-01
9.823992101912439878e-01
9.707137223656794323e-01
9.657282274574944259e-01
9.769855944684820992e-01
9.880506233044569209e-01
9.809097293250860217e-01
9.874522108993842862e-01
9.889573552631355513e-01
9.586125777971054029e-01
9.714082281836596833e-01
9.716377025977303017e-01
9.859714658159369760e-01
9.861769407681058031e-01
9.856965540317743635e-01
9.489865640857526596e-01
9.741014459190836527e-01
9.917147528730295702e-01
9.816229806573700811e-01
9.899294909054402458e-01
9.700724510931819644e-01
9.895926077572338997e-01
9.837847707184466106e-01
9.685230693066048113e-01
9.781824497362839876e-01
9.789716812747450980e-01
9.662616206652326900e-01
9.687286650590958281e-01
9.782045240917655038e-01
9.924794173439545064e-01
9.827647411215989504e-01
9.773406051738587896e-01
9.662022713944000696e-01
9.871047633545907418e-01
9.893050813047107317e-01
9.714095156861413116e-01
9.691241103198640072e-01
9.596398655690255852e-01
9.864140384227126912e-01
9.757632154701407767e-01
9.896801495642024715e-01
9.851680380848840679e-01
9.627506496928209812e-01
9.806445395917897656e-01
9.857206617771212542e-01
9.834701385549373676e-01
9.797381986618779459e-01
9.862409251710273494e-01
9.859339652269039078e-01
9.768907613046065030e-01
9.892602983853044929e-01
9.701331961849763985e-01
9.677944132562523727e-01
9.659536521870347725e-01
9.707672623636278697e-01
9.928951829867699308e-01
9.813100497111482134e-01
9.960068582087268085e-01
9.772042588249715278e-01
9.860569978318418638e-01
9.542822783736071290e-01
9.841622211738537684e-01
9.709511910825986414e-01
9.891461421177751845e-01
9.740718492428264152e-01
9.994533451317352268e-01
9.822261817726057886e-01
1.000484050851667250e+00
9.837455715300298387e-01
9.561425354996846426e-01
9.722703030105422917e-01
9.800051262725514301e-01
9.899710524287674840e-01
9.767862429272375913e-01
9.801380010725977421e-01
9.973969025611498784e-01
9.734359410002966229e-01
9.835915864471990178e-01
9.093328818786355905e-01
9.703377558316704787e-01
9.592367622496267288e-01
9.622764280130201575e-01
9.829387342097131164e-01
9.978732360352801090e-01
9.942849149263881525e-01
9.807558648232204135e-01
9.888008754538698541e-01
9.764289564778485531e-01
9.676342448516040973e-01
9.905816757028328423e-01
9.826963044734488006e-01
9.828026793768135372e-01
9.781668018826975564e-01
9.793099591962738382e-01
9.567178890488711174e-01
9.562611887062067995e-01
9.558179618470933336e-01
9.856731194081597147e-01
9.807861530593336985e-01
9.732935353412314194e-01
9.931750382983097758e-01
9.538013791165746991e-01
9.792200171577029044e-01
9.728994846519226636e-01
9.695215155828559306e-01
9.959955110179044002e-01
9.743597452370826861e-01
9.685655284340550786e-01
9.695503487771782725e-01
9.865235712932172163e-01
9.358130512031314074e-01
9.945235828973498782e-01
9.931083205345508924e-01
9.711269396261885678e-01
9.742111029128888156e-01
9.800637748771574564e-01
9.896767757347528782e-01
9.797893712325226323e-01
9.805424044847628195e-01
9.790112252413402105e-01
9.829549681572387065e-01
9.654107498340700477e-01
9.853454172425823998e-01
9.947060682305531865e-01
9.717961917922409709e-01
9.829774609771800842e-01
9.908362127159576760e-01
9.727008621185240234e-01
9.801718824859960710e-01
9.907069913285302398e-01
9.974752795950849737e-01
9.559645422999181186e-01
9.798082967011142452e-01
9.898847999964593969e-01
9.940051957068158917e-01
9.689097534213264584e-01
9.910303914858338281e-01
9.796483163762796931e-01
9.752089802966248389e-01
9.618413978523986385e-01
9.892270713539629279e-01
9.915500385514839365e-01
9.673376761572037852e-01
9.641226027546816457e-01
9.781276596545925850e-01
9.927264158067006239e-01
9.904893851598890464e-01
9.693470094974536710e-01
9.695092413971593270e-01
9.571944083907448775e-01
9.830475678567920372e-01
9.835257039980236371e-01
9.569694009841026583e-01
9.490840480275014590e-01
9.788687993847159374e-01
9.888939168182689921e-01
9.855631208836909130e-01
9.567906568360244890e-01
9.719129386420078953e-01
9.801467366138505444e-01
9.363292521452329931e-01
9.900451170219620733e-01
9.795768319879304409e-01
9.751229036271378270e-01
9.709296972781997770e-01
9.892359107407925345e-01
9.803179132934661810e-01
9.985069582001354638e-01
9.920656696460602442e-01
9.890248364227544053e-01
9.860237352968388436e-01
9.619465186963107595e-01
9.784028034711553801e-01
9.935625507263570189e-01
9.899290570040293336e-01
9.841239710978527677e-01
9.854774151294551920e-01
9.780500159811494898e-01
9.857461618072151932e-01
9.742026578228809575e-01
9.770003545643002330e-01
9.932809200989726195e-01
9.964276020013330681e-01
9.864897661901802506e-01
9.904741755324888430e-01
9.822330798772468397e-01
9.915066342951170952e-01
9.661483871820497615e-01
9.788723864674794273e-01
9.711121621377983848e-01
9.920888308091383445e-01
9.797929532109903583e-01
9.888160295304532221e-01
9.627311188601499481e-01
9.849654888243613016e-01
9.855545662591397305e-01
9.886392570473688801e-01
9.751117913095818102e-01
9.716652352533416970e-01
9.545183787112015983e-01
9.627909625860082699e-01
9.835255314349901079e-01
9.908726756396647462e-01
9.878611613600071228e-01
9.836429131625674671e-01
9.536210631607180410e-01
9.709658991349771062e-01
9.652413162007329461e-01
9.709878713016437679e-01
9.956502151253565636e-01
9.882280628607666983e-01
9.894116687826288725e-01
9.658050268242287517e-01
9.451409909622353611e-01
9.921819849373790801e-01
9.830660531221396825e-01
9.722236201907434872e-01
9.512501858039671410e-01
9.607451203279571139e-01
9.790640066653842899e-01
9.800318316747858027e-01
9.989342700196015556e-01
9.835903579228062465e-01
9.884622793444213240e-01
9.932162578597598657e-01
9.792226517084209325e-01
9.858562236934461653e-01
9.658558037690084808e-01
9.874574138992771033e-01
9.877186201415734113e-01
9.789597676955501537e-01
9.869564331742369800e-01
9.678014857911625413e-01
9.878469015646245133e-01
9.873475491527426984e-01
9.590112985090749609e-01
9.741465482760522931e-01
9.950388964019936111e-01
1.005157457711240099e+00
9.912895227288239797e-01
9.683882189018333531e-01
9.798733940220006877e-01
9.841061573140384988e-01
9.920352661869901167e-01
9.842525498467008527e-01
9.795072156437915067e-01
9.781868867538651147e-01
9.840468093331933286e-01
9.835688601562014854e-01
9.872622047760143404e-01
9.757427550389746740e-01
9.825150110398220837e-01
9.688068551397673867e-01
9.799821933116604766e-01
9.862121540334933822e-01
9.680641895415824649e-01
9.682150595453149489e-01
9.890340944784388189e-01
9.838181085002358772e-01
9.600012152419669098e-01
9.551962424202448121e-01
9.683619353103883887e-01
9.836562753482215316e-01
9.808878251126649239e-01
9.816691023279144890e-01
9.751690758096066558e-01
9.939028481430144391e-01
9.867645342053690261e-01
9.854482645310488342e-01
9.814859126415199642e-01
9.658439559045841616e-01
9.767295132186539774e-01
9.824652851642424745e-01
9.693008244773099191e-01
9.942970990815506172e-01
9.889176200588256638e-01
9.863439675138477858e-01
9.824278585780809037e-01
9.650407703802289516e-01
9.843546207998574715e-01
9.733677760885187658e-01
9.897434536276339401e-01
9.895165587979478650e-01
9.699008340182680987e-01
9.713701140999381201e-01
9.731569732515443771e-01
9.706123284962576703e-01
9.813253896643174823e-01
9.638884190326771906e-01
9.810304577536926862e-01
9.842200231537824306e-01
9.902467557037349932e-01
9.263797138338838444e-01
9.845435323619322610e-01
9.896928193683453001e-01
9.727731565867732133e-01
9.643832544219169689e-01
9.903297392382066633e-01
9.767237113510144342e-01
9.776704938853415516e-01
9.855586618729208492e-01
9.783330675357646555e-01
9.671720376691844701e-01
9.895985992854073876e-01
9.806722524212976300e-01
9.866403546193055485e-01
9.795874339158419097e-01
9.813014243011792814e-01
9.642347386512806207e-01
9.570106811484210274e-01
9.797861286746276654e-01
9.754007386972163296e-01
9.875633721895771266e-01
9.650162290664214826e-01
9.873620056562233405e-01
9.730136455629625480e-01
9.874450698253134373e-01
9.748832630541047761e-01
9.915963035913003543e-01
9.943960713026426257e-01
9.725896875067988612e-01
9.790942571040076592e-01
9.803067226174846382e-01
9.691574242848832732e-01
9.894135854989615231e-01
1.004147168605698193e+00
9.905642564115475501e-01
9.855770582029451665e-01
9.830527332196794532e-01
9.955909831805321852e-01
9.725295705462285722e-01
1.000187184809897101e+00
9.774844119310301949e-01
9.635558151540387639e-01
9.723640113848404098e-01
9.958904308228647695e-01
9.890041699150694532e-01
9.674905304227466862e-01
9.517427504333264565e-01
9.810554254344733272e-01
9.895001368685623078e-01
9.783876233109223275e-01
1.004588407654959381e+00
9.551446392039005806e-01
9.875352931074424800e-01
9.802263273986121517e-01
9.882072585491636918e-01
9.893276596715664395e-01
9.852900974180262006e-01
9.834054191414283164e-01
9.822786164220924654e-01
9.793196140761217805e-01
9.908131061241637338e-01
9.856729816067870686e-01
9.868249278924985379e-01
9.691018682635014203e-01
9.352587828696244943e-01
9.717134384637772238e-01
9.669697796576716131e-01
9.900995824824614377e-01
9.891027527824240995e-01
9.701590139183766670e-01
9.842074651748438097e-01
9.870123156316984447e-01
9.854016117851212009e-01
9.928098368326289114e-01
9.959330989095441788e-01
9.835884702986512629e-01
9.851023900263823352e-01
9.793197274621262549e-01
9.840529512388371813e-01
9.753262391894976790e-01
9.936641411593283291e-01
9.912002670585908781e-01
9.835023174029409176e-01
9.917701884420814240e-01
9.839757403075130027e-01
9.866317786703500126e-01
9.833556078777998533e-01
9.517367557403444422e-01
9.682544075322029320e-01
9.832149648038300827e-01
9.820727398631046157e-01
9.974589967254965384e-01
1.019329681154256706e+00
9.968214127222300158e-01
9.987697263037347284e-01
9.918709092033937136e-01
9.862609356916903769e-01
9.791806967541905049e-01
9.761298605388792904e-01
9.677873367668633486e-01
9.835916021797457276e-01
9.493631771819562859e-01
9.916375628505180728e-01
9.861885291168619450e-01
9.499254819105722447e-01
9.729947093067791153e-01
9.797657044808095739e-01
9.254991262042059352e-01
9.800386830276435202e-01
9.741995691473154251e-01
9.643441475994144474e-01
9.490577941919206006e-01
9.847213793590827713e-01
9.642637789868707676e-01
9.767240839350112003e-01
9.422935839955124404e-01
9.897241157650553678e-01
9.812113870417600303e-01
9.577079814225033516e-01
9.738318225978264131e-01
9.846213170438258278e-01
9.891294777898363977e-01
9.722954646296111392e-01
9.787282838532997964e-01
9.795982989389011575e-01
9.808964942198544756e-01
9.899369474341258579e-01
9.604156845084250715e-01
9.975508980436633699e-01
9.866329174081130970e-01
9.701669236409128372e-01
9.721909710361378298e-01
9.749710568360598906e-01
9.447516063116376817e-01
9.709653876555329743e-01
9.860938472758233875e-01
9.864405641529994107e-01
9.974257481777224488e-01
9.757540840106448954e-01
9.759382683862519725e-01
9.713479938993567764e-01
9.840776248991276454e-01
9.684857900609959991e-01
9.887613518330689022e-01
9.836710161404609298e-01
9.931951558593414831e-01
9.812795256500936869e-01
9.611152751108055226e-01
9.869572609053824941e-01
1.003015083030762478e+00
9.687238214404467751e-01
9.785047840275069575e-01
9.811788975200177454e-01
9.846775335073547630e-01
9.688205370297096053e-01
9.765466927146215781e-01
9.971643809810918357e-01
9.983260870102245166e-01
9.913183747469589413e-01
9.747190739153553940e-01
9.923473996735399094e-01
9.705176888786150036e-01
9.883217693913783908e-01
9.896542222912538822e-01
9.867407863588804062e-01
9.840720698920010223e-01
9.646913848750063858e-01
9.686348895883913901e-01
9.863512500091450308e-01
9.902721134467579178e-01
9.944260717971608043e-01
9.670052573837041310e-01
9.870995366790961123e-01
9.955349992091108158e-01
9.465520046228979023e-01
9.737456126125136890e-01
9.930761336082115642e-01
9.585354102901482154e-01
9.859133371695394388e-01
1.000148524713381448e+00
9.627928143379085313e-01
9.765325907796335025e-01
9.950868118699067733e-01
9.894508505373406093e-01
9.692205794121951934e-01
9.897861113058096239e-01
9.736476965239775350e-01
9.823344762992487489e-01
9.879898833694984450e-01
9.445469084024300521e-01
9.757348943680749231e-01
9.734981172761596468e-01
9.750221020085282353e-01
9.434504407852272179e-01
9.867857729831861491e-01
9.692937851791750825e-01
9.830178182102333739e-01
9.640381716732209227e-01
9.805903208167049412e-01
9.805022782390062641e-01
9.907488321565206535e-01
9.728939461431627134e-01
9.694842625110484668e-01
9.905517925580471505e-01
9.920373238113636694e-01
9.712963649395204291e-01
9.765757534969824460e-01
9.854287942320971716e-01
9.734019897874072180e-01
9.739172220963830950e-01
9.801080071008565486e-01
9.594115247390431200e-01
9.744647284835841194e-01
9.950653439656060861e-01
9.846896197913668214e-01
9.788013050562596185e-01
9.427491512042958099e-01
9.840669258503058625e-01
9.822785816096125666e-01
9.769242781586935376e-01
9.830084665450841142e-01
9.820058540019430682e-01
9.642504856297540172e-01
9.501333565274884263e-01
9.905559122485598778e-01
9.794221526025331803e-01
9.733595119346446500e-01
9.749675870317566773e-01
9.807667928516287104e-01
9.513115142455562667e-01
9.815402183000616620e-01
9.782810253623077656e-01
9.853286145128730134e-01
9.828630265951719958e-01
9.882884782452485695e-01
9.724580789838422890e-01
9.864040945912301295e-01
9.959302247627993543e-01
9.788811202171542325e-01
9.892362931062489428e-01
9.656819797624804913e-01
1.002159003440788343e+00
9.882253486222486449e-01
9.977647410936599792e-01
9.663622432597359646e-01
9.943806746731495005e-01
9.824917096142796735e-01
1.001152535090405804e+00
9.871833353621465301e-01
9.727802086033384699e-01
9.841677174932214056e-01
9.845969879544589354e-01
9.858243320321649072e-01
9.887550933831659172e-01
9.691330654088460284e-01
9.293737111320922173e-01
9.618338387505523945e-01
9.965049939112917698e-01
9.807567803324502842e-01
9.790698439344532877e-01
9.843770727851328672e-01
9.595189761505839021e-01
9.677887795004127547e-01
9.804781599812152360e-01
9.720166173958505462e-01
9.758690423112852397e-01
9.856252938952076992e-01
9.496945568368488910e-01
9.477857948435756130e-01
9.847117974284665953e-01
9.703103488605766547e-01
9.863295544062971043e-01
9.732321797211291869e-01
9.788754577143059521e-01
9.967402789053720902e-01
9.643480067100017594e-01
9.835918874677043178e-01
9.954547280136358811e-01
9.839312133839311914e-01
9.619020234010423609e-01
9.633713018073386536e-01
9.636309434498525617e-01
9.737682327836377771e-01
9.926269032763174183e-01
9.889530829619286312e-01
9.850738336743437573e-01
9.738156480423314498e-01
9.819223934652813179e-01
9.885130594562845374e-01
9.738052807536177191e-01
9.872340227652555145e-01
9.834556342042279908e-01
9.560825203290451713e-01
9.623569370873976681e-01
9.733500098510525778e-01
9.638380633628856886e-01
9.783661654341894165e-01
9.930265806338184342e-01
9.768284075502100539e-01
9.639923929414957460e-01
9.810437324819321070e-01
9.870839653009929604e-01
9.910800001055499742e-01
9.778642572389830701e-01
9.648267727691284268e-01
9.787491245156818565e-01
9.840751669384028011e-01
9.832348686670080440e-01
9.701546178290739730e-01
9.842486216289576539e-01
9.830748776507060027e-01
9.841873149928459519e-01
9.938025775726049282e-01
9.878630154245104933e-01
9.746988700312294585e-01
9.963220260124269201e-01
9.948749446922336981e-01
9.868485944021061496e-01
9.830355941038383394e-01
9.890555914161300866e-01
9.920310225495666545e-01
9.687343557616204803e-01
9.925680648945575113e-01
9.776983218974610867e-01
9.803447380970367053e-01
9.870698182239376894e-01
9.854310159326109542e-01
9.869201322814942223e-01
9.843322860340506519e-01
9.748128474489579087e-01
9.773812093868685658e-01
9.845675941146487808e-01
9.751503744620514391e-01
9.850334018984938655e-01
9.697435855778011593e-01
9.350467195806363430e-01
9.837574008107632384e-01
9.700260401660473208e-01
9.952789119409926055e-01
9.934858111601515551e-01
9.836986251968674599e-01
9.904357211164324104e-01
9.775259203669987018e-01
9.726883391844596272e-01
9.927123176731076359e-01
9.707435612429347049e-01
9.572414871230291444e-01
9.784581544841961520e-01
9.848330121300920004e-01
9.670079458494862390e-01
9.834445574220144204e-01
9.808859846069418742e-01
9.759743973318094623e-01
9.741154632263059332e-01
9.771270635088061818e-01
9.885111342100389997e-01
9.915866317285032538e-01
9.737970296041253970e-01
9.541165821039810924e-01
9.707449632414835161e-01
9.826530628037899451e-01
9.910619406750713623e-01
9.645086345470278433e-01
9.935032181632160730e-01
9.824203996538659611e-01
9.797475216224400540e-01
9.719888268314751389e-01
9.813131736074850453e-01
9.829293368844369549e-01
9.679074128547717759e-01
9.464748169310902570e-01
9.812013228696837563e-01
9.608906147175754198e-01
9.899856927552568298e-01
9.841159072571359356e-01
9.868774167666539698e-01
9.752509337699388769e-01
9.532941735800677385e-01
1.002056636841656800e+00
9.837246671659828356e-01
9.934565324725872504e-01
9.972495045502183242e-01
9.704182681374698971e-01
9.909462178660800591e-01
9.777649629713641710e-01
9.544056620162790772e-01
9.804986434161551134e-01
9.873301942085077609e-01
9.755963799684316262e-01
9.833239757609079090e-01
9.796768419820830465e-01
9.621939240316352837e-01
9.727954035520754994e-01
9.785801956375668187e-01
1.001945892458978138e+00
9.801601214581117105e-01
9.685068289763356653e-01
9.986260443171183221e-01
9.825815567346406487e-01
9.840464808868222280e-01
9.757579539569760652e-01
9.851422162252543302e-01
9.849533418449791800e-01
9.726242971743963572e-01
9.739841353211696751e-01
9.687797591695473942e-01
9.657932819476546804e-01
9.847828239951168516e-01
9.748297413651336729e-01
9.824911732342731518e-01
9.818689325974843118e-01
9.561530566785926277e-01
9.887682996447226813e-01
9.938011796950565468e-01
9.814351689780099752e-01
9.763780313541351452e-01
9.921541617509287425e-01
9.838226600180879355e-01
9.887151365416914084e-01
9.841863932000789461e-01
9.711843546398958305e-01
9.802018555785825260e-01
9.670698519747231714e-01
9.727561500574183340e-01
9.717906165916798678e-01
9.792278412721466818e-01
9.869005766250225076e-01
9.903941239292354259e-01
9.548478314136797929e-01
9.792313711569916590e-01
9.717030445049360532e-01
9.861409646249380545e-01
9.822166820513287266e-01
9.956410676651696878e-01
9.674318870702739437e-01
9.647641086706181257e-01
9.984307240605153622e-01
9.815834635512132866e-01
9.706998795702839189e-01
9.828665711988525677e-01
9.913312594727800020e-01
9.913221383990498126e-01
9.830116296216350191e-01
9.710846960216980017e-01
9.875364818469773986e-01
9.665624724658918865e-01
9.826684188321368474e-01
9.828159156071989422e-01
9.824574023982567406e-01
9.831066255208681381e-01
9.891360962391698708e-01
9.765541014430806355e-01
1.008824502958739933e+00
9.754250381083645616e-01
9.796192518366970692e-01
9.815468488711646122e-01
9.742678064219225664e-01
9.774534715137035423e-01
9.607589125167532718e-01
9.661317443169035180e-01
9.906760807560190951e-01
9.904811507049974262e-01
1.005203603508938226e+00
9.873718465389043075e-01
9.874442319475636998e-01
9.741797065831387936e-01
9.640797083058262329e-01
9.769446229903943069e-01
9.935853678500877750e-01
9.855194011775175733e-01
9.812080650622150291e-01
9.666138593648668786e-01
9.842095713936251933e-01
9.808467725549691041e-01
9.777590763023846776e-01
9.711139201049082681e-01
9.667553853041560563e-01
9.829215569366384075e-01
9.829090910523372582e-01
9.937826796166793208e-01
9.628261337168200207e-01
9.723856311750996850e-01
9.569124794736090234e-01
9.904616942750333886e-01
9.764215407305343319e-01
9.622038140213017288e-01
9.879221807131279842e-01
9.733972554549903400e-01
9.834642528930546135e-01
9.760785640220270842e-01
9.871697915448900407e-01
9.680931074608635223e-01
9.862471052136289051e-01
9.723872583586651297e-01
9.896343407088156185e-01
9.837227330872810871e-01
9.834146491705197946e-01
9.715440804656456653e-01
9.695344343351849359e-01
9.877395932491827013e-01
9.909363338213328376e-01
9.692222239466703471e-01
9.792828839659825091e-01
9.890370697419362811e-01
9.861421402040593254e-01
9.736280533419094940e-01
9.551511248072057647e-01
9.780049086308881812e-01
9.896955519731935880e-01
9.732067564590540787e-01
9.790273498340231750e-01
9.694298644463287262e-01
9.831901986627961110e-01
9.962462457618809220e-01
9.920771360392919291e-01
9.868409299518186018e-01
9.829165561786851191e-01
9.829733232363703221e-01
9.852857325752104600e-01
9.875119432476744397e-01
9.661218727888225555e-01
9.918583329635592971e-01
9.564098806352103743e-01
9.899334129234471646e-01
9.931437341046898126e-01
9.606668560797007039e-01
9.834411630486972200e-01
9.645528065845095922e-01
9.609409037204571513e-01
9.826384524322940850e-01
9.850613259452379866e-01
9.951773730577520016e-01
9.863786588166916225e-01
9.874297541426833025e-01
9.734477879296538072e-01
9.811034747630571484e-01
9.984566646446038085e-01
9.937977441081246033e-01
9.539728598101258061e-01
9.674615442774912033e-01
9.649965841504949404e-01
9.788500038859874186e-01
9.746349141354018197e-01
9.867559732465108757e-01
9.559095155280854517e-01
9.598110333260849725e-01
9.612799973455155023e-01
9.886858801467980351e-01
9.764131222659168108e-01
9.824635934388513681e-01
9.583854588208737812e-01
9.660455308946563902e-01
9.744624658321765498e-01
9.751264707932932874e-01
9.678127689227500330e-01
9.817797818870106497e-01
9.970604674749656837e-01
9.828840234132992792e-01
9.708388677396553312e-01
9.823780676427275038e-01
9.550003430010567396e-01
9.924934936539296926e-01
9.638065296155405859e-01
9.846228859693809676e-01
9.820164119554355420e-01
9.760142428325591091e-01
9.814361866296288373e-01
9.832619482448656800e-01
9.909623212537331804e-01
1.001033136691762637e+00
9.814320530312709012e-01
9.710442587438647966e-01
9.613931318254497205e-01
9.904097396775985995e-01
9.857655668429596840e-01
9.757872415263274535e-01
9.725700086280318901e-01
9.786289539337811316e-01
9.796657793793214219e-01
9.872918849613219194e-01
1.001474072915281122e+00
9.865553833062581379e-01
9.543850159336596528e-01
9.711772455890881339e-01
9.889177708524233834e-01
9.904857558606908752e-01
9.839217369842852001e-01
9.774782657577287814e-01
9.651566840985449369e-01
9.510244172506902016e-01
9.538797816874118318e-01
9.852287839231567146e-01
9.857084734550110028e-01
9.812167752841149948e-01
9.806698717940541821e-01
9.808328396394815352e-01
9.790992459641666423e-01
9.902193872549508447e-01
9.700433467222404627e-01
9.858079642343902105e-01
9.653557728127066806e-01
9.567940619551111858e-01
9.874601620823316717e-01
9.966852797610236125e-01
9.774753203789268152e-01
9.911123121036968797e-01
9.757471577567152776e-01
9.912915429373359011e-01
9.703199648367452079e-01
9.587658379676607945e-01
9.661701570929123184e-01
9.819252391650533651e-01
9.937498062979619462e-01
9.700157443551811198e-01
9.867832776417470031e-01
9.608526785841468021e-01
9.687087850915032661e-01
9.961706194901659428e-01
9.884002842332886285e-01
9.827419352577138056e-01
9.929006266266585667e-01
9.727059256800034692e-01
9.769505293300374538e-01
9.827380962055606295e-01
9.469779923082508599e-01
9.742303730706917131e-01
9.863798860258872203e-01
9.967648710032015469e-01
9.667384000725804949e-01
9.814911566135521293e-01
9.960910119680757013e-01
9.825255762155822303e-01
1.000134437021858558e+00
9.631002479014356688e-01
9.927026177084720127e-01
9.885366362985248401e-01
9.872781434617313723e-01
9.792462204565403061e-01
9.627380110772895128e-01
1.001858888308719386e+00
9.943813838977155761e-01
9.899998861371790415e-01
9.900754433133526211e-01
9.723431894455748514e-01
9.930066309096419186e-01
9.706312662835849814e-01
9.782189664104302684e-01
9.622247466658686577e-01
9.906470856710216655e-01
9.780845625574373647e-01
9.801485835778381839e-01
9.693236511748422046e-01
9.658630312729494793e-01
9.909764047754622274e-01
9.873778827662708091e-01
9.768686257650313065e-01
9.896149912350310496e-01
9.635023183896544996e-01
9.810947995203987970e-01
9.718757746509404383e-01
9.493588555309209198e-01
9.964413032095992273e-01
9.806808405260036832e-01
1.011024132181313595e+00
9.780489113291608305e-01
9.607474297370959260e-01
9.905987381983750728e-01
9.681777879945879794e-01
9.750216326428312597e-01
9.661085741639446889e-01
9.852794011222457682e-01
9.930902423630710851e-01
9.989384416598935390e-01
9.716405362261664180e-01
9.823777473563504170e-01
9.909393082721955626e-01
9.982046282099225065e-01
9.668017141854136076e-01
9.596129079713477950e-01
9.787848616927453671e-01
9.815376345833354277e-01
9.789347150518156182e-01
9.784189980763607908e-01
9.705161181020882655e-01
9.890236598144638291e-01
9.833535334685107321e-01
9.762567698730143517e-01
9.839294433826574204e-01
9.922954405958425150e-01
9.821237595660967656e-01
9.890720143109390516e-01
9.926986769412591283e-01
9.697319348570314634e-01
9.439223388392355973e-01
9.493855743172624484e-01
9.751846084775500634e-01
9.981963851479789263e-01
9.639107788643886954e-01
9.832888844652345472e-01
9.513225179786646279e-01
9.740320510275742860e-01
9.734041944376033983e-01
9.927596004280727637e-01
9.819153915050956583e-01
9.746969471324924417e-01
9.927090816233176129e-01
9.964878591343949710e-01
9.613688770939614603e-01
9.696356745871113070e-01
9.687423273893356335e-01
9.486010881279484108e-01
9.738531132669825396e-01
9.879085739221141749e-01
9.831228321934135650e-01
9.804657113884975850e-01
9.593650103258436479e-01
9.595812158315889517e-01
9.911430735221029575e-01
9.892933793734295378e-01
9.917965925741317745e-01
9.798130457140140637e-01
9.719974385707157438e-01
9.871057096580828638e-01
9.634689437153661773e-01
9.883366318504623882e-01
9.798786701666813981e-01
9.546145663357771260e-01
9.771437143949661674e-01
9.674667474748208651e-01
9.815034612378709111e-01
9.897098489998082949e-01
9.940821632079714920e-01
9.919524267842582121e-01
9.887483442989317695e-01
9.764411935850092483e-01
9.794490426822910489e-01
9.509669318370105318e-01
9.831441803812283053e-01
9.699553725826439710e-01
9.829446549382454545e-01
9.791002412740927863e-01
1.012362873658339213e+00
9.801582900317291625e-01
9.936722699334260556e-01
9.830202583686503681e-01
9.971808672136465157e-01
9.850927859268563402e-01
9.584955001008954589e-01
9.851959993282197736e-01
9.636227497348806015e-01
9.735514188519627243e-01
9.581607165559831163e-01
9.752449803792462291e-01
9.762263388325642666e-01
9.985252819914148814e-01
9.742049696726863273e-01
9.808820418302863775e-01
9.643593812959518896e-01
9.883817674812364062e-01
9.971305166655274332e-01
9.580132498835934873e-01
9.887750862598854162e-01
9.686188933573633975e-01
9.721789146238984936e-01
9.935131574196566229e-01
9.802910180103344695e-01
9.755942260875166694e-01
9.840724199209285317e-01
9.941356574405609825e-01
9.933110599494443527e-01
9.923678279017787984e-01
9.898834583113913510e-01
9.990550235978924443e-01
9.890255124880722448e-01
9.715066489371776415e-01
9.718656386560780014e-01
9.749491512217942635e-01
9.891297115948677332e-01
9.862826009252259052e-01
9.619867216461278625e-01
9.823640219247586902e-01
9.588051730722839672e-01
9.516449357431732148e-01
9.785979844651223614e-01
9.785559948592448265e-01
9.809330515582312948e-01
9.705839736581268751e-01
9.890303831157991610e-01
9.722228208180552222e-01
9.710442660951750238e-01
9.722386323981507816e-01
9.967405784986252959e-01
9.941155620684379857e-01
9.945931112011915376e-01
9.805632868648037626e-01
9.824738568384578929e-01
9.758879427429302256e-01
9.761969771647945882e-01
9.851886103658474836e-01
9.897070248312214158e-01
9.486125013574413511e-01
9.863724448794247701e-01
9.868468028663152092e-01
9.742473491056571344e-01
9.815662092464698674e-01
9.771273674448393010e-01
9.891932638405090961e-01
9.554354440165047091e-01
9.667831106586750600e-01
9.706812624855497562e-01
9.730256089883995152e-01
9.862391969475080566e-01
9.575327559747628392e-01
9.791211191145998693e-01
9.840261702683210654e-01
9.882258626199310614e-01
9.763055921224060851e-01
9.818245187209356795e-01
9.767372760688896038e-01
9.759269124162019970e-01
9.999924598803369147e-01
9.531484502578428941e-01
9.791004841954958904e-01
9.532374787204987987e-01
9.863353064860245212e-01
9.905670907715905527e-01
9.612410711991884460e-01
9.847668561977003243e-01
9.638675282658525356e-01
9.710577255227185178e-01
9.848120938727598084e-01
9.676779154197652222e-01
9.836238232414833416e-01
1.004191812880765200e+00
9.939824225547025938e-01
9.685958571489555746e-01
9.691571951012981634e-01
9.693012174646600254e-01
9.753514900904147744e-01
9.728876954320322401e-01
9.836692641887899713e-01
9.387106897093974167e-01
9.826418138293393501e-01
9.925794599073880509e-01
9.652713855222369022e-01
9.339405052336503532e-01
9.692781287205414209e-01
9.840413917586255943e-01
9.730623518897333346e-01
9.738833216015480021e-01
9.999244185858432443e-01
9.809359646113428033e-01
9.729963093301994270e-01
9.781453465881678744e-01
9.877996579933522314e-01
9.800892289347855613e-01
9.725627071162978865e-01
9.732411349824137137e-01
9.654072539536617814e-01
9.916848445524166777e-01
9.781297176085282929e-01
9.878137300312791469e-01
9.927005192389445343e-01
9.815107030299641266e-01
9.875762162459761351e-01
9.704015387873988763e-01
9.775444395458765534e-01
9.881698078124756535e-01
9.792533337752137301e-01
9.727825939094967289e-01
9.815636781910531683e-01
9.835574858810303134e-01
9.749043952776937916e-01
9.720450529288306996e-01
9.866360819314461406e-01
9.781719367876037241e-01
9.925534533823325845e-01
9.539447415745334613e-01
9.835401476325001946e-01
9.881089228753064946e-01
9.806707108739299850e-01
9.576592962370050754e-01
9.827026974321569908e-01
9.858857829835899755e-01
9.848989568291103280e-01
9.824141276113708132e-01
9.873487388248555208e-01
9.625425749043193813e-01
9.674343763754396086e-01
9.934118898796836516e-01
9.807790320666242012e-01
9.703703490302690859e-01
9.448183833607211035e-01
9.915553806599111120e-01
9.811965142059169143e-01
9.819365768362560143e-01
9.844097599642654961e-01
9.456151338666620720e-01
9.733525161125352598e-01
9.690097260901251452e-01
9.534901698867859210e-01
9.896145402530791557e-01
9.857898421412424339e-01
9.851238422247065030e-01
9.798555334392855531e-01
9.550842191498588596e-01
9.727447962907831425e-01
9.642131950788180861e-01
1.000415278803725716e+00
9.787187855470500519e-01
9.651795450796875064e-01
9.835251848158514942e-01
9.583253446396019504e-01
9.877135232843764490e-01
9.924733189308077019e-01
9.828817218220126106e-01
9.830648597193930582e-01
9.902318039186304155e-01
9.783527032219413444e-01
9.793960067498995725e-01
9.813949942029704943e-01
9.645711590285315218e-01
9.589782680531230286e-01
9.754294703162708080e-01
9.828192822452921362e-01
9.924330351398358285e-01
9.741915846156594672e-01
9.568943467706213513e-01
9.946684364694324820e-01
9.659764104285298858e-01
9.502485573124908047e-01
9.663209112946690160e-01
9.688605724436475386e-01
9.706913248675511641e-01
9.874615467478621289e-01
9.827218949359548539e-01
9.669666749617612522e-01
9.858728833727403718e-01
9.818800685890280988e-01
9.938126681563868026e-01
9.839236279150210818e-01
9.890129586809678353e-01
9.689527598415288434e-01
9.830706549361925006e-01
9.971038067503343871e-01
9.648210055094363913e-01
9.631769692085702106e-01
9.815778030970279122e-01
9.872972751080236753e-01
9.892324687171493158e-01
9.929811587643334603e-01
9.824687235408485764e-01
9.868212457936641480e-01
9.836215492018419715e-01
9.871257615327976298e-01
9.555746331027147322e-01
9.557651958490042121e-01
9.476507634621885723e-01
9.955353523552948891e-01
9.938732672172010396e-01
9.585742559129842855e-01
9.717152728349952584e-01
9.819900421016989345e-01
9.822846820413541069e-01
9.884598544813317789e-01
9.557287138505127233e-01
9.747168322939385732e-01
9.719269942816037844e-01
9.796930357019202340e-01
9.920859814870937043e-01
9.775825869673122615e-01
9.767414839398972370e-01
9.750676111805234303e-01
9.820786195174104893e-01
9.763518603986388600e-01
9.873397570333359852e-01
9.924541210162823868e-01
9.825764084547715660e-01
9.611215081048840592e-01
9.836107653402307305e-01
9.922078528194339109e-01
9.849999496768592211e-01
9.769364082799932847e-01
9.820566802382487692e-01
9.768462104630465381e-01
9.787162990812888763e-01
9.743163407877174498e-01
9.773232536637024293e-01
9.718903299273542462e-01
9.618828778587137363e-01
9.909532785227561646e-01
9.971175815280695076e-01
9.927165212078891132e-01
9.661793962245580625e-01
9.923814393172293302e-01
9.811019922342946176e-01
9.816050342646482907e-01
9.851141121502267062e-01
9.860384519829988870e-01
9.997623358800814541e-01
9.799878086616999884e-01
9.787486546249895003e-01
9.480842306025523136e-01
9.723145735540240642e-01
9.784184772969434229e-01
9.876533567481354803e-01
9.883193537647858573e-01
9.691823781715136477e-01
9.816249278419252322e-01
9.916116434924896472e-01
9.553520598153636412e-01
9.921818505842159297e-01
9.766272393234727289e-01
9.841524062413778973e-01
9.790147411170897485e-01
9.909594227480014172e-01
9.766616391748498271e-01
9.749971098385259438e-01
9.703744811128566239e-01
9.847577478074093227e-01
9.679617305868354338e-01
9.454633792764590705e-01
1.003352399273827356e+00
9.765177701862276516e-01
9.740275241087867908e-01
9.795445287045176919e-01
9.804105592337576391e-01
9.787753261248330894e-01
9.706180104440190748e-01
9.931914125424881057e-01
9.816467708370019141e-01
9.808251293801053539e-01
9.723668142917188950e-01
9.929836110346101918e-01
9.509563674221882534e-01
9.947074740397641168e-01
9.911708186362259143e-01
9.541851793576507923e-01
9.552618677902606770e-01
9.829077839922626403e-01
9.682359154158612924e-01
9.885477893405200112e-01
9.749201568771036497e-01
9.548525480720512215e-01
9.857845580141419983e-01
9.822056536560842543e-01
9.646200436140732748e-01
9.745158468166044141e-01
9.792044357480890193e-01
9.918008695337400260e-01
9.811473206066027020e-01
9.837176172344350711e-01
9.670570303804919554e-01
9.884492940324450805e-01
9.766673735636018927e-01
9.826820922139297698e-01
9.581995525420174964e-01
9.874440289674404347e-01
9.944503465127811914e-01
9.852366466550142032e-01
9.885976234960567322e-01
9.800281299715078998e-01
9.928324510803164804e-01
9.802088761279844631e-01
9.909135900110119799e-01
9.706159528816979964e-01
9.854348898447736760e-01
9.680573763204034510e-01
9.736484041690107727e-01
9.668450078861864361e-01
9.888280997823671870e-01
9.877683296707737703e-01
9.860072760264189107e-01
9.829831472323070640e-01
9.651039527064765311e-01
9.701098294492579432e-01
9.732994096618631241e-01
9.645376046731367614e-01
9.748506681926583095e-01
9.624608978159759909e-01
9.633060000117088517e-01
9.850027915739686390e-01
9.928484186091324215e-01
9.858497255956157890e-01
1.000884766539905213e+00
9.853244329535980617e-01
9.839016018337888303e-01
9.844767190404403179e-01
9.595685082567341206e-01
9.678833039221060863e-01
9.837348778862565757e-01
9.930720460025423968e-01
9.859979675439534130e-01
9.529683114288954870e-01
9.635551499307378753e-01
1.000551189414604414e+00
9.679888103101492725e-01
9.814040459488154733e-01
9.819895325382301809e-01
9.877463838853167699e-01
9.864524501226662467e-01
9.790892621186084721e-01
9.696874508611715848e-01
9.772902790712592047e-01
9.837013109495235108e-01
9.781371843904898000e-01
9.786106636674666293e-01
9.619169777370801810e-01
9.948006968832099339e-01
9.761019010625523462e-01
9.951923779421364413e-01
9.553191668652232238e-01
9.738200973829213014e-01
9.758420813726614851e-01
9.863586775612048774e-01
9.794441661734997195e-01
9.825735336042433765e-01
9.821829319772519273e-01
9.888547475433691059e-01
9.713326743518685413e-01
9.950195501276951626e-01
9.772938521156210312e-01
9.796448006901667949e-01
9.786510590343364679e-01
9.692690004099454582e-01
9.857254755732344220e-01
9.920944725444384993e-01
9.871103277972516077e-01
9.776144882371377021e-01
9.698373881147975828e-01
9.848588525122362602e-01
9.792260411996496217e-01
9.816266526505694756e-01
9.532083257412778954e-01
9.826356810394936137e-01
9.834291547918705412e-01
9.695367024160717051e-01
9.938665059803409862e-01
9.930274559840023274e-01
9.429751257460917691e-01
9.842466737545340072e-01
9.694193872390640676e-01
9.761247959970790200e-01
9.374165834918221085e-01
9.899978635067081534e-01
9.657200608294005395e-01
9.754159637500572355e-01
9.777179060805757382e-01
9.673467390335899196e-01
9.760911847836925004e-01
9.403629030436462255e-01
9.847924313145677289e-01
9.706705192471850596e-01
9.575581565494273306e-01
9.779312888792714986e-01
9.821393694899837046e-01
9.867818314422271975e-01
9.877286597646335320e-01
9.734659418063987824e-01
9.788427606094469713e-01
9.811200684198535527e-01
9.707004842918378618e-01
9.796779679600784441e-01
9.884347974461399344e-01
9.755234031944198803e-01
9.797041830509097826e-01
9.877660854316003824e-01
9.869984794595211275e-01
9.894558049111721321e-01
9.665885323405951635e-01
9.824943052251202680e-01
9.856882072916740567e-01
9.831955468615933835e-01
9.894863516655784119e-01
9.962533175573903277e-01
9.823175453119438183e-01
1.002970422904387870e+00
9.420158765252970579e-01
9.608427548753837311e-01
9.867040779207678636e-01
9.466849260635353813e-01
9.789082976575051998e-01
9.833205318194618849e-01
9.806907483928788416e-01
9.892465528265430574e-01
9.694952280880867468e-01
9.873902853610102559e-01
9.915836590880335866e-01
9.912187938502797779e-01
9.962140859099218870e-01
9.914146945954381840e-01
9.913619130776463173e-01
9.865275974416151117e-01
9.757312603624830327e-01
9.753842599236819400e-01
9.929860555233211983e-01
9.451787530159891926e-01
9.856614445680828007e-01
9.748221442601813225e-01
9.835932067001080803e-01
9.819317815635132396e-01
9.863842089827293824e-01
9.935554690282256685e-01
9.763051676769654019e-01
9.839987448640675760e-01
9.806076074514902263e-01
9.742289641450313509e-01
9.873223001559061629e-01
9.899798025749551034e-01
9.603739992590679675e-01
9.935044806277131269e-01
9.634808526899091286e-01
9.718329540800418886e-01
9.796664141328105258e-01
9.855217481017126691e-01
9.898715984592509898e-01
9.891571904006981608e-01
9.885568547880493329e-01
9.866921833028901023e-01
9.747017220392361070e-01
9.905150121257637608e-01
9.818963573878694007e-01
9.858571690017763345e-01
9.795134584321154581e-01
9.718586272411999794e-01
9.653610917884047904e-01
9.575005863123132732e-01
9.962498837029621912e-01
9.901475607304373039e-01
9.803791436533558779e-01
9.882862009744103338e-01
9.910286789713607103e-01
9.997882105159068278e-01
9.862158480507506875e-01
9.686219745504818235e-01
9.952588111066622556e-01
9.809030841282351254e-01
9.687478080940695735e-01
9.759634678499843341e-01
9.632719620121817927e-01
9.466560027853540005e-01
9.841674917938423306e-01
9.873963143989806790e-01
9.829297433129549066e-01
9.815135477917037443e-01
9.813441450779927244e-01
9.888947373671161944e-01
9.872841092794879536e-01
9.930345460587253203e-01
9.953039364361739860e-01
9.799531437235826647e-01
9.893532495508341462e-01
9.838715462859224381e-01
9.672215772398172762e-01
9.771067163121635035e-01
9.890453800616141322e-01
9.795430054405059872e-01
9.902269114514984372e-01
9.785071516841026273e-01
9.604122278012002800e-01
9.687553156594815862e-01
9.749326003195909474e-01
9.615376353219204919e-01
9.923732234805994201e-01
9.844847188036855989e-01
9.826821068438793549e-01
9.666315027658617387e-01
9.720411323376396684e-01
9.580987619875244166e-01
9.930004588702203705e-01
9.768281371825843218e-01
9.769434573507944641e-01
9.508515846279620432e-01
9.928425588175081584e-01
9.710847708739746009e-01
9.877838520746949902e-01
9.723593038368602004e-01
9.904581038366405688e-01
9.423693334656472187e-01
9.968383043494868367e-01
9.809677685256185109e-01
9.754911844495873785e-01
9.568573506366657710e-01
9.768578003709562640e-01
9.786860953013926112e-01
9.844298376219744462e-01
9.915806285151164134e-01
9.880574234227529340e-01
9.748253799780030038e-01
9.795125177583133835e-01
9.553464291713671397e-01
9.767714045290030178e-01
9.922618264273883604e-01
9.760594126775131718e-01
9.927452266332348341e-01
9.837461595291876471e-01
9.764959582418865081e-01
9.650936802135050563e-01
9.889482629495385257e-01
9.698050863178325764e-01
9.892607545987892603e-01
9.319748363847027983e-01
9.584547026604595121e-01
9.805502536822244819e-01
9.899690754747862975e-01
9.921483944077507111e-01
9.861951692724542085e-01
9.840457039631834713e-01
9.801702973830213050e-01
9.586974744957307282e-01
9.870042299012394826e-01
9.769044845334313720e-01
9.703538603094280512e-01
9.977462128429004373e-01
9.966372489505894716e-01
9.823156744645159533e-01
9.755869902272709115e-01
9.598649071210860750e-01
9.809278076751460906e-01
9.681247565551371892e-01
9.786679346823234926e-01
9.930762196266266217e-01
9.743708983777220611e-01
9.689515170630655927e-01
9.980818703580570661e-01
9.865373600325725301e-01
9.868222567937486867e-01
9.962041736984577067e-01
9.595231757872900724e-01
9.748641075185435767e-01
9.874621566249521809e-01
9.877885755543492907e-01
9.912887995569941157e-01
9.637502443524976758e-01
9.902285917785110803e-01
9.651014931170138755e-01
9.891569671611526449e-01
9.849216187302641812e-01
9.819142830723017745e-01
9.902347632920966980e-01
9.564899306533658496e-01
9.754709185877663558e-01
9.808101041485065563e-01
9.675766098548991279e-01
9.697317023640817935e-01
9.961427490276939523e-01
9.912645805626824069e-01
9.804652733153855770e-01
9.838327271167961463e-01
9.833355323959381833e-01
9.747906208551487817e-01
9.658509092406255547e-01
9.769113349389626499e-01
9.771043605565076229e-01
9.959456083770753532e-01
9.704387669171314901e-01
9.700740104491719640e-01
9.919395861643122148e-01
9.732037038393436257e-01
1.000027759513930192e+00
9.889041917741083765e-01
1.000257150965535136e+00
9.660253562093750190e-01
9.825270180897889283e-01
9.753477495758324789e-01
9.841384419710700326e-01
9.753301090925916572e-01
9.753897160415969658e-01
9.785340277948127996e-01
9.738273524843115148e-01
9.709287224735401178e-01
9.930531141399472350e-01
9.773107815327632952e-01
9.891969944807884607e-01
9.799401954606443699e-01
9.746522429759060246e-01
9.915956351307327887e-01
9.865698759784711225e-01
9.849524526601044494e-01
9.612903412296662786e-01
9.861846851943443237e-01
9.803381285134610268e-01
9.723400238499412263e-01
9.681352083424349386e-01
9.914643003808819577e-01
9.693202788675943093e-01
9.899988793817074972e-01
9.927690802321345043e-01
9.774403690514225085e-01
9.840095419385013198e-01
9.928564043780726545e-01
9.784318743340575386e-01
9.776942616181640844e-01
9.743041456224172947e-01
9.844390729077330260e-01
9.839021485951198187e-01
9.842088419496395346e-01
9.701496721445660443e-01
9.808772392537639107e-01
9.866591329432359281e-01
9.690207151587711953e-01
9.845331583581342638e-01
9.730486362050659865e-01
9.755040658122341446e-01
9.801163608071685740e-01
9.887863396508347336e-01
9.805188082533918825e-01
9.819506690297499230e-01
9.820900158018663895e-01
9.773554747585517788e-01
9.909307439818835217e-01
1.014341672844188524e+00
9.866169827828666916e-01
9.940281317757297952e-01
9.752852409955609092e-01
9.895954089351203242e-01
9.844292087610894137e-01
9.884637474714270677e-01
9.866418294323676674e-01
9.718687970642369001e-01
9.647036602131415783e-01
9.857320147881747374e-01
9.846823304833730583e-01
9.618935890471693728e-01
9.575906781347823804e-01
9.797666290187538873e-01
9.910826357959916511e-01
9.862166923880332225e-01
9.786421239418121587e-01
9.768606887412520923e-01
9.689614851537238227e-01
9.785571729034510113e-01
9.491483255404123964e-01
9.843060395543384855e-01
9.808496843441467661e-01
9.853990153851189815e-01
9.748536920418673368e-01
9.642480857915589620e-01
9.873192792769556192e-01
9.465829255755099370e-01
9.906892581473021320e-01
9.893989094665591733e-01
9.354633033911609052e-01
9.855762294038835636e-01
9.886573835549831157e-01
9.885703568732733260e-01
9.997932081863557530e-01
9.605224243750519753e-01
9.880956972679444394e-01
9.842740444519996190e-01
9.808450121880428751e-01
9.668383784465192088e-01
9.830071978240652042e-01
9.707536196312123167e-01
9.828535041338430922e-01
9.913861498059243216e-01
9.944194307769983476e-01
9.638043925139260226e-01
9.829154872195923209e-01
9.710343758196585684e-01
9.856763456596753237e-01
9.736016005717330613e-01
9.839778215479175749e-01
9.694107522058610371e-01
9.835896511225149519e-01
9.768929348612064301e-01
9.870492908810714061e-01
9.771800653691156135e-01
9.763295753399753307e-01
9.881301966450513063e-01
9.731370160575498751e-01
9.944734948131341845e-01
9.728279595771101018e-01
9.642269117303723380e-01
9.725654469561468840e-01
9.895327636840033358e-01
9.630151836211806593e-01
9.886121391921114387e-01
9.700754877480431970e-01
9.763621401196254102e-01
9.703037805926222337e-01
9.948520648510782438e-01
9.764464827925212198e-01
9.792139939490581702e-01
9.569667346111726536e-01
9.609047194246242984e-01
9.690820838538077853e-01
9.779125345979157169e-01
9.762656457387764997e-01
9.786787860312488041e-01
9.707274504493319522e-01
9.898761221223765228e-01
9.888672013990046361e-01
9.855499328978249984e-01
9.570688359957418845e-01
9.539442791014103307e-01
9.443991444050734430e-01
9.724956160480969780e-01
9.660725115756784165e-01
9.917488490585837368e-01
9.670230860173830711e-01
9.873826293642985474e-01
9.543035100323369324e-01
9.977762967905824398e-01
9.887504512394542644e-01
9.510936700430735469e-01
9.739538275080887875e-01
9.845754295529786093e-01
9.875535835368940418e-01
9.802986369448205561e-01
9.881449043526677745e-01
9.965968262329457650e-01
9.701036256075955544e-01
9.899385422577240412e-01
9.778355607241510095e-01
9.419431903682800034e-01
9.668937425498632665e-01
9.761672621215176093e-01
9.927913121735610913e-01
9.876734204615021939e-01
9.832891422613581067e-01
9.943072860215909081e-01
9.842408205141152111e-01
9.573423207157362169e-01
9.910093086524576211e-01
9.810668225767902317e-01
9.867457873630844922e-01
9.924016816167023913e-01
9.908421487726839505e-01
9.788544875668745426e-01
9.817933707699253443e-01
9.762359176675280414e-01
9.735671877711150612e-01
9.711139515424022095e-01
9.710872375298501558e-01
9.884715737033203942e-01
9.921278615887760832e-01
9.708609430170039856e-01
9.829550254942210907e-01
9.733770313257665840e-01
9.861081029949304577e-01
9.896122372381531695e-01
9.888501025395060040e-01
9.874133908537253701e-01
9.568411143225102888e-01
9.670826731661364972e-01
9.545945041071580706e-01
9.648278881872054402e-01
9.501018621306741574e-01
9.642315376375322211e-01
9.831087957033826097e-01
9.847023786186626104e-01
9.884645187528938726e-01
9.800966182437823582e-01
9.988367840557487165e-01
9.572697034322454890e-01
9.842002248699784905e-01
9.705841809754683913e-01
9.675448585223578313e-01
9.583406795699731529e-01
9.902192677391847830e-01
9.564123183385504490e-01
9.899548377322898718e-01
9.555234689291901562e-01
9.745160573793445469e-01
9.751118548736512626e-01
9.808745200670382358e-01
9.776092602554109501e-01
9.671930335068394946e-01
9.892125714130649561e-01
9.685611431651286463e-01
9.938829494278529353e-01
9.929882789048133374e-01
9.836310278071602742e-01
9.855726246219681519e-01
9.831624329833374976e-01
9.804943490104267578e-01
9.636422876649490821e-01
9.814725322398514251e-01
9.711869786724002251e-01
9.636456399785979787e-01
9.699241731183978477e-01
9.842326244441489402e-01
9.843805070396542956e-01
9.895296561474263841e-01
9.876839885240887851e-01
9.826051556534299847e-01
9.712504518582297797e-01
9.833678766874078825e-01
9.790822284185426438e-01
9.716923461450345245e-01
9.918210590914792180e-01
1.000827379029516351e+00
9.692753420108566331e-01
9.777905874688144205e-01
9.926265124568749432e-01
9.772440464204729116e-01
9.774220433470932612e-01
9.939982456799982824e-01
9.668287758118655484e-01
9.958375032504032109e-01
9.743717349303457897e-01
9.700700385641926049e-01
1.004399358233723394e+00
9.875687344979757754e-01
9.856974113848789854e-01
9.831030470030973634e-01
9.583560779278118558e-01
9.685127024251237726e-01
9.873048926522136615e-01
9.828199369563721532e-01
9.630750026824218546e-01
9.694940035164171244e-01
9.839821651134710301e-01
9.744237940157893796e-01
9.717683321978117794e-01
9.846203696225879209e-01
9.784261886047636025e-01
9.813658996029324122e-01
9.726467034720711613e-01
9.835507245808428056e-01
9.806336672326538828e-01
9.959208424817185268e-01
9.845036762416941034e-01
1.004167064041016966e+00
1.004859767290229300e+00
9.765746066517941859e-01
9.645202049674497236e-01
9.830315468211866525e-01
9.797749494004964754e-01
9.746736591736278044e-01
9.914374908979420864e-01
9.924418789902897942e-01
9.805466998569357662e-01
9.771332801385916866e-01
9.824261953713412376e-01
9.947428940648577189e-01
9.912102739813232199e-01
9.714518718867060088e-01
9.827350012125704026e-01
9.805449002887658416e-01
9.697594710851056288e-01
9.816370277599474337e-01
9.553823788612034740e-01
9.653941210322211086e-01
9.803548753871167420e-01
9.895360841093275850e-01
9.860983075108304963e-01
9.746325264893687113e-01
9.933341125923605963e-01
9.927251622481033655e-01
9.789196603896358484e-01
9.582718579362859979e-01
9.561845100400840902e-01
9.902911377562084727e-01
9.710784659874857061e-01
9.908436332324028761e-01
9.887455294194530397e-01
9.704653490093564372e-01
9.938781960607835364e-01
9.852134601851610940e-01
9.828168035678080949e-01
9.911060203618087261e-01
9.908757710163879073e-01
9.784024488134644981e-01
9.898286183013323969e-01
9.787803330314014394e-01
9.547614777047557233e-01
9.757439206181242053e-01
9.736836458374433789e-01
9.630221527335344200e-01
1.001088360076306971e+00
9.889379350489900800e-01
9.774365782822450610e-01
9.829903131071291433e-01
9.874746997856497233e-01
9.875433988549222608e-01
9.758367066405251311e-01
9.641843545769459567e-01
9.727230956490805491e-01
9.694801694103940548e-01
9.841334113072550682e-01
9.966677141688318198e-01
9.844687006346380942e-01
9.846493509163496416e-01
9.666154168303529026e-01
9.943012293166397786e-01
9.717284135908871301e-01
9.793682321032072258e-01
9.890347985690678412e-01
9.899536919395074408e-01
9.748855023709385170e-01
9.955585636209780542e-01
9.839639296432551863e-01
9.748416745430745767e-01
9.889982411073612312e-01
9.872532082448338686e-01
9.845957773477740371e-01
9.655503124413906679e-01
9.470885144719394244e-01
9.827061911206907974e-01
9.799511163820434634e-01
9.651588564580789731e-01
9.763537322922404282e-01
9.833185200304170870e-01
9.712555041413014623e-01
9.833903496836650104e-01
9.639171680868943159e-01
9.905390894390592171e-01
9.483108933497874649e-01
9.590721270807462950e-01
9.558170032168490371e-01
9.763423159987261180e-01
9.752397169957405243e-01
9.653411434902785526e-01
9.437736533074887468e-01
9.960692327175834082e-01
9.731888242167203718e-01
9.730532494707796465e-01
9.726957148965139632e-01
9.987134122964212990e-01
9.216545035863420443e-01
9.964414124404674666e-01
9.807330277808772312e-01
9.649679321947562949e-01
9.725857913399572618e-01
9.768406942895169198e-01
9.802837530704173741e-01
9.624822022242870423e-01
9.826213881821335150e-01
9.818997105032449824e-01
9.941296647252156893e-01
9.912316487435577361e-01
9.826988980510535932e-01
9.746111784049511506e-01
9.914878336412480397e-01
9.801510702484533821e-01
9.844242740150362936e-01
9.847543326342612646e-01
9.479714023842563675e-01
9.757369811823292105e-01
9.735190263740925998e-01
9.891150737969037765e-01
9.509826806456230797e-01
9.686014209679957299e-01
9.847178895883393901e-01
9.658156124361014783e-01
9.814260481100833822e-01
9.948562353513311640e-01
9.667104876625917109e-01
9.995993668286562439e-01
9.815105734059275111e-01
9.670409602736292909e-01
9.619337147004893840e-01
9.932655596804323972e-01
9.875960099807975512e-01
9.475913051073394655e-01
9.671550794864679501e-01
9.884291932265713010e-01
9.517871529815651321e-01
9.844837136793785914e-01
9.784728458570491894e-01
9.814666656894354135e-01
9.624109595383417703e-01
9.894206412915211857e-01
9.916510153647385417e-01
9.771338941149767532e-01
9.791839617199259438e-01
9.749848995155641074e-01
9.748585939017520019e-01
9.878508135368018195e-01
9.875331551481528747e-01
9.916071139302466975e-01
9.822128245177710326e-01
1.003555645297243615e+00
9.987512796218073197e-01
9.841439477384773538e-01
9.805729142915983187e-01
9.863870790844718739e-01
9.617692600129197356e-01
9.880682463586927256e-01
9.834409158876786794e-01
9.691774972827841284e-01
9.861558593412662610e-01
9.653711063119907454e-01
9.934075527511396775e-01
9.883702156974958353e-01
1.006997632117688335e+00
9.457617899124227678e-01
9.741819648671485865e-01
9.736718285287057073e-01
9.653125870446659373e-01
9.902888769222494281e-01
9.810989187599273853e-01
9.820617808322549269e-01
9.819898750886983940e-01
9.852070363618267157e-01
1.001323713196805132e+00
1.009676684038022465e+00
9.862157659587952319e-01
9.770615915833193998e-01
9.958132699910644536e-01
9.824748432280852040e-01
9.683723406394827427e-01
9.659589202150891118e-01
9.883611519484285513e-01
9.817076428581766878e-01
9.911134312068593522e-01
9.624334375409275832e-01
9.917755098458573837e-01
9.909851166169737491e-01
9.715007398966494234e-01
9.876311210226220716e-01
9.787296310650813735e-01
9.977497586027269660e-01
9.570146306132371050e-01
9.831099351347302173e-01
9.760818176088394971e-01
9.880130630255891111e-01
9.823782512350456297e-01
9.854507467520565722e-01
9.825500921987138092e-01
9.635527732984849880e-01
9.605071432063401193e-01
9.717817843119659349e-01
9.887462888253837345e-01
9.760795030986106902e-01
9.717040076957319528e-01
9.939911110421189022e-01
9.806679106485397535e-01
9.791497206626941230e-01
9.903619683493319892e-01
9.786800809678278812e-01
9.880130731820729872e-01
9.923235736639521853e-01
9.874859897462664460e-01
9.788636788869101713e-01
9.859250077564369885e-01
9.898624540977473130e-01
9.404979177375157873e-01
9.986008942977483427e-01
9.799469560231077736e-01
9.934330199202032752e-01
9.871062652049065189e-01
9.760159244772795839e-01
9.718909520969098992e-01
9.772477006770039498e-01
9.945646998367818625e-01
9.847399111542044503e-01
9.867366000378197111e-01
9.840041170744877608e-01
9.718810224778698936e-01
9.884631711903172357e-01
9.713265783085630600e-01
9.748162053987484699e-01
9.684388896271878266e-01
9.864011960944751856e-01
9.747997739319861354e-01
9.483250764810864375e-01
9.602004387706757349e-01
9.836902011560940684e-01
9.865044066656100119e-01
9.795306822020185544e-01
9.862849224375608292e-01
9.524370322943789269e-01
9.929505802264483316e-01
9.886676254315367451e-01
9.959443084814472158e-01
9.799101883511772693e-01
9.913002511218999002e-01
9.649559943936877326e-01
1.008700582034508741e+00
9.759895558335176524e-01
9.275733022914709469e-01
9.880589686547301964e-01
9.667491781443808829e-01
9.833318079262681755e-01
9.709961638008297591e-01
9.965534216863618511e-01
9.912668361417187324e-01
9.870103019908079700e-01
9.775305836278774807e-01
9.997736466287853174e-01
9.821717924287109991e-01
9.720752092673802247e-01
9.660333732782330207e-01
9.745559816093333216e-01
9.933542071208781854e-01
9.585897808724963554e-01
9.808412326632273137e-01
9.709857775704686667e-01
9.890760451346634063e-01
1.007004134371259019e+00
9.888062919062500233e-01
9.818253957341150917e-01
9.844425419199707150e-01
9.721043666039235198e-01
9.920476772500264051e-01
9.886298350583653249e-01
9.456860942283488169e-01
9.511444577377542453e-01
9.911543500900428239e-01
9.743005429058343436e-01
9.853673514663672250e-01
9.749360358084263600e-01
9.685119716156957992e-01
9.696502877889928707e-01
9.780769096772304882e-01
9.547921913483354839e-01
9.531387343618397123e-01
9.672418936536131273e-01
9.836217594344336401e-01
9.805554427310517740e-01
9.841160636032175724e-01
9.884758132482841519e-01
9.832453788283899154e-01
9.918106626460305719e-01
9.879268154493925369e-01
9.876028353855689224e-01
9.791881088852122383e-01
9.825377037782675460e-01
9.756654264340851590e-01
9.829116523815092377e-01
9.967953034780633326e-01
9.834343663921146783e-01
9.785517528945059107e-01
9.909229606026268566e-01
9.793401046035854485e-01
9.732536564155854775e-01
9.801193264670984284e-01
9.855430086670948775e-01
9.823035055421620587e-01
9.976034453236988231e-01
1.003561330533620177e+00
9.764577257284269285e-01
9.862156914175508327e-01
9.905502179015327480e-01
9.548676139553431419e-01
9.785908737401598501e-01
9.593451194499911239e-01
9.784811966936713956e-01
9.799400400419024937e-01
9.795319814943838077e-01
9.650635166864014458e-01
9.833458798224308239e-01
9.836787515685976313e-01
9.663218589929746249e-01
9.851620142809872638e-01
9.787113767042260326e-01
9.829838338396286179e-01
9.849363248168364615e-01
9.803307892686690117e-01
9.619602420545173560e-01
9.802606571813968772e-01
9.871205797855426844e-01
9.824758842697405292e-01
9.738162121534252869e-01
9.897103678087205703e-01
9.698916954921896760e-01
9.854939134769499232e-01
9.791796800760077524e-01
9.783442093451388821e-01
9.926321477291575324e-01
9.832429156936542958e-01
9.874975927291483879e-01
9.952337061257217066e-01
9.812047771920671124e-01
9.824084500751051330e-01
9.856674648873233746e-01
9.759659088233656465e-01
9.903771535636407553e-01
9.859234896812261173e-01
9.869076492478627838e-01
9.785395485120508274e-01
9.900458068386630561e-01
9.946746582683247961e-01
9.868959268830552745e-01
9.958359870816141379e-01
9.889853530470090748e-01
9.873646618934538433e-01
9.744227181551061712e-01
9.676691803846330098e-01
9.730556428525332091e-01
9.961415334948733324e-01
9.516164180846941045e-01
9.779359909005321816e-01
9.957178442691448916e-01
9.981959022892905598e-01
9.684187956292156230e-01
9.932767703346215837e-01
9.935450835971176842e-01
9.633277472440898714e-01
9.605997038164060253e-01
9.810204469450153342e-01
9.937978965281631938e-01
9.892071632885790500e-01
9.856881918061899395e-01
9.747717925619806545e-01
9.891871464548177562e-01
9.616549685724316010e-01
9.919060499567041722e-01
9.867044596215276409e-01
9.908874961108461443e-01
9.553897502160021427e-01
9.908807489976734217e-01
9.899973092685379061e-01
9.841403986383916447e-01
9.695124351836108545e-01
9.798918882520859519e-01
9.871374809720008248e-01
9.863455328007895151e-01
9.725055209540671708e-01
9.693406661299190930e-01
9.791162547064905519e-01
9.607261670577973423e-01
1.040279523401850259e+00
9.844138012703755880e-01
9.913086492568157215e-01
9.881092394943031820e-01
9.928459191022398489e-01
9.857598335814813373e-01
9.823214937851321160e-01
9.841672815375877015e-01
9.804305813118431301e-01
9.869927872541165437e-01
9.874811147779403164e-01
9.757560440625280274e-01
9.855918220271541186e-01
9.840958225310644236e-01
9.855356668088272043e-01
9.979114601413152652e-01
9.708787560169953590e-01
9.818272360284793221e-01
9.829019964835273848e-01
9.958377123699003741e-01
9.850740535766171480e-01
9.881085654892749481e-01
9.582173535129125952e-01
9.812973618843879864e-01
9.741902623056239996e-01
9.861834033858418724e-01
9.960322415290291387e-01
9.867991736293215688e-01
1.003231517686073548e+00
9.951857958530316850e-01
9.854746609304383398e-01
9.947057134292391911e-01
9.832542698612205534e-01
9.780325270965554152e-01
9.647571916425975447e-01
9.825714907013176624e-01
9.593892714570247948e-01
9.876589654236624938e-01
9.876562135303866841e-01
9.558353485801778238e-01
9.655021352973086612e-01
9.789861138713782385e-01
9.538086528420425259e-01
9.889605149949489693e-01
9.897627564101380004e-01
9.881325384794656941e-01
9.948341752592737564e-01
9.790908247575920154e-01
9.457674476588399104e-01
9.887309517675140214e-01
9.837409446165296112e-01
9.895192982898601830e-01
9.781304532553769526e-01
9.839119380636756063e-01
9.758726676462077254e-01
9.733860053083247532e-01
9.919747523076690721e-01
9.801321446992159458e-01
9.443783045316063163e-01
9.537636358048376950e-01
9.875970176358264130e-01
9.955430709386821064e-01
9.753171251361197891e-01
9.731838761323157172e-01
9.990839423676358688e-01
9.890132033840083325e-01
9.757930452703634794e-01
9.707331469926556711e-01
9.877230494833363350e-01
9.874439440913754806e-01
9.706667121475776039e-01
9.925048423264378750e-01
9.741447014732675935e-01
9.789160373817659133e-01
9.807434455206439639e-01
9.745471064426706187e-01
9.666260926544998355e-01
9.706510212471743948e-01
9.852253667775899837e-01
9.859883238796924854e-01
9.944029568675233355e-01
1.002541077241431378e+00
9.483036636545664200e-01
9.929566420956803530e-01
9.936994826300025174e-01
9.811672914600575446e-01
9.921049509691800550e-01
9.809843619955048721e-01
9.455998175970260489e-01
9.802693530786070752e-01
9.923945429214502401e-01
9.817180276071192369e-01
9.704502557297146614e-01
9.705125136588096391e-01
9.879174333845042177e-01
9.699790619185992835e-01
9.341573358989783138e-01
9.791652531015693217e-01
9.495417260731728870e-01
9.884087709747340078e-01
9.779562133208349328e-01
1.003260123565277162e+00
9.373657875567461550e-01
9.846770583894638440e-01
9.653694314589857939e-01
9.925385887392714768e-01
9.790810746223941319e-01
9.863104896055838733e-01
9.610512437653060402e-01
9.864045119523525695e-01
9.569190662406032999e-01
9.888511976560176997e-01
9.778257627762761972e-01
9.641902235530516174e-01
9.595568989457938791e-01
9.598591314817853659e-01
9.795146755749377654e-01
9.694199658391684515e-01
9.813836566177871479e-01
9.857640339238543659e-01
9.858729781928526892e-01
9.723815863225248046e-01
9.749851833701572712e-01
9.883167757704449663e-01
1.011534595554598681e+00
9.755066394250444528e-01
9.969745950434127924e-01
9.670925292476660884e-01
9.842880471277445364e-01
9.633624050969848973e-01
9.700917117191715233e-01
9.841530925312944600e-01
9.835606137911564462e-01
9.756358740168645793e-01
9.731381959255192005e-01
9.787394993106768304e-01
9.658324237075132102e-01
9.667251709027862017e-01
9.751594518150722424e-01
9.891063728506471753e-01
9.644176817162143367e-01
9.673042136915477318e-01
9.836588735087494761e-01
9.762868568386514623e-01
9.768211135294379011e-01
9.954663714647480344e-01
9.721359907413428258e-01
9.462102246872748923e-01
9.837926993582197799e-01
9.844517974853119746e-01
9.739824057603764240e-01
9.308188525828804405e-01
9.770108945142482737e-01
9.704408465884648560e-01
9.889993994825228008e-01
9.819176418349970792e-01
9.836408236235424374e-01
9.707738608127258750e-01
9.688820746069738421e-01
9.880440642676415752e-01
9.762622493806679680e-01
9.965436840687466047e-01
9.794049583583835927e-01
9.824045726377467203e-01
9.872507755158204112e-01
9.751521642927852840e-01
9.903641596931976876e-01
9.881988962804537646e-01
9.984505433462593782e-01
9.838885453352474997e-01
9.733885161227570082e-01
9.777015578597465506e-01
9.860404234762885078e-01
9.738526229844962634e-01
9.793353132407301986e-01
9.826229083616684346e-01
9.806179418302063411e-01
9.874702206125290926e-01
9.889816610665356222e-01
9.818383445344009974e-01
9.943708780601884234e-01
9.809365475346892849e-01
9.853717163466720885e-01
9.593749995484741611e-01
9.879272235072318331e-01
1.009374653156537738e+00
9.780002219855860046e-01
9.711355882753585078e-01
9.497876202942694412e-01
9.832223432151282472e-01
9.606030514984270630e-01
9.730976419045135328e-01
9.638328209466366925e-01
9.878314121219976540e-01
9.753572989845799013e-01
9.807794942761529633e-01
9.943032691576215720e-01
9.884693325404085851e-01
9.707767751114907417e-01
1.001370226805088581e+00
9.985610157655900876e-01
9.855715066383089473e-01
9.903202060594694656e-01
9.547210926656899410e-01
9.955431589468864972e-01
9.900577832843218129e-01
9.700859035259470353e-01
9.500148349668463554e-01
9.704241556063019081e-01
9.863417467009160111e-01
9.578125831822408287e-01
9.810144514448579933e-01
9.822505176210448719e-01
9.754639969314162773e-01
9.758584551880185032e-01
9.872639407202268291e-01
9.818881006526801736e-01
9.810879004762529387e-01
9.931202378269227138e-01
9.715287766123140711e-01
9.798859925509992852e-01
9.785970894582474155e-01
9.856760882911981270e-01
9.661335465316871485e-01
9.759849061439312967e-01
9.905211389431545221e-01
9.980042555691519546e-01
9.593327720398112657e-01
9.582254300882361298e-01
9.740849671427707079e-01
9.907828230579104334e-01
9.652201788072726218e-01
9.851076152128774854e-01
9.689048397427166837e-01
9.828194547639101941e-01
9.846222837402898165e-01
9.863810243389465882e-01
9.824619637439585551e-01
9.728383148396413382e-01
1.002815277085741030e+00
9.634802811848246495e-01
9.855466086991949703e-01
9.756786863639869134e-01
9.653705161977333971e-01
9.771841626934095748e-01
9.843368522208881810e-01
9.931372835854374026e-01
9.902110142876360266e-01
9.814180354423717167e-01
9.842159928793010604e-01
9.734760618912922103e-01
9.797152369765577129e-01
9.688906192031252473e-01
9.811150871370077908e-01
9.829672719802133862e-01
9.884590671215768287e-01
9.911211600583894610e-01
9.891631221630777793e-01
9.858950553101761827e-01
9.818852589037593281e-01
9.950315437006338470e-01
9.868533683357449959e-01
9.718144434464431880e-01
9.714409872632531195e-01
9.562902160932693629e-01
9.808646754160604830e-01
9.690019149778141827e-01
9.846835885529494625e-01
9.786182266806106034e-01
9.695846648515851207e-01
9.855894410534440375e-01
9.866337173238325375e-01
9.866916718646259188e-01
9.527013227839370435e-01
9.857553779766545787e-01
9.947273625694510457e-01
9.870774849748834567e-01
9.929550430522011695e-01
9.923384717901657659e-01
9.544427377710650306e-01
9.542783601115210068e-01
9.722147834297344415e-01
9.896739911225862496e-01
9.820388429435880084e-01
9.465106064313403289e-01
9.722822225205846047e-01
9.933015044623297873e-01
9.775950682772758249e-01
9.360853043775754223e-01
9.786405121929594442e-01
9.864015538073116485e-01
9.925960470902549515e-01
9.714503026361139826e-01
9.415213452091932833e-01
9.479790469537184849e-01
9.930026219030182455e-01
9.878123788425274832e-01
9.910490814021954975e-01
9.429199523893670998e-01
9.856688442224779134e-01
9.826210601093670061e-01
9.733821180176263077e-01
9.706752121821391466e-01
9.754288274111861945e-01
9.876792528548760108e-01
9.601495951806869877e-01
9.905120285045302397e-01
9.808601381810545528e-01
9.915964306884913482e-01
9.846692581345655171e-01
9.387774505336270447e-01
9.751346119948161029e-01
9.790653773713989816e-01
9.825308588054764147e-01
9.871273671383647974e-01
9.853839915938741312e-01
9.892737329300610449e-01
9.783546842593859871e-01
9.581709919949508159e-01
9.899850344220085807e-01
9.770236420134662536e-01
9.701687074920886111e-01
9.988889558285856118e-01
9.685081275029882031e-01
9.877047385767216969e-01
9.788758344272090461e-01
9.476938328526991473e-01
9.870488609379369782e-01
9.993801216383506603e-01
9.790737498407523498e-01
9.857950503720279700e-01
9.730938647724257651e-01
9.882281449120986494e-01
9.498339411473070149e-01
9.816354796757387202e-01
9.765568836439034728e-01
9.776870840146210107e-01
9.888603052832510842e-01
9.886301978358312814e-01
9.841999208227303342e-01
9.895940480494701541e-01
9.698439672733925043e-01
9.417783201674649884e-01
9.825640160600550566e-01
9.917362697717074793e-01
9.838219448820763047e-01
9.566926207737247445e-01
9.743812036667049981e-01
9.855097203350247081e-01
9.910687966411857452e-01
9.705198380368631472e-01
9.799388510093673954e-01
9.707167952204004413e-01
9.953836510965541340e-01
9.655773281456300206e-01
9.927737805490564060e-01
9.706484325656888901e-01
9.743784610667781676e-01
9.831135565741383475e-01
9.899892097751016307e-01
9.975731580042833668e-01
9.859937766889886879e-01
9.745580118777114054e-01
9.971999250686003347e-01
9.830199301905943043e-01
9.971463756958346414e-01
9.708336358590889947e-01
9.754699306380310020e-01
9.949570314115708802e-01
9.718022305992682908e-01
9.906752711608173279e-01
9.932337897782137492e-01
9.888168814128168727e-01
9.855686509273282603e-01
9.738659511074883035e-01
9.959185609614580326e-01
9.913898092186641531e-01
9.584010320396538773e-01
9.965793125310268286e-01
9.812738589185626692e-01
9.780385015030791385e-01
9.854042760947123725e-01
9.744766930005578365e-01
9.618456106636957825e-01
9.871657182425759292e-01
9.605613003213159251e-01
9.917419808128925540e-01
9.671954295561600023e-01
9.682594163259563569e-01
9.833573440166061275e-01
9.704553959190980184e-01
9.782160265950863298e-01
9.830929606018691258e-01
9.803369854176866571e-01
9.662204047751014047e-01
9.795915320023107498e-01
9.961300375519053230e-01
9.912569883834951856e-01
9.835133397785057463e-01
9.639808147501082169e-01
9.571972910143791147e-01
9.776285231535331022e-01
9.284667716410401894e-01
1.004987923001832151e+00
9.799714860363426538e-01
9.742110189652142260e-01
9.812724660751648287e-01
9.931457202443391141e-01
9.862368411287857350e-01
9.856416725496010001e-01
9.557533166108520550e-01
9.834465604506239522e-01
9.946780448097193306e-01
9.844589244759264224e-01
9.822046310529927160e-01
9.835670158580119837e-01
9.708792283676985768e-01
9.665808165288225506e-01
9.925330852438623008e-01
9.836421314820538164e-01
9.789402000969074091e-01
9.757558802039293377e-01
9.944842757975407288e-01
9.921568437655461370e-01
9.679982880484729879e-01
9.894060107322312225e-01
9.681070659343443685e-01
9.986710041392756754e-01
9.869306341472768862e-01
9.761017455027966028e-01
9.851152706196928399e-01
9.854243941007947427e-01
9.605804523591381372e-01
9.617309709319031841e-01
9.830386853510713063e-01
9.965901116231240531e-01
9.857813526294604278e-01
9.773144431665714560e-01
9.443149814845701595e-01
9.709662288052950396e-01
9.854774895284628133e-01
9.864435997316042259e-01
9.835873058605432151e-01
9.729793422762809119e-01
9.842003181144993729e-01
9.991630847373521584e-01
9.812542485850344054e-01
9.692193969028745082e-01
9.784355156490044392e-01
9.693177988636209053e-01
9.842241266939419919e-01
9.710187798966589678e-01
9.884587016881688504e-01
9.606408820743416177e-01
9.590686791814230228e-01
9.784126104345894914e-01
9.848657908731325294e-01
9.671105252716731826e-01
9.987411303400831608e-01
9.826355321195477943e-01
9.887738803820060873e-01
9.980051884121476924e-01
9.852247715686605067e-01
9.773815557277880650e-01
9.759404622562147802e-01
9.679664520962698582e-01
9.957635392970420884e-01
9.926945703060846560e-01
9.871545434784544382e-01
9.646224233825813066e-01
9.940582542153151291e-01
9.765747896069544298e-01
9.841431621354519432e-01
1.004547240159517463e+00
1.002939171083033099e+00
9.860683395016542896e-01
9.768334428479322762e-01
9.854970502776880803e-01
9.910812036147510495e-01
9.858549593767780284e-01
9.774821709554325500e-01
9.917998252820765526e-01
9.868679761099843351e-01
9.905206042170009439e-01
9.753423783228192256e-01
9.865925162141115923e-01
9.841063576651459810e-01
9.753158028013283465e-01
9.918901706729590373e-01
9.590744647055393646e-01
9.690934034763248883e-01
9.521870950131534617e-01
9.761268780190665018e-01
9.897662752962607113e-01
9.637707611100604366e-01
9.921033050983009138e-01
9.713974962244743550e-01
9.881292640779356651e-01
9.590340648361996845e-01
9.759444672506202290e-01
9.831931710307485472e-01
9.830172476471200627e-01
9.421364394676811083e-01
9.813513926265293730e-01
9.971726686231577874e-01
9.522527253477451881e-01
9.834232245150413831e-01
9.889006673395688285e-01
9.993345347789759359e-01
9.777247724084275893e-01
9.458686475168870400e-01
9.924962103426214766e-01
9.939896818966882375e-01
9.747364923567665151e-01
9.853456914620727369e-01
9.639314278868462704e-01
9.824998677051296481e-01
9.746735113349599411e-01
9.845516901462781911e-01
9.688450451922128170e-01
9.639988460676096604e-01
9.851798779399023598e-01
9.811451364519894192e-01
9.731819915896900985e-01
9.850145754371810725e-01
9.778639599978963259e-01
9.801930823206459475e-01
9.786072660517859401e-01
9.928142369925888611e-01
9.884102461542005891e-01
9.916558776707731226e-01
9.739341964202797852e-01
9.901579636419839403e-01
9.911066323460283600e-01
9.819582900297122441e-01
9.889626532429593997e-01
9.873521847317738853e-01
9.850651157039703731e-01
9.736855660451111394e-01
9.866794903897564417e-01
9.648103234809506379e-01
9.834137133388964891e-01
9.790323052102093415e-01
1.001306875090744786e+00
9.712661488294160872e-01
9.474062920394515919e-01
9.849546176108219253e-01
9.847911209427793189e-01
9.697362620950614742e-01
9.684851481592819944e-01
9.811126398505669588e-01
9.884239653237181233e-01
9.564046003863573286e-01
9.616527856431841270e-01
9.568586683090563039e-01
9.870346919775958572e-01
9.878246147985537684e-01
9.802528063677250492e-01
9.687894149984259684e-01
9.863948788683819524e-01
9.916031478977017644e-01
9.796599522206685950e-01
9.658561741626277009e-01
9.938586086844695133e-01
9.880377483648854486e-01
9.973409757443498780e-01
9.668566813212071676e-01
9.814910959202211016e-01
9.777716306610252373e-01
9.719041365940432886e-01
9.804489829649501997e-01
9.902486647798094399e-01
9.735995372867842779e-01
9.388290873141140747e-01
9.624037939833005595e-01
9.870356071415836707e-01
9.924088433104867324e-01
9.890685977566525677e-01
9.810090669218987092e-01
9.766046466440657658e-01
9.852228638154252316e-01
9.979769364318923364e-01
9.642974928919942901e-01
9.902546584331789470e-01
9.435936600766781090e-01
9.793764026581925908e-01
9.760721037973726366e-01
9.577470022365148772e-01
9.779692734350107219e-01
9.767428153161178406e-01
9.850497504246349401e-01
9.589125979291428514e-01
9.503676340743723028e-01
9.622029122909514509e-01
9.865512230114581449e-01
9.744537977581609889e-01
9.708734881374165848e-01
9.805945345932979285e-01
9.881155155691722092e-01
9.735068791869228022e-01
9.827942398298816773e-01
9.843398291117860799e-01
9.499782019700938607e-01
9.763091373280867735e-01
9.967515363895681491e-01
9.650290605387984444e-01
9.626884087146748703e-01
9.678573305588524800e-01
9.746169375444392324e-01
9.867580979276097120e-01
9.850430831446677082e-01
9.862165696326623543e-01
9.397012693620354629e-01
9.891276545899883033e-01
9.502534020349591160e-01
9.744136640324675414e-01
9.833666842307428047e-01
9.768045404957157452e-01
9.704308044835242564e-01
9.685432842329416703e-01
9.900694563956187189e-01
9.852537956217309878e-01
9.850252819554027317e-01
9.871077513879545906e-01
9.819193123577136806e-01
9.845065417583143130e-01
9.603922430878704120e-01
9.874474423597718875e-01
9.869394843095893322e-01
9.702322304452990487e-01
9.814019125158870427e-01
9.830498468629182973e-01
9.913673255443234966e-01
9.888154097237412676e-01
9.757450945571942702e-01
9.798630863302475458e-01
9.650679031971465260e-01
9.701931875232097102e-01
9.837453225683423508e-01
9.945673784311280796e-01
9.725643937951863327e-01
9.957712432240559686e-01
9.725834590533128932e-01
9.835106093679862882e-01
9.807709876402448401e-01
9.545602568591052828e-01
9.834796207730064355e-01
9.669584671066053794e-01
9.652980409568348019e-01
9.496352622609444127e-01
9.838627309453027436e-01
9.680869689315924065e-01
9.851767497232981619e-01
9.846564892155829085e-01
9.843257529129174621e-01
9.654000624588686685e-01
9.815259379301021214e-01
9.703670143035404427e-01
9.892834499914914259e-01
9.940221122447194801e-01
9.918304197870397854e-01
9.887917034719344578e-01
9.606416522213981901e-01
9.472427026107798076e-01
9.748247436324863902e-01
1.000387689850370965e+00
9.833959521928188341e-01
9.754848980345686149e-01
9.862681566513847864e-01
9.616150020051230651e-01
9.854661520041529954e-01
9.875007440477713283e-01
9.818491067798622574e-01
9.834326022912601717e-01
9.923038680057560956e-01
9.985816467866228674e-01
9.753535971065637744e-01
9.643541013735913436e-01
9.662577358508764869e-01
9.764485545050624049e-01
9.950586777569128127e-01
9.736489663636561653e-01
9.965390444264549119e-01
9.807767750884996971e-01
9.815612656843442085e-01
9.880523147030219056e-01
9.720046255685518277e-01
9.939301680154041252e-01
9.706791730328427903e-01
9.828072556013111027e-01
9.882891645717124529e-01
9.825892217320200128e-01
9.828120103062093493e-01
9.468357421771337323e-01
9.888728771119158489e-01
9.973320824786436889e-01
9.623999181325503249e-01
9.813124036299039066e-01
9.567428095005352517e-01
9.580563182230708019e-01
9.642040927854098609e-01
9.870534040768028650e-01
9.434992225564436952e-01
9.606325100559335306e-01
9.691693698538779156e-01
9.779055296837440014e-01
9.550496223480817726e-01
9.827908810405983075e-01
9.517583109071423575e-01
9.881984990225713972e-01
9.843754262053605597e-01
9.902118589529246284e-01
9.671718295178100000e-01
9.769797379691721462e-01
9.790552273159329744e-01
9.957534884355815352e-01
9.727421015933299664e-01
9.722706051218209522e-01
9.741078934884941365e-01
9.851881148324300730e-01
9.762466277824777272e-01
9.802358880476410574e-01
9.861794583392528013e-01
9.771315553551483957e-01
9.694282711873558611e-01
9.743949803344230665e-01
9.701039472940445885e-01
9.760951991100605962e-01
9.700231312067775225e-01
9.942346759910896115e-01
9.840143253788974365e-01
9.839847429392847289e-01
9.718654056266030627e-01
9.756545957064677310e-01
9.654041758220862635e-01
9.717590373375767365e-01
9.754692749220109649e-01
9.744691463068588799e-01
9.790078881578032632e-01
9.833261374237430852e-01
9.863245804750776502e-01
9.929216156510570768e-01
9.949764655114732292e-01
9.938195670895537681e-01
9.692096629160397159e-01
9.832279557692199523e-01
1.002550626447141324e+00
9.753793334849177876e-01
9.730335442437586524e-01
9.873814126332388641e-01
9.820061523147902705e-01
9.856674876573627841e-01
9.803010556586011504e-01
9.962583700921477936e-01
9.587468034380006721e-01
9.913122434749965795e-01
9.887212022331353101e-01
9.753677005445696713e-01
9.654507629625641574e-01
9.646890251077067102e-01
9.743693939079705046e-01
9.647284256808451586e-01
9.972486712492012462e-01
9.865153591509289166e-01
9.880990492952622661e-01
9.838861812119683581e-01
9.821057994052507789e-01
9.772041445383381486e-01
9.851608618525341532e-01
9.696588374273239497e-01
9.710485471146464986e-01
9.842499109351442454e-01
9.898908367475819370e-01
9.841690678462832187e-01
1.000327443960189910e+00
9.858098911105662721e-01
9.898625479008850148e-01
9.878966327932287017e-01
9.848660153893370461e-01
9.742617370378845454e-01
9.729954472697246448e-01
9.612118551002494238e-01
9.720515244572539570e-01
9.804448777559049422e-01
9.739772456356706742e-01
9.855535841241618300e-01
9.851376411201796524e-01
9.955182183117924355e-01
9.820952558659767906e-01
9.700536023904025029e-01
9.809406552613042507e-01
9.863016604808475529e-01
9.920215917174176612e-01
9.819714698730724889e-01
9.831885472970132156e-01
9.584164575486224802e-01
9.788443077037829454e-01
9.647309058433568563e-01
9.708873718674709830e-01
9.805167917996751026e-01
9.671824198138440076e-01
9.948386731581606579e-01
1.003662033491898642e+00
9.824510304473660360e-01
9.610887375964832779e-01
9.732728644342507618e-01
9.698120078002088196e-01
9.767312550390276904e-01
9.670868072411338279e-01
9.897634907775219038e-01
9.768527957855146493e-01
9.689589352851709636e-01
9.959334039911813541e-01
9.970757854598991665e-01
9.867642547027668520e-01
9.632686481922062560e-01
9.923212725350636365e-01
9.851480994806344205e-01
9.751203093056260984e-01
9.828076754480079558e-01
9.865576041390945461e-01
9.704560654933723773e-01
9.751571292302401162e-01
9.661245446338865284e-01
9.674177193693197507e-01
9.908938054648631644e-01
9.725487392722438340e-01
9.727282307526413652e-01
9.794689550735330430e-01
9.685270090686086686e-01
9.748662909639134178e-01
9.734942775751163069e-01
9.607264303626106283e-01
9.615800758296243478e-01
9.861435265752739321e-01
9.445450628368107227e-01
9.982149818400114505e-01
9.772672906595251119e-01
9.816347038362723820e-01
9.764843675981090820e-01
9.596196163696439907e-01
9.914983671588897263e-01
9.722846811511115517e-01
9.712566298608368287e-01
9.784041913002046176e-01
9.843743566857977578e-01
9.846953588104891963e-01
9.865515022538534629e-01
9.675676692483945462e-01
9.796020762330456266e-01
9.937208425966920222e-01
9.844359385023271347e-01
9.541880206918978979e-01
9.985360007281999239e-01
9.711302481815488052e-01
9.714005869249519032e-01
9.798475146959260140e-01
9.353113656838439871e-01
9.570632362106635815e-01
9.658006749634292509e-01
9.923313506926632055e-01
9.856046051941341757e-01
9.808426971604290445e-01
9.890095193469899959e-01
9.935157510765810773e-01
9.820641853798893761e-01
9.567635933590492581e-01
9.700748873753992640e-01
9.511105643972811441e-01
9.902225461229058334e-01
9.868253777146146488e-01
9.838363596618855400e-01
9.860550596574811921e-01
9.796535090935627466e-01
9.841266858059376510e-01
9.796598983295011775e-01
9.580798642205288207e-01
9.659440366533250666e-01
9.906964948093873735e-01
9.853206166679528977e-01
9.629339908259081371e-01
9.625370974215573527e-01
9.706023322295180833e-01
9.921871785269602562e-01
9.770825346875651185e-01
9.894548582489398614e-01
9.800113417918346892e-01
9.672435753594706975e-01
9.637861460325143348e-01
9.649651413368853792e-01
9.795487758443713888e-01
9.865227025476541733e-01
9.836829838824010519e-01
9.748018730722670666e-01
9.819278565155847849e-01
9.849370217840132113e-01
9.829711937334746352e-01
9.998557842355566549e-01
9.781936767866727944e-01
9.757047626561614617e-01
9.718317063185859528e-01
9.948598705460981462e-01
9.675397196045887327e-01
9.755425776019041040e-01
9.503476839705906620e-01
9.904257848249172769e-01
9.788507632068979003e-01
9.716631863873563812e-01
9.870370475107863584e-01
9.656026948580851421e-01
9.903184833054735625e-01
9.973200154257996219e-01
9.769853240153654195e-01
9.843954262333873828e-01
9.767679270618309095e-01
9.747550487518668039e-01
9.925339215022686012e-01
9.878909317231920895e-01
9.939139090636260887e-01
9.530662803222608170e-01
1.008348455844151115e+00
9.637484900325263837e-01
9.654999282768351732e-01
9.908287078218180888e-01
9.765801271940377504e-01
9.831172991242794756e-01
9.822886256129366167e-01
9.931049213500050543e-01
9.796363315476411815e-01
9.951315788583533495e-01
9.904966941029372807e-01
9.514699594603199806e-01
9.796967928397976033e-01
9.676449895182369643e-01
9.725445809190457203e-01
9.801948711419176119e-01
9.526274749829947153e-01
9.489039618499484074e-01
9.714216521422586181e-01
9.926933923774919899e-01
9.800204905010823087e-01
9.743407815756550683e-01
9.769460313058588863e-01
9.778899978870070342e-01
9.728449560404465180e-01
9.553763407484534564e-01
9.837638672923164629e-01
9.875736764441269688e-01
9.478828218799322247e-01
9.847582976727123905e-01
9.869721074870581035e-01
9.680438804195216074e-01
9.905733251839060616e-01
9.719365856844259799e-01
9.871895721254496658e-01
9.795208848546086422e-01
9.822039354642470022e-01
9.732812853092909222e-01
9.864533835476243517e-01
9.696053002460811587e-01
9.834072016200806621e-01
9.787150830248818600e-01
9.813371528943645172e-01
9.701973921403422851e-01
9.721497867751739408e-01
9.588233730393638243e-01
9.791073748537136856e-01
9.853100209914654739e-01
9.843534887985668780e-01
9.858924564091317011e-01
9.874307725183288920e-01
9.846091055815683335e-01
9.869955176272492414e-01
9.743109278152254360e-01
9.761636798234226697e-01
9.668559383022992115e-01
9.851911451877942705e-01
9.818395561128618887e-01
9.880083648406129404e-01
9.867771658527068057e-01
9.888460366377206379e-01
9.653560585007103789e-01
9.497350992694412186e-01
9.781127595350007642e-01
9.742568125650402644e-01
9.808372160836087428e-01
9.869580270485657225e-01
9.824394365922622940e-01
9.840478440909740110e-01
9.900781023075249099e-01
9.703717652752693601e-01
9.814968205002966295e-01
9.730287941037552013e-01
9.670095785885308715e-01
9.752345188358628736e-01
9.830438459751341673e-01
9.809168371782703844e-01
9.906371705445449205e-01
9.897515491617344674e-01
9.832494154475823755e-01
9.842377038534724232e-01
9.887175246998646250e-01
9.812499095693126838e-01
9.793555379803469130e-01
9.909819388105479687e-01
9.901525980066804289e-01
9.933578248075599637e-01
9.818294830675972085e-01
9.704597440554775245e-01
9.792968667501530389e-01
9.794713521868001482e-01
9.940961548165733186e-01
9.910413167944912560e-01
9.485929841825527786e-01
9.727206782660408058e-01
9.879381976266047305e-01
9.569655943329324899e-01
9.622683324541678740e-01
9.806078403755801309e-01
9.806900392691304535e-01
9.917409152439490283e-01
9.877069908954145827e-01
9.630675950422079579e-01
9.785850065830630218e-01
9.727198683380643418e-01
9.834659078851046843e-01
9.920092825133082215e-01
9.744603105188157643e-01
9.360838758170266782e-01
9.905104535726155790e-01
9.890751873324020726e-01
9.527046377487599083e-01
9.796840856404400721e-01
9.741151139575630058e-01
9.922187388235271799e-01
9.900747951739348185e-01
9.826762713359186163e-01
9.772249273868947039e-01
9.861679663221354364e-01
9.602505698537783241e-01
9.781196773176218384e-01
9.798033721174049804e-01
9.808598820285087116e-01
9.893572516981181675e-01
9.703569502604625363e-01
9.854351714342530766e-01
9.562547858910742660e-01
9.842043410280411075e-01
9.431193139384873581e-01
9.857254970416736706e-01
9.711732921858826639e-01
1.002330765835774073e+00
9.709390110917381911e-01
9.575139424608508643e-01
9.894553112358046576e-01
9.880130345525863778e-01
9.742272877129174447e-01
9.976158201479590204e-01
9.959530624380191766e-01
9.719357182111366678e-01
9.887452328527625012e-01
9.858856079968381092e-01
9.659153387845919037e-01
9.777248334843749999e-01
9.816070094010207470e-01
9.580395128912917446e-01
9.552049225839701618e-01
9.583774817638419652e-01
9.962513840849480662e-01
9.586862662292970905e-01
9.808765594956422307e-01
1.003596442510040765e+00
9.753127754806318883e-01
9.882069374867018530e-01
9.635372157538812932e-01
9.852166103280027842e-01
9.739893845923515148e-01
9.707206973511817161e-01
9.913086973644176236e-01
9.812844356470475926e-01
9.760529576092396020e-01
9.883815730391162235e-01
9.840563573918468254e-01
9.559708484725831790e-01
9.793420022571351913e-01
9.842424988502864736e-01
1.000454740382304752e+00
9.826631603204126764e-01
9.897982563453360250e-01
9.748439130446689971e-01
9.926884474712220907e-01
9.945468425768255738e-01
9.915719963338101017e-01
9.861638265381259538e-01
9.658043995959852968e-01
9.933997831337034734e-01
9.906552506265721147e-01
9.843686471581887254e-01
9.690557306647172853e-01
9.500404469206463753e-01
1.001584047844714664e+00
9.721490343822866143e-01
9.843509710840644411e-01
9.827739106796332669e-01
9.876051031303029193e-01
9.624773840276468206e-01
9.950405893978310212e-01
9.981980436635669029e-01
9.762539864011412494e-01
9.740693657886747570e-01
9.850210015123374019e-01
9.679156798859938071e-01
9.841199526130540720e-01
9.775450337786854016e-01
9.656206959638672371e-01
1.003167195937148870e+00
9.686265843021212296e-01
9.799279763431714141e-01
9.658940671672228140e-01
9.916456410918029762e-01
9.881816637826095207e-01
9.867093982223459347e-01
9.852060057918774483e-01
9.729443026417134988e-01
9.913116787403157826e-01
9.705559720790061240e-01
9.839624121849469551e-01
9.737387305515531333e-01
9.332197304211165001e-01
9.782166094719767502e-01
9.418972298605302607e-01
9.676364985181513667e-01
9.883078743086727291e-01
9.806553321572065718e-01
9.887664244746143805e-01
9.868611319893234590e-01
9.720700323189120917e-01
9.851965963887757693e-01
9.818272365959038739e-01
9.733832121428932505e-01
9.981081867821466336e-01
9.745883529148895441e-01
9.664516643719081035e-01
9.913338517827591234e-01
9.680569299866130795e-01
9.841133738669574083e-01
9.919956991854603778e-01
9.797460828328898863e-01
9.659298985117957814e-01
9.711809967343491001e-01
9.881723232974094495e-01
9.881600986329456271e-01
9.863421702508040623e-01
9.500067533132423581e-01
9.762261673401371187e-01
1.000061180616286904e+00
9.874858055742917751e-01
9.557516024303880364e-01
9.919066507985238035e-01
9.816597669236450940e-01
9.606884848647682107e-01
9.339947584608129239e-01
9.595941807540714352e-01
9.782100528126254080e-01
9.533090505789272306e-01
9.845420575518982753e-01
9.720794826584259196e-01
9.974429398270223679e-01
9.914702315788911369e-01
9.797822282596959642e-01
9.751351503089197292e-01
9.794995264822767833e-01
9.911440825161026424e-01
9.876384471702317480e-01
9.883871328797078082e-01
9.853381791838147219e-01
9.585189659263386730e-01
9.894229421708269356e-01
9.771274918451982039e-01
9.693449981227090229e-01
9.840436910199085174e-01
9.942640569735634593e-01
9.857509401213998546e-01
9.876548791809273142e-01
9.664136738116416714e-01
9.756804996815223729e-01
9.772031573586190678e-01
9.649119834220685199e-01
9.902816630550718147e-01
9.827179996463272227e-01
9.918328158092072355e-01
9.739971896858212741e-01
9.855983840577968724e-01
9.682878663678937681e-01
9.785973744664481222e-01
9.694416155095854082e-01
9.984902351919018315e-01
9.569243112796668171e-01
9.625071272058003391e-01
9.702389766252588199e-01
9.899113727078582281e-01
9.913348518556858169e-01
9.637175946077821687e-01
9.755759231864175041e-01
9.628116741212396912e-01
9.751390319990033140e-01
9.982567742724994808e-01
9.586817416914236167e-01
9.742245938908269398e-01
9.901256178369894911e-01
9.670390219396719500e-01
9.720359177627125868e-01
9.996057783151669485e-01
9.598394565816124047e-01
9.873961244791262803e-01
9.757463337839096251e-01
9.879018880025145499e-01
9.909778248639413700e-01
9.811478857223205896e-01
9.824866127863958187e-01
9.897270981498850206e-01
9.888979933268901013e-01
9.870652254055570785e-01
1.006021682484167012e+00
9.869380149105271283e-01
9.857597448129354900e-01
9.863393246856262397e-01
9.998041538532037587e-01
9.767716972089900418e-01
9.772661106086313332e-01
9.583303185960205806e-01
9.946783379229371391e-01
9.679168799826950442e-01
9.903107305390498327e-01
9.815045963790168804e-01
9.602063413560946170e-01
9.786220700341405898e-01
9.785893552270061857e-01
9.833033742990241466e-01
9.843325609745711136e-01
9.849660998754600216e-01
9.900378293581917344e-01
9.881052552299255387e-01
9.785662014703851996e-01
9.836436060980037199e-01
9.875339276702052027e-01
9.759543784822735102e-01
9.860687296586485573e-01
9.747631642009570996e-01
9.649671439151757957e-01
9.632266058676922649e-01
9.846231125511696325e-01
9.771351716266618581e-01
9.797531355557600463e-01
1.009261586749815143e+00
9.695979181275956593e-01
9.902015953511338342e-01
9.923855468392128731e-01
9.893877583378111185e-01
9.763883596080068505e-01
9.779074248311123707e-01
9.526706735622024746e-01
9.968587671069456535e-01
9.656509010236219437e-01
9.730279346099873772e-01
9.749705024367766315e-01
9.761094583072406072e-01
9.815142432983624543e-01
9.687094408244827370e-01
9.744920541794728219e-01
9.869123158457848710e-01
9.763206384230155299e-01
9.885986365155365885e-01
9.768999594285625587e-01
9.870992712333558350e-01
9.722302426926470176e-01
9.567409421304216011e-01
9.936871406173765076e-01
9.681366278713512408e-01
9.814857971689106009e-01
9.756501951911441539e-01
9.888563525218077022e-01
9.869699836109455671e-01
9.878067534806178607e-01
9.834085407525313682e-01
9.744856476973891013e-01
9.865785950251095837e-01
9.692721458178199523e-01
9.671662465825296984e-01
9.786274095885616475e-01
9.636947758242837558e-01
9.682790848751707813e-01
9.565471016557789419e-01
9.836363985539833266e-01
9.828422784923437350e-01
9.843812467810223454e-01
9.570378702461437292e-01
9.824114981737015473e-01
9.841497417838499517e-01
9.726786896808424787e-01
9.871484442534997905e-01
9.700768256075994467e-01
9.740015492034802547e-01
9.774063077802755961e-01
9.857804985470166592e-01
9.840779699229886823e-01
9.784728127710901058e-01
9.767444030581647896e-01
9.786834388151928188e-01
9.868341299358313057e-01
9.805398531997433498e-01
9.926875835407961146e-01
9.758919012351939815e-01
9.863768884548466120e-01
9.683666847837991698e-01
9.817014477332416389e-01
9.710260701331150379e-01
9.233578658268118966e-01
9.826109918367683660e-01
9.845863583136994501e-01
9.846819260291863607e-01
9.659909098412077233e-01
9.933639750313609795e-01
9.902575704979103000e-01
9.846212354653568477e-01
9.847930080315676626e-01
9.917230833272031587e-01
9.824134810204380175e-01
9.727280778035389819e-01
9.981858315555357519e-01
9.882352219033010421e-01
9.885220340563263264e-01
9.863570306613084204e-01
9.747187625018275403e-01
9.848299207534952915e-01
9.925240025611921091e-01
9.834700133219526075e-01
9.539749758760766030e-01
9.809813606071319247e-01
9.708046082705324986e-01
9.843678309047786401e-01
9.988415715970394571e-01
9.849428361217877903e-01
9.834830080805977426e-01
9.959029094486665512e-01
9.737165744017699520e-01
9.808712967731566534e-01
9.774604405426892129e-01
9.873812599529602219e-01
9.919628431953145808e-01
9.812388625944589160e-01
9.735839041065496025e-01
9.666204093104482364e-01
9.734119465892797640e-01
9.758601425053173850e-01
9.554918813125719002e-01
9.901353563276523717e-01
9.745154378689742103e-01
9.796920587775121980e-01
9.984114813514226583e-01
9.765941798301287502e-01
9.777689737402796011e-01
9.877778946465750609e-01
9.456402432108582667e-01
9.836781798232783203e-01
9.845912624964051618e-01
9.887323624089355834e-01
9.780617095143947504e-01
9.812590590043729355e-01
9.657816368325760070e-01
9.635185322497232807e-01
9.606418983205073925e-01
9.663756817095953133e-01
9.805683150095548806e-01
9.890824522962742282e-01
9.902750639331512339e-01
9.637943467812218890e-01
9.595377786945181731e-01
9.712254148982467639e-01
9.746026609643340111e-01
9.948574963297613927e-01
9.691397319950721956e-01
9.938506800076524206e-01
9.828200706134789799e-01
9.477269729558402966e-01
9.918036017760150092e-01
9.846461380865472179e-01
9.770297222422382744e-01
9.758339591697001714e-01
9.768285918447927596e-01
9.812113899034290432e-01
9.624871730766962896e-01
9.884214840832659110e-01
9.887566447527922353e-01
9.865574777883859836e-01
9.892268251128328860e-01
9.837780183498522346e-01
9.972170320979369951e-01
9.601847794457735175e-01
9.794104980323937726e-01
9.783259720817625293e-01
1.001128642023634052e+00
9.911136995455968046e-01
9.915120545817612818e-01
9.818653153446595949e-01
9.917926376156209756e-01
9.935364211485939734e-01
9.776859271521768369e-01
9.562091093013330712e-01
9.897640865149520684e-01
9.618890609795597291e-01
9.898079842083585822e-01
9.900327853536843303e-01
9.731669959188987695e-01
9.824856675148780916e-01
9.906864979851339736e-01
9.884619214633997286e-01
9.834229348574106133e-01
9.696823534493363983e-01
9.864367417154106255e-01
9.855197232133006136e-01
9.895479114612946159e-01
9.695670558418850726e-01
9.535240582396972142e-01
9.770613907255498720e-01
9.449227931501598121e-01
9.523955586702222975e-01
9.844410588102332493e-01
9.822861802569498035e-01
9.712182194846120664e-01
9.734838995924991467e-01
9.543382161357522042e-01
9.821409821020442577e-01
9.703399463411249704e-01
9.752475139171925544e-01
9.862541743389107163e-01
9.706283295912059295e-01
9.776369250909971997e-01
9.780740830381379203e-01
9.990480097088959566e-01
9.981506084995214190e-01
9.926095115853784678e-01
9.805701285552137492e-01
9.750995327112649269e-01
9.804244133696118357e-01
9.716593048567518931e-01
1.005385008676277225e+00
9.949786548847744383e-01
9.828003514145893238e-01
9.842908455995553751e-01
1.000649778389125943e+00
9.858131926715039128e-01
9.814672095358148995e-01
9.885626654524908297e-01
9.819056082993374845e-01
9.854102536584992134e-01
9.699625525285768823e-01
9.816476863127421293e-01
9.896282442703211446e-01
9.929671909113531036e-01
9.919394222914874604e-01
9.850312207263601794e-01
9.671964348591625127e-01
9.787694709206777866e-01
9.685024475934060906e-01
9.858012734720390524e-01
9.700230918770351707e-01
9.369929685181511703e-01
9.802572343937678845e-01
9.646041759121836145e-01
9.547395110790994899e-01
9.584666643135968389e-01
9.732954029746436753e-01
9.877604364117699154e-01
9.625545946602168668e-01
9.860551776968171644e-01
9.803875516010581714e-01
9.911230339819719903e-01
9.853738942341365714e-01
9.933738913040315310e-01
9.829218205968380806e-01
9.530028722410891495e-01
9.766178078050561373e-01
9.819171490003402170e-01
9.822631930957953506e-01
9.827591407357659792e-01
9.881755113067972607e-01
9.324628776491002968e-01
9.891120555691621519e-01
9.873430146707240507e-01
9.859453870498825490e-01
9.743476022985161356e-01
9.883571637853842962e-01
9.831668625664820027e-01
9.690706620750806355e-01
1.009812827920488543e+00
9.887516585207823949e-01
9.630492324334538612e-01
9.439745773404315532e-01
9.822771458238495068e-01
9.908422621016818033e-01
1.000234177884188114e+00
9.584609507445606136e-01
9.966125487149463114e-01
9.762081335089604073e-01
9.681099375800873430e-01
9.427814024397058734e-01
9.707485226284304769e-01
9.918354161897797727e-01
9.877167730765180620e-01
9.926170580317292824e-01
9.744462105938564989e-01
9.907074344725527171e-01
9.765752930161277767e-01
1.000018102700210632e+00
9.850396267193453070e-01
9.818803664764027550e-01
9.901022732089511669e-01
9.706221269973875909e-01
9.641762816785686141e-01
9.468261586645398964e-01
9.928849013143308255e-01
9.764623046594708144e-01
9.850156088414652178e-01
9.789438757648587508e-01
9.581736890784287031e-01
9.666419138809890788e-01
9.879744812980012503e-01
9.791150113820944467e-01
9.650834565459380787e-01
9.708528660410761235e-01
9.703700862473388922e-01
9.680386725910382628e-01
9.739910267118694343e-01
9.863350341365731966e-01
9.739776047666705017e-01
9.908073296207944303e-01
9.753817786348752961e-01
9.630435855007399848e-01
9.906615862624377211e-01
9.578736387440772715e-01
9.867056089458545731e-01
9.925740231988486872e-01
9.638983830314532542e-01
9.824917565559392330e-01
9.907190674210951675e-01
9.290805705652951385e-01
9.674821943879459152e-01
9.971761833985668400e-01
9.825085943310852832e-01
9.740557013895362326e-01
9.752469483818387852e-01
9.661184911512697981e-01
9.625690384075613615e-01
9.764942980737382205e-01
9.584857745667907380e-01
9.933321647422650447e-01
9.653949561270366297e-01
9.831079353606357873e-01
9.753525458441403284e-01
9.640408617204881958e-01
9.633871512244697177e-01
9.859244917140175257e-01
9.537175714921787284e-01
9.693298339291723797e-01
9.931363956644136959e-01
9.864229290695974983e-01
9.545635729570436379e-01
9.824368475371115794e-01
9.853545088267062768e-01
9.793124718807061369e-01
9.876943153233332939e-01
9.757584887417604103e-01
9.895776907628126562e-01
9.792027913060601385e-01
9.800194231810578360e-01
9.485645889566456379e-01
9.619367943349151906e-01
9.851440055957049191e-01
9.778318243262793530e-01
9.754687455372450522e-01
9.690082522431494594e-01
9.546453059928257101e-01
9.832996858922733452e-01
9.812280775358546148e-01
9.759738262413714116e-01
9.713662502531845711e-01
9.830464027903476065e-01
9.658421312843267215e-01
9.589602522187155031e-01
9.763292119350044374e-01
9.780244241004127925e-01
9.862994819779634659e-01
9.741766746483908612e-01
9.994649666716617364e-01
9.938482753710249362e-01
9.820387236000637232e-01
9.901634015766621610e-01
9.800136116015953913e-01
9.796800153938141076e-01
9.905466300148066949e-01
9.692313706797468509e-01
9.857683717572285342e-01
9.287737979155561430e-01
9.840686442527830646e-01
9.425220555719666660e-01
9.696055422909750643e-01
9.622428614027813687e-01
9.716523891615548303e-01
9.700161796356189248e-01
9.824931686518936225e-01
9.641883180258110642e-01
9.847857910233012158e-01
9.918185571777700105e-01
9.936203382750427027e-01
9.754211473776980279e-01
9.840316770926315071e-01
9.404356577407088080e-01
9.918361506834305619e-01
9.811948842601282417e-01
9.831092333263624639e-01
9.316773397639309673e-01
9.834246514871598510e-01
9.644620345111095672e-01
9.893047347437373684e-01
9.859984780984888397e-01
9.683768185870464951e-01
9.819137776576051246e-01
9.712337530552637155e-01
9.684232069864581183e-01
9.541091790497523428e-01
9.853335360320737424e-01
9.820463164946771073e-01
9.593847278981991744e-01
9.869794718494854235e-01
9.923893781324160113e-01
9.816062055546180831e-01
9.810964045790082633e-01
9.669092506098689865e-01
9.410432495024697586e-01
9.817027456154582277e-01
9.501120976467644086e-01
9.683682585927924080e-01
9.899369352041278436e-01
9.957043667443994384e-01
9.921834416413396474e-01
9.999390203117172193e-01
9.868022984110862428e-01
9.770948536406099949e-01
9.597165876609519142e-01
9.765238544832919310e-01
9.747709184133176441e-01
9.853762108948327381e-01
9.864107420368140033e-01
9.734407829723281669e-01
9.770145711812113776e-01
9.654971760407966563e-01
9.687984042218845682e-01
9.881748349910656204e-01
9.733966794614493656e-01
9.858234441557283123e-01
9.841305971370913896e-01
9.968294181467579618e-01
9.868865707352824090e-01
9.824603366999218323e-01
9.643644281544920815e-01
9.541004016813010580e-01
9.801862582149349912e-01
9.912284953669078247e-01
9.605999681487672470e-01
9.765060856630144448e-01
9.742439123375806753e-01
9.781836413223921056e-01
9.919349372638356366e-01
9.672450838865184197e-01
9.841701498115353886e-01
9.889293954795490560e-01
9.631017030651582989e-01
9.810867914763148345e-01
9.789212758664086467e-01
9.583147393818614024e-01
9.711781525757755551e-01
9.580338044120830787e-01
9.630012605483079247e-01
9.747303970109041371e-01
9.741567611528129111e-01
9.765988520968504893e-01
9.876435502100335828e-01
9.565631349951539963e-01
9.873324452916918403e-01
9.610999312158138297e-01
9.843209068547744689e-01
9.877563516895621065e-01
9.901519810023560186e-01
9.890107396071877721e-01
9.793784567724300727e-01
9.720096793591042061e-01
9.956276262472901761e-01
9.835105543477146162e-01
9.895880319858315621e-01
9.937905029808761226e-01
9.761861770978752517e-01
1.000048229971423508e+00
9.770954757135926760e-01
9.772610138926345336e-01
9.906244812528666177e-01
9.713427897705283476e-01
9.815273296854186702e-01
9.806698025655831152e-01
9.844186134728105664e-01
9.691163616522239233e-01
9.855563239179870871e-01
9.781163554688118156e-01
9.860178108317628753e-01
9.966946374094127759e-01
9.777360631362544963e-01
9.786562852771745202e-01
9.735745214557072202e-01
9.760790098944238657e-01
9.769190450959774896e-01
9.507404379801485117e-01
9.860418668374073548e-01
9.787897469320936406e-01
9.832535823637865713e-01
9.680796795337166527e-01
9.860643840827204576e-01
9.752006867216772568e-01
9.657881094442980485e-01
9.751495766271631727e-01
9.857260811061553385e-01
1.000558029845187491e+00
9.720321030278715746e-01
9.529012847688664856e-01
9.900333331021968775e-01
9.865751242552043276e-01
9.897373973153581472e-01
9.833463470734115086e-01
9.814267030558617710e-01
9.774585140386060633e-01
9.750020544018422886e-01
9.703079118474688958e-01
9.840711167619521360e-01
9.877535234650154372e-01
9.835672535224871949e-01
9.829575690958846090e-01
9.768168331758965151e-01
9.596757351742066788e-01
9.739438907632202991e-01
9.734832872423793138e-01
9.535899009978013874e-01
9.781124129874605444e-01
9.885961259828246472e-01
9.691926110549794471e-01
9.801537450689845610e-01
9.855501357728235767e-01
9.780348347667492392e-01
9.889142998487117087e-01
9.774931062835724438e-01
9.845119781120433844e-01
9.612911945422056847e-01
9.798771672590580462e-01
9.768436257654465882e-01
9.709891830101484711e-01
9.771957841212743912e-01
9.815679183920321682e-01
9.895558465839944251e-01
9.787289053471736056e-01
9.639972734983469627e-01
9.805645868216834593e-01
9.821736622944370332e-01
9.820048903729472478e-01
9.649389384101376699e-01
9.865189444331247115e-01
9.788532717136241290e-01
9.765565737155980086e-01
9.941412239724685129e-01
9.863767531800117228e-01
9.461119490765020901e-01
9.875456174739205562e-01
9.893686206411514972e-01
9.749923197038485867e-01
9.712412999691700799e-01
9.356709670402106882e-01
9.766575487860201799e-01
9.770643378359483711e-01
9.644048306405268445e-01
9.915062095705131640e-01
9.756877605231281114e-01
9.915385037327705264e-01
9.819541228495739515e-01
9.723071642083721544e-01
9.689192441093691377e-01
9.814917191840503152e-01
9.661796112962466321e-01
9.885120388564722083e-01
9.826644480534404424e-01
9.880463521643167990e-01
9.759045222172459955e-01
9.854070466144824181e-01
9.768623592829248636e-01
9.813835604735019480e-01
9.618278193509141039e-01
9.734832935189061676e-01
9.696177811964088455e-01
9.798577655129192543e-01
9.836790457329223081e-01
9.851146904947406524e-01
9.730325347897920141e-01
9.780730083896378435e-01
9.633195965909829850e-01
1.001986876416316452e+00
9.920509884129514733e-01
9.372605521887427127e-01
9.705398009972481255e-01
9.305204165447270581e-01
9.688979775387867033e-01
9.742447283846136230e-01
9.889709710171850077e-01
9.886037215429404057e-01
9.834940203863330455e-01
9.924005560326124575e-01
9.825088814966371764e-01
9.759067665245286793e-01
9.868515391413240634e-01
9.943744253074947581e-01
9.820734060760765161e-01
9.762793429122553768e-01
9.821928819291297907e-01
9.889277383344877714e-01
9.879564069197955822e-01
9.734391777521372857e-01
9.946572629764361961e-01
9.856390025665187071e-01
9.930604707392282071e-01
1.006309095376117346e+00
9.820689312811733407e-01
9.625007883163969602e-01
9.935038402257249102e-01
9.726667338572347887e-01
9.762232777836402642e-01
9.877351638529945355e-01
9.457590941048757971e-01
9.771199544062851849e-01
9.620233006966291134e-01
9.703513784529984587e-01
9.752507295819489164e-01
9.657604008057337763e-01
9.942204648821683088e-01
9.887732068950672026e-01
9.923195987114263872e-01
9.631817016527495223e-01
9.904202775319658203e-01
9.835752740821392948e-01
9.939150867254713528e-01
9.764496913028395397e-01
9.892114734558996592e-01
9.766887159524745288e-01
9.863050725763690130e-01
9.797779462752730373e-01
9.568116334915443000e-01
9.719127266135543231e-01
9.277865687290399732e-01
1.002777495477795711e+00
9.759554771987922761e-01
9.773138362737420204e-01
9.517911503192808542e-01
9.630273890481081400e-01
9.788761291072729520e-01
9.730652970913540312e-01
9.724884265952059570e-01
9.833297199427323276e-01
9.678925243978052650e-01
9.892808930837680981e-01
9.899113043251325239e-01
1.000889799019444082e+00
9.756358282921542280e-01
9.595916600339307045e-01
9.797723519669268022e-01
9.832200376043194190e-01
9.638749003886497579e-01
9.825485225322516669e-01
9.971114699929567449e-01
9.810575352239222502e-01
9.950486004493276360e-01
9.702743920622864948e-01
9.792809766890262502e-01
9.892048368151556970e-01
9.736679651297692750e-01
9.902411323735843540e-01
9.759219729624268869e-01
9.742226374687519286e-01
9.816068403875271020e-01
9.819212256211246048e-01
9.886936005766405744e-01
9.885711063217683670e-01
9.985538245739431495e-01
9.846157978754535023e-01
9.745463507434651840e-01
9.631237487634357608e-01
9.962398062248687403e-01
9.890709948056822798e-01
9.717410855425689942e-01
9.874766373643812933e-01
9.799689550506203162e-01
9.847084302918936993e-01
9.813387109886535509e-01
9.891912271957631342e-01
9.827440065824746274e-01
9.478652897036579095e-01
9.727845132962689156e-01
9.660093550720683098e-01
9.796218749477149101e-01
9.649787100092643843e-01
9.743009391171126854e-01
9.864094469335867865e-01
9.799330523647586944e-01
9.810735400456390698e-01
9.891568720592918140e-01
9.848193169103693911e-01
9.837694296292939233e-01
9.849622643891836615e-01
9.836807550946667922e-01
9.813058012862750923e-01
9.747815919094903192e-01
9.764612629362965368e-01
9.829452539369567532e-01
9.849560840985375210e-01
9.746015127465241790e-01
9.852924099107321920e-01
9.895743169334975109e-01
9.821412184783301358e-01
9.794587993606546084e-01
9.813256551165905339e-01
9.783453831609555396e-01
9.748554410343754917e-01
9.341751138023195455e-01
9.744634420450106749e-01
9.733222217781521968e-01
9.725864568500742768e-01
9.685359922114040732e-01
9.714936086609969879e-01
9.726756533167677521e-01
9.916367289097747229e-01
9.752090205645366217e-01
9.549215395101465775e-01
9.877118325707069380e-01
9.777608779751626455e-01
9.867239219791720251e-01
9.745499553367645840e-01
9.859987506704730453e-01
9.802118476707996075e-01
9.860675748417299102e-01
9.878161309676778412e-01
9.911172327099087020e-01
9.889017725710355089e-01
9.671930851109256100e-01
9.889282776214932680e-01
9.544611840226084887e-01
9.691726365806503374e-01
9.943449987532145817e-01
9.580938172579204215e-01
9.834830012897339824e-01
9.835620700677529804e-01
9.877854757356961946e-01
9.902182994176177422e-01
9.708964929978084468e-01
9.332278436476465489e-01
9.936562267326584097e-01
9.943185816360170515e-01
9.841302663611602997e-01
9.818883510169066353e-01
9.949094382574048545e-01
9.455081458050088594e-01
9.864108432416480721e-01
9.841328529285967575e-01
9.848434001239461111e-01
9.710532009615381321e-01
9.798814223670218038e-01
9.835268404088500782e-01
9.980506874179913002e-01
9.692267983438912493e-01
9.953236525148874136e-01
9.730079305543553048e-01
9.623952842880922898e-01
9.696826734769546929e-01
9.949804744766312936e-01
9.891913864649564125e-01
9.674172307583824848e-01
1.006893846902293665e+00
9.732382161248728236e-01
9.815271304728432344e-01
9.779457933982512730e-01
9.851503108010110088e-01
9.704915077220075403e-01
9.858072885305642075e-01
9.824992196238804265e-01
9.733040789224259859e-01
9.676088405219905875e-01
9.961090587664902518e-01
9.907661871587842839e-01
9.757035446341590923e-01
9.870806357697150535e-01
9.664493677447689723e-01
9.441841094266014700e-01
9.729422724070455608e-01
9.877727766024859690e-01
9.842628652250013932e-01
9.865433163646512016e-01
9.613405079695255262e-01
9.562304471447562459e-01
9.456341089096855779e-01
9.715173849420805086e-01
9.836386352782058307e-01
9.847809312336885945e-01
9.837089142032823252e-01
9.879023678953822163e-01
9.903928713062475353e-01
9.694014984640534349e-01
9.787968120657662974e-01
9.712491353317671550e-01
9.855469092639963513e-01
9.761956264202741318e-01
9.820743175022700333e-01
9.794274699456233524e-01
9.878551771309618257e-01
9.573991413366830239e-01
9.866465194462717969e-01
9.792425800621354925e-01
9.695463238262432837e-01
9.650501412789388445e-01
9.240111371848293009e-01
9.825157261022202659e-01
9.932980531812919400e-01
9.813255687749627976e-01
9.874782486348910870e-01
9.921129531144485814e-01
9.522919224599284416e-01
9.936255175886770097e-01
9.929000491527970595e-01
9.666636600169754567e-01
9.661538259809642204e-01
9.809829316446885272e-01
9.847549558759849386e-01
9.738398414645395018e-01
9.753509265113406990e-01
9.808725656598716869e-01
9.546432296786956373e-01
9.878694766457992715e-01
9.892189066909963246e-01
9.867551094850026683e-01
9.506866564395092256e-01
9.710639716213169681e-01
9.878461846557735626e-01
9.998108875921624117e-01
9.677523018081295447e-01
9.771631567986146516e-01
9.474321304801599508e-01
9.739189204108390507e-01
9.817144602525276209e-01
9.750929923728021143e-01
9.936530618687116068e-01
9.845430217647872517e-01
9.948681356977224777e-01
9.846339447532668210e-01
9.984260918279184160e-01
9.734167517410726722e-01
9.879659119975769954e-01
9.941842620869180136e-01
9.716505607868295424e-01
9.907265871520258838e-01
9.597343084149687620e-01
9.738320447993233930e-01
9.770520428983628936e-01
9.822036570147046897e-01
9.844979466556708081e-01
9.704656724299791648e-01
9.909083184364257946e-01
9.773656750830740370e-01
9.363114088870300167e-01
9.762179841128353353e-01
9.869766482748708603e-01
9.832286517545626436e-01
9.675619038245000247e-01
9.819711461926401430e-01
9.731550894382671180e-01
9.763968858828715458e-01
9.753662886113207975e-01
9.804392987702128526e-01
9.816152807308264894e-01
9.814967485456045360e-01
9.516799101349010526e-01
9.864264151642552214e-01
9.764758527974161106e-01
9.968476640721178894e-01
9.862675594236535170e-01
9.917249682859808901e-01
9.816556909283323806e-01
9.849368448636761642e-01
9.609686179259535610e-01
9.728615049159543560e-01
9.669386780131461467e-01
9.856241098890222707e-01
9.923568229741553948e-01
9.676811026096481250e-01
9.982457489524265704e-01
9.434672197962755691e-01
9.854021603728042589e-01
9.889500273564124644e-01
9.996184174725617488e-01
9.891730658820511168e-01
9.781242409325213716e-01
9.905486865649300032e-01
9.939791810294376084e-01
9.877495052666352970e-01
9.918598255038519884e-01
9.645886203866546049e-01
9.826022085242634985e-01
9.867378690568808786e-01
9.738156369519274103e-01
9.755562013170350211e-01
9.841734486654701852e-01
9.784763102473156282e-01
9.884346442025653268e-01
9.800478925684973364e-01
9.888476291366129489e-01
9.881429057556941897e-01
9.754105867952486131e-01
9.915261909277790497e-01
9.963689387760684690e-01
9.910857351399375847e-01
9.899928184298192324e-01
1.001528254725156719e+00
9.841740371918438202e-01
9.805203148000806168e-01
9.767816591942034554e-01
9.653641427036959710e-01
9.910865818129818150e-01
9.884069367891249458e-01
9.803654171270436146e-01
9.678915470339328753e-01
9.850786100928513589e-01
9.687628226704738665e-01
9.809370896151511365e-01
9.796279877502137579e-01
1.000323886678937013e+00
9.695126217713008199e-01
9.779350362582569511e-01
9.833759354743639713e-01
9.749965210781940117e-01
9.310505956950346773e-01
9.685979856279810507e-01
9.991555035412156283e-01
9.700100475664125144e-01
1.003002642455016913e+00
9.596099416665768711e-01
9.881000048473280728e-01
9.945912859910477355e-01
9.990080820424550589e-01
9.774295423262715499e-01
9.899125539961606268e-01
9.950942443186829856e-01
9.791713612344511430e-01
9.733963715579491138e-01
9.861768358584823702e-01
9.698263597917738954e-01
9.910670676730706230e-01
9.851131101246719535e-01
9.891629761849148883e-01
9.956357027031881302e-01
9.602835121886734715e-01
9.792408186157628425e-01
9.883653669513968731e-01
9.802981011587506011e-01
9.862208751627989933e-01
9.997318822393005400e-01
9.330446359932900169e-01
9.455908342898747820e-01
9.961060319593093570e-01
9.749025812039822103e-01
9.792327929525385111e-01
9.583061822839838984e-01
9.807695923158915585e-01
9.849662160725790594e-01
9.739506157752401139e-01
9.898260534163172419e-01
9.934494668904083614e-01
9.657177152398994657e-01
9.621090352381507227e-01
9.945259659828605825e-01
9.730327052888908534e-01
9.682813280338439244e-01
9.892394279150746872e-01
9.852307306076413251e-01
9.795479277751661940e-01
9.838575974496022170e-01
9.879853230486873583e-01
9.785377209293661949e-01
9.702606796058381722e-01
9.751211543769341406e-01
9.742558148279713004e-01
9.941175526988565991e-01
9.713245463112890610e-01
9.809621292341781373e-01
9.961121604787004369e-01
9.901838835042633402e-01
9.855705187556124125e-01
9.806514925719577169e-01
9.837787039107988019e-01
9.937728327476056389e-01
9.921956925888153478e-01
9.598708989462402252e-01
9.931054164629623537e-01
9.746540140891729598e-01
9.782090689302677111e-01
9.827129054399322827e-01
9.726466072266284346e-01
9.619261254765103519e-01
9.890436927046846183e-01
9.742900986978842992e-01
9.656177100591348816e-01
9.662119312766168644e-01
9.924240183415100613e-01
9.916059846611715578e-01
9.679225785764654644e-01
9.887813712099673413e-01
9.687680262552166299e-01
9.850668723246532865e-01
9.753202074268549904e-01
9.720822548506291572e-01
9.931429489548513345e-01
9.854662800054889704e-01
9.899951760617466956e-01
9.811216623365728307e-01
9.744852078429606657e-01
9.744246810100253287e-01
9.859100790123348501e-01
9.984259801701983461e-01
9.905953581063391411e-01
9.939523311760437574e-01
9.809471618988545583e-01
9.913526938577102987e-01
9.639009915522450678e-01
9.942291616235089391e-01
9.708831099302038803e-01
9.905559321848073084e-01
9.878503815337857930e-01
9.390760802917840211e-01
9.759475459919668694e-01
9.864834133666346982e-01
9.879979433068741823e-01
9.601892728947830635e-01
9.749861534036887711e-01
9.843573106175880216e-01
9.721836902160360117e-01
9.897515648544079614e-01
9.870052869724652567e-01
9.884805644639820255e-01
1.010081321768212970e+00
1.000502704174270008e+00
9.756578349650938398e-01
9.709495810910765412e-01
9.923983234645339380e-01
9.828648458962986334e-01
9.406291877880228469e-01
9.623836026303643765e-01
9.827481891252703994e-01
9.738403133345004958e-01
9.723189416840563037e-01
9.736063829434378203e-01
9.809297650433894677e-01
9.936354720291414866e-01
9.888035790002679404e-01
9.870492796547388759e-01
9.745613853463001020e-01
9.639902089126506368e-01
9.725253607953747714e-01
9.673916474581883973e-01
9.434198965533925341e-01
9.747023542855873801e-01
9.834336126087225294e-01
9.842240077777196783e-01
9.862212043046757470e-01
9.695117585626968904e-01
9.906671202714022462e-01
9.872246545327768574e-01
9.890225525752552871e-01
9.578479891353278708e-01
9.696550217041483011e-01
9.816439882516483362e-01
9.564346361373744498e-01
9.985529215271455872e-01
1.004335730536054294e+00
9.628286738009415036e-01
9.673499768450638525e-01
9.747010800987729873e-01
9.686271934322695509e-01
9.774140046955153149e-01
9.846411679472631961e-01
9.770126434943253724e-01
9.888580024795060597e-01
9.837154607784983629e-01
9.492670317166291838e-01
9.757928571884830760e-01
9.886738010000489796e-01
9.959573252024775947e-01
9.769692540263914537e-01
9.982658340481951331e-01
9.610284648548261810e-01
9.848344584933637069e-01
9.871594403268052487e-01
9.905032202263222008e-01
9.990399316608040703e-01
9.854440254353339368e-01
9.781824290259141241e-01
9.798662083143210300e-01
9.657425992582215901e-01
9.666310479742827866e-01
9.826276464304422031e-01
9.862726419535624567e-01
9.968126094081042332e-01
9.743400323457136469e-01
9.971994906238579315e-01
9.751461513331804998e-01
9.835188384348071411e-01
9.674080694156784732e-01
9.774321446412536085e-01
9.932441004851463306e-01
9.886047342350915423e-01
9.787803754806543299e-01
9.903277091130381349e-01
9.785716477544513792e-01
9.680085955399464481e-01
9.825909758749026279e-01
9.860597275630956782e-01
1.000907790760333871e+00
9.591300329377288048e-01
9.789185754702038889e-01
9.844301408934883479e-01
9.835886559957703890e-01
9.881839974700390439e-01
9.711672123662291600e-01
9.964994584858960502e-01
9.633483119485509727e-01
9.661487942895404801e-01
9.728126830901977495e-01
9.888481449059421946e-01
9.830285883345257769e-01
9.724277138579784374e-01
9.952797317536083987e-01
9.672554673134881043e-01
9.672441320277681553e-01
9.847843253530181862e-01
9.974262891543825837e-01
9.766972766649948401e-01
9.568753150287260256e-01
9.944205807411976572e-01
9.432050569506899018e-01
9.577685555209488610e-01
9.834403735431167526e-01
9.922590063633133228e-01
9.811041598781413686e-01
9.749399433047098995e-01
1.000034162080011502e+00
9.570329937191565106e-01
9.722627314373893936e-01
1.008148383668947101e+00
9.880657805476680267e-01
9.876494023126554112e-01
9.483941269856555056e-01
9.936868292973841665e-01
9.488308994501839511e-01
9.648765067608311430e-01
9.977739939994144658e-01
9.617223175032347804e-01
9.683766621157651189e-01
9.725215561414379817e-01
9.803355459709881536e-01
9.668045112925507389e-01
9.901196810986180319e-01
9.961636410027933097e-01
9.662480186558733974e-01
9.780165163039072906e-01
9.795186277610037351e-01
9.982786369370671986e-01
9.778431895913631822e-01
9.704413544819123771e-01
9.912980123592038950e-01
9.825022380208745520e-01
9.463333010148815561e-01
9.670961719891383312e-01
9.686701804289906681e-01
9.838117726426600651e-01
9.815373327792338287e-01
9.668730232204029162e-01
9.673009027483847611e-01
9.848515540774179788e-01
9.855198523226462726e-01
9.973862300678301152e-01
9.753282979220883053e-01
9.863214811567148077e-01
9.759853583635131891e-01
9.695067969373893924e-01
9.826802726398754517e-01
9.860115208725765967e-01
9.735424121063147584e-01
9.830568139335625899e-01
9.817390257570398626e-01
9.754025714145738712e-01
9.677607796343162816e-01
9.961091747795305373e-01
9.840666575436295416e-01
9.532047535043643993e-01
9.812323079299999362e-01
9.716142732005903504e-01
9.750912810078665727e-01
9.825853955544082696e-01
9.719854148379108993e-01
9.790053524819269937e-01
9.931576916257568444e-01
9.700466124304237825e-01
9.670631340512112484e-01
9.794748297264727066e-01
9.686323305752609913e-01
9.970971806350733546e-01
9.826622085324624445e-01
9.844531992205479698e-01
9.574695800043272476e-01
9.989190805267098572e-01
9.746786379356976449e-01
9.877686623751638084e-01
9.743434998391339308e-01
9.859426877869374994e-01
9.835468733676278053e-01
9.856179486554320635e-01
9.717817429949677788e-01
9.788748581486507172e-01
9.499225990037278855e-01
9.687791619890782080e-01
9.806834932905948987e-01
9.588446438060724830e-01
9.892136959921603578e-01
9.685280068529110720e-01
9.841560795666897121e-01
9.689090400504360989e-01
9.830980653167681327e-01
9.710219845802522398e-01
9.935057876042318048e-01
9.822034916059351195e-01
9.611230698406261208e-01
9.640184619920927345e-01
9.948718176204830455e-01
9.781741896567585082e-01
9.693052094808116692e-01
9.722904993496593873e-01
9.773228598566746639e-01
9.761426221568361150e-01
9.668498299775140081e-01
9.515822941047835659e-01
9.780115595691465380e-01
9.867825380412792446e-01
9.626514839660016420e-01
9.839497819704535742e-01
9.725165574580971750e-01
9.814833209045347173e-01
9.781687272524668408e-01
9.624094630552523233e-01
9.701101979502135819e-01
9.611489070553100866e-01
9.730182722090937597e-01
9.758175743036728855e-01
9.780387441606126497e-01
9.858161328257213363e-01
9.951885780637089729e-01
9.813951635506853455e-01
9.926962800650266372e-01
9.735904406915696363e-01
9.883114791606570915e-01
9.765745389118091202e-01
9.858268134433195717e-01
9.779673667164233697e-01
9.999224539151964075e-01
9.891774643031576719e-01
9.842705576926656930e-01
9.732216574352947625e-01
9.641870576472069132e-01
9.701724891704699427e-01
9.871393624409652290e-01
9.840646013096184808e-01
9.792897286584594241e-01
9.778886122552784554e-01
9.885795888712463064e-01
9.705996173645154990e-01
9.875528572824875395e-01
9.797686563260376014e-01
9.723058338275962775e-01
9.878028967131567972e-01
9.628135526916272724e-01
9.770734323965910573e-01
9.880136579297066346e-01
9.857904929166106944e-01
9.750937111398115809e-01
9.470256064976386723e-01
9.856267451455407169e-01
9.761341931298023189e-01
9.722693500238658304e-01
9.839969471918966759e-01
9.375654915937707834e-01
9.876521299929879039e-01
9.759112057561956100e-01
9.656800676727120836e-01
9.944136766984105202e-01
9.474293014587217288e-01
9.843007286299912950e-01
9.803417990973388729e-01
9.980153680418375473e-01
9.652789581362742899e-01
9.891356399163512281e-01
9.802117301820250095e-01
9.848730140144164036e-01
9.707314400043460800e-01
9.995939859700003760e-01
9.824511448943915592e-01
9.702816843561932192e-01
9.931841556033487173e-01
9.876188635049841791e-01
9.855229880341663806e-01
9.931615831969740071e-01
9.468728901323707481e-01
1.014477447616477290e+00
9.822557010395046584e-01
9.854304179670897446e-01
9.676390031632368105e-01
9.916197293799399182e-01
9.709059188508972760e-01
9.785984448120010892e-01
9.755055456597212515e-01
9.623413913823316568e-01
9.813333565431331396e-01
9.819547564009722951e-01
9.883708733828194815e-01
9.906483595454048663e-01
9.875622595202925291e-01
9.861068770599155098e-01
9.641153870876161269e-01
9.923623342152809723e-01
9.844210854882523565e-01
9.853012202726765256e-01
9.905997003526266775e-01
9.642072904641869613e-01
9.807356220905585342e-01
9.675109125982958025e-01
9.840008754834815852e-01
9.826820960432604002e-01
9.350431258712270655e-01
9.727279940551506465e-01
9.940823792465431907e-01
9.594554177950123108e-01
9.685785052664335204e-01
9.886526348790516394e-01
9.725358315866682313e-01
9.678126434593616878e-01
9.875155904734314039e-01
9.814668475016629090e-01
9.560115311405906757e-01
9.758061346758716281e-01
9.565929379499035212e-01
9.649897316298098326e-01
9.898358402509987997e-01
9.893115861220213025e-01
9.898977341716735934e-01
9.307543971228418034e-01
1.004338553027667391e+00
9.662502721906679470e-01
9.805625467788621208e-01
9.498104462805728732e-01
9.726194101625144084e-01
9.708306959571881833e-01
9.714879491296825043e-01
9.742927229814779544e-01
9.855654692938055073e-01
9.930150027923994038e-01
9.885609617769982593e-01
9.770136399473047240e-01
9.833736430326264211e-01
9.967333006407653739e-01
9.865378828959919799e-01
9.922372028640218389e-01
9.813536824328223940e-01
9.819076776713779875e-01
9.824587202948448228e-01
9.804960512645748416e-01
9.770460691310989265e-01
9.899857184216254158e-01
9.827502237138983077e-01
1.000686229545243444e+00
9.801473369055526685e-01
9.821744079925283089e-01
9.708824054698821371e-01
9.705999152925409712e-01
1.010014053805863510e+00
9.895504756872244290e-01
9.827309664754598773e-01
9.786636883988022451e-01
9.701439836265662864e-01
9.731132846351744359e-01
9.856828197650188139e-01
9.461450910149040716e-01
9.698949088015512698e-01
9.578166385532574933e-01
9.685045878547599019e-01
9.718376663789713987e-01
9.920974675156025713e-01
9.486221120260222017e-01
9.703748255232662601e-01
9.850444995564476836e-01
9.950400886129332489e-01
9.919701883876983484e-01
9.876556659199783317e-01
9.825728374669373544e-01
9.717896008764844717e-01
9.686994804982780316e-01
9.907498908098735235e-01
9.750195966155026372e-01
9.347818220987492710e-01
9.839310330060727638e-01
9.630438164161084780e-01
9.684464294638577275e-01
9.750366268376546852e-01
9.760279144877909152e-01
9.813603911967178073e-01
9.910775737322600198e-01
9.794763957364660545e-01
9.784359685975037024e-01
9.751687485817850387e-01
9.836308398007767018e-01
9.928278906991102604e-01
1.004484541484868876e+00
9.850075573609411439e-01
9.695404526902640097e-01
9.920714914523931505e-01
1.000919369186578312e+00
9.825227023403876325e-01
9.808637050730799611e-01
9.941007960449327330e-01
9.813713043027575411e-01
9.934144305793375374e-01
1.005599468226872739e+00
9.640260085285810021e-01
9.576850953065673133e-01
9.892217788092549924e-01
9.744365136594020926e-01
9.719602097910751137e-01
9.840530947620289570e-01
9.715936484630567360e-01
9.908264609560836211e-01
9.616245527543297866e-01
9.899185284687398445e-01
9.859876383617599549e-01
9.742344509405443942e-01
9.914278764866023552e-01
9.819269948479097954e-01
9.859075386133050456e-01
9.679808954056049464e-01
9.810899552828203918e-01
9.829955026006178542e-01
9.845669253331429394e-01
9.741046339265253540e-01
9.840156064093052990e-01
9.981378496525505906e-01
9.803135725022658065e-01
9.874830892693408080e-01
9.834371924479085036e-01
9.746539882597854421e-01
9.743070430272995353e-01
9.631233045114756530e-01
9.568782765949459534e-01
9.745916008850390444e-01
9.846204893158941873e-01
9.935383706038425355e-01
9.858306586360453538e-01
9.307835222320917090e-01
9.882893062087132474e-01
9.583436257210893316e-01
9.897678796275876101e-01
9.885068273433095243e-01
9.877889014979399640e-01
9.741780488817787242e-01
9.541337690849780451e-01
9.796066257115486620e-01
9.799746353042819713e-01
9.559661573793407641e-01
9.815528640222902501e-01
9.645050497848906002e-01
9.758613481953380964e-01
9.797495571435375084e-01
9.727042001274049943e-01
9.923968172902045692e-01
9.921800380210563652e-01
9.776398288487201382e-01
9.495531105363806956e-01
9.881991737951469901e-01
9.780635475981541704e-01
9.741607479054129604e-01
9.918029004635782186e-01
9.608929230783297415e-01
9.604822790314891945e-01
9.802488047037410945e-01
9.888517963186062021e-01
9.795467037941828492e-01
9.824493462469995331e-01
9.856446853630564942e-01
9.864743302341797415e-01
9.944000656732180365e-01
9.943682827439157546e-01
9.644270396080075747e-01
9.958855008850403534e-01
9.866942601310889627e-01
9.953651782699860506e-01
9.866178910816403302e-01
9.704931748044755002e-01
9.861066139693397403e-01
9.907635781823782573e-01
9.805175028569815820e-01
9.814339832046089507e-01
9.894230769857946806e-01
9.898808585452339992e-01
9.928402722333777852e-01
9.727949233638784055e-01
9.926349553745533738e-01
9.799110964513692013e-01
9.817062697698030194e-01
9.706891485551616405e-01
9.623759001725470386e-01
9.894545959544761571e-01
9.712941764817575319e-01
9.902617950286787263e-01
9.528911439510944215e-01
9.641385219932903095e-01
9.966026300476843458e-01
9.778882343895578533e-01
9.942566788490341256e-01
9.801790508526458945e-01
9.626763861646838727e-01
9.387065859692637071e-01
9.713168207793180242e-01
9.834908554564973926e-01
9.876937952070781179e-01
9.770971332048938862e-01
9.849609615055163747e-01
9.910405361641411170e-01
9.763842612015167788e-01
9.767972607505516214e-01
9.885318357722389093e-01
9.939744458212675937e-01
9.978771874212997162e-01
9.606764341969535881e-01
9.931168347054564194e-01
9.767532863100727436e-01
9.771874601233154767e-01
9.619740554928483123e-01
9.975882981965704666e-01
9.827354978332079050e-01
9.890737503694747579e-01
9.686181890302223430e-01
9.751490887144809161e-01
9.912703914435647690e-01
9.881790080181294122e-01
9.819903779888693451e-01
9.842020847159095309e-01
9.741789650470770168e-01
9.725102903139158927e-01
9.788294138358305529e-01
9.976307258460130889e-01
9.948551298205406956e-01
9.895248822648327058e-01
9.643787978670309569e-01
9.639940796898373021e-01
9.812795904077795672e-01
9.865115232484894525e-01
9.951283497552489976e-01
9.935045207158057501e-01
9.803692675172065440e-01
9.974848761800236829e-01
9.828704842449780266e-01
9.896647000401392891e-01
9.910979345831327780e-01
9.807967303741186305e-01
9.916545494716798581e-01
9.797390232056172321e-01
9.892594961741347781e-01
9.619809006663520012e-01
9.854120202377610882e-01
9.807111779647460503e-01
9.893739246241638474e-01
9.935091387681266317e-01
9.823611615614857850e-01
9.636179779660054567e-01
9.771463213098754430e-01
9.737966659754444532e-01
9.797534194064188018e-01
9.921637863230445831e-01
9.882889332348606670e-01
9.822617457046393108e-01
9.833231813713564362e-01
9.859390334809559064e-01
9.973122720391012219e-01
9.931734372441307634e-01
9.876266668461805009e-01
9.802075285271822924e-01
9.868145000046701920e-01
9.926711225184340348e-01
9.861295249548586161e-01
9.796104725106686839e-01
9.727300296663133894e-01
9.891008120165217798e-01
9.978475460676540232e-01
9.889483200440024602e-01
9.883081364958341553e-01
9.782894650290064886e-01
9.758623160947030861e-01
9.930578917200899580e-01
9.823296131811500853e-01
9.905071895072689037e-01
9.499069346961461768e-01
9.813748445971894885e-01
9.998737048390246018e-01
9.844668948951317278e-01
9.708054574363913503e-01
9.690388321624829882e-01
9.928973112892081065e-01
9.858902449833398807e-01
9.724158653816625808e-01
9.911291441595224683e-01
9.696754969378768019e-01
9.426803941962312861e-01
9.822615062120273466e-01
9.536163418182703744e-01
9.900255378199914746e-01
9.947317498218093412e-01
9.860643026660109722e-01
9.513718212183983614e-01
9.891948587459804543e-01
9.880735751559606150e-01
9.753367594341311175e-01
9.753034396101559755e-01
9.813385077720996330e-01
9.684901867290671706e-01
9.871399196044173818e-01
9.857950799155318355e-01
9.727936766981731820e-01
9.855831160565233784e-01
9.607569550394220448e-01
9.632541057441798005e-01
9.790703864714150884e-01
9.877004890144639448e-01
9.917054270888833178e-01
9.570993334924871032e-01
9.739383450466263525e-01
9.867072794543086944e-01
9.776018097576311128e-01
9.895118391701639426e-01
9.958325787800648143e-01
9.657370328394516701e-01
9.861292170918544153e-01
9.695463344507427861e-01
9.779204772199311391e-01
9.872154346504623534e-01
9.894405682351961051e-01
9.794719181340240111e-01
9.824771588634528818e-01
9.879362871095587195e-01
9.852028793000363605e-01
9.964872984067892903e-01
9.931792606135507739e-01
9.776198433902315577e-01
9.866660124479570415e-01
9.469466742926614389e-01
9.761757460252066254e-01
9.715222869807969008e-01
9.840013393541048314e-01
9.740295915190119169e-01
9.688876687863462456e-01
9.783233070712670232e-01
9.888487804148493598e-01
9.887059484831373091e-01
9.913402644546559506e-01
9.684697352126655501e-01
9.840731525243242572e-01
9.478633489369124865e-01
9.880421893082392826e-01
9.628400574994878669e-01
9.845902452601441590e-01
9.601142556932575900e-01
9.866765361866647321e-01
9.734990095570127400e-01
9.753278895298059803e-01
9.835515533124806753e-01
9.673339450685067842e-01
9.802413333928953199e-01
9.939200094179566625e-01
9.562259942365646248e-01
9.694932593886010919e-01
9.719203128193785179e-01
9.934471533214345174e-01
9.552541651687952440e-01
9.754545394697309302e-01
9.506528179435826953e-01
1.000452603242804273e+00
9.653687070041890861e-01
9.816762518277588612e-01
9.919741437819322716e-01
9.937316344779085764e-01
9.944482935736890239e-01
9.751141654624154720e-01
9.906871554243034117e-01
9.759402901530133123e-01
9.826906368868909558e-01
9.729589361144636017e-01
9.916990868350691324e-01
9.878611063473031750e-01
9.897312205455703893e-01
9.562302386936379905e-01
9.697048880476866195e-01
9.756144002261675219e-01
9.629029683045021715e-01
9.880888397019276237e-01
9.737809257026257548e-01
9.903311726804461257e-01
9.699413348606147345e-01
9.800906866730376699e-01
9.789375923713289351e-01
9.718605436746691195e-01
9.719951960102970467e-01
9.909998847808946243e-01
9.957338962097254109e-01
9.830964989589905390e-01
9.811091798002680164e-01
9.903815752065481259e-01
9.797129838275107083e-01
9.835502236771396234e-01
9.856127164514838501e-01
9.821832679650427389e-01
9.885940138835672686e-01
9.811455513252897997e-01
9.880665412473346176e-01
9.680000889728788138e-01
9.816226146742956793e-01
9.920963844203517512e-01
9.880784723148816617e-01
9.859662944492223469e-01
9.790377508573757659e-01
9.689039963539917144e-01
9.766760616324758892e-01
9.450553712101942283e-01
9.902983919001663304e-01
9.827923108453503476e-01
9.800746616061408734e-01
9.910994326347531969e-01
9.791514854181406768e-01
9.820448783501073420e-01
9.855432796100509485e-01
9.656258999389262243e-01
9.678260449529476617e-01
9.857249540016289613e-01
9.778942875885138220e-01
9.790559070102252681e-01
9.694184285882432306e-01
9.825789536653659617e-01
9.816256044786014767e-01
9.714641283595538690e-01
9.751370292053185285e-01
9.439069516895384204e-01
9.876418531866550943e-01
9.963610057013545518e-01
9.821216812972626276e-01
9.897964059129413794e-01
9.678849968928044945e-01
9.895638823555678032e-01
9.836460262986919112e-01
9.455784860259258684e-01
9.788809404366369815e-01
9.878532849221456358e-01
9.573206713765247677e-01
9.785752382455682463e-01
1.009515045696853797e+00
9.686305353449611300e-01
9.789186437742619651e-01
9.861305647704030619e-01
9.826941416280982056e-01
9.742899578255759252e-01
9.656454507243444896e-01
9.930370424331478318e-01
9.953696969081978763e-01
9.869211319039362662e-01
9.795198341738967640e-01
9.787219364341088745e-01
9.563932490887333548e-01
9.882859040946669893e-01
9.864617281591465670e-01
9.433544121023526019e-01
9.976292802877987365e-01
9.846600622682122328e-01
9.822195087977664274e-01
9.866283315730995929e-01
9.659095140613629393e-01
9.587213099182605447e-01
9.877823763454732786e-01
9.919924149302499217e-01
9.717548234395233520e-01
9.786126410751970761e-01
9.916647431141037972e-01
9.923532440299872581e-01
9.760697897554296842e-01
9.779876074715423417e-01
9.605087170273660657e-01
1.001526888377777924e+00
9.795577380736704143e-01
9.649619721623460267e-01
9.559685666079458244e-01
9.777915220652142470e-01
9.852584923558661556e-01
9.866385597841335064e-01
9.760746112176713618e-01
9.964933538051606865e-01
9.770197872709835973e-01
9.719632894905821940e-01
9.809936363280762350e-01
9.836179883943089175e-01
9.744355895580482096e-01
9.702397388163239711e-01
9.764215281819130787e-01
9.812795627820284361e-01
9.713968649957599455e-01
9.499610157938939148e-01
9.869475081422588447e-01
9.432997885797458348e-01
9.890650355238939095e-01
9.393063910507817305e-01
9.445915087977153624e-01
9.799804832261569398e-01
9.801904968253101202e-01
9.721509611139408369e-01
9.898396571288037293e-01
9.938913596761921321e-01
9.948414941240582010e-01
9.804988942708126043e-01
9.918710851583314447e-01
9.817667423212770306e-01
9.912786008918619274e-01
9.616851541245422519e-01
9.770056369855831813e-01
9.727227704763354854e-01
9.721460747129816449e-01
9.862248541607890884e-01
9.933590529286363546e-01
9.747425691771154366e-01
9.713896385168244718e-01
9.853943352296689051e-01
9.743082143775877446e-01
9.924923395962087502e-01
9.938835248621393781e-01
9.918822675848909531e-01
9.889187788473637886e-01
9.845901415268399903e-01
9.847962376463249567e-01
9.857994204068725175e-01
9.899701263621546454e-01
9.954591163673457421e-01
9.701126850297489002e-01
9.924111325429658681e-01
9.973491502485700710e-01
9.522135383142047438e-01
9.821712687965764577e-01
9.963877277680213140e-01
9.782654701918018780e-01
9.840142590329163941e-01
9.933445638399071020e-01
9.926279341542424417e-01
9.354422143608305262e-01
9.712343350292543809e-01
9.868082919849426871e-01
9.881703086516125945e-01
9.701150520526118370e-01
9.812787374603578749e-01
9.857667726518083429e-01
9.803476055176866266e-01
9.607986125193782589e-01
9.881539010984394800e-01
9.704497076250636622e-01
9.879296345194085172e-01
9.911327512342591461e-01
9.797900250098335873e-01
9.736722150551976318e-01
9.894617666415924662e-01
9.569818361097819359e-01
9.680424225169961261e-01
9.788492953127773122e-01
9.790539696648695722e-01
9.464908786983622369e-01
9.745868338280545551e-01
9.843470231132726012e-01
9.928092218579089856e-01
9.647097313945554031e-01
9.745969529940116116e-01
9.654145074914395330e-01
9.605437091540824923e-01
9.493010959501884116e-01
1.000749067089528266e+00
9.676497253505998986e-01
9.876078265253585009e-01
9.914780534612734897e-01
9.731473016118852293e-01
9.882631769360872287e-01
9.771918988497312331e-01
9.725557587615420996e-01
9.946921772146780638e-01
9.772004991390709217e-01
9.922974674220425007e-01
9.655833043614356903e-01
9.833318114036665447e-01
9.939298801064501143e-01
9.862938313956587377e-01
9.430296409265436219e-01
9.416463551698605050e-01
9.827974963418418808e-01
9.805585119975545050e-01
9.915460720769223579e-01
9.763952872489685131e-01
9.864280285160051953e-01
9.957227456082949901e-01
9.875830826509084392e-01
9.903950770982373752e-01
9.801721858595158210e-01
9.806712835908288906e-01
9.826493988841761285e-01
9.407747988912257275e-01
9.874546597537962045e-01
9.438579754397418142e-01
9.887430377295843842e-01
9.650070265352932442e-01
9.899686668872382800e-01
9.830600467988954705e-01
9.806924404101012849e-01
9.874718335972864081e-01
9.665920416118545244e-01
9.844525103080951078e-01
9.864013011399386244e-01
9.793586429043033004e-01
9.621982293508817285e-01
9.474051080521100898e-01
9.949983037728410418e-01
9.732144034506283736e-01
9.890882037944342953e-01
9.839485043973149603e-01
9.636080456619143808e-01
9.509175226958840321e-01
9.755211481872895218e-01
9.676073646216168944e-01
9.768350607302650479e-01
9.975405579998889438e-01
9.935031722910687701e-01
9.868710776570639442e-01
9.597021652480501874e-01
9.620325254615988975e-01
9.844932279248781448e-01
9.643956848896150236e-01
9.610331352262708737e-01
9.849116529998985792e-01
9.836874172296748986e-01
9.892381155723639630e-01
1.003294266917963862e+00
9.820813559933116998e-01
9.718239068706950867e-01
9.798157230087333192e-01
9.679379945742925262e-01
9.600809339063971493e-01
9.841289273525194448e-01
9.782775311247303707e-01
9.917987793275107045e-01
9.672305049411880074e-01
9.790647750824453821e-01
9.687160894468884731e-01
9.710060633396173646e-01
9.706195278573378493e-01
9.691430215512567559e-01
9.390017697493391324e-01
9.884323154869602002e-01
9.738303802750571947e-01
9.902973337348015548e-01
9.830109965972345654e-01
9.807320174697614634e-01
9.726939800447620410e-01
9.881329985041866770e-01
9.673395181386897912e-01
9.923472565889983610e-01
9.558182067885891975e-01
9.793285253340159313e-01
9.892121463916059287e-01
9.750228708470851657e-01
9.806230816659317062e-01
9.629325799338137593e-01
9.776602687910995737e-01
9.862022732188781005e-01
9.749239431271750078e-01
9.706627261506483029e-01
9.968772783710108110e-01
9.491385416455245805e-01
9.710380951273303030e-01
9.801805079478582705e-01
9.788038872295740100e-01
9.863646067395790418e-01
9.825686225037015831e-01
9.298089637454431955e-01
9.839935597034669135e-01
9.878788726594197600e-01
9.685985549425725205e-01
9.919467799386602058e-01
9.877205960521810990e-01
9.394962119426346625e-01
9.984951274690772038e-01
9.873143121659618826e-01
9.747907354694167470e-01
9.766968645454396913e-01
9.901600864047349626e-01
9.865361347546931503e-01
9.517177840666497524e-01
9.740363974584563822e-01
9.649752546106786788e-01
9.903681586544853532e-01
9.748536992055143457e-01
9.994539826256493287e-01
9.670152440507289171e-01
9.899367860426977472e-01
9.959050695389716212e-01
9.744764124854482512e-01
9.634709589764067772e-01
9.882605142922430419e-01
9.728441664019767954e-01
9.567975137538489161e-01
9.900510803502151624e-01
9.811906027263306296e-01
9.746202570981424840e-01
9.966594301969186054e-01
9.761201823369520802e-01
9.827680270818089925e-01
9.979045656887263194e-01
9.920603484639729519e-01
9.649338052716395220e-01
9.895516773549234424e-01
9.890637728751509039e-01
9.837189698079008560e-01
9.686189792949562172e-01
9.744293255337623805e-01
9.859728950820565441e-01
9.923060083181438618e-01
9.809804394078339707e-01
9.946186568768989877e-01
9.799684120776461782e-01
9.840000472784835583e-01
9.510175820098820676e-01
9.819366767123098860e-01
9.813654867245158453e-01
9.840198947264559015e-01
9.775118441881686104e-01
9.628991621548637081e-01
1.002929552671115054e+00
9.742535530238893848e-01
9.736721856434904510e-01
9.667240002150457867e-01
9.446698377993860696e-01
9.958484288636386683e-01
9.835382652020312477e-01
9.807523859901572383e-01
9.598288147337965537e-01
9.947690563095167304e-01
9.855181062176654461e-01
1.000706403352952911e+00
9.634848063257388517e-01
9.829008880284276772e-01
9.778883943854469463e-01
9.920320193887104399e-01
9.815599499601752598e-01
9.758077095948367585e-01
9.750533301042685341e-01
9.816577050824315531e-01
9.699962258440545382e-01
9.757631883294900499e-01
9.517115673270970522e-01
9.501535992464281710e-01
9.790848273645533784e-01
9.572576801710952488e-01
9.943327090055545936e-01
9.922837849878874961e-01
9.837183692255979661e-01
9.780030260991212643e-01
9.995212270906111973e-01
9.735103372702410551e-01
9.881161555026618526e-01
9.754170652962883548e-01
9.577000071172399043e-01
9.867835957058562757e-01
9.869615748692497359e-01
9.826573473906113909e-01
9.905353888842781673e-01
9.823246402220948692e-01
9.781497157494468686e-01
9.742290652282525887e-01
9.769213752367250647e-01
9.771662728595064129e-01
9.767708476576402177e-01
9.706626690815600700e-01
9.877971840214898602e-01
9.772524613123985127e-01
9.885153850521005703e-01
9.806877545804402185e-01
9.557793831260567030e-01
9.878399510803086425e-01
9.747269981582947773e-01
9.838697853650311131e-01
9.672935977000869379e-01
9.637037052275421178e-01
9.720198296751284550e-01
9.881350774558343986e-01
9.941386749288095848e-01
9.475293142180802874e-01
9.693247800701076944e-01
9.830488436717824685e-01
9.307635495565870221e-01
9.871472227305665426e-01
9.760221367277166493e-01
9.534911148722513552e-01
9.766876635832174580e-01
9.612360822177956621e-01
9.821467132264591893e-01
9.689179133125910282e-01
9.886804251890568551e-01
9.856281103645415653e-01
9.809159934117812618e-01
9.798062637382998208e-01
9.566329506240038860e-01
9.510444165279622331e-01
9.810922152617406189e-01
9.855856970457043120e-01
9.956119704004192661e-01
9.870387103307572962e-01
9.629002091921075035e-01
9.639363266498243155e-01
9.916069291357595406e-01
9.879584307027143852e-01
9.787794043142719058e-01
9.818747361916483340e-01
9.863772178271189572e-01
1.000245080908880313e+00
9.880895159614992984e-01
9.769650662835923649e-01
9.702104145174729188e-01
9.997339991174885032e-01
9.833252832472114680e-01
9.838091936360303658e-01
9.840158521429319682e-01
9.691423298058282620e-01
9.929416372846159300e-01
9.843229836917423148e-01
9.852339029825006866e-01
9.862047042387541707e-01
9.946445563556589597e-01
9.749465041914525676e-01
9.686502238357930228e-01
9.803231582275627742e-01
1.000701928934703000e+00
9.908937863452986772e-01
9.726964931241791623e-01
9.899729133515777768e-01
9.596366807904225249e-01
9.702741644668184673e-01
9.669023736220320187e-01
9.879738045373667177e-01
9.576456142268738869e-01
9.798158308073238176e-01
9.888772619554785370e-01
9.933512478589144878e-01
9.746705778670191611e-01
9.740246561474212861e-01
9.446049255760874397e-01
9.869360506901367902e-01
9.865134948852667396e-01
9.722444046588530897e-01
1.001785824374507916e+00
9.939352595744902485e-01
9.701331615517756468e-01
9.716377999193780424e-01
9.851095464327574991e-01
9.408952454172203606e-01
9.785011144762330026e-01
9.893864772325223766e-01
9.907386872677425016e-01
9.874810646284419846e-01
9.902761766360959061e-01
9.680802616088105550e-01
9.858646954539302953e-01
9.928814964309036206e-01
9.661503291298506602e-01
9.895831477182548408e-01
9.940606279535555423e-01
9.836502682756060878e-01
9.590593314338876629e-01
9.874064323719446978e-01
9.885076513712723889e-01
9.649773364526958996e-01
9.874379099395519388e-01
9.549129315468224410e-01
9.862897847197201751e-01
9.719503580777455465e-01
9.880012742770588607e-01
9.812626483068640493e-01
9.552899088405711892e-01
9.889150550198086975e-01
9.662940869124978516e-01
9.623552650126132590e-01
9.457960995436461848e-01
9.884237903503260148e-01
9.921453157278566914e-01
9.659430568342627366e-01
9.801467524465742320e-01
9.917548532841795605e-01
9.850012239012851945e-01
9.701340402413780595e-01
9.833139706606683905e-01
9.879155489878692631e-01
9.757856731101780534e-01
9.635770847020377339e-01
9.843866839713196759e-01
9.573557004924996283e-01
9.915055810806960856e-01
9.891261142694328656e-01
9.796246176648338855e-01
9.942469749816260638e-01
9.745116806678585375e-01
9.847550842077094080e-01
9.719055877637567953e-01
9.690568184649877015e-01
9.737340542092342011e-01
9.820795866549373310e-01
9.934866969545526061e-01
9.686672927985569004e-01
9.604267133586549265e-01
9.915130826336476799e-01
9.801319653513765884e-01
9.849591165429483208e-01
9.864617791769375588e-01
9.724304414859238355e-01
9.901142354526316636e-01
9.697291700416962312e-01
9.944599628275901937e-01
9.824103029348799643e-01
9.723719498658284222e-01
9.621800797510802195e-01
9.778122130893432962e-01
9.636566756214619556e-01
9.868841783391683053e-01
9.276153180512226593e-01
9.806788042771276137e-01
9.789398631431575071e-01
9.856415514281228196e-01
9.757609298812581766e-01
9.761966868835395550e-01
9.719959963417749149e-01
9.757352997532394712e-01
9.761963438518116432e-01
9.863350503037299211e-01
9.616785373389159508e-01
9.983483000843126343e-01
9.823800232043417013e-01
9.743013721368383173e-01
9.859277783677680151e-01
1.008417226386239651e+00
9.835877879825853931e-01
9.918641281840488988e-01
9.950395320321134829e-01
9.989349736876121932e-01
9.726133882762415528e-01
9.885299567206911053e-01
9.849109855254685186e-01
9.771782957116131874e-01
9.555066024598943830e-01
9.628596962485751476e-01
1.000737928624949591e+00
1.001138934766286903e+00
9.904505000583997409e-01
9.922033042622281362e-01
9.844196860923396519e-01
9.814456379492068061e-01
9.911267888444547092e-01
9.804329220212206764e-01
9.450274710764943187e-01
9.397653156796814677e-01
9.814553807227844873e-01
9.979003377673276720e-01
9.805343977795970556e-01
9.722282932182242376e-01
9.691018589331852340e-01
9.492136959041628241e-01
9.767924332464618109e-01
9.631160316891448359e-01
9.858537218778230526e-01
9.675102044291941095e-01
9.711813770456417805e-01
9.828179188354450035e-01
9.582481322531625212e-01
9.989816381217376806e-01
9.820538437798116416e-01
9.992945080572187555e-01
9.713640942903182252e-01
9.797731753702880741e-01
9.686235995912284569e-01
9.665447783039148311e-01
9.726742939585962811e-01
9.740792580040658066e-01
9.757102573151668068e-01
9.770684911836348130e-01
9.562994950909526892e-01
9.727517313649766129e-01
9.609818594402116387e-01
9.793025961061881945e-01
9.808796605674529046e-01
9.917007870723115737e-01
9.924841711231983110e-01
9.887378055525664067e-01
9.921707870976207433e-01
9.901656089681036832e-01
9.944984789913328127e-01
1.000595470044702617e+00
9.845070586845626748e-01
9.712624383470185307e-01
9.834322437650619975e-01
9.834424149147047434e-01
9.787750828310524120e-01
9.837151174608240733e-01
9.809836603185346782e-01
9.608251959908575834e-01
9.792825992024014603e-01
9.660254815512203663e-01
9.915961001233452032e-01
9.896879316028963647e-01
9.767395324167879034e-01
9.465357082344620920e-01
9.851163366388696607e-01
9.861297568681853809e-01
9.788888951406614636e-01
9.733423814164021692e-01
9.620164970485421962e-01
9.750496845777956167e-01
9.999637541713601863e-01
9.970279814809535068e-01
9.631851531078469142e-01
9.857848871061946072e-01
9.856556811052231692e-01
9.621632567097654354e-01
9.834716147730523383e-01
9.705360362859394296e-01
9.696204721089991541e-01
9.809067904608149702e-01
9.715577926021996547e-01
9.812875245903044386e-01
9.760540793874695753e-01
9.785745663446893117e-01
9.788053646178521694e-01
9.838148238762425279e-01
9.887436397535916965e-01
9.659585690890100107e-01
1.001689365757483019e+00
9.595394808531564346e-01
9.738442836715881512e-01
9.815384069028675329e-01
9.798153709423739199e-01
9.885565978569388346e-01
9.428630925625993697e-01
1.001476332625649723e+00
9.745848905944761720e-01
9.904884680380157125e-01
9.724440515071941515e-01
9.487245863149558200e-01
1.001108994189401358e+00
9.767059568654644641e-01
9.880580201383232231e-01
9.829492372179187143e-01
9.486172536114235720e-01
9.660033202470310609e-01
9.858413381015665999e-01
9.624370792986202128e-01
9.716406198225490121e-01
9.766496835586833125e-01
9.844276560602891468e-01
9.895663881998754130e-01
9.593626673827870821e-01
9.872537389948143893e-01
9.874240682783855805e-01
9.881140060202208142e-01
9.870780881687547526e-01
9.976176549179595066e-01
9.948243742816671453e-01
9.755961733746288944e-01
9.839392843170096103e-01
9.840834270631416691e-01
1.020466843846604688e+00
9.612728679658397724e-01
9.868811036408129400e-01
9.842393520218405412e-01
9.865329352032213839e-01
9.710952917711738186e-01
9.673913793446881071e-01
9.861921203403103409e-01
9.836010417177263321e-01
9.745937358919599669e-01
9.740098342390426378e-01
9.525166292966812387e-01
9.808345107720728429e-01
9.602660489556095191e-01
9.871073532376039017e-01
9.796263193230997368e-01
9.813008646316795369e-01
1.008123527938330710e+00
9.660289316956733874e-01
9.706447027463374067e-01
9.866477945721624510e-01
9.503051989733443117e-01
9.920563995129384471e-01
9.894964743033914933e-01
9.884809220289216825e-01
9.844059902287797259e-01
9.769693936193479811e-01
9.753693903689488742e-01
9.841558357469792906e-01
9.839850240455567665e-01
9.758227952878245626e-01
9.829190490453599827e-01
9.726527355611794823e-01
9.720551934556264095e-01
9.805731846418758169e-01
9.719634253078203168e-01
9.891249408630333750e-01
9.807981596232369093e-01
9.825271295482697065e-01
9.835725900387410903e-01
1.002262785568014181e+00
9.708962526500468648e-01
9.768338027526773937e-01
9.660156257562906301e-01
9.694347429311002129e-01
9.878099582971637815e-01
9.808660728664749806e-01
9.786182638638722953e-01
9.869139532967664552e-01
9.512415823692360606e-01
9.753747848794601660e-01
9.803087513218835536e-01
9.869420289309881467e-01
9.753292762245630021e-01
9.956637819473330708e-01
9.794344019515710542e-01
9.845836905149871754e-01
9.771331527155913133e-01
9.788280495127357206e-01
9.637712827464860466e-01
9.680576945528559518e-01
9.680933714707233850e-01
9.600831736999487775e-01
9.823161358494303386e-01
9.855075753199610267e-01
9.654574040607565300e-01
9.771479758951108208e-01
9.547463745745655705e-01
9.890281550109129016e-01
9.989858709976612294e-01
9.943284080638082889e-01
9.758308638553689907e-01
9.665452850945090990e-01
9.948764694619666171e-01
9.760378465404779824e-01
9.793903641397873061e-01
9.637186590562842881e-01
9.672097304549560626e-01
9.823227663651912245e-01
9.800838736634580606e-01
9.772941436743302068e-01
9.907692992541845545e-01
9.693687290189425543e-01
9.556080291582058628e-01
9.775676147625613766e-01
9.947007919077351934e-01
9.780588239519177884e-01
9.916857480919577528e-01
9.452394643205723757e-01
9.653016626905445152e-01
9.893534959555659869e-01
9.835260935889070799e-01
9.713614960183678537e-01
9.656388223945184812e-01
9.842189955268890733e-01
9.528410228050806507e-01
9.774215501859514488e-01
9.776880519414198334e-01
9.847027971773185673e-01
9.891972533276366386e-01
9.801133723163912848e-01
9.799705708381987179e-01
9.676057819787569070e-01
9.816607047360146332e-01
9.873650057033639404e-01
9.750546745047852237e-01
9.436729605823286349e-01
9.797434574460792689e-01
9.834467543337515050e-01
9.583248375846014078e-01
9.829412747813710549e-01
9.822196179380840997e-01
9.795473862302982448e-01
9.691405373078517682e-01
9.696944288183156901e-01
9.846987891636095336e-01
9.559622034578284522e-01
1.002269825110709611e+00
9.942034899563504391e-01
9.836781147468242059e-01
9.874435013228576308e-01
9.995301897809069080e-01
9.526838466925832138e-01
9.752580494287000912e-01
9.688485144828318241e-01
9.851783297262572958e-01
9.651517834616291092e-01
9.843296682786553120e-01
9.971885218574122467e-01
9.784389511719877586e-01
9.795401013278186575e-01
9.700750210140526297e-01
9.795544910305548081e-01
9.558047783583665247e-01
9.858070515002983480e-01
9.844650075140325418e-01
9.967376226270493467e-01
9.918956159072530587e-01
9.664842996761088267e-01
9.623757353628359379e-01
9.521362699751186875e-01
9.602806825074375885e-01
9.852195947400123055e-01
9.802828807005442568e-01
9.842558159575032217e-01
9.713364613239166001e-01
9.864000594916639830e-01
9.950539997436983475e-01
9.851251847363141634e-01
9.880065276691535336e-01
9.879062612836099211e-01
9.905088813612200616e-01
9.978879436326772989e-01
9.801559289443591005e-01
9.868073545401859770e-01
9.853134011697037842e-01
9.521317182818026525e-01
9.935089917736558141e-01
9.787772574583128993e-01
9.921110613305353931e-01
9.832771019017412240e-01
9.868317771505225044e-01
9.622691804804512916e-01
9.984565176068245229e-01
9.809138880407788363e-01
9.714948102817013709e-01
9.938267889307482728e-01
9.875892958518973641e-01
9.613118506328968138e-01
9.920864353225404830e-01
9.721767284957412159e-01
9.757178788734260921e-01
9.680945328148076179e-01
9.818489708101659774e-01
9.647764128075546619e-01
9.984649693826650463e-01
9.747327580646824030e-01
9.605812183705707552e-01
9.895957156531172139e-01
9.768900287296301554e-01
9.772154585624344136e-01
9.865789171901954147e-01
9.790073070320065574e-01
9.826453304975426573e-01
9.693974797434333768e-01
9.847326994783147658e-01
9.796300567564767414e-01
9.909921499757813335e-01
9.820858802741736504e-01
9.369002873320033675e-01
9.929817559013766060e-01
9.848393654330908076e-01
9.802727173102079306e-01
9.831135909470958278e-01
9.586985804507114350e-01
9.380567971545328287e-01
1.013729605114189081e+00
9.733061177012346521e-01
9.889388285706092185e-01
9.896563964121780632e-01
9.734137809844050082e-01
9.996030002758701238e-01
9.897258608054857465e-01
9.996646636178153633e-01
9.587953641239256308e-01
9.859543729920668964e-01
9.791476288734313194e-01
9.821586709755655287e-01
9.857357640906414531e-01
9.891176826587541049e-01
9.597136008835557286e-01
9.788222703153018900e-01
9.801444779870680524e-01
9.704113125350335434e-01
9.589375513726934308e-01
9.536907091146871185e-01
9.804129629651122668e-01
9.862307268603694999e-01
9.838161781385954541e-01
9.891432044963309744e-01
9.921124342917485572e-01
9.803698205236519581e-01
9.648062022688473904e-01
9.915888788329961789e-01
9.232154057328370023e-01
9.780253961501584881e-01
9.694702464575198908e-01
9.680579104112022604e-01
9.731559613785540908e-01
9.720497271914537718e-01
9.668254299024149345e-01
9.916819412930615307e-01
9.723156109190801422e-01
9.751577543479968968e-01
9.719428421358574655e-01
9.866745584051167528e-01
9.654759161318050564e-01
9.938429277205460544e-01
9.748307280619367132e-01
9.939542853716265558e-01
9.789850040463308201e-01
9.777111194711333164e-01
9.896571540089861285e-01
9.846560997513077451e-01
9.757225074617581484e-01
9.877500862195819353e-01
9.869340815670597511e-01
9.705921877513988827e-01
9.887059188780810137e-01
9.843447252836308170e-01
9.904089987742146217e-01
9.879731990733184865e-01
9.826816003711148495e-01
9.856742730177632250e-01
9.860699322920323251e-01
9.471760319129526318e-01
9.868319379365587674e-01
9.907980259035600312e-01
9.828472883119770964e-01
9.787727691446227452e-01
9.633273327947051712e-01
9.778076866128093680e-01
9.755425142848882514e-01
9.821983836692066427e-01
9.859911159070501308e-01
9.965875917186649557e-01
9.517134075151414407e-01
9.828868418667501272e-01
9.623210420445310609e-01
9.813339342757306794e-01
9.683850323208983424e-01
9.796884032554988853e-01
9.795310226176844326e-01
9.676165227098881827e-01
9.700897770559302469e-01
9.716099556799880910e-01
9.597267162201492674e-01
9.947793122338333127e-01
9.956721983282518229e-01
9.624451739461663546e-01
9.880443293795559967e-01
9.752851859353276476e-01
9.770308292700357056e-01
9.681718861808605858e-01
9.706906354305933071e-01
9.746441204126705671e-01
9.568110084601799681e-01
9.683180242328410792e-01
9.952898218000649777e-01
9.669281639686574392e-01
9.893588272620845725e-01
9.861256900738801789e-01
9.894841282500623780e-01
9.839496474513743651e-01
9.836054075078577430e-01
9.776508157461240023e-01
9.700857703746095240e-01
9.981547075453855999e-01
9.725907983272601420e-01
9.799028381365625373e-01
9.719735721532820616e-01
9.662344904615074448e-01
9.652333420620788917e-01
9.758783884946200526e-01
9.583409166148494363e-01
9.979282208260847886e-01
9.835460010086505278e-01
9.783829104016558142e-01
9.950562970956250419e-01
9.731595012265400468e-01
9.761919285082532038e-01
9.840263853736199717e-01
9.678346513691675757e-01
9.905507611527502032e-01
9.850883356246048494e-01
9.456192414655456568e-01
9.781974805855085942e-01
9.886166666016160676e-01
9.971224577727014760e-01
9.712954682290351194e-01
9.630359098822304231e-01
9.810097445928452897e-01
9.674496770421748826e-01
9.801425636578409151e-01
9.601191742366519399e-01
9.896515153888324479e-01
9.865061109277798446e-01
9.484889052334136705e-01
9.633683705805830000e-01
9.529446293423475822e-01
1.002610184755539757e+00
9.416796471794707246e-01
9.878158713495583942e-01
9.764553471017960451e-01
9.651028304337780916e-01
9.848812774214303900e-01
9.859115740472366163e-01
9.825705719991879583e-01
9.915551274307515817e-01
1.004455251737502053e+00
9.893895646155610457e-01
9.657899915055319084e-01
9.857038897037606606e-01
9.774275370743767954e-01
9.862113238078927813e-01
9.804469102251102131e-01
9.894743934835270593e-01
9.452271180158661190e-01
9.543612456106007613e-01
9.654677907386737257e-01
9.956021796581018268e-01
9.772430232068453071e-01
9.701703716943940181e-01
9.846182164906120970e-01
9.848570772023738096e-01
9.713770165745317930e-01
9.730721796142901558e-01
9.760838640137297073e-01
9.666062963534738373e-01
9.814197789077324652e-01
9.701666588631253640e-01
9.713172610371965110e-01
9.843938651915287164e-01
9.796862669071334517e-01
9.740153480601960734e-01
9.916880139600571242e-01
9.366022994000509083e-01
1.000386716624857009e+00
9.822276329382750859e-01
9.857255539290672441e-01
9.412574975615363160e-01
9.844232003975058598e-01
1.000799591783610110e+00
9.514873163622530328e-01
9.801902032141566190e-01
9.800294815554850825e-01
9.722232916225362898e-01
9.827519700921711898e-01
9.842042154778384289e-01
9.862538926343358270e-01
9.415104176239451617e-01
9.849539998786138728e-01
9.713990215863264055e-01
9.844574375795457355e-01
9.808033131403763871e-01
9.842418113251083511e-01
9.782797422461260162e-01
9.901721097475786326e-01
9.659669316304066999e-01
9.843864558155656086e-01
9.920338170992493154e-01
9.552659811595372030e-01
9.613898726449568999e-01
9.892175266006530965e-01
9.863024093500797340e-01
9.911700918361736612e-01
9.737685599331473707e-01
9.811558266358141323e-01
9.727409181579189656e-01
9.927435250754623741e-01
9.947125542665652409e-01
9.865412157710528041e-01
9.585396126675854722e-01
9.690193706973397880e-01
9.939314721638803363e-01
9.554806667122002217e-01
9.751359743411949221e-01
9.828757541826623756e-01
9.874608635929453815e-01
9.746306488796988576e-01
9.849218176778683498e-01
9.828095239238908709e-01
9.837743871526861694e-01
9.779324736321056699e-01
9.434562692730329436e-01
9.949051764785787899e-01
9.860555573775072746e-01
9.981791116726891344e-01
9.958434497209884828e-01
9.764056755520008624e-01
9.862761880506385470e-01
9.800285245754732921e-01
9.887264346576811747e-01
9.852661617271952776e-01
9.891025009301364079e-01
9.880374462240267830e-01
9.866130095411657086e-01
9.900410995544108861e-01
9.877072874899744948e-01
9.874925876840119354e-01
9.852388438885326671e-01
9.901485086297859839e-01
9.908077494676981178e-01
9.634494045826125230e-01
9.936503641173645152e-01
9.904807651557757664e-01
9.597041785983638773e-01
9.825425273958028338e-01
9.808913451525261840e-01
9.963096037194676402e-01
9.727725379452296650e-01
9.843614818640660236e-01
9.948160786998412330e-01
9.740605466018452674e-01
9.533407695029078033e-01
9.905604124194269389e-01
9.807270804090627569e-01
9.866439956861593474e-01
9.788906427625959639e-01
9.729253055576591036e-01
9.771323027275294892e-01
9.865286813638135532e-01
9.595289391562022985e-01
9.720527590079940383e-01
9.890328840187071480e-01
9.869640047675124483e-01
9.773810018833094526e-01
9.811114133014535721e-01
9.744288546292398934e-01
9.810783714818814838e-01
9.968382580624435274e-01
9.930710538705559420e-01
9.903819255341738126e-01
9.962969185834987806e-01
9.860236123927146323e-01
9.624593800665817156e-01
9.891724309947143023e-01
1.000922731294770829e+00
9.666795389217279766e-01
9.437804544093227888e-01
9.927150394051171833e-01
9.778283446556170766e-01
9.671548819387408846e-01
9.667140945431017540e-01
9.905895533360292715e-01
9.553276677975370834e-01
9.888075631378296926e-01
9.885341305562639347e-01
9.821276354429715472e-01
9.798811946414938134e-01
9.715996182339391440e-01
9.716813299966460260e-01
9.840677182802606282e-01
9.859013753343768283e-01
1.000310029819898139e+00
9.648949159296444922e-01
9.813439789689698545e-01
9.719438800372957044e-01
9.781542208925092519e-01
9.701520711464270974e-01
9.825577220613866958e-01
9.664830430134012662e-01
9.880759967400615240e-01
9.877332884965451809e-01
9.491982909827958448e-01
9.713752327862095193e-01
9.893815909451834090e-01
9.956909608138478918e-01
9.885660136419049948e-01
9.758626039860339718e-01
9.727585272721395171e-01
9.822640660724147876e-01
9.633646156121622450e-01
9.740761285197729880e-01
9.856210091976705945e-01
9.831829804390486149e-01
9.881959798279413842e-01
9.841839710759736626e-01
1.003989802622032412e+00
9.672937086606698820e-01
9.819471535453687672e-01
9.757584594162908020e-01
9.857004440736029105e-01
9.683220253599578164e-01
9.712307232910168953e-01
9.872697104389459577e-01
9.801560441399959078e-01
9.931862093230560129e-01
9.794701935194263243e-01
9.825330743123502630e-01
9.398463502958698257e-01
9.964080222134072962e-01
9.706611863683290986e-01
9.920970152917892859e-01
9.848825487340583384e-01
9.839499397701911843e-01
9.732903422548854211e-01
9.825846401654511064e-01
9.598928815725125130e-01
9.831001683396329849e-01
9.892186378495712029e-01
9.888461332540775528e-01
9.760795965436457333e-01
9.730557085559957686e-01
9.868962907739220469e-01
9.652154745205824282e-01
9.848250743636115523e-01
9.955345630057177431e-01
9.761934565991462476e-01
9.603004659066652904e-01
9.891397455425637864e-01
9.686593432642507384e-01
9.634186293203418350e-01
9.863711980301511639e-01
9.825137525818916640e-01
9.956736767444152036e-01
9.809387504101303445e-01
9.653059037939032416e-01
9.948207185412096809e-01
9.581953322275836848e-01
9.867696243307886306e-01
9.881892399018366024e-01
9.392801937929706746e-01
9.682139909806997125e-01
9.777273816034072196e-01
9.874489006692945825e-01
9.579457863226236158e-01
9.903796689997116376e-01
9.754176028429188960e-01
9.977708804879884541e-01
9.749239558972579989e-01
9.884484698189147656e-01
9.649220355115127878e-01
9.669582042125861587e-01
9.773522185863663392e-01
9.621171448969247919e-01
9.979959891871241773e-01
9.806746258530826266e-01
9.779758414279122736e-01
9.910555818537678530e-01
9.803517684572766733e-01
9.767663393228257496e-01
1.001649349583647819e+00
9.791617165303726500e-01
9.827587773161617912e-01
9.967927384280006464e-01
9.912357306312632454e-01
9.897742686936927825e-01
9.885025060889945925e-01
9.883027878581810421e-01
9.489938864496373361e-01
9.798459864837877342e-01
9.788115415538963804e-01
9.679392844089864667e-01
9.866342026379552044e-01
9.847557892771687804e-01
9.761672807102548255e-01
9.650806311356147082e-01
9.848773813580485870e-01
1.003279857567397126e+00
9.979269290323991015e-01
9.858823412922819163e-01
9.627053304330283057e-01
9.697613387274804930e-01
9.748980268080086331e-01
9.735962336549965901e-01
9.609061825146414382e-01
9.742045642975609709e-01
9.944674098956891584e-01
9.631134466027586605e-01
9.666215479194290028e-01
9.824497133452800846e-01
9.858535995104238392e-01
9.852551500886256308e-01
9.870291265178601225e-01
9.501576740834557500e-01
9.436311289574214056e-01
9.618271626915714245e-01
9.507470916785630832e-01
9.831525843108379625e-01
9.763588874956077301e-01
9.799615769098038998e-01
9.815234849996393729e-01
9.705164202008247365e-01
9.707346453486677129e-01
9.803717725391294380e-01
9.916342419112065265e-01
9.820165120700395933e-01
1.001766916636143367e+00
9.898105978732584243e-01
1.000245440216126047e+00
9.677247913058919515e-01
9.857015564554504339e-01
9.696244295914316913e-01
9.894237025647266703e-01
9.866754527729716395e-01
9.968946482912350859e-01
9.892072080730380801e-01
1.007510698416866024e+00
9.730677786863480838e-01
9.371116057323976012e-01
9.909446876002713234e-01
9.840083641678641913e-01
9.891481937350131703e-01
9.772645687968489758e-01
9.626494415973630980e-01
9.788835439574271602e-01
9.836649452357842938e-01
9.766675378261773233e-01
9.900145682794901925e-01
9.843824826329723443e-01
9.885201104505692005e-01
9.765028376853248648e-01
9.961665693268431099e-01
9.838981516066213073e-01
9.598062751454615738e-01
9.392381510212474138e-01
9.856740964500405600e-01
9.812736162294093401e-01
9.873085020963172642e-01
9.960458544152122062e-01
9.402419421873311478e-01
9.870629416820886348e-01
9.873822263998980331e-01
9.843581728890923310e-01
9.530727953601163538e-01
9.766536945413658577e-01
9.677622531909111370e-01
9.606495822113508831e-01
9.781353886344381632e-01
9.792325691919990804e-01
9.741973673050491334e-01
9.703396834119321079e-01
9.646842381613409678e-01
9.949316046771624622e-01
9.853010233601565693e-01
9.818940983873662987e-01
9.859413415292433980e-01
9.826547758658515930e-01
9.832727541846727481e-01
9.956449888417179261e-01
9.801137887631500289e-01
9.784798015367333068e-01
9.886632807842274939e-01
9.758802840140650137e-01
9.937901185308445351e-01
9.846080477392520347e-01
9.938994522170035983e-01
9.649983646804192183e-01
9.529821256517113648e-01
9.831010611928762133e-01
9.827836202566297974e-01
9.953814146935194840e-01
9.812566383377825385e-01
9.856070406905115266e-01
9.599973738972555903e-01
9.846412287385033490e-01
9.548746816168974805e-01
9.424094523813689728e-01
9.871240269218816143e-01
9.624520621622846273e-01
9.695350479357810469e-01
9.814458194510078393e-01
9.860565781350700831e-01
9.673854118490813336e-01
9.809083799034897799e-01
9.760162562023997346e-01
9.827332174786123087e-01
9.907267701506327073e-01
9.864051784520826427e-01
9.901849265837213698e-01
9.693423838094284983e-01
9.888781473013318335e-01
9.850113030425067251e-01
9.929533673375576797e-01
9.909566494682399140e-01
9.712661424919052378e-01
9.660264905442862426e-01
9.648917489452326635e-01
9.889580746966863956e-01
9.901497016343854263e-01
9.812360094208525396e-01
9.786938163598758456e-01
9.725082137757664613e-01
9.877120148635013530e-01
9.871685480352571096e-01
9.914555998424700034e-01
9.694450880412108784e-01
9.769974617844860987e-01
9.860568406415307630e-01
9.935150026058904293e-01
9.755392384332782774e-01
9.874213356552574705e-01
9.829484533772498978e-01
9.680419473370102112e-01
9.850805741632705503e-01
9.990401631545958727e-01
9.769868526259989361e-01
9.886799595507603788e-01
9.728136102101413440e-01
9.848290981176248682e-01
9.928250637139683921e-01
9.588883918034094567e-01
9.632099902347857068e-01
9.780400893195179135e-01
9.822689424529769120e-01
9.862796666087563224e-01
9.687840983161455366e-01
9.700811269217380906e-01
9.850044512828152188e-01
9.870134818350261297e-01
9.652496373043352174e-01
9.697460358489936594e-01
9.733520920093510220e-01
9.910409187029712852e-01
9.431717446708548502e-01
9.680517815443956398e-01
9.675834445702841125e-01
9.806249438401456464e-01
9.889117492736521076e-01
9.796882124124861591e-01
9.861805167629690283e-01
9.636292693720953650e-01
9.937911790810103341e-01
9.859730727546166529e-01
9.479914696413259678e-01
9.783512727075548421e-01
9.914750801152639736e-01
9.996644166232195872e-01
9.558398214739040055e-01
9.846231523315496226e-01
9.575012414607984024e-01
9.851759728801637861e-01
9.831404245449376633e-01
9.830012430838915849e-01
9.695565291994363566e-01
9.853221271515182345e-01
9.989196733248919546e-01
9.769277778690486080e-01
9.830342272889119881e-01
9.705001596903191086e-01
9.829920470981685643e-01
9.867599775410023089e-01
9.621367456593312717e-01
9.855228694649449395e-01
9.686274187459668061e-01
9.883592064555611900e-01
9.779636550508516990e-01
9.832394254947559586e-01
9.679164369097202902e-01
9.880491405752694911e-01
9.895485011184648183e-01
9.867198878973302278e-01
9.762222620498505199e-01
9.806312615232860574e-01
9.720579055719134054e-01
9.538192391895817801e-01
9.845802077788183837e-01
9.923783350649392210e-01
9.628357998844433441e-01
1.000133533710049205e+00
9.873153646956991381e-01
9.823174075623597457e-01
9.730653445428870674e-01
9.698155233701248878e-01
9.697503751905831582e-01
9.792914505863951069e-01
9.887349521498036697e-01
9.733685811802854637e-01
9.717749808454674287e-01
9.576900255696784159e-01
9.795198427529009377e-01
9.675563660733706994e-01
9.723846148487182983e-01
9.634805212802651786e-01
9.858783365123074960e-01
9.811707854372756499e-01
9.919442125743834771e-01
9.770653879643489415e-01
9.970770144360916465e-01
9.966483556710961089e-01
9.804800027970175247e-01
9.959713279783577455e-01
9.456147761870190571e-01
9.902216707550490771e-01
9.408619427138955604e-01
9.509700920173681515e-01
9.907992380883732242e-01
1.001153415690856807e+00
9.742366221547384963e-01
9.765016420906798000e-01
9.762035236990923570e-01
9.525339602373352754e-01
9.937630621091674277e-01
9.745601436464774725e-01
1.000401496788748013e+00
9.930589198833744691e-01
1.001905009477374708e+00
9.976127404476499150e-01
9.853409298654690618e-01
9.748021667749815489e-01
9.826059245274870735e-01
9.574076841004454108e-01
9.847811557178968167e-01
9.640179766854817256e-01
9.665498879569119905e-01
9.798403422295052234e-01
9.973329807793164248e-01
9.686969843799096980e-01
9.749430828535717852e-01
9.833477654081441699e-01
9.780862363686596561e-01
9.764226132051444518e-01
9.924823662916871791e-01
9.730718952210645201e-01
9.684688175744438077e-01
9.380166306310118163e-01
9.616483966425055652e-01
9.698550422741829546e-01
9.871981485764693698e-01
9.805196662164310517e-01
9.910919786822169897e-01
9.670751119092790837e-01
9.945789830743795301e-01
9.849233183534165104e-01
9.944679649540052457e-01
9.661910546961696156e-01
9.844515527890950191e-01
9.754268195675857012e-01
9.667892215509240605e-01
9.869057127751656999e-01
9.773519325188502194e-01
9.688499159994085064e-01
9.756671025452807733e-01
9.858554794225155016e-01
9.743896037655680464e-01
9.853925206738597398e-01
9.881061393905503643e-01
9.864105031845382676e-01
9.835473864871029370e-01
9.834634501951278196e-01
9.644834951812926160e-01
9.696105982924639877e-01
9.900690647455939741e-01
9.823437410433960570e-01
9.863995566426168038e-01
9.617656035472871290e-01
9.852909891999274139e-01
9.877950275591146356e-01
9.668623500271883442e-01
9.744304660292197884e-01
9.872165121865364990e-01
9.778529489908555083e-01
9.942103406808977528e-01
9.752709525314408046e-01
9.696695357998912357e-01
9.678330320857876368e-01
9.471684862263922700e-01
9.828498338040281279e-01
9.730926824555823362e-01
9.873760279985558386e-01
9.883738782347067930e-01
9.723690440044454597e-01
9.859976769547706965e-01
9.784060163029699719e-01
9.892140022146551637e-01
9.782918212286415560e-01
9.761881308099822352e-01
9.818445706991500987e-01
9.631361471867213586e-01
9.890075997869608448e-01
9.627303532868916047e-01
9.902753677113842468e-01
9.893442692598831689e-01
9.894400086747926482e-01
9.885942242750418441e-01
9.808593148035744669e-01
9.723879546291931408e-01
9.661206261534589501e-01
9.674987329703035321e-01
9.566170647335653365e-01
9.723391117051695121e-01
9.806036425370407983e-01
9.586069554966685224e-01
9.843754409409558592e-01
9.832036602215786791e-01
9.779128149264157965e-01
9.876140354253399867e-01
9.825610209791116878e-01
9.963712851574445528e-01
9.894239817794936442e-01
9.840059415559601064e-01
9.829027487390814555e-01
9.825167478574495794e-01
9.608873758098490647e-01
9.847416697890088999e-01
9.842065559828676591e-01
9.855585890387125181e-01
9.882596625267510149e-01
9.716362688825445071e-01
9.508162706869540681e-01
9.745962938404064690e-01
9.757004042580312841e-01
9.659574785278395304e-01
9.876201381992552042e-01
9.982793337137328971e-01
9.856008557331975561e-01
9.625583411927268740e-01
9.862069863546494286e-01
9.963210029626868858e-01
9.256507948326482271e-01
9.735480897601818118e-01
9.718169405597301136e-01
9.899805301896268395e-01
9.850597861088363771e-01
9.840348059076240439e-01
9.759739607138619988e-01
9.888120513551306168e-01
9.921341405620188736e-01
9.783363225610705038e-01
9.837904138524921072e-01
9.661355705206363664e-01
9.915193566910088796e-01
9.786996228695555855e-01
9.843557029169236472e-01
9.746063834558582606e-01
9.926041826132908641e-01
9.819586671359596952e-01
9.744680301402846023e-01
9.789332161710224689e-01
9.661446461251300688e-01
9.695377243145447688e-01
1.001245975115712117e+00
9.949307845170882736e-01
9.653498737477056446e-01
9.695361306527592316e-01
9.798225136065139562e-01
9.940090584089079639e-01
9.867988129959666121e-01
9.835522363538700130e-01
9.722989410223168427e-01
9.822368646962150729e-01
9.889212862515927016e-01
9.765048902151520771e-01
9.868065921072558533e-01
9.604829573184840985e-01
9.630889287433458401e-01
9.922703050196580721e-01
9.938545705097519001e-01
9.659734603123146801e-01
9.869827810432655335e-01
9.798277563737750606e-01
9.825790091071002763e-01
9.862088682180375487e-01
9.773694250732843924e-01
9.341373430331852967e-01
9.762093793011653586e-01
9.646765452367630500e-01
1.003797365102880201e+00
9.590661566272393745e-01
9.926155662075377695e-01
9.837731030325059800e-01
9.866688913244622272e-01
9.706348132498899828e-01
9.879715166947050653e-01
9.858529679373586596e-01
9.731085677285922220e-01
9.886435004078030220e-01
9.964490177883233990e-01
9.640922861137571909e-01
9.819409846760439597e-01
9.818109101182256326e-01
9.784205291455807529e-01
9.912621855088581402e-01
9.649402968262686953e-01
9.746196570426649552e-01
9.601544958261684082e-01
9.896768999169550662e-01
9.658796513815456342e-01
9.818908031886381949e-01
9.852556083445268564e-01
9.614927917129435508e-01
9.822385985941951558e-01
9.959016108553306879e-01
9.725112742101159613e-01
9.792894965220430015e-01
9.927139881693441970e-01
9.640521381378924781e-01
9.978759381092638936e-01
9.763776080887808240e-01
9.763986774273366587e-01
9.893533328001077320e-01
9.937872682958707182e-01
9.784263311668364160e-01
9.772341718859738346e-01
9.788511525491786491e-01
9.728151528209059151e-01
9.872809346037475509e-01
9.844137236443069039e-01
9.674164114466076159e-01
9.802044341500291136e-01
9.565816166749238070e-01
9.880846729048909927e-01
9.775591162571178883e-01
9.952292626565121259e-01
9.826681009712232573e-01
9.700706534461419617e-01
9.840958035449623997e-01
9.933749914929034253e-01
9.849151229531459828e-01
9.752124509882922343e-01
9.759871882859680881e-01
9.828642765857882324e-01
9.617067775104263250e-01
9.811663031001792712e-01
9.866227348652747420e-01
9.661855222589873504e-01
9.593950319308129915e-01
9.694483112394589597e-01
9.760067818722796273e-01
9.645990606208969531e-01
9.342618433797243993e-01
9.817302387844734080e-01
9.706166580913185848e-01
9.664299305314955069e-01
9.834087398299952154e-01
9.530903612139612902e-01
9.812147172926393157e-01
1.004002942161925205e+00
9.732240207715434632e-01
9.627494201415365271e-01
9.942991600912992611e-01
9.930191889205829403e-01
9.911791618580713115e-01
1.004580202447572068e+00
9.714683822879324193e-01
9.828638273184200358e-01
9.898873971832630181e-01
9.748154420696766298e-01
9.798010829489999240e-01
9.891605767143382133e-01
9.889782005529549336e-01
9.846707061729013111e-01
9.917130274758025887e-01
9.522748037965904633e-01
9.756813803048156597e-01
9.922075706685387075e-01
9.933920150929694826e-01
9.926184264188504525e-01
9.663056166652909118e-01
9.969020062644400326e-01
9.849575855152605808e-01
9.907282691902175031e-01
9.644302946235107088e-01
9.469380786052200571e-01
9.761990527835402442e-01
9.735241615978548202e-01
9.900266691973866884e-01
9.653401672616178653e-01
9.854360188983060098e-01
9.824414765487651247e-01
9.866733809450717319e-01
9.883738565807722587e-01
9.587056653373904336e-01
9.783316910287672696e-01
9.929231211436866378e-01
9.885637945932107540e-01
9.678489927722757624e-01
9.807724851610479799e-01
9.918655015169256517e-01
9.812510963612286474e-01
9.917374575552055926e-01
9.849220835238662319e-01
9.590759362656994247e-01
9.835172472822425460e-01
9.804933804687987475e-01
9.726166161516548447e-01
9.820936186746979102e-01
9.786080888278492207e-01
9.934784460212348067e-01
9.797426668783102421e-01
9.718224946160740618e-01
9.835235421926163957e-01
9.763686231425618978e-01
9.938194938071545081e-01
9.859607541240414941e-01
9.805080956004803561e-01
9.636881473917492391e-01
9.689222073608320107e-01
9.858372241560485749e-01
9.876935472047719822e-01
9.872512735081537816e-01
9.432304413664052145e-01
9.853254067913569392e-01
1.000256877748209705e+00
9.772077310839749620e-01
9.818028379006856765e-01
9.915362162318004380e-01
9.732401104545688186e-01
9.800190527691227116e-01
9.828738057876587053e-01
9.898828044530632031e-01
9.664099920679867228e-01
9.868430631905165118e-01
9.849672804629068246e-01
9.877835311494022053e-01
9.951728951510491195e-01
9.526370658015329562e-01
1.009674444442783425e+00
9.760558130480618821e-01
9.775726377952179691e-01
9.848513556755027487e-01
9.687292370282960530e-01
9.743390297096528041e-01
9.963554843298624286e-01
9.640000298534143752e-01
9.237402507708311061e-01
9.861601083941446966e-01
9.885529995168086392e-01
9.862091354188761150e-01
9.706763582743743735e-01
9.844090356472734449e-01
9.955658577911216112e-01
9.712502374835668695e-01
9.549306865219464591e-01
9.591168334548633156e-01
9.881054983316641671e-01
1.012205997388629042e+00
9.938418632693126753e-01
9.905828617456294838e-01
9.775805040424154768e-01
9.806982750592018183e-01
9.906176882337559553e-01
9.929591296500801523e-01
9.898277333217041507e-01
9.797416410743959858e-01
9.870216817615016236e-01
9.621260837956646661e-01
9.790597953047622815e-01
9.734612936635625990e-01
9.875755325289760078e-01
9.804403082755779320e-01
9.853062363014948311e-01
9.689595184483150714e-01
9.735198119183990917e-01
9.850943766106691202e-01
1.002404948002756147e+00
9.804527524388220172e-01
9.768771249403304102e-01
9.847151967213536583e-01
9.805386172140692080e-01
9.989577639673522524e-01
9.824416754174203348e-01
9.894970721330541563e-01
9.948326623001848557e-01
9.707609579617112461e-01
9.585229639987944417e-01
9.780402488536282801e-01
9.958028020330290664e-01
9.634987848861845672e-01
9.741138236178591425e-01
9.781299219711692139e-01
9.789954192175212011e-01
9.942610051423472761e-01
9.774523561224867096e-01
9.978179446464057190e-01
9.786637510654400129e-01
9.689870662538541124e-01
9.795170294315385107e-01
9.804092004215183564e-01
9.950037912003355522e-01
9.893537644077775584e-01
9.795382877498347574e-01
9.804380739261089328e-01
9.885790965019577436e-01
9.814102423360853145e-01
9.792931024958843045e-01
9.897579617953199405e-01
9.857628459601831539e-01
9.965360498171660364e-01
9.893289523982672362e-01
9.701321898285912848e-01
9.972807042740117200e-01
9.866660259330912730e-01
9.759729570014329392e-01
9.816769777590569346e-01
9.821473273243054303e-01
9.871482112596391412e-01
9.888692954942442936e-01
9.848486508201800271e-01
9.843041397335606790e-01
9.772982622621284587e-01
9.778036128319448350e-01
9.708757247567282311e-01
9.886805237893617759e-01
9.751309710047133539e-01
9.926228511354707740e-01
9.705890355070904141e-01
9.868505343140222541e-01
9.948207403427338225e-01
9.796325857163422635e-01
9.605539192549826799e-01
9.995444057500370016e-01
9.904898925722247505e-01
9.808865118540419648e-01
9.810751233015084782e-01
9.614946035077588382e-01
9.880877577079303364e-01
9.863144382016352241e-01
9.711249844662472874e-01
9.872410738584386225e-01
9.931332390405990251e-01
9.746635695138273769e-01
9.667731158450550977e-01
9.939807924869110689e-01
1.000547234945468933e+00
9.980326296519058671e-01
9.694501618194015791e-01
9.874415417384702076e-01
9.732100411294588582e-01
9.700005345793180078e-01
9.824019142579448749e-01
9.898215211730944096e-01
9.842728271939069629e-01
9.950337981210335414e-01
9.864472854041004268e-01
9.910010502654489351e-01
9.636025309945714934e-01
9.735121902640914149e-01
9.800394292225311776e-01
9.901082454389913412e-01
9.848705291615168500e-01
9.954960365066327643e-01
9.892386395984767988e-01
9.828841375147546744e-01
9.752806702443910236e-01
9.854461861637180409e-01
9.705966342927924151e-01
9.574678721388004687e-01
9.777848721797808285e-01
9.855054936285186917e-01
9.823652287699725649e-01
9.538653670744825508e-01
9.975287103730483551e-01
9.742014528831348663e-01
9.804822905166308278e-01
9.863373469415822603e-01
9.652188532631962303e-01
9.766610872872376614e-01
9.502926459644841506e-01
9.829258716493731729e-01
9.904146631402929168e-01
9.547381074420695501e-01
9.646193526882852476e-01
1.010646067469760156e+00
9.887422572832545997e-01
9.792598778017502781e-01
9.835821389931200809e-01
9.775296164561998458e-01
1.002849798600237374e+00
9.338868564572271325e-01
9.886601310618060579e-01
9.786246111762770816e-01
9.818186101129912080e-01
9.823711684696534441e-01
9.615392892399499125e-01
9.853027752583098930e-01
9.660433655292550714e-01
9.891167490109366023e-01
9.920347683996054711e-01
9.713558475819836779e-01
9.898325195193239390e-01
9.878654042140480041e-01
9.624478159003267974e-01
9.582307267283988184e-01
9.892098449644936009e-01
9.852986715874568757e-01
9.865117697132452790e-01
9.764683066776197462e-01
9.667958447808799871e-01
9.632048332726795836e-01
9.935211640954280110e-01
9.841412667642190915e-01
9.706853175488062702e-01
1.001169210098171947e+00
9.788976423203834543e-01
9.639828053724811552e-01
9.836487764933367073e-01
9.820050906849426831e-01
9.917536719034868442e-01
9.607293295461738492e-01
9.804588635356829007e-01
9.724712119448616354e-01
9.811167333372020627e-01
9.822368780494031837e-01
9.536983069060799290e-01
9.742267136461477683e-01
9.761645718073759248e-01
9.926602880045828359e-01
9.605327808049060057e-01
9.814936513744602076e-01
9.692416868877908875e-01
9.708018228239122527e-01
9.665059643600631967e-01
9.876561400415048153e-01
9.884757737078163631e-01
9.918935856738949619e-01
9.895827973436045477e-01
9.864431662764409081e-01
9.759649563229654268e-01
9.948170668562946739e-01
9.841455415141627805e-01
9.670973887684566339e-01
9.938870644395577658e-01
9.697815466884347479e-01
9.960483247258891115e-01
9.832441323966931712e-01
9.959863148228417229e-01
9.828610937775918988e-01
9.858264710019116750e-01
9.685062462548738038e-01
9.849505018841145931e-01
9.954581323913750390e-01
9.835734783508915946e-01
9.922092212490272178e-01
9.687398231916695135e-01
9.891012483630025054e-01
9.895925789050534771e-01
9.808422611341700570e-01
9.822663188851996630e-01
9.781533200499366032e-01
9.776448261517826088e-01
9.836613057928955683e-01
9.877740738600400139e-01
9.915969471768679711e-01
9.673718803738080574e-01
9.929726364304797270e-01
9.800422843583395105e-01
9.637308822447411272e-01
9.915167194168348352e-01
9.916464540928303650e-01
9.867001349032796798e-01
9.608829686160216266e-01
9.947130490835959238e-01
9.830906788495308302e-01
9.823085263882982421e-01
9.576493369572534053e-01
9.922644924831114377e-01
9.762440077833179908e-01
9.932733062225339582e-01
9.837447920862988360e-01
9.740749508716882721e-01
9.931862445373794701e-01
1.000356119635867902e+00
9.869357053266530899e-01
9.991430664555499552e-01
9.762815575391643463e-01
9.731095518064175609e-01
9.744708973641075245e-01
9.852010401654464067e-01
9.859915717853481310e-01
9.824785639395973158e-01
9.680804510093190540e-01
9.711649032303386608e-01
9.895691078828106058e-01
9.810711191652931040e-01
9.412574504332430481e-01
9.841708933999973041e-01
9.837634053743189444e-01
9.837333627849267348e-01
9.889307813418609650e-01
9.793331964940839018e-01
9.967969242016836429e-01
9.960322267758257020e-01
9.810909028515618635e-01
9.633273535639040874e-01
9.938607674102463152e-01
9.699018764612120647e-01
9.688282740473276311e-01
9.687445894887694031e-01
9.626310251603942270e-01
9.851898056892310906e-01
9.828106448034744647e-01
9.819889457612090977e-01
9.789044937784912026e-01
9.843790326123159629e-01
9.901637248239643085e-01
9.579151807277603847e-01
9.799547881476573519e-01
9.900102959021468418e-01
9.196902791828110990e-01
9.641522028043961745e-01
9.863532157634620212e-01
9.827193308261820137e-01
9.877717175299765007e-01
9.867095473740317146e-01
9.838535416688493074e-01
9.800844996261119935e-01
9.930394905026910246e-01
9.833901278012101566e-01
9.890692561475518119e-01
9.793701475242435617e-01
9.787698762984538003e-01
9.937202750682198049e-01
9.915207126318313913e-01
9.794535382756112130e-01
9.658753590383716281e-01
9.696848929108368154e-01
9.791039243150769789e-01
9.866003273013951302e-01
9.791876506559572535e-01
9.813628867650524557e-01
9.976118272781561158e-01
9.634492144246101786e-01
9.775324060087571265e-01
9.853921264319819295e-01
9.925921679875174819e-01
9.867466094450295655e-01
9.919837905151136503e-01
9.934660067591286614e-01
9.716322302379113429e-01
9.857257214546512047e-01
9.755446964474105975e-01
9.610296832572938763e-01
9.838890601262413327e-01
9.814637618370580796e-01
9.932104036597686481e-01
9.719608289880202756e-01
9.739732123331272806e-01
9.756490600579615924e-01
9.952191959241346586e-01
9.538514997024480913e-01
9.811969517233385396e-01
9.881263828156904294e-01
9.832317374919467001e-01
9.818122925992071037e-01
9.804414231774234434e-01
9.911422567258000305e-01
9.895526408168615617e-01
9.887602727613911124e-01
9.586859235455302830e-01
9.948122904730970495e-01
9.709316743211923173e-01
9.734326766707277478e-01
9.836498824118562467e-01
9.556172119030201806e-01
9.920852863520759346e-01
9.719752129963629139e-01
9.908897095038367020e-01
9.886460746885867845e-01
9.849728234493430046e-01
9.859542935416726328e-01
9.795188815848028252e-01
9.794043140454965490e-01
9.829514553665211762e-01
9.837866324430716292e-01
9.875317831260176371e-01
9.663627142447593910e-01
9.853227023812197727e-01
9.848936003217684254e-01
9.861147556249395540e-01
9.854113432305737774e-01
9.803095813313813522e-01
9.995120226885571002e-01
9.695467368785681828e-01
9.781364371174930961e-01
9.916033468031378861e-01
9.826899207478635434e-01
9.725877958820045022e-01
1.013543978800140799e+00
9.760203807534124643e-01
9.941889351713104617e-01
9.855402934553960659e-01
9.684122491890380102e-01
9.793449476854090285e-01
9.751568567230280982e-01
9.661009700652232191e-01
9.993102097637160952e-01
9.799699438462444734e-01
9.740500496743504932e-01
9.793067618257271789e-01
9.841000079053576766e-01
9.845996376293731922e-01
9.751942813999264770e-01
9.848256797800090112e-01
9.849486472974277040e-01
9.867540652085678987e-01
9.701870037616681097e-01
9.664977795927194304e-01
9.963775671721262217e-01
9.889685637257384920e-01
9.867806655253944514e-01
9.816769631348921665e-01
9.987669312621282325e-01
9.885752364315480989e-01
9.851658729420968985e-01
9.797071062004794051e-01
9.748012874520038951e-01
9.924186938886242482e-01
9.809923113629134273e-01
9.873100942971667626e-01
9.838951269071175565e-01
9.876496095521395402e-01
9.697299361979677679e-01
9.734865877206128060e-01
9.757338473672476642e-01
9.832052430589905967e-01
9.860381305763095128e-01
9.678330010372824255e-01
9.622008907200095829e-01
9.563212050378425699e-01
9.980683813994749576e-01
9.919974980263795983e-01
9.617577645154430366e-01
9.900638619639252624e-01
9.656330396995607135e-01
9.935219653158994246e-01
9.575944415541491894e-01
9.950591046106598281e-01
9.871871797452872466e-01
9.612117445395502724e-01
9.790968460982936161e-01
9.996119753487271442e-01
9.702866547312751777e-01
9.821301233457390145e-01
9.376376307810074806e-01
9.788011109621773675e-01
9.674955306309008796e-01
9.900054042279029520e-01
9.948253540201511536e-01
9.931300269727029173e-01
9.627172769161539412e-01
9.814724835866782682e-01
9.825413763539354584e-01
9.719533624462740606e-01
9.663389537127060613e-01
9.901026117533188176e-01
9.772737574965064677e-01
9.804248618769276780e-01
9.857682588541052393e-01
9.781503440026397822e-01
9.590672424781930827e-01
9.824744421679375561e-01
9.795175801423368078e-01
9.680759031086837441e-01
9.569419491586119708e-01
9.642397341619928230e-01
9.902438470631949041e-01
9.620806532340880901e-01
9.808393501855017238e-01
9.476422757884213066e-01
9.521144065652372701e-01
9.715148136227058639e-01
9.909095220984824870e-01
9.684585230705686776e-01
9.553219276463741361e-01
9.726943980402428247e-01
9.814558633303510637e-01
9.765724126005430605e-01
9.867777740737617709e-01
9.731260680798854423e-01
9.666875062461397494e-01
9.720142677630511097e-01
9.670254019157735748e-01
9.706016497762517403e-01
9.842115651539946608e-01
9.597893794775872456e-01
9.631454973590766189e-01
9.890322089930299043e-01
1.000899297381416142e+00
9.776586117790730945e-01
9.778760735667485493e-01
9.569397308026003079e-01
9.833612675973285588e-01
9.845140419705846746e-01
9.674183731276508880e-01
9.813195348189985845e-01
9.673343643603187214e-01
9.743441576763750556e-01
9.803688460393170656e-01
9.915929323005676643e-01
9.818564255804377305e-01
9.873889934146752312e-01
9.709360414687734364e-01
9.816928668694604454e-01
9.846635418662538219e-01
9.831663545373876545e-01
9.783374445003766295e-01
9.768648544772337017e-01
9.757483136456983619e-01
9.604388108838269877e-01
9.915145526872295445e-01
9.730805769336826616e-01
9.892050903044002919e-01
9.605437577408540983e-01
9.892665351066032287e-01
9.910787916235961337e-01
9.774858957661392012e-01
9.840692258366873224e-01
9.720180019189733622e-01
9.841054537481458420e-01
9.716336636145644912e-01
9.752411776358633766e-01
9.726116217001079534e-01
9.561746165624351868e-01
9.611996989417405102e-01
9.779753222160380011e-01
9.893552485742242997e-01
9.732057481709209812e-01
9.641099374000527966e-01
9.799683075717993130e-01
9.960881773393136518e-01
9.523306139245721891e-01
9.945098515768097114e-01
9.779698570907143784e-01
9.718680701229545082e-01
9.788656065587091337e-01
9.571515699072720151e-01
9.850825170322935476e-01
9.736884353891614996e-01
9.583251846820333153e-01
9.939486082757055252e-01
9.850866851643332867e-01
9.841068761179864177e-01
9.906470346778739611e-01
9.729786860683040661e-01
9.746386777689677317e-01
9.913512698228664766e-01
1.002175782079858024e+00
9.907948834289678208e-01
9.415966007660341308e-01
9.701449715243817273e-01
9.885205938633763179e-01
9.521293307340599199e-01
9.769297587442169473e-01
9.832641136356119471e-01
9.780693019697596080e-01
9.444813540644468874e-01
9.722477006333388738e-01
9.926837671258026408e-01
9.869748098942537906e-01
9.423690783124014647e-01
9.752140932225358272e-01
9.925893184248466561e-01
9.976800401777070615e-01
9.660708970648569371e-01
9.689320675364095914e-01
9.822963119312433378e-01
9.831476950556059524e-01
9.514982966926553987e-01
1.000641272502527324e+00
9.829079997407774716e-01
9.732022034890950302e-01
9.493997501464953581e-01
9.865817146176774077e-01
9.757290100706080826e-01
9.941987279747566131e-01
9.898837537973570466e-01
9.794499539287049306e-01
9.748766489706371940e-01
9.648171949215076371e-01
9.737026025389149408e-01
9.725298478205163244e-01
9.752518188278681555e-01
9.886484337818988166e-01
9.873067840845849430e-01
9.804761333710435567e-01
9.927407694628364032e-01
9.926132374210195897e-01
9.846493809154026611e-01
9.656811770361085623e-01
9.614012717659102814e-01
9.852402243073152821e-01
9.915379125840214636e-01
9.823133013644702594e-01
9.903992167805426572e-01
9.862371770937486959e-01
9.681167402042183401e-01
9.814680463689889889e-01
9.854712036128242536e-01
9.896356995178672289e-01
9.498540519499233392e-01
9.843413705508740064e-01
9.940708946225016440e-01
9.797701619998817613e-01
9.752634304003122701e-01
9.731076194647522160e-01
9.800093096771834711e-01
9.793964509608501512e-01
9.897469611585499871e-01
9.902842024014194555e-01
9.914624708143295884e-01
9.997592884321047091e-01
9.820880669342396674e-01
9.555345411176907611e-01
9.690280437471553432e-01
9.684381578727148110e-01
9.959335153602967283e-01
9.668753430527338155e-01
9.984202119116563079e-01
9.810636091534644665e-01
9.735960901530223977e-01
9.674037548500210582e-01
9.705808993259448236e-01
9.612110256457822022e-01
9.845739412028040594e-01
9.519796679085491542e-01
9.899620756529290411e-01
9.214554221830918435e-01
9.953703969795661965e-01
9.581470222125025860e-01
1.001861327911830912e+00
9.746156578145865890e-01
9.817517239974463683e-01
9.961383347210255312e-01
9.678402153572803757e-01
9.890498006254471175e-01
9.806264213435821331e-01
9.643443322784830407e-01
9.852567513212896477e-01
9.807005884003383578e-01
9.704942026655818399e-01
9.800929530568605053e-01
9.671268835550483889e-01
9.894767324390827401e-01
9.570420289260738178e-01
9.847756835186070035e-01
9.938029686956444397e-01
9.791064233514178428e-01
9.837260191917198693e-01
9.531445436363858992e-01
9.708859021067316464e-01
9.794852454241894657e-01
9.859147688915901320e-01
9.955990550794950877e-01
9.735829592754047246e-01
9.765159348374393700e-01
9.875474941484889690e-01
9.824418458493822115e-01
9.721057184410226704e-01
9.807264623574846185e-01
9.796365530367436847e-01
9.773954215813482893e-01
9.735028591565739742e-01
9.855212471655423467e-01
9.779022784106102817e-01
9.819676316432521812e-01
9.562422707428155366e-01
9.836532136902906842e-01
9.869042068528307565e-01
9.666843902051847071e-01
9.443083116406627564e-01
9.782191022008877024e-01
9.843455567890364577e-01
9.738289439406520032e-01
9.808066478870360871e-01
9.703171723372027158e-01
9.883951413074388848e-01
9.654894341309676609e-01
9.948582658297738801e-01
9.803242658426364331e-01
9.597476480560874768e-01
9.534087189318743993e-01
9.856133837472378367e-01
9.753788226357499314e-01
9.627779688981857875e-01
9.923783313445188048e-01
9.904918414117613867e-01
9.817313355968634303e-01
9.916847856556314511e-01
1.010069754493451377e+00
9.817202950751268142e-01
9.870703773400999470e-01
9.801348334746807778e-01
9.694156429462166269e-01
9.839701272924337161e-01
9.825306717590537309e-01
9.672669564662541575e-01
9.945988588324709001e-01
9.842584344593955370e-01
9.866115320076679351e-01
9.826557505652190327e-01
9.791648426224117685e-01
9.846555990791410196e-01
9.703967857052402390e-01
9.607450758768180110e-01
9.613689666810996126e-01
9.817095757888388841e-01
9.587353226506092341e-01
9.713382303081289360e-01
9.944263369417791765e-01
9.808454567084571307e-01
9.790892483827581261e-01
9.734873628006206481e-01
9.870894473154265825e-01
9.800736333969475300e-01
9.806628897059945782e-01
9.852613986662224210e-01
9.647211868695766412e-01
9.870154026158474148e-01
9.785485131378454104e-01
1.009387445908349834e+00
9.686402146915165101e-01
9.822487232179837324e-01
9.908014050763117586e-01
9.938904486830619778e-01
9.902884028347954670e-01
9.546822774721099858e-01
9.852069415098876348e-01
9.615751053196543996e-01
9.889499165484159082e-01
9.786220862387536856e-01
9.901463391466299724e-01
9.796450042393136659e-01
9.908037205461495134e-01
9.889905313596459857e-01
9.502695456592499257e-01
9.930353060260974640e-01
9.651848698842901975e-01
9.631523970525917022e-01
9.894484524287670002e-01
9.709762061410955880e-01
9.707971336908441939e-01
9.816709382510176995e-01
9.588094619871245783e-01
9.855532956759111007e-01
9.855951322090215072e-01
9.893029175083279947e-01
9.837521553881780623e-01
9.858865247446179092e-01
9.835729317511828773e-01
9.806075910982812172e-01
9.755102722522855929e-01
9.776748164446014133e-01
9.832787655963634021e-01
9.848208286565083291e-01
9.859632551617735219e-01
9.735001589450035242e-01
9.792015818012079764e-01
9.620658545034624920e-01
9.941617379725493642e-01
9.703888497591084406e-01
9.577375956812003155e-01
9.580941197690250322e-01
9.593874977431909867e-01
9.863293257039412731e-01
9.736975634613121988e-01
9.927285212223254662e-01
9.871068648276479784e-01
9.823529570722854265e-01
9.538048695188880988e-01
9.538889583555094642e-01
9.658467856027929122e-01
9.553460084802134489e-01
9.833511164432497953e-01
9.950637732803906399e-01
9.847523275332528137e-01
9.983167965581266623e-01
9.754048413650771021e-01
9.744701395702926039e-01
9.711175537730143414e-01
9.777767708777442834e-01
9.486385804346668671e-01
9.767550724245630533e-01
9.769167935669089697e-01
9.891646335711689053e-01
9.700626719139177068e-01
9.863242977974380210e-01
9.862450227494492516e-01
9.784876652661397278e-01
9.629397070935280523e-01
9.657676583738571408e-01
9.825386091478909290e-01
9.478842697792048133e-01
9.857396292031154195e-01
9.817248595472340966e-01
9.901243408570638005e-01
9.845097692012505508e-01
9.786683240297386899e-01
9.418587139358814975e-01
1.000935824193430745e+00
9.796832856280761614e-01
9.956927588451143230e-01
9.799042051542488085e-01
9.806983721545003974e-01
9.563995765087353051e-01
9.557312320174727871e-01
9.781739281750041481e-01
9.787473351153159751e-01
9.731350523771452599e-01
9.815957478446428741e-01
9.842125524686471394e-01
9.921191160274399623e-01
9.692626320059470890e-01
9.487420562223379816e-01
9.475405074514429149e-01
9.841729876466758231e-01
9.852434332620204627e-01
9.736243813401107561e-01
9.917176128718668826e-01
9.879704440875710647e-01
9.719002805904349840e-01
9.725870070039296378e-01
9.799363341284433870e-01
9.819479741340323420e-01
9.814827628780762314e-01
9.694282611967901531e-01
9.835728487747270599e-01
9.754882960372409650e-01
9.710281044767701264e-01
9.884467008885449157e-01
9.866655410048308372e-01
9.720220093956727370e-01
9.849660896429955903e-01
9.822432160631068276e-01
9.830621294168205848e-01
9.883713959633046997e-01
9.741819614064912702e-01
9.807495041682198211e-01
9.899299707809570137e-01
9.860311930908384204e-01
9.261924478260008531e-01
9.838944778013271053e-01
9.950473901850578340e-01
9.846461154292913687e-01
9.819532022041275177e-01
9.734368309419313414e-01
9.868931192751615455e-01
9.917638891943088009e-01
9.786566872208055656e-01
9.819542833790243508e-01
9.872351926330767968e-01
9.790901075482397742e-01
9.822713372244746832e-01
9.972830981168696596e-01
9.882168485169027239e-01
9.951157233132525981e-01
9.734745744701041037e-01
9.884805120557387248e-01
9.694647893230565749e-01
9.852985453749355527e-01
9.654310053095042088e-01
9.680673309578571306e-01
9.846968425461835039e-01
9.959396248966547738e-01
9.873922333307634247e-01
9.844793840005822139e-01
9.865259436380731106e-01
9.842990369828907848e-01
9.760748144854941577e-01
9.868995307300428843e-01
9.715015640647903794e-01
9.657085832380580825e-01
9.949767214007464444e-01
9.678032506980357441e-01
9.636329761494192292e-01
9.865367486513449968e-01
9.748554537373966822e-01
9.731726799005184780e-01
9.716445038535742595e-01
9.483417510799396766e-01
1.000361042970078218e+00
9.790244504832106287e-01
9.805928301401183322e-01
9.921326411649112886e-01
9.829600674526564053e-01
9.905358358851535927e-01
9.606390535476091452e-01
9.664258511369305804e-01
9.892867394852172813e-01
9.904644197782628279e-01
9.989324031186179731e-01
9.159789493111396563e-01
9.673704756140533156e-01
9.548292735736506609e-01
9.794359360056342778e-01
9.794433915352533937e-01
9.640162779793957082e-01
1.005748325986561165e+00
9.767403066510458309e-01
9.810881572436599418e-01
9.717447142238491153e-01
9.690914244749201378e-01
9.729975563516556347e-01
9.523765060515355652e-01
9.859780695655490090e-01
9.431692121206848300e-01
9.652023232884129333e-01
9.798302167473265101e-01
9.926770370129692767e-01
9.707377249811712794e-01
9.777034875190317997e-01
9.748608183743048272e-01
9.814198716213299312e-01
9.838488249806833785e-01
9.419944827836665979e-01
9.797010131717213133e-01
9.739015606714616080e-01
9.851847801267116234e-01
9.735496821078356566e-01
9.691243657553837432e-01
9.833542956467250518e-01
9.622457274110313152e-01
9.646526163064752524e-01
9.584831273486157377e-01
9.817641851415792598e-01
9.449342639670220700e-01
9.771963877930757159e-01
9.783482651073690528e-01
9.846187664481222956e-01
9.875724637612897094e-01
9.782601029034063700e-01
9.691038135301901502e-01
9.884840484443935260e-01
9.862448709748414810e-01
9.501292962301667311e-01
9.750656494898130022e-01
9.803874342024857524e-01
9.590315353457959935e-01
9.837105823468985655e-01
9.867246708266206312e-01
9.860498505462378382e-01
9.405539703566717646e-01
9.552341911530788376e-01
9.822311136349310967e-01
9.859417512317096843e-01
9.898396764851916663e-01
9.797792546259335156e-01
9.857165573866295549e-01
9.853905108428108184e-01
9.860582717710903999e-01
9.727108702525109063e-01
9.911931017422656032e-01
9.679243636343831669e-01
9.662795691490697614e-01
9.650587699660806429e-01
9.930501113620051612e-01
9.802191399525639337e-01
9.757586010789902620e-01
9.713697668450134159e-01
9.758395339432101023e-01
9.741161709392955892e-01
9.843964795225604858e-01
9.761994925581600757e-01
9.653370580926934341e-01
9.678606753247521732e-01
9.833667138476994696e-01
9.913051123729160752e-01
9.918505927934655464e-01
9.855784871428264760e-01
9.953790646929295827e-01
9.929575815875929523e-01
9.533230554528610012e-01
9.858295388319515684e-01
9.816173063374281638e-01
9.680442065287163667e-01
9.485001230465807120e-01
9.873427870668517459e-01
9.849691180157001957e-01
9.812237970307167156e-01
9.715199099466281796e-01
9.764607186110096926e-01
9.934692471790733670e-01
9.801885511670626050e-01
9.908387744090889626e-01
9.423921455832360294e-01
9.790488190299077020e-01
9.800501913436986401e-01
9.731230561296397852e-01
9.874572553619338500e-01
9.586294706403080124e-01
9.860481252044728251e-01
9.748710118606204178e-01
1.004190180842372548e+00
9.807035445754312963e-01
9.856758793268777241e-01
9.642962873410675373e-01
9.860054734801865228e-01
9.692862665011384715e-01
9.546693104776481364e-01
9.754246045592388503e-01
9.805246841407667668e-01
9.930564852039759360e-01
9.940656200895559014e-01
9.882782024460988746e-01
9.486436707369690913e-01
9.867660325019623757e-01
9.484336853334003337e-01
9.504173782869156373e-01
9.697161142892636310e-01
9.765291790435050023e-01
9.849220466136975327e-01
9.936210948058566972e-01
9.854664313516791063e-01
9.817043544815433620e-01
9.897696280983611095e-01
9.749622463434822750e-01
9.748060685998691799e-01
9.776125811844548208e-01
9.665435498997096975e-01
9.912971395413997522e-01
9.741933080987321691e-01
9.531162672798033642e-01
9.467521694908792584e-01
9.610778757437581366e-01
9.746683772586411942e-01
9.810005922925350008e-01
9.752445661892659157e-01
9.791184879858135792e-01
9.451235741998874618e-01
9.800212325933639335e-01
9.858312981029038191e-01
9.780926331481348823e-01
9.695512223486844050e-01
9.859349939607802149e-01
9.907179641867683850e-01
9.891549286548503295e-01
9.898903931047331461e-01
9.668744857984693519e-01
1.000470938211996952e+00
9.892823110927162489e-01
9.779148420226756455e-01
9.765275638280388470e-01
9.838348334420425889e-01
9.945878710042279636e-01
9.950113901237949143e-01
9.495955603576139437e-01
9.694400139331472710e-01
9.846539508401146445e-01
9.764924607100268217e-01
9.969542590653176495e-01
9.712556910929972531e-01
9.851397699022184096e-01
9.883341896694890494e-01
9.703223909401205161e-01
9.873370635856877353e-01
9.878342170160124835e-01
9.912126480523578698e-01
9.767891821424128374e-01
9.910349530126555395e-01
9.725007274897066178e-01
9.359028374819043927e-01
9.861627683263634037e-01
9.808154112155194060e-01
9.837860990942352002e-01
9.858223230275655613e-01
9.733832450195711861e-01
9.824460433611910126e-01
9.890965716779615002e-01
9.673719082439639072e-01
9.920035904780144520e-01
9.898221562516441585e-01
9.955636020406494202e-01
9.909686678211533373e-01
9.560688992899568639e-01
9.593875953987248684e-01
9.773860721676562724e-01
9.573451141385939112e-01
9.858868425292370841e-01
9.861707113956349469e-01
9.770276666812437449e-01
9.708029613050362938e-01
9.782424336459408787e-01
9.887359695919528679e-01
9.824054563700084231e-01
9.718804244881172893e-01
9.890255023068729168e-01
9.780399640973049813e-01
9.870963933959395753e-01
9.804897796550070543e-01
9.516880154045735951e-01
9.817194131136040003e-01
9.653376614676525413e-01
9.845402160620581045e-01
9.886170594777475840e-01
9.790088589856810186e-01
9.882741101403941242e-01
9.882231046512651718e-01
9.726865819550664094e-01
9.672247773716737829e-01
9.885567381845634660e-01
9.785315039824179495e-01
9.872815790549585024e-01
9.886703475838276578e-01
9.441672492549396667e-01
9.832474401389527108e-01
9.761873532105894702e-01
9.847026398941608472e-01
9.782006471110044066e-01
9.883042955400193064e-01
9.734292135770313825e-01
9.874725668079887830e-01
9.872985801246531024e-01
9.798750134392169020e-01
9.887190848428852874e-01
9.706695964432044965e-01
9.853868568434419606e-01
9.875404738053340514e-01
9.804304164830278667e-01
9.862749235405101622e-01
9.837621631651299881e-01
9.727841565846927496e-01
9.792611734858800432e-01
9.686158732055589748e-01
9.810982537395842584e-01
9.930002752089778228e-01
1.002270110000827108e+00
9.679151657692229849e-01
9.955413104365742338e-01
9.852474206432915160e-01
9.860048991630125936e-01
9.777531473935292539e-01
9.736269450060162089e-01
9.661494587304313431e-01
9.671735981429206985e-01
9.845262955974043440e-01
9.889445630796319664e-01
9.987637248177623217e-01
9.635117427947365032e-01
9.826154380648891573e-01
9.823722961663653441e-01
9.895152473685131511e-01
9.912938459488342957e-01
9.605105519662325841e-01
9.756987550383323660e-01
9.688088803823398099e-01
9.831715793638775569e-01
9.925148624482309501e-01
9.824523450325095553e-01
9.776041083158895084e-01
9.777193897497932218e-01
9.865602333229979148e-01
9.857228854327751977e-01
9.892244996152207426e-01
9.932609576663614659e-01
9.901422665752850349e-01
9.950150939353052948e-01
9.846982112136934973e-01
9.613418254626773241e-01
9.910099070950413314e-01
9.902873017976604464e-01
9.517899064708188472e-01
9.810652196692192240e-01
9.591181092388284535e-01
9.821667604789175998e-01
9.794760925745702451e-01
9.669860223850805792e-01
9.787243928759264966e-01
9.898108066859990783e-01
9.792688109092114734e-01
9.798914817575210545e-01
9.775431243795101866e-01
9.676642332885476705e-01
9.806882937724219484e-01
9.896395906303687706e-01
9.970847580234383223e-01
9.708408333447932081e-01
9.777072139685536456e-01
9.801792940171100144e-01
9.714065154391222645e-01
9.875608797486304935e-01
9.818888745094257464e-01
9.924801599454502465e-01
9.942800839305184768e-01
9.836642921985305765e-01
9.827655819441104557e-01
9.682500487377684317e-01
9.701890808712690939e-01
9.674833807386838957e-01
1.002872222027423543e+00
9.971045150023044590e-01
9.756721239994596839e-01
9.494968715269795911e-01
9.907807954282171758e-01
9.962589222053243043e-01
9.463870718162593620e-01
9.824287281013017736e-01
9.882870249612324409e-01
9.929167749461333958e-01
9.858580403469410225e-01
9.916925103593542401e-01
9.924579487573231829e-01
1.006863795127348471e+00
9.882579163037625847e-01
9.471029398852576220e-01
9.671851717614730060e-01
9.858510782241021175e-01
9.765737221562442727e-01
9.942641604337262295e-01
9.913742898596692443e-01
9.827574773388052520e-01
9.620199865263207029e-01
9.711698740810174035e-01
9.807882646949162009e-01
9.541588020220128641e-01
9.896156040788749442e-01
9.869706175741391752e-01
9.854240423496601897e-01
9.748440946127919782e-01
9.824888830451123933e-01
9.560090169797140769e-01
9.566923541658386432e-01
9.896703894390846967e-01
9.926502307955421545e-01
9.841311479482863778e-01
9.889533785796735810e-01
9.747601398330042466e-01
9.842933898227478329e-01
9.754106748089369505e-01
9.833276971846965919e-01
9.807838219152914538e-01
9.978023687014290211e-01
9.615673867884855230e-01
9.911178697235831780e-01
9.576977204245415987e-01
9.847935672550094388e-01
9.810651332560362814e-01
9.720462590392435764e-01
9.846694233543389352e-01
9.882455912677077237e-01
9.904823070349757508e-01
9.993852017145780087e-01
9.964466471556726601e-01
9.875463540587854361e-01
9.767055058921300104e-01
9.354977214720695544e-01
9.841986972210960971e-01
9.890424068389693790e-01
9.849520016626284180e-01
9.886686537969886501e-01
9.777241252287691697e-01
9.773640278394567504e-01
9.871690175752824148e-01
9.863076352619407627e-01
9.875519651079284200e-01
9.624628493570442922e-01
9.747159430086685949e-01
9.614590299499343740e-01
9.630803171190046585e-01
9.623239692928419187e-01
9.801923807867095606e-01
9.880389915338311235e-01
9.916108000269951983e-01
9.994824318009674080e-01
9.731519920888695996e-01
9.909884408149715052e-01
9.801704640135111557e-01
9.736354211311754048e-01
9.640934558649371100e-01
9.398038515071686083e-01
9.834111730365620030e-01
9.860271374244840015e-01
9.861289798094038384e-01
9.825460180823843981e-01
9.787328717604755202e-01
9.867879429264708735e-01
1.000624372936007811e+00
9.803889142021549041e-01
9.727390723131964512e-01
9.732838048768518435e-01
9.879926249382832149e-01
9.663456148009311741e-01
9.826153976042616423e-01
9.910608306875795526e-01
9.888254060924016597e-01
9.856018496658500716e-01
9.886326729211744047e-01
9.952580662731685957e-01
9.768648627237195292e-01
9.697652139327093135e-01
9.830829045316481496e-01
9.813163246546403595e-01
9.445102081282283901e-01
9.413840466725403866e-01
9.652323424182730482e-01
9.920319359748273058e-01
9.937340056167792701e-01
9.925229236254634602e-01
9.857632114000000056e-01
9.834365714166009020e-01
9.887379358043359989e-01
9.993736890708153631e-01
9.940144527239254124e-01
9.998376754476014927e-01
9.716289490730724010e-01
9.861514747965169914e-01
9.620228434430724285e-01
9.825695321582870179e-01
9.903715691062866533e-01
9.692746606051747538e-01
9.867349058736939460e-01
9.745832513772207939e-01
9.808789271017809286e-01
9.845712645149859998e-01
9.858446015220569958e-01
9.715291576134272855e-01
9.911549109039328176e-01
9.745434604803059342e-01
9.892427068900188081e-01
9.698474418185648593e-01
1.004374180707700903e+00
9.828640851799297362e-01
9.736296903308964135e-01
9.896356409943229959e-01
9.909962255662592145e-01
9.823447417947801519e-01
9.854962214422161582e-01
9.594879399408930976e-01
9.571507737001427873e-01
9.816388656642738297e-01
9.904761160271469134e-01
9.389517506497819799e-01
1.001792907566235291e+00
9.785293856167894821e-01
9.722547160133787614e-01
9.471304286093226166e-01
9.832404692944759494e-01
9.779017678807790936e-01
9.505863034864686645e-01
9.596656561597326496e-01
9.968494094160549324e-01
9.861736873917076318e-01
9.800801984687865787e-01
9.741939353261804824e-01
9.719853105958484729e-01
9.752955609234632561e-01
9.597943805827093833e-01
9.927235396522045008e-01
9.719672658011072608e-01
9.891756586215439961e-01
9.851472408812441683e-01
9.826097639243726034e-01
9.905780583436470943e-01
9.542693691814582158e-01
9.888698355365547199e-01
9.854932956790720677e-01
9.897890852981906518e-01
9.850690141262947730e-01
9.971907435309823597e-01
9.804593123590460424e-01
9.937492819447703019e-01
9.608697166070757634e-01
9.620314455317429125e-01
9.783554981917725879e-01
9.925597298749045949e-01
9.852898142426276262e-01
9.873075936140409681e-01
9.667653414722408023e-01
9.581968145983146279e-01
9.887364066844881449e-01
9.675902735925163700e-01
9.909860989841597911e-01
9.882313116542005282e-01
9.738395605542260469e-01
9.790004946964188104e-01
9.806045009521227040e-01
9.894033190931795785e-01
9.953033668861889227e-01
9.963405690251960767e-01
9.810915234036511334e-01
9.867695946953402020e-01
9.578329137014590655e-01
9.821719311489979232e-01
9.765368019318434456e-01
9.661616213623830385e-01
9.813916450121591417e-01
9.612638783628503214e-01
9.907454758514768756e-01
9.703728126547075394e-01
9.861511744810185220e-01
9.874542998009763206e-01
9.775133535321739453e-01
9.575412023180700505e-01
9.832250843684142705e-01
9.787594033363611334e-01
9.595569843830124013e-01
9.699564328775790445e-01
9.774238239719381660e-01
9.860551775974671918e-01
9.763186978494735602e-01
9.751286891747672492e-01
9.903189369300321454e-01
9.729660240842800123e-01
9.610018240492426145e-01
9.936952133560580380e-01
9.952523007132741961e-01
9.776534402093901566e-01
9.780611623272211785e-01
9.987624559427997761e-01
9.682266606604383874e-01
9.711540632220569957e-01
9.893302548912412675e-01
9.783240369455050711e-01
9.867418526902067555e-01
9.875653540631592620e-01
9.835693805365337550e-01
9.736391264654434829e-01
9.679155710226617915e-01
9.790367900419624236e-01
9.833047644018888533e-01
1.000274583721579180e+00
9.821721928523184930e-01
9.543841678338499390e-01
9.829790087381018449e-01
9.604720620315345680e-01
9.867751578642162125e-01
9.877890825132434882e-01
9.807377250277046210e-01
9.846534293214410649e-01
9.826823331104077575e-01
9.877356727620884014e-01
9.792652873121198143e-01
9.879698368187880275e-01
9.841443307872465018e-01
9.678968729527164250e-01
9.793648712243644416e-01
9.851621887887471729e-01
9.692907083897370768e-01
9.581499238057936685e-01
9.879103050330955149e-01
9.946030152634276478e-01
9.857781150690341221e-01
9.890602177037692844e-01
9.777653475986658460e-01
9.818876548987165442e-01
9.607060026457192592e-01
9.812950968598243007e-01
9.838149917893914687e-01
9.881135526795140622e-01
9.764422591000113671e-01
9.686642417285791229e-01
9.955888272881686651e-01
9.670482135811407920e-01
9.801385404347777719e-01
9.798531003443816667e-01
9.739259256414949384e-01
9.972885930933074183e-01
9.733442030348922192e-01
9.795565261563197179e-01
9.766856823020106937e-01
9.979241471403945685e-01
9.333655518353221048e-01
9.635897880211951039e-01
9.724372225468557174e-01
9.787411614679342176e-01
9.946135807465100731e-01
9.975450242344598983e-01
9.893741074356815490e-01
9.865175361268903043e-01
9.749284512364926325e-01
9.651251137869280017e-01
9.927451040591703801e-01
9.858052133438027775e-01
9.860766985263935691e-01
1.003165784149608664e+00
9.840243295605451967e-01
9.877105676196498152e-01
9.867049286148308340e-01
9.890118628036718151e-01
9.873073414550018745e-01
9.764838802251721850e-01
9.585687196227381524e-01
9.825453792332580205e-01
9.499506157931159045e-01
9.770575243724348713e-01
9.716518977525755441e-01
9.782552474023409328e-01
9.762468204035141817e-01
9.791374438172528727e-01
9.927701651874414335e-01
9.791322382241125499e-01
9.575900042499539966e-01
9.813988251118747064e-01
9.994824220020867012e-01
9.937147652385523999e-01
9.620457789162136786e-01
9.880545599232702925e-01
9.943743012945189808e-01
9.643417704271771695e-01
9.745671395247927915e-01
9.799359798261682020e-01
9.775610496923393677e-01
9.894251836828932278e-01
9.570208181392608759e-01
9.991998413056631945e-01
9.891339866971297079e-01
9.853660883975443596e-01
9.680022891830781795e-01
1.001758307202819109e+00
9.748521625492648779e-01
9.919959856794234865e-01
9.892313213890365775e-01
9.432858987284697960e-01
9.855126395746471868e-01
9.902280421618450124e-01
9.834969806252737978e-01
9.819066206348401327e-01
9.896353730497428058e-01
1.005898855075737064e+00
9.844601883115937646e-01
9.852096908287214516e-01
9.657722373433541563e-01
9.815168575140627016e-01
9.799632493180195913e-01
9.483698005686044263e-01
9.694626504584912263e-01
9.602371785360191980e-01
9.776809027334092406e-01
9.619465349217142247e-01
9.716244259310540254e-01
9.695485370033952721e-01
9.548619438836523088e-01
9.634396977381163296e-01
9.535675473543726577e-01
9.879995305378032056e-01
9.387492036996635258e-01
9.814373997812406714e-01
9.540933810440944685e-01
9.633133236261225418e-01
9.717146755448207163e-01
9.778976064863714734e-01
9.497208129926847375e-01
9.846845250152540530e-01
9.664640041572359896e-01
9.909191207387814115e-01
9.633570881775747052e-01
9.764060596895233202e-01
9.807212122872859261e-01
9.832883832715724193e-01
9.843366038457365130e-01
9.769444319206525007e-01
9.694291622439711320e-01
9.911738614471827802e-01
9.698970450789941022e-01
9.856139596636993572e-01
9.846771840682991828e-01
9.768716068172536016e-01
9.800142873859578607e-01
9.838977963582484776e-01
9.854075573652010256e-01
9.648113571566826474e-01
9.782466474560199687e-01
9.921338522384762770e-01
9.869067391599135597e-01
9.887087551895007431e-01
9.634166587646951774e-01
9.508645070671439825e-01
9.409599684685985288e-01
9.747922098462074025e-01
9.822848344303456436e-01
9.551754453524724520e-01
9.695754172212753819e-01
9.649014490358617246e-01
9.845475243834215240e-01
9.829068143790488099e-01
9.713018445461909511e-01
9.648314945355235261e-01
9.785908940727959804e-01
9.727207368498923534e-01
9.799468194623076611e-01
9.885979292949097497e-01
9.927525076016738836e-01
9.530206548269529732e-01
9.673223582246476271e-01
9.911794607753099395e-01
9.874389755635201160e-01
9.657944215069628191e-01
9.887024824437260495e-01
9.860070454952878372e-01
9.508934390542292947e-01
9.510412883664257633e-01
9.936731396582919595e-01
9.893102845269952095e-01
9.795186801683166689e-01
9.855095375051469153e-01
9.773646292925591839e-01
9.894921454423395435e-01
9.828862111622540532e-01
9.877721284035457794e-01
9.698557887868310967e-01
9.576385631226465023e-01
9.815804184890297712e-01
9.964145663178510803e-01
9.854125484760076770e-01
9.705549701541613672e-01
9.698208861826629335e-01
9.858415351849997288e-01
9.919149018459537670e-01
9.895613464160095685e-01
9.706146371757649050e-01
9.739161390687524067e-01
1.000176289106052385e+00
9.633843771562961011e-01
9.349026477545915315e-01
9.758267825710262855e-01
9.745006194655455589e-01
9.924815119725847179e-01
9.670462626152762642e-01
9.889155076563640456e-01
9.650626154050923056e-01
9.986208345924444396e-01
9.866169477969477519e-01
9.731683173155817324e-01
9.775711290256622332e-01
9.761848526717404884e-01
9.811770393850883787e-01
9.667840114934761475e-01
9.773414117359130460e-01
9.835705088096545756e-01
9.688870771844763086e-01
9.740288658430744650e-01
9.767950757353230928e-01
9.938149964914834156e-01
9.923926673873780802e-01
9.632796670294900832e-01
9.709566493178413138e-01
9.952181411998624050e-01
9.579823159712936853e-01
9.705686343866812837e-01
9.814958758622304158e-01
9.820333827807889993e-01
9.670193612870138233e-01
9.764093502315557283e-01
9.465881358625530817e-01
9.778605762187890793e-01
9.795278821154937976e-01
9.973590524653777045e-01
9.852685876362566875e-01
9.658023632536466563e-01
9.813064662103716529e-01
9.883224342957656061e-01
9.917779717408482520e-01
9.788531819784037635e-01
9.964436327778456448e-01
9.876363532680886292e-01
9.785061107372632350e-01
9.862565333804260703e-01
9.851650963572998743e-01
9.945844450482278498e-01
9.750579024125048955e-01
9.756965852281567209e-01
9.782584419878143089e-01
1.007922401365384468e+00
9.462364269030333341e-01
9.884123636158749227e-01
9.912744529504839974e-01
9.971545265669227165e-01
9.862483402787812770e-01
9.938300105667198237e-01
9.914360562603695692e-01
9.719403537814595984e-01
9.764704615315420444e-01
9.707124463005674109e-01
9.774482477813795089e-01
9.802906838615151885e-01
9.812740106819156649e-01
9.821361895345521731e-01
9.808232297176003867e-01
9.900159824649303886e-01
9.691981208603556164e-01
9.856745390443650834e-01
9.862637911531856316e-01
9.892873696017150387e-01
9.746868721872417041e-01
9.509350772757377834e-01
9.707406701206044985e-01
9.825938495044451715e-01
9.937404736228809821e-01
9.726460603899865776e-01
9.857283959275600083e-01
9.815647194763439387e-01
9.811145129866064574e-01
9.748472593435812961e-01
9.761845661943562291e-01
9.817331122253314390e-01
9.665440729169566536e-01
9.865189727373171458e-01
9.859068289410907182e-01
9.874838642173751069e-01
9.494225272540940397e-01
9.872512473812340428e-01
9.768069431590680196e-01
9.806724422672438157e-01
9.666092131185612946e-01
9.893434622549406310e-01
9.628811213453735141e-01
9.914650301282986744e-01
9.825936724380291976e-01
9.863572524217872894e-01
9.761461585506225891e-01
9.801497274156849571e-01
9.771212727603889592e-01
9.605278390045636216e-01
9.908726267729581760e-01
9.936098592690139064e-01
9.818637510493486431e-01
9.879161158568180445e-01
9.716694921240819349e-01
9.816708701104297496e-01
9.786607161977450842e-01
9.890572789325916547e-01
9.693038230453153714e-01
9.814446704831407686e-01
9.855007072114698730e-01
9.814110907857547250e-01
9.751617844710258609e-01
9.754768791662234984e-01
9.922764829438547318e-01
9.902649821108561179e-01
9.954808819563526479e-01
9.965664893263856960e-01
9.942971091540151463e-01
9.729433980427428796e-01
9.828188090816142308e-01
9.964450387620207295e-01
9.870997351413131060e-01
9.616854343049160425e-01
9.775895637060704191e-01
9.819825658372492994e-01
9.619911060252233082e-01
9.965073375533101130e-01
9.531174214567711411e-01
9.787283561338361304e-01
9.815816085960510362e-01
9.840705662129745068e-01
9.845463689389108985e-01
9.792068263456494837e-01
9.882495513172608881e-01
9.880113646349697465e-01
9.718669751871328311e-01
9.811935061704715189e-01
9.988805399681048858e-01
9.826966778352900223e-01
9.994015433931563441e-01
9.848006906621252776e-01
9.788143752573821299e-01
9.567352944406041226e-01
9.702957515699111024e-01
9.938619416070260115e-01
9.818131050151184258e-01
9.802749702440400892e-01
9.696447714737546075e-01
9.778866646166437526e-01
9.835576718640038907e-01
9.790275882394939844e-01
9.838428027780106166e-01
9.693283387655032834e-01
9.873856577500661480e-01
1.011122166883104967e+00
9.766495970479652788e-01
9.785072319742963431e-01
9.630078313392190781e-01
9.860229808444940236e-01
9.855107803748174300e-01
9.480853564762067309e-01
9.483726717721041588e-01
9.681427182875538273e-01
1.000672993529184041e+00
9.813130785155003144e-01
9.740130494224019664e-01
9.503098115108410404e-01
9.892571214232436239e-01
9.983134354276432809e-01
9.657162436660987614e-01
9.706278881332774944e-01
9.919695338145898544e-01
1.003316124808735221e+00
9.809662934515249733e-01
9.932611028656483931e-01
9.971240103044213265e-01
9.764045578635539568e-01
9.930154443769481087e-01
9.741158897711135189e-01
9.807698107577320634e-01
9.995519334576223880e-01
9.703667578159783647e-01
9.955937319477793368e-01
9.939909068710552908e-01
9.810169023029459145e-01
9.855790498295210478e-01
9.845763219944393407e-01
9.623307685213301488e-01
9.622582835818652702e-01
9.853962843117928250e-01
9.931262553501429835e-01
9.904596887926631066e-01
9.577126591854596693e-01
9.838836542398441409e-01
9.797753145379189954e-01
9.941120078298534279e-01
9.632669942965341736e-01
9.855385965804660531e-01
9.446731027053472118e-01
9.970910515614529457e-01
9.598208448821629046e-01
9.733364938909060404e-01
9.819373856188630123e-01
9.964418182659391388e-01
9.779080779066564588e-01
9.678385204818867882e-01
9.769685663712269763e-01
9.854043989774282641e-01
9.910111169106627926e-01
9.535489595895447756e-01
9.599108678328135413e-01
1.009936645357237373e+00
9.722391600747338769e-01
9.858080750323633401e-01
9.908187541549684507e-01
9.760322941210471948e-01
9.787982258893901388e-01
9.796237230439369670e-01
9.686183301223338926e-01
9.870518874940819032e-01
9.792187542328198990e-01
9.861351150586665781e-01
9.632702695666175430e-01
9.771337602122882604e-01
9.644277247432521127e-01
9.780190032441212766e-01
9.884524608465563578e-01
9.744451486535539164e-01
9.931499481700204468e-01
9.830181236654766952e-01
9.806398582769646488e-01
9.961633077315374951e-01
9.819500088362754786e-01
9.867445487907574586e-01
9.852375315481478601e-01
9.724930453700487698e-01
9.952258916883935935e-01
9.858967419435622492e-01
9.730178595079452819e-01
9.854370377884573706e-01
9.727839070691121082e-01
9.650515829826443737e-01
9.936954916961667772e-01
1.006988473166938070e+00
9.763698541842424916e-01
9.859573119992335322e-01
9.955789015986644674e-01
9.721959859778397384e-01
9.908629503545968165e-01
9.847419273174529142e-01
9.754526869698060265e-01
9.785383334346838824e-01
9.790151657891620340e-01
9.628764192524322807e-01
9.790802141496175448e-01
9.937623148699489262e-01
9.728659612221289832e-01
9.710613728509347453e-01
9.798217022546614752e-01
9.844567573400080374e-01
9.787393745544580304e-01
9.949157553853603675e-01
9.965278813408582348e-01
9.766658571201780603e-01
9.872228756491697732e-01
9.760418134821983172e-01
9.884790420543596579e-01
9.916508317693211172e-01
9.915344336929398095e-01
9.752475454194279303e-01
9.822802849047298501e-01
9.805818654605131801e-01
9.910050306488068506e-01
9.905455431043935777e-01
9.847041962234520662e-01
9.804765899473376622e-01
9.911627374425044934e-01
9.794154208864436217e-01
9.439641074661706543e-01
9.712599859642591094e-01
1.000410753424959331e+00
9.439872540735958495e-01
9.732907836193411821e-01
9.501616191920306820e-01
9.944632772330332937e-01
9.853610327560891058e-01
9.716533693757893886e-01
9.680286957048165331e-01
9.851640493756782524e-01
9.876488737795940942e-01
9.865225418616305753e-01
9.841786590776153698e-01
9.716970313930182179e-01
9.870717481522990333e-01
9.674633609075176111e-01
9.928334081041950698e-01
9.610190511026512894e-01
9.770001530795109357e-01
9.408758281570444026e-01
9.918397105268945690e-01
9.578950858923669376e-01
9.897656645022854249e-01
9.771711638881021011e-01
9.773992618902341833e-01
9.889985725680323636e-01
9.551764348587817866e-01
9.920587055815679456e-01
9.880596486184752836e-01
9.697831339420565078e-01
9.710752532270306991e-01
9.859289014205749879e-01
9.692948165896936308e-01
9.692520476935155838e-01
9.817297453558020415e-01
9.864509752391428243e-01
9.820473630105440721e-01
9.681431579897399331e-01
9.810885798912173383e-01
9.673010921928754113e-01
9.673350654114184488e-01
9.804329701669802777e-01
9.741706224316463159e-01
9.933589105813536158e-01
9.663728431966603916e-01
9.569903175989750155e-01
9.860683076413120363e-01
9.814895385687578688e-01
9.801641442291204598e-01
9.927309142747627879e-01
9.855839491766779092e-01
9.765144020343535791e-01
9.800979951281316715e-01
9.964665143269788583e-01
9.896949651724731289e-01
9.851643686179785142e-01
9.648789376771365056e-01
9.710858979668324231e-01
9.753437713805878095e-01
9.925159179123190789e-01
9.839948699602424353e-01
1.000774164018569445e+00
9.820295553656169796e-01
9.831838150884875116e-01
9.894795768722355334e-01
9.832831255514692392e-01
9.928071409942615944e-01
9.912308333947852379e-01
9.811479036271042453e-01
9.893378894240976162e-01
9.875739277005780581e-01
9.636319037748236616e-01
9.827738638394336590e-01
9.903286546612597441e-01
9.993913697736073187e-01
9.848791620350183518e-01
9.852741631312825765e-01
9.814045876732485629e-01
9.723685734928013691e-01
9.828270320871231869e-01
9.750857351820069185e-01
9.830364985285077184e-01
9.787656504182982165e-01
9.834820930127318173e-01
9.721839608381597220e-01
9.865266921788710119e-01
9.812081474341882714e-01
9.664532745583064299e-01
9.945288019780688105e-01
9.899432134974680553e-01
9.866740242266395233e-01
9.809045713119757259e-01
9.966053886420886965e-01
9.926264849522371536e-01
9.874479736046130052e-01
9.780604597574104053e-01
9.651104171707143298e-01
9.870449148021206431e-01
9.366271667000207746e-01
9.760306335565309688e-01
9.753633475876073433e-01
9.865074091418619684e-01
9.924570130189346306e-01
9.838328499136786975e-01
9.796794871291477635e-01
9.557032648705990896e-01
9.833827060182971369e-01
9.708688026860254894e-01
9.817620358657324076e-01
9.787058316203099961e-01
9.716658914605081909e-01
9.889433141488390699e-01
9.717597840331022585e-01
9.776666352368544866e-01
9.899157616046557751e-01
9.939135754218594299e-01
9.723104077325368522e-01
9.809579612364591750e-01
9.770761558602216734e-01
9.805160638009586815e-01
9.737744566794377388e-01
9.642291733732116787e-01
9.777246516870184978e-01
9.717890265549080642e-01
9.777203706989134879e-01
9.785906989447614723e-01
9.649036273769484584e-01
9.788114279854236432e-01
9.841823456360189182e-01
9.874927195390447165e-01
9.793574809861338437e-01
9.966092993227469998e-01
9.934970819768490502e-01
9.653320443405090101e-01
9.439901382518094408e-01
9.617158179056669587e-01
9.886725896439495509e-01
9.364204752943502408e-01
9.543413001894767156e-01
9.407805453502690041e-01
9.885551104227052743e-01
9.716428901245848238e-01
9.702758059105108801e-01
9.839913792383400137e-01
9.866719570014484963e-01
9.883527327437975352e-01
9.501091882633255770e-01
9.913779085908220878e-01
1.009225075044276609e+00
9.759642926542893004e-01
9.785191471928278428e-01
9.855853606251995247e-01
9.851439429746533527e-01
9.806697507328949737e-01
9.880430244705868947e-01
9.892662440661821321e-01
9.715850258769085368e-01
9.691191918914815462e-01
9.852587619397025209e-01
9.815185593615982640e-01
9.764438453274075780e-01
9.882409180471282140e-01
9.378738800427564026e-01
9.898946315832101162e-01
9.798730516777350852e-01
9.883155555233350542e-01
9.744248862545494827e-01
9.490232846059967198e-01
9.811220914086666856e-01
9.670142036114967032e-01
1.015482001667560086e+00
9.900037305979730862e-01
9.717857087413453998e-01
9.824538602365039397e-01
9.747433794448652211e-01
9.827416815599735456e-01
9.696661426141373052e-01
9.754329616918320234e-01
9.931580906621252369e-01
9.883115668641189178e-01
1.015038062921615580e+00
9.911929381312257759e-01
9.890121765235457829e-01
9.857878980227210430e-01
9.907696847839899679e-01
9.827234915770965973e-01
9.768355254716766245e-01
9.855165243342899339e-01
9.790283761184556122e-01
9.863587914271323420e-01
9.958384335734300485e-01
9.570023160013034769e-01
9.740317157779495583e-01
9.969110784070029929e-01
9.850456571732465472e-01
9.988561806688014411e-01
9.859074390899892348e-01
9.776764151126134950e-01
9.855282688050207573e-01
9.978607034020815503e-01
9.898002822013048929e-01
1.003664512983872381e+00
9.709409733827115696e-01
9.645403834026811118e-01
9.675768563507977094e-01
9.847832505375782031e-01
9.710126207115107322e-01
9.710998154110472846e-01
9.436835948589098466e-01
9.906516890458725300e-01
9.496705852127835801e-01
9.886395826710209223e-01
9.608104227085271232e-01
9.768130570439277349e-01
9.776815650757634257e-01
9.795397574559226994e-01
9.810605125285638550e-01
9.775486305455328706e-01
9.765794021313106699e-01
9.786966273458856946e-01
9.772075132073910764e-01
9.778436771501877178e-01
9.649647707605270019e-01
9.908972957966393214e-01
9.821993767599249692e-01
9.970544129474201434e-01
9.845496918039653433e-01
9.790322714346760824e-01
9.999882816569473087e-01
9.911151142505062461e-01
9.736516435264956915e-01
9.843076192082557130e-01
9.875855017085582999e-01
1.003069493354789898e+00
9.634763852982023424e-01
9.923439729421009714e-01
9.801929133497412350e-01
9.902177469264400456e-01
9.815122659770766367e-01
9.799898320153425102e-01
9.806884693352478921e-01
9.797407501127610718e-01
9.875364195119804567e-01
9.972383629664888227e-01
9.894366711330473407e-01
9.855107440326997814e-01
9.850607742441471748e-01
9.844766645270750516e-01
9.846315849728158875e-01
9.819075848230917059e-01
9.755195887138081723e-01
9.928811296396374830e-01
9.674834724177681089e-01
9.856272311439813194e-01
9.831813524340785593e-01
9.986142354182561132e-01
9.654820079032617741e-01
9.919984855912414856e-01
9.665404137100137572e-01
9.543247980542154396e-01
9.886103413732828527e-01
9.764121220368403575e-01
9.580567153984850259e-01
9.961575404582765358e-01
9.829992623272560959e-01
9.895270986709393535e-01
9.800636161922781087e-01
9.864015381698837404e-01
9.816673407151873532e-01
9.714779915671244437e-01
9.783492472385640903e-01
9.736974715884545439e-01
9.663388388867455436e-01
9.808714746883085978e-01
9.890020420338629936e-01
9.837242320181285304e-01
9.713447082279113021e-01
9.586015003933147094e-01
9.520022164974543122e-01
9.569561762425594642e-01
9.832277413440365654e-01
9.387934904005149628e-01
9.682730165707112979e-01
9.856972557844903005e-01
9.945304045552931793e-01
9.783241927182823039e-01
9.969538172361910311e-01
9.750155853866978584e-01
9.929589607281803509e-01
9.737808572243896732e-01
9.645027958238072685e-01
9.800323933654322417e-01
9.697883370088351551e-01
9.797184068468572926e-01
9.937067818749150128e-01
9.746652248416345365e-01
9.775508469693153790e-01
9.860873729111816477e-01
9.696607334407831846e-01
9.555659776999666510e-01
9.726214212426113059e-01
9.827474546091774510e-01
9.794906328583340427e-01
9.758615206170579981e-01
9.864736458232751248e-01
9.874522588787724153e-01
9.757365568241314069e-01
9.621678141986207411e-01
9.719156943172939656e-01
9.760079689709161288e-01
9.926606757844953499e-01
9.632811887747902979e-01
9.765668244357623706e-01
9.641451527350491935e-01
9.291944423739606496e-01
9.764421374585353641e-01
1.001718573845528537e+00
9.814859688427118867e-01
9.685654980826865490e-01
9.812312763611946709e-01
1.001645893500102469e+00
9.901967731677894236e-01
9.858888008811785841e-01
9.742027851429412300e-01
9.815869871533744462e-01
9.910931683831999406e-01
9.744059794526109819e-01
9.868592443033795680e-01
9.561494570221932277e-01
9.878897529934874688e-01
9.931491864555042071e-01
9.670248332471986785e-01
9.726135644639286593e-01
9.818593988339846534e-01
9.732815964576925216e-01
9.839135732473847096e-01
9.940971038134365223e-01
9.923340361712142954e-01
1.000126668239603056e+00
9.612213875115453998e-01
9.806216479070700709e-01
9.957456805083122475e-01
9.781316549459471155e-01
9.773461358306411162e-01
9.802878989749599370e-01
9.791307640870985374e-01
9.870919968637859032e-01
9.852710457728190985e-01
9.736696238768454137e-01
9.681260032534453330e-01
9.776242441970134367e-01
9.733235139524796242e-01
9.844694974883602123e-01
9.333857597652647220e-01
9.823536001385555494e-01
9.599918018509526751e-01
9.959093149058833028e-01
9.846481308224916962e-01
9.600563212073086605e-01
9.927946654245243252e-01
9.976510088395591502e-01
9.769984165141917254e-01
9.745733652750392384e-01
9.586166287090182037e-01
9.901923940989862949e-01
9.763612371859775596e-01
1.006891378650808022e+00
9.782717670638607643e-01
9.877781596383619078e-01
9.789431017485485942e-01
9.468693233723509683e-01
9.631309206631917252e-01
9.787288490761435478e-01
9.530694002459610958e-01
9.698725163933642479e-01
9.901292841229022423e-01
9.948065995520196658e-01
9.862941454485379955e-01
1.003728707217142135e+00
9.913639885601419621e-01
9.568222507024302104e-01
9.916435605032439815e-01
9.688486465437246009e-01
9.852795741724472700e-01
9.821956872087541646e-01
9.808052419105059982e-01
9.571761566679255484e-01
9.356675681162763825e-01
9.682664138259563513e-01
9.835747639657881347e-01
9.718865819891274738e-01
9.693078894823184966e-01
9.526881098209644128e-01
9.805854029400723482e-01
9.760368434131704296e-01
9.817724172592148246e-01
9.883887062377780808e-01
9.865005555343384636e-01
9.872483545106399694e-01
9.684406884798975046e-01
9.689206925090878553e-01
9.827181023696101025e-01
9.712548370425539979e-01
9.869515712670356988e-01
9.744699558582368137e-01
9.894108222178109591e-01
9.739318335319155917e-01
9.873265905839951895e-01
9.790704781036636550e-01
9.645124381712124606e-01
9.732562844919449008e-01
9.829101691190926804e-01
9.795667397196238246e-01
9.629942428371158769e-01
9.727972846448739164e-01
9.828771658951159784e-01
9.835650584878664615e-01
9.647202891910684475e-01
9.821455809558502503e-01
9.867182279184659732e-01
9.889688107286247476e-01
9.762734977041099826e-01
9.818746159952620456e-01
9.831899371945683752e-01
9.868387513507785869e-01
9.823969807664357790e-01
1.005467320741310067e+00
9.551732707657030197e-01
9.931301044644246234e-01
9.647266015600441946e-01
9.849618576478814669e-01
9.818588171261770636e-01
9.869148324426416652e-01
9.835243011272090108e-01
9.787219123224321082e-01
9.644342649639191523e-01
9.699235448452291353e-01
9.859810354845408575e-01
9.792113061199146928e-01
9.845597002923642815e-01
9.776949533594611053e-01
9.902811548799668184e-01
9.785906347976034425e-01
9.903823849569680648e-01
9.782123773886660656e-01
9.649842788779384728e-01
9.892648866650103345e-01
9.693576592464872022e-01
9.808934180232312672e-01
9.790252905877441236e-01
9.667476619148756001e-01
9.640736562450140656e-01
9.820567579561183535e-01
9.759626604555197149e-01
9.804630946180143969e-01
9.698972658941013014e-01
9.700110913739216079e-01
9.789257076743450581e-01
9.637373660718753232e-01
9.724856556558560960e-01
9.845705406905093104e-01
9.887941020326481700e-01
9.716352708330011634e-01
9.805593314410095962e-01
9.782547173741101831e-01
9.963464566046172921e-01
9.743037400137627424e-01
9.952926280270935067e-01
9.952163177682724626e-01
9.579747812890685443e-01
9.775922479543721622e-01
9.811914699225996461e-01
9.538605491259496416e-01
9.562555521279222370e-01
9.981581959863682352e-01
9.786321698496893706e-01
9.942926516493025835e-01
9.737663658007007506e-01
9.776821922116529784e-01
9.969401786978534519e-01
9.747663997018406468e-01
9.840686593383758396e-01
9.800506921618936662e-01
9.934197810821367991e-01
9.817777535288044755e-01
9.825722874644130522e-01
9.981865503121237770e-01
9.626138748644135212e-01
9.771817779120339775e-01
9.885057752651301710e-01
9.831462534988788526e-01
9.725823518222032060e-01
9.846788564178947656e-01
9.726294649681664906e-01
9.832255495402918433e-01
9.648970069772719871e-01
9.916148401141519075e-01
9.798034144658286371e-01
9.725063112694032341e-01
9.727437308890213297e-01
9.789629722759284336e-01
9.575927490571576328e-01
9.947205528425916432e-01
9.751863055299470062e-01
9.881845062925929124e-01
9.828639423587058888e-01
9.873145507719465197e-01
9.605962254200094419e-01
9.831850551794482085e-01
9.627326530968992602e-01
9.818380283377393658e-01
9.799161308484196642e-01
9.399938011088377898e-01
9.684648884167130767e-01
9.842184685144939049e-01
9.708877890003940747e-01
9.891151244306894963e-01
9.612046266583976761e-01
9.731315902672990070e-01
1.002162695880593590e+00
9.760804414773354143e-01
9.821242130420340111e-01
9.735043858447891552e-01
9.881172209775289650e-01
9.669125609913887809e-01
9.703170971195014261e-01
9.859279617454422828e-01
9.502142802692967738e-01
9.880331109389461908e-01
9.837806794773109598e-01
9.870036420728618420e-01
9.813893321067066466e-01
9.545194095620405106e-01
9.742883765525657269e-01
9.613209773626631982e-01
9.852870098794601628e-01
9.529511036089423071e-01
9.826305633377787618e-01
9.693244999024895892e-01
9.825656419150904375e-01
9.767018469266957048e-01
9.824045862920878225e-01
9.874521881711042504e-01
9.705096604275984529e-01
9.564198761003913640e-01
9.702036080865591439e-01
9.905727748271820898e-01
9.805416649285642050e-01
9.771438299096127933e-01
9.760083925190348175e-01
9.869660579827261859e-01
9.832688212222316926e-01
9.893439603711279284e-01
9.969092735433942032e-01
9.837319545419789257e-01
9.876653978367239128e-01
9.751431692201328882e-01
9.849315380107299678e-01
9.780372054757501266e-01
9.790750364259566130e-01
9.802794018448859337e-01
9.710164052757841446e-01
9.781422493017870590e-01
9.710473579674487876e-01
9.573702168653052125e-01
9.813467806186478848e-01
9.810252361609134164e-01
9.909808190884084045e-01
9.898639559815213262e-01
9.859879805223936700e-01
9.919917468223317103e-01
9.792581589856109714e-01
9.809152729889465405e-01
9.988750032573199267e-01
9.685523297840362700e-01
9.899532194563259724e-01
9.943693657123972018e-01
9.827365027665037056e-01
1.015164112933814033e+00
9.764913714488937524e-01
9.849734733147863519e-01
9.718653782316359901e-01
9.856507513490925243e-01
9.870722210733088309e-01
9.874199878802433217e-01
9.578901611133856520e-01
9.851279728620558895e-01
9.837469365251457765e-01
9.930014366774860823e-01
9.816677102268788202e-01
9.867405510711716454e-01
9.887520057587501077e-01
9.632433057669987919e-01
9.745064273668508914e-01
9.872184319645103123e-01
9.500426249635830489e-01
9.870295443921045520e-01
9.864202180106439455e-01
9.821739197588142956e-01
9.737756480972205031e-01
9.248850478662050678e-01
9.573250944247424510e-01
9.796327056684517309e-01
9.861223918452364234e-01
9.661788672634440411e-01
9.734229888150127685e-01
9.811569611404982183e-01
9.707648110539992548e-01
9.843123171863180643e-01
9.822039144690226653e-01
9.953415077093528129e-01
9.890722151047635080e-01
9.731369410795270847e-01
9.791001436407702485e-01
9.848379964701862166e-01
9.738307319096395354e-01
9.827732165845972645e-01
9.882706144160057216e-01
9.894647939939159587e-01
9.612966913473174335e-01
9.947521977232143264e-01
9.712980352748796786e-01
9.881492119038589594e-01
9.847565309833040681e-01
9.735070838233192969e-01
9.872582723478263711e-01
9.861785513564765848e-01
9.534878063474842014e-01
9.264975584975839729e-01
9.819724543625645286e-01
9.780461646669221798e-01
9.919088962479490901e-01
9.857502403108250322e-01
9.812514585582062798e-01
9.917508102799852399e-01
9.796076030160624226e-01
9.687921899519327251e-01
9.909562709471821940e-01
9.724668473754980447e-01
9.858940861476175321e-01
9.875842189651474756e-01
9.443513811995378759e-01
9.790120512715595469e-01
9.702072757925808144e-01
9.772484733002689827e-01
9.673716486165958583e-01
9.772031881064761061e-01
9.844117412900859065e-01
9.841788075030883931e-01
9.791112908054928621e-01
9.868915124607552380e-01
1.002113433252161734e+00
9.868778179236751269e-01
9.832548190224704721e-01
9.653580596042591333e-01
9.897422868210373759e-01
9.610490495863602822e-01
9.910442651456968788e-01
9.878026916292840243e-01
9.702063782353458343e-01
9.638136821960878731e-01
9.737610834174079688e-01
9.815949975251928583e-01
9.636573562283099470e-01
9.639913353074617275e-01
9.791263326613524054e-01
9.868879162405513883e-01
9.870903979971399345e-01
9.980613979453281104e-01
9.658411235885522306e-01
9.795089338123494915e-01
9.911832128627782179e-01
9.837606083300106663e-01
9.736138370030895661e-01
9.468115607597135108e-01
9.803859546068531827e-01
9.756465608712384663e-01
9.768819388825636940e-01
9.813262940925545630e-01
9.808892922610155107e-01
9.883843954650902708e-01
9.922552253037205672e-01
9.839016365374305684e-01
9.720960819973534228e-01
9.803158896570299818e-01
9.783781154363332400e-01
9.812747599165330126e-01
9.734090996392842365e-01
9.859614170809746225e-01
9.748936672887680288e-01
9.413063260989981140e-01
1.003374071866469652e+00
9.883430014020897492e-01
9.736835772172741654e-01
9.960450314888713574e-01
9.566130476126656346e-01
9.787743617203931157e-01
9.915618165759040314e-01
9.809708267074971344e-01
9.821523329352342957e-01
9.631072935187131590e-01
9.865881191664812588e-01
9.867327529351219706e-01
9.772527245910008764e-01
9.700993913644828659e-01
9.889049524537548708e-01
1.018140250796321755e+00
9.780068936322316997e-01
9.827858212955997708e-01
9.873814745187032837e-01
9.720733582569378584e-01
9.620477875691949565e-01
9.884148961173053749e-01
9.854949629755250795e-01
9.513916182541309885e-01
9.883465813450534876e-01
9.907767706425270049e-01
9.887164712560028157e-01
9.806656864302363275e-01
9.917749621054399167e-01
9.764389619827307243e-01
9.478769616499065354e-01
9.969006034848042486e-01
9.825825394366870524e-01
9.618489641915217714e-01
9.879877382273197783e-01
9.868217897144860862e-01
9.696340106414289561e-01
9.884293563452586362e-01
9.744077699872587539e-01
9.804061901014385905e-01
9.735745464705304331e-01
9.761166340221817395e-01
9.638102330788920202e-01
9.705391210097472632e-01
9.917495360795391957e-01
9.661668566094770982e-01
9.828412080293054132e-01
9.785072763423896536e-01
9.816100488004463331e-01
9.789248756499829840e-01
9.631664254911664891e-01
9.773230329385047543e-01
9.334543359097655646e-01
9.749480998425406053e-01
9.855211467431316263e-01
9.894464261680853134e-01
9.857690910998397893e-01
9.702838899792360916e-01
9.735575130007267930e-01
9.960200388316214903e-01
9.774066371327160274e-01
9.949111984394187758e-01
9.564447813205455562e-01
9.854772705583153547e-01
9.576386074792649916e-01
9.790133732966002089e-01
9.828779887366936308e-01
9.822458033562256885e-01
9.928564402166386582e-01
9.967357559905060116e-01
9.903704561082401492e-01
9.859835676923752734e-01
9.632074179081295817e-01
9.747997452635791538e-01
9.609984032410600063e-01
9.780107136134702506e-01
9.827936905840313209e-01
9.924509394603092671e-01
9.837549894401559358e-01
9.845962563889953945e-01
9.544050298787790654e-01
9.927105536830422849e-01
9.753436302933077284e-01
9.715329096190890024e-01
9.786413874799569923e-01
9.610592239978570372e-01
9.731282397388536509e-01
9.462918997347201655e-01
9.853917451896549995e-01
9.668436853728508140e-01
9.758303858498591499e-01
9.830824716194024315e-01
1.000770230670393612e+00
9.801528232282449293e-01
9.867344389889000089e-01
9.689730267826306420e-01
9.864290569206396464e-01
9.899412479616200855e-01
9.867066456120302531e-01
9.910198173707532865e-01
9.927607877802967495e-01
9.880195828919946521e-01
9.653297965168793349e-01
9.505500242394773203e-01
9.774164139770251669e-01
9.901913632059938797e-01
9.749539022398011623e-01
9.880073855716201559e-01
9.846869153252518769e-01
9.786085565558209076e-01
9.837226646691179521e-01
9.914630052951817207e-01
9.979833403089709565e-01
9.835530998168187100e-01
9.676861810380509299e-01
9.795232614382797243e-01
9.769819456310214756e-01
9.856794640806322283e-01
9.555193580743084336e-01
9.713046602484036729e-01
9.746392541877194615e-01
9.891700785376192906e-01
9.738962688089033426e-01
9.878347251502030968e-01
9.882075774892854492e-01
9.815120918868215361e-01
9.765189380426456678e-01
9.627815672396087265e-01
9.861377474087141826e-01
9.817230854666668671e-01
9.735825656728183120e-01
9.701549418454319396e-01
9.941486709055167292e-01
9.820288888571182540e-01
9.609190466435268974e-01
1.002235784370778093e+00
9.905785102270604492e-01
9.876635063659490177e-01
9.832592797315587996e-01
9.869248913596780914e-01
9.934128465607162672e-01
9.733666602344257512e-01
9.874169071284546462e-01
9.401082555940734053e-01
9.949638327831678009e-01
9.905149926562576423e-01
9.771138133486577670e-01
9.901097445633645355e-01
9.867793988014329498e-01
9.677895915104122171e-01
9.964667571192958873e-01
9.871846043048101427e-01
9.673334133256050738e-01
9.904278487096878081e-01
9.692641479385185610e-01
9.703096971141097482e-01
9.832265938718849352e-01
9.628921298615791269e-01
9.877355244865031469e-01
9.781095790353396824e-01
9.796873193980502048e-01
9.513031741956103904e-01
9.604684042662549048e-01
9.901891959476033511e-01
9.480035703291158633e-01
9.823478413592209302e-01
9.251038147124803768e-01
9.627908413987762426e-01
9.453387088175816411e-01
9.870157243903466826e-01
9.879005563347351693e-01
9.562251580025515896e-01
9.941302314177948851e-01
9.916302564680999909e-01
9.872626605854103454e-01
9.850241397970057600e-01
9.630786237236832470e-01
9.934167498367644233e-01
9.927096206668640788e-01
9.845447472129763566e-01
9.881581446875233876e-01
9.876725333641481752e-01
9.767968925445355000e-01
9.983387380165368308e-01
9.446290983205422043e-01
9.664678872088625639e-01
9.880374589178037015e-01
9.679310086067675067e-01
1.005911986925320356e+00
9.891960955579347514e-01
9.759518011421325356e-01
9.767697325789861384e-01
9.864708709922886953e-01
9.623570593207608770e-01
9.798717062773356634e-01
9.607096232950957937e-01
9.738121641211504587e-01
9.881566518309283786e-01
9.923428294787314252e-01
9.866168372460732972e-01
9.834797084325871408e-01
9.797640207608365737e-01
9.928336848949870230e-01
9.797691681856379731e-01
9.758494278919311871e-01
9.594419133931513244e-01
9.766617161994533003e-01
9.828708930841322244e-01
9.925302085682787823e-01
9.955362859938512443e-01
1.016720507489254466e+00
9.707861269609255883e-01
9.743271812060569914e-01
9.957863982449415285e-01
9.760972748186783621e-01
9.781131884243027264e-01
9.817254510540460721e-01
9.840551649184201555e-01
9.771643693967237976e-01
9.554982371581883793e-01
9.867873592230111957e-01
9.646716637553971463e-01
9.904286285967374148e-01
9.782424349077389891e-01
9.861284377972716619e-01
9.999879690368057572e-01
9.742509621972612610e-01
9.842409944174953518e-01
9.626032826930208675e-01
9.962091080678011634e-01
9.386322765391914569e-01
9.771674292329831646e-01
9.818702582523102240e-01
9.905974420280243553e-01
9.910672147319753433e-01
9.680725333000343991e-01
9.565935028249504812e-01
9.929651284742097017e-01
9.755908782518579736e-01
9.832867494622101745e-01
9.730855205852472212e-01
9.730553218440283203e-01
9.392118281074676167e-01
9.674534600405968465e-01
9.849743203914419487e-01
9.807049594841263929e-01
9.880776034263184515e-01
9.324969143838081065e-01
9.663187332009649522e-01
9.737805814033090313e-01
9.910559581961182474e-01
9.666492855001789231e-01
9.793518031126628998e-01
9.879205363964592701e-01
9.850596199219732174e-01
9.917436039165278272e-01
9.796193015654645064e-01
9.921212555229915742e-01
9.834223302634856889e-01
9.921742555919614848e-01
9.774965963851116602e-01
9.859346186601352091e-01
9.779604256754539371e-01
9.808855619427027106e-01
9.853502115253999216e-01
9.691572503137808603e-01
9.739287798068962942e-01
9.677485693689760193e-01
9.634142948849810928e-01
9.686994731159872529e-01
9.645739275752740483e-01
9.884506433700951389e-01
9.928101806724745071e-01
9.809208378367754166e-01
9.880645287152267642e-01
9.763185063993162771e-01
9.896173026975008113e-01
9.860098440275886222e-01
9.695815572783709202e-01
9.770982592294858993e-01
9.918237625904232635e-01
9.875912109465435629e-01
9.491040454581661789e-01
9.853960323524350029e-01
9.856654100169126576e-01
9.853936062453608757e-01
9.902990150118464729e-01
9.869213076024982989e-01
9.951132448608999148e-01
9.835830304411211644e-01
1.001727702611326487e+00
9.585355904580452613e-01
9.866890680095462551e-01
9.839626714204825486e-01
1.001276164550381376e+00
9.771431972498163532e-01
9.689298969132192907e-01
9.880854793492493959e-01
9.570206534758252115e-01
9.785958884863489304e-01
9.414584332546174217e-01
9.729868255283167233e-01
9.835582559657686241e-01
9.805740521836440182e-01
9.793379673579157840e-01
9.728663144395323092e-01
9.749986531110029775e-01
9.704071696275314851e-01
9.758187995039464546e-01
9.608708158983809700e-01
9.763361634692694357e-01
9.882871766775401801e-01
9.875239036336620480e-01
9.892923463056665367e-01
9.879538845518681667e-01
9.885582753233638220e-01
9.823652991581675042e-01
9.916295944449364796e-01
9.845358330660657353e-01
9.853361026120639465e-01
9.821924634661572950e-01
9.908980790488741697e-01
9.936637922754241181e-01
9.767536664182299155e-01
9.863106225720946751e-01
9.861851029442830763e-01
9.488086823343925280e-01
9.649204207764101593e-01
9.749351652334765639e-01
9.787044043757717748e-01
9.871027949035389160e-01
9.703926198110239820e-01
9.987762871452199320e-01
9.727269841968719799e-01
9.470876862784263217e-01
9.880213317932112771e-01
9.586880200312764000e-01
9.789432405886224764e-01
9.613628269463896370e-01
9.587618072831379790e-01
9.891253995641647867e-01
9.848064120664021814e-01
9.652824116808979005e-01
9.630749906665569959e-01
9.860229287948364396e-01
9.439361418515647140e-01
9.724038025098701299e-01
9.929136604699275725e-01
9.736341447634901947e-01
9.548991497604721879e-01
9.834720125874706342e-01
9.766824666482841755e-01
9.673810883295053120e-01
9.755029540721079639e-01
9.667191242485628777e-01
9.856945008958450938e-01
9.554111214248879325e-01
9.297458621350511709e-01
9.990344168031898286e-01
9.765563708091875572e-01
9.910992336185118212e-01
9.545873813541910780e-01
9.878106854215820132e-01
9.632490654957888143e-01
9.860886180160008951e-01
9.891871500152803476e-01
9.839454871308720429e-01
9.787766295887517787e-01
9.840416130673140804e-01
9.805981148607203490e-01
9.967824085110820187e-01
9.522448661077825838e-01
9.812647382266342921e-01
9.870924807788988842e-01
9.819339935720177159e-01
9.658431748451122845e-01
9.902842301609450226e-01
9.661074784258811832e-01
9.558846753282054243e-01
9.921673549417854288e-01
9.777655093308734724e-01
9.611398840025177082e-01
9.806711615930401305e-01
9.873804076945135177e-01
9.938492835497272360e-01
9.709114134289615894e-01
9.905641310861190707e-01
9.757745661211115751e-01
9.927587180711220372e-01
9.747659922607226912e-01
9.654990069314350887e-01
9.868127696813012717e-01
9.763922230123809332e-01
9.670145585144442890e-01
9.830062535194697970e-01
9.686491300885272659e-01
9.883033094629130044e-01
9.860248880624742362e-01
9.742553348257104728e-01
9.221191155930968941e-01
9.864541186820033891e-01
9.391901244921881942e-01
9.736041270111294166e-01
9.771582672346043053e-01
9.833401724252095466e-01
9.689500703297396766e-01
9.974604751463036489e-01
9.699461606649563139e-01
9.676345013136389284e-01
9.836590167816999797e-01
9.966883495247416125e-01
9.774795837819951760e-01
9.665144220467173364e-01
9.865779905768198299e-01
9.903019466626258316e-01
9.319005538964968416e-01
9.588548361572128975e-01
9.789517878423414921e-01
9.813229998827500689e-01
9.539789074467832641e-01
9.796203395055399499e-01
9.932768788089642031e-01
9.857866877706981112e-01
9.926799212599241029e-01
9.814921354482446514e-01
9.921518850264133826e-01
9.974673344492507310e-01
9.696199584705235130e-01
9.915250845762687559e-01
9.560513823003917722e-01
9.706062121434222423e-01
9.849717682342961078e-01
9.525055745231240101e-01
1.004794951665082259e+00
9.816148877826400554e-01
9.904816307009860488e-01
9.748315384545035434e-01
9.657987847737919962e-01
9.864885246924488538e-01
9.916458561810537198e-01
9.827953615841213963e-01
9.645482117337925709e-01
9.834837233317446081e-01
9.681167937418521108e-01
9.982388614381300096e-01
9.779916721937157442e-01
9.511626262850637614e-01
9.711974466338627598e-01
9.776850340703326925e-01
9.801944782788426513e-01
9.758307125338594457e-01
9.646920627661217384e-01
9.457518144598852095e-01
9.859708964168759637e-01
9.713082037678041347e-01
9.779764228894469724e-01
9.914038643118586736e-01
9.807713042620408439e-01
9.890682234947514306e-01
9.734581066475913591e-01
9.751599055929196513e-01
9.854940804649345854e-01
9.537575352338331092e-01
9.683042617513601957e-01
9.722397141707441737e-01
9.754845027636646071e-01
9.761463414923227111e-01
9.961084444209470368e-01
9.816784483300889930e-01
9.766679340012975885e-01
9.890062465123813373e-01
9.873887458403669548e-01
9.902581388940254747e-01
9.860313309169841389e-01
9.837092468239464482e-01
9.989135115691372135e-01
9.899067589423692359e-01
9.632037128842446672e-01
9.904128899178175072e-01
9.760490136630527447e-01
9.738863664451684610e-01
9.825308826447228805e-01
9.826729010977495182e-01
9.760757907347349382e-01
9.620057603470583141e-01
9.656195224204281446e-01
9.883904336505808796e-01
9.756742574935314272e-01
9.916190422087264311e-01
9.727665764865908171e-01
9.956069128298737914e-01
9.599615124188598525e-01
9.775954836683252713e-01
9.805979075582389459e-01
9.739877993106090814e-01
9.865170245199081922e-01
9.882812774459899252e-01
9.906789857533330190e-01
9.588792427949257569e-01
9.807518569139903608e-01
9.817363201462594446e-01
9.959212110532074114e-01
9.872569551116020525e-01
9.817674972365683095e-01
9.865751192485511245e-01
9.801284173741559025e-01
9.739698621064460937e-01
9.947877255881623082e-01
9.662368480174997609e-01
9.862212760249396970e-01
9.704707854648511045e-01
9.827604385996338010e-01
9.889494544251314911e-01
9.637312729666169808e-01
9.669438824834901691e-01
9.481292504822016465e-01
9.902183751750769369e-01
9.668992889079571773e-01
9.921142490768811717e-01
9.736889481834302140e-01
9.885347979520232586e-01
9.900706538067274298e-01
9.699340055694959384e-01
9.843007632197229295e-01
9.726406880238119834e-01
9.778747372785636660e-01
9.861824066224107455e-01
9.757811322388680875e-01
9.840732609953760646e-01
9.763149563059229097e-01
9.773910979813678068e-01
9.810251221838564017e-01
9.895596924040749309e-01
9.850915348504207802e-01
9.799194961363552059e-01
9.898770794608393597e-01
9.899224978131530017e-01
9.782587196878096414e-01
9.746752389659132376e-01
9.874698516589619501e-01
9.917029818270348684e-01
9.966630034387572445e-01
9.812110152476892777e-01
9.692158306068082707e-01
9.770185511133852030e-01
9.940223261727412218e-01
1.006914882136784373e+00
9.531825311165804671e-01
9.913587081974141180e-01
9.825355073687278562e-01
9.921749570575733035e-01
9.855811181601186188e-01
9.959033570405154689e-01
9.874064727703162347e-01
9.772878654666522502e-01
9.754607798941685726e-01
9.467246716262209816e-01
9.744583824183408183e-01
9.930609819136657634e-01
9.595178452090866728e-01
9.605032652703779927e-01
9.811534694408836632e-01
9.824216286390586861e-01
9.436126648599185707e-01
9.368684274969272252e-01
9.815490262981635405e-01
9.841278508733702912e-01
9.861720281704504654e-01
9.461128030610818085e-01
9.574484994472043375e-01
9.875812827891767842e-01
9.776267555453482805e-01
9.973110257421529123e-01
9.777954679182492281e-01
9.795661531488324414e-01
9.929966193920547468e-01
9.621012585158223995e-01
9.855306590777054287e-01
9.948280839465315495e-01
9.582325667190525476e-01
9.885623365284585962e-01
9.736612974765067596e-01
9.931259478356123660e-01
9.741724535505101867e-01
9.817161528373208323e-01
9.661562842344629809e-01
9.611010804516637585e-01
9.797149501534062610e-01
9.765975422682168228e-01
9.893958124367885354e-01
9.778775363686531552e-01
9.762879286969183834e-01
9.516582591667054336e-01
9.725122832680361817e-01
9.830977480375125976e-01
9.658986222902747887e-01
9.838714644591253222e-01
9.918228227474378267e-01
9.761839751054386394e-01
9.892872920375610502e-01
9.751416550523638316e-01
9.825626891569088084e-01
9.894237405875373481e-01
9.883590992867801184e-01
9.839950025767686403e-01
9.699951553170845786e-01
9.896574140086471516e-01
9.722004778175837858e-01
9.816469589860592482e-01
9.742608532719487791e-01
9.973083112938914141e-01
9.907708165420514579e-01
9.785479996693241533e-01
9.454391937885766595e-01
9.811522345187564387e-01
9.725004090581780281e-01
9.845287699152474037e-01
9.771790243426856648e-01
9.711108768955066806e-01
9.601164527759608047e-01
9.776677173603147697e-01
9.741987875455904167e-01
9.968543606713040628e-01
9.874921941388323798e-01
9.951056674115626999e-01
9.843500292447264766e-01
9.878637145595001723e-01
9.946653674377413656e-01
9.940893850849282787e-01
9.684445860757344704e-01
9.560934414895431166e-01
9.749846188734476726e-01
9.886184686665467902e-01
9.862468040936193114e-01
9.812561820984257999e-01
9.891197395247671720e-01
9.639310113702259653e-01
9.456177225671937858e-01
9.868600991730855920e-01
9.963652114907048940e-01
9.814114448357207365e-01
9.994869134316513026e-01
9.787768369333049723e-01
9.651677445483085593e-01
9.785453481084397387e-01
9.667079403060970799e-01
9.857984459498891905e-01
9.629494371707401079e-01
9.845262100888568790e-01
9.695452945680798074e-01
9.860902820153816251e-01
9.961496460317857959e-01
9.705418700708331459e-01
9.743730611037298983e-01
9.911976198360923362e-01
9.815328801163322181e-01
9.516262555354332298e-01
9.949985701993500076e-01
9.643380271964940853e-01
9.290859633062822365e-01
9.913568417259891463e-01
9.707244548823577013e-01
9.793929689540250560e-01
9.721375336113935450e-01
9.876791957826163149e-01
9.806665304680648454e-01
9.723476603563614429e-01
9.508721537115603084e-01
9.898825027945226118e-01
9.846902412356125511e-01
9.788547094838631057e-01
9.699146495345433161e-01
9.432728409285294768e-01
9.698253119756119478e-01
9.615731777302646277e-01
9.999096489674770272e-01
9.781316044741215077e-01
9.846770986283104321e-01
9.824997325144864124e-01
9.755247561711506421e-01
9.755212856498731711e-01
9.615551680978287052e-01
9.971324971368999979e-01
9.779152390723284682e-01
9.910097719231681923e-01
9.822448387394334679e-01
9.638789324050018870e-01
9.797047042353811408e-01
1.002240016673669132e+00
9.578983922009123297e-01
9.804939951523062858e-01
9.786247833355795622e-01
9.885324964245286727e-01
9.900658877414137971e-01
1.002505314140282877e+00
9.871849741799373357e-01
9.991529304968987946e-01
9.844632698323291242e-01
9.884616832659531838e-01
9.480675730829635217e-01
9.668925119704252502e-01
9.834041886858944093e-01
9.920636849277489899e-01
1.001747578473318745e+00
9.827580655009050536e-01
9.843074601779667754e-01
9.609615365958737998e-01
9.666406810623984214e-01
9.843908439390220977e-01
9.536046370382006421e-01
9.826167011374060678e-01
9.712031225634363274e-01
9.899770144658743831e-01
9.488245291960412109e-01
9.670549429541706044e-01
9.631331340876139180e-01
9.510779230312536026e-01
9.891540157055151994e-01
9.662194500673080277e-01
9.689552944640656973e-01
9.965582272061117575e-01
9.883175855468553372e-01
9.985372326718691127e-01
9.847820458865622628e-01
9.867250381759904432e-01
1.001167431152936160e+00
9.780477581439790402e-01
9.820784985602682982e-01
9.597548655701516607e-01
9.882081823849745428e-01
9.738593676129905230e-01
1.001239544212518373e+00
9.842707513319935986e-01
9.863922211603595169e-01
9.883868858468365381e-01
9.635117179785471775e-01
9.883815168165210885e-01
9.684540534141977686e-01
9.742456435968783746e-01
9.736636360108867905e-01
9.698734257368271106e-01
9.873399663989191888e-01
9.859259060911421679e-01
9.848846430679960573e-01
9.433563756206604367e-01
9.867615754245547821e-01
9.817777423055047414e-01
9.771282507002445605e-01
9.627762602522538238e-01
9.880105941434410566e-01
9.731494596081615711e-01
9.898942562901843489e-01
9.662613479981552178e-01
9.791770302634719148e-01
9.838145547063668062e-01
9.924778230603551465e-01
9.440475870265762071e-01
9.859814451386558209e-01
9.909672690106124948e-01
9.662323131849398505e-01
9.723383306824342487e-01
9.782320460740253631e-01
9.698269022164340836e-01
9.892387549885316433e-01
1.001332019619921798e+00
9.910620950873173518e-01
9.786481172035638165e-01
9.895503698951542138e-01
9.776835183952996555e-01
9.951318414936420886e-01
9.887008886418787723e-01
9.707434758962403265e-01
9.790937470184576386e-01
9.948756225481917292e-01
9.894263335985929997e-01
9.832516449113820611e-01
9.912255069267474905e-01
9.605486385375537894e-01
9.847868870662540575e-01
9.647524653383847681e-01
9.903723475684136357e-01
9.905517080878268876e-01
9.808490298742609248e-01
9.815156143956372814e-01
9.865561831589482189e-01
9.765015865547916896e-01
9.781688762078400989e-01
9.888938452782982669e-01
9.816272719802416891e-01
9.739329558893264904e-01
9.861879236987133313e-01
9.851574500909368037e-01
9.826561909434321507e-01
9.797415641453330881e-01
9.887938228540207319e-01
9.853708831928502665e-01
9.872815087171676884e-01
9.829019245641580360e-01
9.787604095479869315e-01
9.958490720317697553e-01
9.808637753806738191e-01
9.766087852451362794e-01
9.940978704624143791e-01
9.591891929153951724e-01
9.620050646909082959e-01
9.796969361487425365e-01
9.813278694772606947e-01
9.701803721121111668e-01
9.761793047342984808e-01
9.830675780525904850e-01
9.721249169219209341e-01
9.777085008305382852e-01
9.799676699384620715e-01
9.831558304168107609e-01
9.940569373011375331e-01
9.738482634497565016e-01
9.765257323228031527e-01
9.560363955534125768e-01
9.564846759978972157e-01
9.801265132441383532e-01
9.878113735304757670e-01
9.800737722344069480e-01
9.822354194909642677e-01
9.760932121026693054e-01
9.869320258017237890e-01
9.817090871256700657e-01
9.841189087268198410e-01
9.849542801247769264e-01
9.811627242822360540e-01
9.758384149076512193e-01
9.869769711200314655e-01
9.485145992293636530e-01
9.750386696841203404e-01
9.668144432392461463e-01
9.713839166890655408e-01
9.866922598820050405e-01
9.662380218187403003e-01
9.750159014669761426e-01
9.824494096507258023e-01
9.732459784430846916e-01
9.873264686226493891e-01
9.482302934388863180e-01
9.687439246783683400e-01
9.909276865883620555e-01
9.747161197581875047e-01
9.952027287313366388e-01
9.557870022254455478e-01
9.807523406738786198e-01
9.555416264748117783e-01
9.885451180904686330e-01
9.804181678733288052e-01
9.971011603457045069e-01
9.730515162012216557e-01
9.885360041993649372e-01
9.909935582540900789e-01
9.958295797975945662e-01
9.927140549336218589e-01
9.711863338493720299e-01
9.885892335999989511e-01
9.799982777476996532e-01
9.505370766755977252e-01
9.647598794426950342e-01
9.985501297892630523e-01
9.561507176616624859e-01
9.870971765998589609e-01
9.958774483623511475e-01
1.005791833504713129e+00
9.671396690128427620e-01
9.714037519272591403e-01
1.000217694142001124e+00
9.870073404211997525e-01
9.781180326902653155e-01
9.918067177156612013e-01
9.826494881686528293e-01
9.836215100098700814e-01
9.945990367412853583e-01
9.861639626931710811e-01
9.963267492311209672e-01
9.712864525982289887e-01
9.811677194309310623e-01
9.927148965733003649e-01
9.659524381281280325e-01
9.788804461550788538e-01
9.945952952743425390e-01
9.738202271298004309e-01
9.965615225794327570e-01
9.740715485348685476e-01
9.716280926958091868e-01
9.807621046674593890e-01
9.842195373553487281e-01
9.759631261338526098e-01
9.633820423675638622e-01
9.745645779692861943e-01
9.735676014216468888e-01
9.864190488815294255e-01
9.908055931247878867e-01
9.696630676080854050e-01
9.848958313770609374e-01
9.869923879915043496e-01
9.866597751814731865e-01
9.821650929359713178e-01
9.827402730310581536e-01
9.631239795387110947e-01
9.923002063805825834e-01
9.857621992272385114e-01
9.879937529168076882e-01
9.918133244716280661e-01
9.751742638265061824e-01
9.844516681914344813e-01
9.858538666980569687e-01
9.875673209953317322e-01
9.768133902289126702e-01
9.633631258126341690e-01
9.821052522548262553e-01
9.797006508329053620e-01
9.631176746629486196e-01
9.717112648143446663e-01
9.880471596109003940e-01
9.664729979739323795e-01
9.544710839721554096e-01
9.885625838850237157e-01
9.891489011168460577e-01
9.820560786267801268e-01
9.927833297409579538e-01
9.517869455519644140e-01
9.785774133662767937e-01
9.759270004778665131e-01
9.958083344409488502e-01
9.914680833434214025e-01
9.525540174939982618e-01
9.922307159219764250e-01
9.711907508281047985e-01
9.797676698344617296e-01
9.659499568744779330e-01
9.801155474682280433e-01
9.885587118781076210e-01
9.883435034135219510e-01
9.681388051205437328e-01
9.660813069852349777e-01
9.704781103380876184e-01
9.873088020597043935e-01
9.836491737288297621e-01
9.785597354215120891e-01
9.865129865255991559e-01
9.784678211298306616e-01
9.434617262765543355e-01
9.690348835395605764e-01
9.812358041508366657e-01
9.805655833268557275e-01
9.730385561956300666e-01
9.666091790869916212e-01
1.000969847110559918e+00
9.946919599066701423e-01
9.927727113636114487e-01
9.636131817389606002e-01
9.904948940494083809e-01
9.684937164927003295e-01
9.781419904478753091e-01
9.908503203154693795e-01
9.888711633002141843e-01
9.880540961336650163e-01
9.669779542900195368e-01
9.947693363514437115e-01
9.758480759973630070e-01
9.732306517521819300e-01
9.790428703900075913e-01
9.848849103318936260e-01
9.427733578985377783e-01
9.639185442809096172e-01
9.875095225711837399e-01
9.883805431637995298e-01
9.828072053574987699e-01
9.849412572840543501e-01
9.917130883151655807e-01
9.596754269526033276e-01
9.843103031270985515e-01
9.668170727411306009e-01
1.002353279461039914e+00
9.832760779224775094e-01
9.772962582379601804e-01
9.762358061467177883e-01
9.677519078124798835e-01
9.869738862933478130e-01
9.879606792153531325e-01
9.664974986904472098e-01
9.817688398003858730e-01
9.670618693004254807e-01
9.800099361122406316e-01
9.866044879661584055e-01
9.698361460930141620e-01
9.722097819488080273e-01
9.908572907665330609e-01
9.794407108734116685e-01
9.836703232140644459e-01
9.872202016150694037e-01
9.755297609818296412e-01
9.741963831513661409e-01
9.809118210942726623e-01
9.887531491357098856e-01
9.435753521052315795e-01
9.797507441468281675e-01
9.465036968101286918e-01
9.863785794208930202e-01
9.789576554702282829e-01
9.813312348707593502e-01
9.772602402822604395e-01
9.889347515431571312e-01
9.843344944608547475e-01
9.927451219632114077e-01
9.747538520882877977e-01
9.250334859486483152e-01
9.926316532673488124e-01
9.748088242543514470e-01
9.719459446775627898e-01
9.969399542043648754e-01
9.887736836983654909e-01
9.880399794445872130e-01
9.918038513137756862e-01
9.714547299416155246e-01
9.640863093987463994e-01
9.897222567528072279e-01
9.904306069188352213e-01
9.654711451607884687e-01
9.860613437077979659e-01
9.788666135704531257e-01
9.869339674644828087e-01
9.833004943732129854e-01
9.673303810950035775e-01
9.820266903038596951e-01
9.751772755340550880e-01
9.837979431078159864e-01
9.900137174148202490e-01
9.889469535853686599e-01
9.692096557468178331e-01
9.497724206714576178e-01
9.862010750951798466e-01
9.880429893353920301e-01
9.788837110068366876e-01
9.998101509735112247e-01
9.865940481412290852e-01
9.739362056522640199e-01
1.003933603626589566e+00
9.743905481851554695e-01
9.732843719952823935e-01
9.673065542644633252e-01
9.934285682687593599e-01
9.743229839903579936e-01
9.943667498790391690e-01
9.914052546855531833e-01
9.584082045905254477e-01
9.863999728271454215e-01
9.878114937845773325e-01
9.915413076069656828e-01
9.761667197875560920e-01
1.003233018385860431e+00
9.916763910174360985e-01
9.836772181505805124e-01
9.691580308581595471e-01
9.823064740177421816e-01
1.008332859230807177e+00
9.786937608120246379e-01
9.860124770358303925e-01
9.894874948060385922e-01
1.003686130711364699e+00
9.516641137591931310e-01
9.655466724850673144e-01
9.894724018423974865e-01
9.892365773257950634e-01
9.782101498866625500e-01
9.826787838787622853e-01
9.680332595945411178e-01
9.787601968736115987e-01
9.722894930751403431e-01
9.839530060839857262e-01
9.742036104254241380e-01
9.807073683091358518e-01
9.888267829325714242e-01
9.770640714073202115e-01
9.767515995399045359e-01
9.895723501798840971e-01
9.825121901333705443e-01
9.961405141985745226e-01
9.860457326189075999e-01
9.918973756487976523e-01
9.778529746570008285e-01
9.796326494069912405e-01
9.955204748651942381e-01
1.000507417432675350e+00
9.848912567509587879e-01
9.856504622517838765e-01
9.902051190137561854e-01
9.833679878623716730e-01
9.896360017264911324e-01
9.751052476487785947e-01
9.829001317861689735e-01
9.754326709124628847e-01
9.611632225019403064e-01
9.756407453043296485e-01
9.483482528075334317e-01
9.902823233850879259e-01
9.874998049788741294e-01
9.737383121563325528e-01
9.897579909491563965e-01
9.418625244192961876e-01
9.675555367000772122e-01
9.761558232602790541e-01
9.898401450309906036e-01
9.703689599503737551e-01
9.766657870795947272e-01
9.766955828349936919e-01
9.610968300309120638e-01
9.852407139518088997e-01
9.816288662355335815e-01
9.709135957447722065e-01
9.906612074080067831e-01
9.801655398930705365e-01
9.654563209299329429e-01
9.917872698295298051e-01
9.803202769908899716e-01
9.872145523663030664e-01
9.855381773128255585e-01
9.747343801929054807e-01
9.649375985892010288e-01
9.954515248204748312e-01
9.702093947678820385e-01
9.741158450894193965e-01
9.799515716206113058e-01
9.555698142895902025e-01
9.832825412810618504e-01
9.664887616222088695e-01
9.666875374078824912e-01
9.847321212852373495e-01
9.788914288113524931e-01
9.839221430821377679e-01
9.741712298658430358e-01
9.900068399104026140e-01
9.652951034382183382e-01
9.750145743577697255e-01
9.713927476410860740e-01
9.846473495339016502e-01
9.862326300822107372e-01
9.673797813116189470e-01
9.948956268033203321e-01
9.721690617368804466e-01
9.924976151902474841e-01
9.843431144083569784e-01
9.803210452582618029e-01
9.851191088152413400e-01
9.850767303505854056e-01
9.973975175068643395e-01
9.891173970685346317e-01
9.849693494297362406e-01
9.679777824754620674e-01
9.773652492389397484e-01
9.697290940255095526e-01
9.989874698491513216e-01
9.879437788384904939e-01
9.705131183617820012e-01
1.000734347455226381e+00
9.830701943478699079e-01
9.862456996385525754e-01
9.695060523511581652e-01
9.900528091732639924e-01
9.910705964157630055e-01
9.790884024739858749e-01
9.909933848051402094e-01
9.850389355054642859e-01
9.917180227112126767e-01
9.914806779068608966e-01
9.903175207770501531e-01
9.794928669522727782e-01
9.958314008520026128e-01
9.662015038895680474e-01
9.720035924981262898e-01
9.630397607874615629e-01
9.953014809974030097e-01
9.748003457803250393e-01
9.790104797430337902e-01
9.946770544563615646e-01
9.905611040748217855e-01
9.671345466876100083e-01
9.460494881846481796e-01
9.691627657993221456e-01
9.744334508685501550e-01
9.873218613786635123e-01
9.884412574458029122e-01
9.846175050502768977e-01
1.005695243974493502e+00
9.697466449454267279e-01
9.676631417224264009e-01
9.969117773196952692e-01
9.789555166904563288e-01
9.807848073922044163e-01
9.746014042644240982e-01
9.650242297515276846e-01
9.851754692142629111e-01
9.826436527573417790e-01
9.948613146994049750e-01
9.863929571052345580e-01
9.878031808333180841e-01
9.780003777517787267e-01
9.902140511780300747e-01
9.859187480809447068e-01
9.816616700877455193e-01
9.781500622844322423e-01
9.900021559057138321e-01
9.892516103192775523e-01
9.905255641515723353e-01
9.839093543376439266e-01
9.805942937198117715e-01
9.525832935430476045e-01
9.763958390794598152e-01
1.000152646744149942e+00
9.899936318047045658e-01
9.927482473938911145e-01
9.629571813137163261e-01
9.849784474274838608e-01
9.772015848684368899e-01
9.835738329999164087e-01
9.818068536093912391e-01
9.880290120924696273e-01
9.714996046478590053e-01
9.913990781997910062e-01
9.758174612020606986e-01
9.881479490301880997e-01
9.812360675742857197e-01
9.730560755310844190e-01
9.826774223196972358e-01
9.263538358524437966e-01
9.842055136777959623e-01
9.884528907159885192e-01
9.782105056247223374e-01
9.864508552343852488e-01
9.792164863457124557e-01
9.765313139246803997e-01
9.783126310795668967e-01
9.877759436473181331e-01
9.975491066645026939e-01
9.926414405582771883e-01
9.766419864265307726e-01
9.984510121141123573e-01
9.822090162292766991e-01
9.686092665904286747e-01
9.806016511280941650e-01
9.471273556879982181e-01
9.463761436519730896e-01
9.732786078984149158e-01
9.953260687447641475e-01
9.736892431767792955e-01
9.812857397659344727e-01
9.803859045410482365e-01
9.918901578470842306e-01
9.825387935945987250e-01
9.533492416065019182e-01
1.004660094714446839e+00
9.646663462087484708e-01
9.890603677523046589e-01
9.563756147922859441e-01
9.933571427680257804e-01
1.009117499744258017e+00
9.621803351165963969e-01
9.727450098576208015e-01
9.648150024698164406e-01
9.866946590519777294e-01
9.875800312144212834e-01
9.895949553086311745e-01
9.866391329003810773e-01
9.706771165026097936e-01
9.760680568512688504e-01
9.426265717125317245e-01
9.443338755064578649e-01
9.724668157088590670e-01
9.781804050340541234e-01
9.633669526057259125e-01
9.887063959385941070e-01
9.866306706323606512e-01
9.797474164833435140e-01
9.863510232767666031e-01
9.816936468559572804e-01
9.817380799190364993e-01
9.832849768306749505e-01
9.548883767509152021e-01
9.844986908404441683e-01
9.836222229955015051e-01
9.743449140494029326e-01
9.632382911462732400e-01
9.591596652081841867e-01
9.806916205199298631e-01
9.642587645622241466e-01
9.725236287948879621e-01
9.849412748012891239e-01
9.665816374637523634e-01
9.553252986693357984e-01
9.888322075491279284e-01
9.719757234545017832e-01
9.767934839916962986e-01
9.711410967847755593e-01
9.903747715824426923e-01
9.713678858657152082e-01
9.866799267614614344e-01
9.819972743464904230e-01
9.898776444545744901e-01
9.779016813099316030e-01
9.967093519622818310e-01
9.693088529598565817e-01
9.779350983353809479e-01
9.672706064055691666e-01
9.786874761649708709e-01
9.864636305394265392e-01
9.737713137340686664e-01
9.754493244209230252e-01
9.958971556601108333e-01
9.964292110021188975e-01
9.936800971057851983e-01
9.497207956906411619e-01
9.660355114305788637e-01
9.636605458664846413e-01
9.869186118947606001e-01
9.820869223220296540e-01
9.835453251114724127e-01
9.742424543259713410e-01
9.469241068055914701e-01
9.800295219308585715e-01
9.871292642604714285e-01
9.554369476403936634e-01
9.881700209583371697e-01
9.754029135627981795e-01
9.802936335067470308e-01
1.000755123660838741e+00
9.863856244157619413e-01
9.855944404786082247e-01
9.650360510519790935e-01
9.790176004691397704e-01
9.910280121164138922e-01
9.588641752738339408e-01
9.703901360529317843e-01
9.846987263773574472e-01
9.847963841754353576e-01
9.598497087379533887e-01
9.893758264940750724e-01
9.481194315273092643e-01
9.494999704538974461e-01
9.735115445625008856e-01
9.919910714265804952e-01
9.860535878104911278e-01
9.811880628834179774e-01
9.687949946229515996e-01
9.886228733886807118e-01
9.816189752030853866e-01
9.738475545226582542e-01
9.886432711347111768e-01
9.842359192130598622e-01
9.635972176422491486e-01
9.846622847043458027e-01
9.816850687895984917e-01
9.853209166008302100e-01
9.947816872148712575e-01
9.772604367477301102e-01
9.799067170694353290e-01
9.617691067005403882e-01
9.856155970291600177e-01
9.845177217081381160e-01
9.821947073582519838e-01
9.708921229871794178e-01
9.759431479444338198e-01
9.758905582890677888e-01
9.686825532326512889e-01
9.589863116144127231e-01
9.621455916458616642e-01
9.749956052761609149e-01
9.803529367217701518e-01
9.692854603942759883e-01
9.858379889649447891e-01
9.963757224900481324e-01
9.946888133836916390e-01
1.000942247982333999e+00
9.866269409747101538e-01
9.886882738653341995e-01
9.736292712310062880e-01
9.639565167865169482e-01
9.728339564628862846e-01
9.990746465433397727e-01
9.640475447568674916e-01
9.762747175058062998e-01
9.726167137728183310e-01
9.732142359678137566e-01
9.835932653462344799e-01
9.856101176477262138e-01
9.625371520284926596e-01
9.837569181775140947e-01
9.700763206013989226e-01
9.637547679106981402e-01
9.615312858855455946e-01
9.759288311096608881e-01
9.924590145275942188e-01
9.857529520221982589e-01
9.901967306547899694e-01
9.806189832498241055e-01
9.331582244931012626e-01
9.735926983888545383e-01
9.790830629510016703e-01
9.814026057777610612e-01
9.662262210214783709e-01
9.716725614739657457e-01
9.123847847599348970e-01
9.820812220030455952e-01
9.647310972403549956e-01
9.691381431902295063e-01
9.765360570611355540e-01
9.580720173761830827e-01
9.908620179469482814e-01
9.929282377454380359e-01
9.879341061417920011e-01
1.001072790438134685e+00
9.733969913763663717e-01
9.741643350749558117e-01
9.879904328701996086e-01
9.828687126875225166e-01
9.391305452727164438e-01
9.895649647404538563e-01
9.928823526364435326e-01
9.856432548423894602e-01
9.865668743076839720e-01
9.825008872723297593e-01
9.803786462870235363e-01
9.833284114050553359e-01
9.899836672863674414e-01
9.646059573903205120e-01
9.757767333603626358e-01
9.864126746836621162e-01
9.745433081653062102e-01
9.856270078263320578e-01
9.855563055954161822e-01
9.887684425322129655e-01
9.721034662623411204e-01
9.774285150702272107e-01
9.912712767537811276e-01
9.986910004905473759e-01
9.600874951686663161e-01
9.861863557898883359e-01
9.378022630921415415e-01
9.632959488903646283e-01
9.857950164932468562e-01
9.688996867850907524e-01
9.853586602274061468e-01
9.979959976006202993e-01
9.538158293112586339e-01
9.793011296261198151e-01
9.872267510100894983e-01
9.683840139733950192e-01
9.857135865250989948e-01
1.003888545040779290e+00
9.601924093429532459e-01
9.670107726417940253e-01
9.380249512063749684e-01
9.875102776234734314e-01
9.815858340643976998e-01
9.979792845324083617e-01
9.663653641851801535e-01
9.567776950644063527e-01
9.974873527961841679e-01
9.881187884362967466e-01
9.785078768319329656e-01
9.810779382755987488e-01
9.797327041856370711e-01
9.817160739112938961e-01
9.565446848882085407e-01
1.007484447980455666e+00
9.827706143205751088e-01
9.603653275987840132e-01
9.755335719414905959e-01
9.792454570412848502e-01
9.639770926025031939e-01
9.785318408228093068e-01
9.861818648356965866e-01
9.611619422014356928e-01
9.890274671035819143e-01
9.461192470110153518e-01
9.903620404946845701e-01
9.520617834131420709e-01
9.852022666877077173e-01
9.703174168327332039e-01
9.743595724937816893e-01
9.823011121523290701e-01
9.888855002559475693e-01
9.787121368079556571e-01
9.887132674146542621e-01
9.823752650860932967e-01
9.665139440380424718e-01
9.844899816013328309e-01
9.533206930189467299e-01
9.972559110237656510e-01
9.787871385011648329e-01
9.783850688865611822e-01
9.876824810141879851e-01
9.796375119811649990e-01
9.837371054225232392e-01
9.793197298438764964e-01
9.841490369341353572e-01
9.741718254523007436e-01
9.908220714606920110e-01
9.676576363648190515e-01
9.777310449068321585e-01
9.747086842751215841e-01
9.741164151205962130e-01
9.836921605645528865e-01
9.895069612725497787e-01
9.917655759946988336e-01
9.757886822683954353e-01
9.917513117715160975e-01
9.762861672486413678e-01
9.930282195779537302e-01
9.863518809255709119e-01
9.760632447326609284e-01
9.858822324793652392e-01
9.893519239705090840e-01
9.813559055441432033e-01
9.902366505646907902e-01
9.921517413867455559e-01
9.709012916122695680e-01
9.785096891341809044e-01
9.858930336706336339e-01
9.539630498082685151e-01
9.853914607540443793e-01
9.716903965824668088e-01
9.449093450561507623e-01
9.906872895073777219e-01
9.737578399547573982e-01
9.896363706278172856e-01
9.674265613626705784e-01
9.716353768661687429e-01
9.907322805075634564e-01
9.903229769556364248e-01
9.857738121904103812e-01
9.902105134642313899e-01
9.866407612283003559e-01
9.779505409154399809e-01
9.889075573808363551e-01
9.667672535832045888e-01
9.871603050958295267e-01
9.819275508686180487e-01
9.764349367142635128e-01
9.960768854756183455e-01
9.847876241484324611e-01
9.856214573026110815e-01
9.898872622721397452e-01
9.832602783459436502e-01
9.730361684470968386e-01
9.689908351864672253e-01
9.935362946564231246e-01
9.794349963512983814e-01
9.875184770466370887e-01
9.870428399039866685e-01
9.466501055198025538e-01
9.889007681429395902e-01
9.822002335904116421e-01
9.592283753455557171e-01
9.702177708610878470e-01
9.623024236718660251e-01
9.764858132070234342e-01
9.677099436504743579e-01
9.749082159044104579e-01
9.735822695123947934e-01
9.683444754573021784e-01
9.906276994741236575e-01
9.887128059305870798e-01
9.839286387951061696e-01
9.593435780770056542e-01
9.631942826566688431e-01
9.639864980687000706e-01
9.938509480883064295e-01
9.929876099479270080e-01
9.470128713962301381e-01
9.780301666911744851e-01
9.591524397699714433e-01
9.891695166711067522e-01
9.686297968559067773e-01
9.607230535701799523e-01
9.954518664825692253e-01
9.933475025267092251e-01
9.892573638726885887e-01
9.828801900932762070e-01
9.823025286978734893e-01
9.802995429104730540e-01
9.879701239770996013e-01
9.723255394066363522e-01
9.890363704956475210e-01
9.857510792839656588e-01
9.830036966683731725e-01
9.930897437812241657e-01
1.016307644039442515e+00
9.746833291340036842e-01
9.758975779659269101e-01
9.917600211248392972e-01
9.776824197214548651e-01
9.691900724222053398e-01
9.730287315393919556e-01
9.673156243713471047e-01
9.964365636718802710e-01
9.559873586945257795e-01
9.955732016394762685e-01
9.834248340551927647e-01
9.510808394827382495e-01
9.833626271525043316e-01
9.734932866924933537e-01
9.826528617007540545e-01
9.802331971707453073e-01
9.873777168683492977e-01
9.785598019791150737e-01
9.917207915029575549e-01
9.866849141671453216e-01
9.546184550995758800e-01
9.857329401192309604e-01
9.833357097627499765e-01
9.850155105219720042e-01
9.716286049776827749e-01
9.819815145530029765e-01
9.866489066553244536e-01
9.952791037784267658e-01
1.002319011421602957e+00
9.924714727038966844e-01
9.697325096378436315e-01
9.904834518028473589e-01
9.723439860100687726e-01
9.670289671052854086e-01
9.670874758924161707e-01
9.770125015760307008e-01
9.640472350016665581e-01
9.308800302822383133e-01
9.655559637524792072e-01
9.928457785437989624e-01
9.956393640861802563e-01
9.592313867360935387e-01
9.865786921414552157e-01
9.730597626997666838e-01
9.350240839519282643e-01
9.676878064946838887e-01
9.865688867278524787e-01
9.720515726388287980e-01
9.871796038255203909e-01
9.975850891004401921e-01
9.843081678993267358e-01
9.824357458560247780e-01
9.664981226303761552e-01
9.703121711162427943e-01
9.751967010009863213e-01
9.861251183731345460e-01
9.745313914666954291e-01
9.597413187289417502e-01
9.878820719840880615e-01
9.943421809164063596e-01
9.866281768562323862e-01
9.604102749992894372e-01
1.000089078539004417e+00
9.845856347087111882e-01
1.000633985669463488e+00
9.481040311232845630e-01
9.869837621292147922e-01
9.899111263524348336e-01
9.831012500767324358e-01
9.840931206911218698e-01
9.883565172856626502e-01
9.732254859049768170e-01
9.637728891554604438e-01
9.830576376067747812e-01
9.822681624116842425e-01
9.839853758849517185e-01
9.643137340284309023e-01
9.879241455302281150e-01
9.860501619540940066e-01
9.626901181198219692e-01
9.707810901233057121e-01
9.652986114242794180e-01
9.637058962050396582e-01
9.629210978531537179e-01
9.702139765705298791e-01
9.668896628776152413e-01
9.865337775582575519e-01
9.877794936887912547e-01
9.796032316714559096e-01
9.811294586470871160e-01
9.865178709906485821e-01
9.749798157863568404e-01
9.509077807776031843e-01
9.841225805595159581e-01
9.697672876174313616e-01
9.884266215838160008e-01
9.828711485897361211e-01
9.531553634260709895e-01
9.762232239454307070e-01
9.800230817678506900e-01
9.746442734384460627e-01
9.981784441589820478e-01
9.857644550648722026e-01
9.601016433196608579e-01
9.731046223158781316e-01
9.453309360281122453e-01
9.809432876185687489e-01
9.801061367954922998e-01
9.622141087548986560e-01
9.548587487261589457e-01
9.902808783703344053e-01
9.556493011544444638e-01
9.738163871356303458e-01
9.831380391883371983e-01
9.851557053568809064e-01
9.937658596459301164e-01
9.773430576633307387e-01
9.861292371048753225e-01
9.939438472453725471e-01
9.821193132029037987e-01
9.666269207069001501e-01
9.899817354338340536e-01
9.822600766048846799e-01
9.847557490097210708e-01
9.661403395733224597e-01
9.678324297483749117e-01
9.830702227149459294e-01
9.426815713916505413e-01
9.746847682872638030e-01
9.821093061861688733e-01
9.539725261709235404e-01
9.920154589041961790e-01
9.878875466458302279e-01
9.576736059700191595e-01
9.861742831125275277e-01
9.672221095588482420e-01
9.880060497880278625e-01
9.941155032152396709e-01
9.625225819920959491e-01
9.673205472172849984e-01
9.805517685270249695e-01
9.793783034199432525e-01
9.646815360199836320e-01
9.807600353594176923e-01
9.887514477428416271e-01
9.858490179192092029e-01
9.880320346770448126e-01
9.780656489463586123e-01
9.845294114719869150e-01
9.858150579529533220e-01
9.661153334474624765e-01
9.702824822674883665e-01
9.738526038907211468e-01
9.944070853243901498e-01
9.672089225010497282e-01
9.896833054669569307e-01
9.619332516704035552e-01
9.769692538840015761e-01
9.736972227380767952e-01
9.898329346444326715e-01
9.860142003814934553e-01
9.774538611859440174e-01
9.580836880113533516e-01
9.706242727933135361e-01
9.860970485090244653e-01
9.639397495186129428e-01
9.420792640476643998e-01
9.992270062058045133e-01
9.828485223680526461e-01
9.814327794770789648e-01
9.858147500352545389e-01
9.717490412243661169e-01
9.883539291467571264e-01
9.686481614799684614e-01
9.866557653534304695e-01
9.902533572924633321e-01
9.841114553325717162e-01
9.962450373362858880e-01
9.515009742566815643e-01
9.885721677216244840e-01
9.729401475596509696e-01
9.896242868000002524e-01
9.864225024431446665e-01
9.888501372453498695e-01
9.844177312969587534e-01
9.804708009305377336e-01
9.861012695085281665e-01
9.940273633348339910e-01
9.832324361916237043e-01
9.651904555151272769e-01
9.886852165453726693e-01
9.784462100795792150e-01
9.707023753066506000e-01
9.895554446933705339e-01
9.717904217291921665e-01
9.819990853867471836e-01
9.713981416118309120e-01
9.466291639301280814e-01
9.778636627497849787e-01
9.924188257638419941e-01
9.951154096743234367e-01
9.549215095143550602e-01
9.772707068787792606e-01
9.692622458310709010e-01
9.823026763634967740e-01
9.875229923266352072e-01
9.803898759506367577e-01
9.841375731720700681e-01
9.666549002638236132e-01
9.820824510650194572e-01
9.718177010096793467e-01
9.806524780709590106e-01
9.803727716244023949e-01
9.925091582823944991e-01
9.866578668783113626e-01
9.736718201665737205e-01
9.907190668912755349e-01
9.538590175798855597e-01
9.764842992754018125e-01
9.758580981844278135e-01
9.586724288823993412e-01
9.741150067030475146e-01
9.766135098452691787e-01
9.950590151740547062e-01
9.508187841026739529e-01
9.667471017487230256e-01
9.865386214703173451e-01
1.001127692015121529e+00
9.865081520226467449e-01
9.434669708119786113e-01
9.741439910500783173e-01
9.527032046276322497e-01
9.876250861910358392e-01
9.972584506156615403e-01
9.672468803905754919e-01
9.733050845668547169e-01
9.798073291832676279e-01
9.806691061871481985e-01
9.660878985957254139e-01
9.645192702594586054e-01
9.761450595967431365e-01
9.628490870431493098e-01
9.696890556396746685e-01
9.447156340964317778e-01
9.799350011724592413e-01
9.550215636559916677e-01
9.877303911643137146e-01
9.681213681759368583e-01
9.811084221001068473e-01
9.967229986871357639e-01
9.695356985631907731e-01
9.704028731556979537e-01
9.897553496132051043e-01
9.852905551010413543e-01
9.897609237819499084e-01
9.595607149264319125e-01
9.722433403417760633e-01
9.780159769475498255e-01
9.851123988887365845e-01
9.694676604686202070e-01
9.773046766112135630e-01
9.853747417383877938e-01
9.629653209823196836e-01
9.854638887327534791e-01
9.798008711654651037e-01
9.698982893074272749e-01
9.877989272721173775e-01
9.483734590521852859e-01
9.503120282332012669e-01
9.795223284332800207e-01
9.664381189048636411e-01
9.974242970696685084e-01
9.871241860239613475e-01
9.786091915850753109e-01
9.698327094633707457e-01
9.791331116399040191e-01
9.850256424562392477e-01
9.755267031988534843e-01
9.862760281834307419e-01
9.749033165833661529e-01
9.895846161581844935e-01
9.632152574941746925e-01
9.847091069315775380e-01
9.774764347700981570e-01
9.856239549926609778e-01
9.876667040434884415e-01
9.392858899742665413e-01
9.720753286268710713e-01
9.818396475074772090e-01
9.731558311876644662e-01
9.896297980247256154e-01
9.717893314893721879e-01
9.943080250588265390e-01
9.857969620002315914e-01
9.887913499936622497e-01
9.659128427919031479e-01
9.827228280815788475e-01
9.776503862484505758e-01
9.692314605358929303e-01
9.829477870811346163e-01
9.910623332881394187e-01
9.810977918013084054e-01
9.816829460739785462e-01
9.903044696668128477e-01
9.792117580474744010e-01
9.809983993822763981e-01
9.759424585797517038e-01
9.752826748983697280e-01
9.888102761110062477e-01
9.918186560461046408e-01
9.889993894991988554e-01
9.824860239108095250e-01
9.841306618730365496e-01
9.732539640089447053e-01
9.743757806524013798e-01
9.789881708261547466e-01
9.827930459483152914e-01
9.545300828794947012e-01
1.004639978675758494e+00
9.748760163480337804e-01
9.835705541504234928e-01
9.863396213789190625e-01
9.869389692782311041e-01
9.850071940044263785e-01
9.737860779775248110e-01
9.776283458504434476e-01
9.925134927837006016e-01
9.882311771002324496e-01
9.949404315362674334e-01
9.354101497026456880e-01
9.691535792657695048e-01
9.525160791148783446e-01
9.738097201772121236e-01
9.674478587523337447e-01
9.844775426546322761e-01
9.765040090044749821e-01
9.963678402851360305e-01
9.803060680318330666e-01
9.882247138156045052e-01
9.684912963232915617e-01
9.844177036667967062e-01
9.913602092745947836e-01
9.824398620354813927e-01
9.800997299976731414e-01
9.916442022526166244e-01
9.914076177554611569e-01
9.784675995461972198e-01
9.891757978342976543e-01
9.841352770176038378e-01
9.744868198318998864e-01
9.837263641561085903e-01
9.849712254115620125e-01
9.481698795883186648e-01
9.773862896219756013e-01
9.789571866051660631e-01
9.901914117170912411e-01
9.880532580348146965e-01
9.890383256177973648e-01
9.721301431053738229e-01
9.847800884384217968e-01
9.806217901898078848e-01
9.823554205349545043e-01
9.868748209054474252e-01
9.745126630242915144e-01
9.737353858002137930e-01
9.419845164679006011e-01
9.704148262871985509e-01
9.324421534385931576e-01
9.671528665197405283e-01
9.885719845588346599e-01
9.454105960075329662e-01
9.710429611670031713e-01
9.986968605810500055e-01
9.706474775498473706e-01
9.916620878767483660e-01
9.497951451173005655e-01
9.838193418837606341e-01
9.758297573396221836e-01
9.767767474439624786e-01
9.463886077789799289e-01
9.808487971391501858e-01
9.500692067509010075e-01
9.705965308956393534e-01
9.834663122811196923e-01
9.879361783658686669e-01
9.793772421914799242e-01
9.696034746503524593e-01
9.777760536899433585e-01
9.875868844516952905e-01
9.603774789156210856e-01
9.872267663777680724e-01
9.249198841557395578e-01
9.845353561012787358e-01
9.850655236909267032e-01
9.752620197360343246e-01
9.802757336046128422e-01
9.749739508764914131e-01
9.842954955529655825e-01
9.515082391240834436e-01
9.902342775926610274e-01
9.645556554257794790e-01
9.822093982931162648e-01
9.722033719891668424e-01
9.707179291642662466e-01
9.699263562477217215e-01
9.689857246484324671e-01
9.835657440582963318e-01
9.817901342860908542e-01
9.712120974500240145e-01
9.397173428866655298e-01
9.687940871325458891e-01
9.998166770827765504e-01
9.726023058944629485e-01
9.892116884101126439e-01
9.593871559230239265e-01
9.404614805062364580e-01
9.654056436671920594e-01
9.783880395855709677e-01
9.834568667422876054e-01
9.764853523132837054e-01
9.762916401709863523e-01
9.591941729763772129e-01
9.830253679784607401e-01
9.787011486720775810e-01
9.842184093045790449e-01
9.483359690454203905e-01
9.851989820622746308e-01
9.844321978732872847e-01
9.738727818166835748e-01
9.913093090432759658e-01
9.926390220856440294e-01
9.813437765129853219e-01
9.185955600990720615e-01
9.792563222837804560e-01
9.780530061587207058e-01
9.820996580052300251e-01
9.903788834021005627e-01
9.849779192244375592e-01
9.983872545818274213e-01
9.947294310164628284e-01
9.460943790275040399e-01
9.838876204751297871e-01
9.924957855027765063e-01
9.838350197461498414e-01
9.715856316042216223e-01
9.867448909937635015e-01
9.932017857247154025e-01
9.615573081079719087e-01
9.860573768253203530e-01
9.853845785639508970e-01
9.781390734968529177e-01
9.913148867935668296e-01
9.927236594645273415e-01
9.614829536053741688e-01
9.897291989953153069e-01
9.750536135106061542e-01
1.001031769615511768e+00
9.685100840453766402e-01
9.637500455131194910e-01
9.645925675319236836e-01
9.895065004958842891e-01
9.989042546368568365e-01
9.859715817337331156e-01
9.732726351539862097e-01
9.848543348466385350e-01
9.614294767380262563e-01
9.843322212441649732e-01
9.825521472273294199e-01
9.866132594282477353e-01
9.901578503623238436e-01
9.567267934188287137e-01
9.774314879790898525e-01
9.673786377842648054e-01
9.652677976156878170e-01
9.648402311391719444e-01
9.774104039004478661e-01
9.881598661036445908e-01
9.623593485894977873e-01
9.846401180609333226e-01
9.865287780137266260e-01
1.000447348433954442e+00
9.927273283924328284e-01
9.669776124694614561e-01
9.861335145978175065e-01
9.836504519981015271e-01
9.760959723635076468e-01
9.711158834767124048e-01
9.750714556153339263e-01
9.757681248807996699e-01
9.877470030510008270e-01
9.830188133025795638e-01
9.787223316680472296e-01
9.828664625207882422e-01
9.760878410724266319e-01
9.617919579895507498e-01
9.585468229280498242e-01
9.786484762139351368e-01
9.772775915014195736e-01
9.631784552473999783e-01
1.001000994099154440e+00
9.647283683050641434e-01
9.759259594981891661e-01
9.881674742748297602e-01
9.474896257135421163e-01
9.747358138123846105e-01
9.514156183647171083e-01
9.763525629139769846e-01
9.880993841089051877e-01
9.708940233771341521e-01
9.854744441901451824e-01
9.669216117900045759e-01
9.921858887635867097e-01
9.846080257587761508e-01
9.898387353809590117e-01
9.942598440096359624e-01
9.703113195989209183e-01
9.730683693772811393e-01
9.597920470371373858e-01
9.604316543744274570e-01
9.959607126384256715e-01
9.627111571078916796e-01
9.972948094072597858e-01
9.734333543107214215e-01
1.005396623644002618e+00
9.659043377263412111e-01
9.765321224706535741e-01
9.949171018116802490e-01
9.855573683905293203e-01
9.779034441167491210e-01
9.893325546237271562e-01
9.934766309075536705e-01
9.744145755091933037e-01
9.683408370692918599e-01
9.913618985444186960e-01
9.670123835989844485e-01
9.807881321824488685e-01
9.917944413754076205e-01
9.866496401030191432e-01
9.710446765640607936e-01
9.892600287597649311e-01
9.877581650953500825e-01
9.766346906292123764e-01
9.859764256053190623e-01
9.875643556398114864e-01
9.840423617430912318e-01
9.651794282929427871e-01
9.936185095808146572e-01
9.905573328334021932e-01
9.897009214549939982e-01
9.765123145420865347e-01
9.780335207909489625e-01
9.748001492286622049e-01
9.583453039282546770e-01
9.769138282387306305e-01
9.886745933116420915e-01
9.779726259364505125e-01
9.854730368971577059e-01
9.996682207678750931e-01
9.818589744312906653e-01
9.671365027562744965e-01
9.854551578215955399e-01
9.773886180055040285e-01
9.844012258872976151e-01
9.635348544340487376e-01
9.640459147116487992e-01
9.761276741426503367e-01
9.797496937107368353e-01
9.786918528259025418e-01
9.869758106068984294e-01
9.952694609875898379e-01
9.826285292747952704e-01
9.616883825134985297e-01
9.797688356055037628e-01
9.860467785242390537e-01
9.822840176735591067e-01
9.793345870668124231e-01
9.761926920786410111e-01
9.892289868101641348e-01
9.949476235294483217e-01
9.843574382683983881e-01
9.780973467279684419e-01
9.974689992460666899e-01
9.888295846718306858e-01
9.914626892595967966e-01
9.802050857447832666e-01
9.654112651338675466e-01
9.892792088398090211e-01
9.776375396341423496e-01
9.815485046912744149e-01
9.856448851002742595e-01
9.743142715531375453e-01
9.250235392505331555e-01
9.850775418337878175e-01
9.766433600792987502e-01
9.697571640603094290e-01
9.859183919471834479e-01
9.924293576612094325e-01
1.010668136533851236e+00
9.703073603046723505e-01
9.883715269013902960e-01
9.690627753660295829e-01
9.966194843179878582e-01
9.794137689842412620e-01
9.863329911455093191e-01
9.750007729628668018e-01
9.887040286072401596e-01
9.531121227598687851e-01
9.920255513741974562e-01
9.997503694306418831e-01
9.902548507354438367e-01
9.867903071573688178e-01
9.954377375879746026e-01
9.936867486957891016e-01
9.867435655285398122e-01
9.745386663229170798e-01
9.899449787342030627e-01
9.729175492577111228e-01
9.744054632692422668e-01
9.847385119956985067e-01
9.911669861331681153e-01
9.787770476043012868e-01
9.893191881701687285e-01
9.696167548946120762e-01
9.904593200985747359e-01
9.701846679312817745e-01
9.821569747860631194e-01
9.417360437479965762e-01
9.477978543207303819e-01
9.750794794071284688e-01
9.932138628718275575e-01
9.769139143128620084e-01
9.858835466798067104e-01
9.861114074715657818e-01
9.773265377945065113e-01
9.887720688570561522e-01
9.644341681529509103e-01
9.784381585650501201e-01
9.674072381551918065e-01
9.764914286581845015e-01
9.445783885886017694e-01
9.673203987054153075e-01
9.719426038757790209e-01
9.893722519886837263e-01
9.810471786362495727e-01
9.697839730162968186e-01
9.642437644970132116e-01
9.827899431399174102e-01
9.600519832113340035e-01
9.726709595149040100e-01
9.776017427312125863e-01
9.646693037726361553e-01
9.757886743638807259e-01
9.615971510819691925e-01
9.610177731883299268e-01
9.609359726227848508e-01
9.536759183863630085e-01
9.751671895146963864e-01
9.678226618647325363e-01
9.812113830148591065e-01
9.937704123934385514e-01
9.919616104830712988e-01
9.867691628544404958e-01
9.750654225202135539e-01
9.816808220745899538e-01
9.923187406952198586e-01
9.870226303815944346e-01
9.739624556845849490e-01
9.727186869672919123e-01
9.994566115724006217e-01
9.976286155704980896e-01
1.000463129814697094e+00
9.603912564820511477e-01
9.798284842681733720e-01
9.861283977352753860e-01
9.844828403981118470e-01
9.921107468159252596e-01
9.762093105717767338e-01
9.446908567654107580e-01
9.717140475624964635e-01
9.910228684598955118e-01
1.002458679429243382e+00
9.650812572854632343e-01
9.808241002202290337e-01
9.707212536192106889e-01
9.885502926969923498e-01
9.648460271290215662e-01
9.886632231403519322e-01
9.821970795613060856e-01
9.846193645606874378e-01
9.711284357104055243e-01
9.838187993805572740e-01
9.884026185561222144e-01
9.622161664035180362e-01
9.789546235205948133e-01
9.761257434480818951e-01
9.922387966928220004e-01
9.673320762286077290e-01
9.619127768059394512e-01
9.827800089985743170e-01
9.575773228315275221e-01
9.618062954415828036e-01
9.701928675141704428e-01
9.557789456871517153e-01
9.857641190494985661e-01
9.850732082780943033e-01
9.782736128004501097e-01
9.763773914990504510e-01
9.490285173778404415e-01
9.748117512865025480e-01
9.877657754443449623e-01
9.872349037995072907e-01
9.674488709993179780e-01
9.844354994793330649e-01
9.797347071667495966e-01
9.670284107088517045e-01
9.723766383231408073e-01
9.299545880995218061e-01
1.016315366677960297e+00
9.783068842486376537e-01
9.602132868530787180e-01
9.825120312096403685e-01
9.673556560870489873e-01
9.837038387228652647e-01
9.721971855322818490e-01
9.952014986492454529e-01
9.769563395056627408e-01
9.798649977137541267e-01
9.932724058462328864e-01
9.821548851445202066e-01
9.758242731443463880e-01
9.922146627371839500e-01
9.652079866300922184e-01
1.001303724035871090e+00
9.837938953325475744e-01
9.730230087151274798e-01
9.963371744855973322e-01
9.866097057999014819e-01
9.782383846428289731e-01
9.576624482568967256e-01
9.794791943500876785e-01
9.851728718944037233e-01
9.789642781525436099e-01
9.764642003940373627e-01
9.865741108584595853e-01
9.723319885108659966e-01
9.891330485561635744e-01
9.566433588296083812e-01
9.895946104914857822e-01
9.829427308553105869e-01
9.914530872590487931e-01
9.700765226905204708e-01
9.896031596076080294e-01
9.864719426541757041e-01
9.787388018030070969e-01
9.670619874060122356e-01
9.913117373734842142e-01
9.690804005429527468e-01
9.722508602258272958e-01
9.868501003858238807e-01
9.780146293224264431e-01
9.846125068816410364e-01
9.684771598091574951e-01
9.769368779679159509e-01
9.832333212427600833e-01
9.871889083932132714e-01
9.644735843351130988e-01
9.984324748946772354e-01
9.828417543890007879e-01
9.721542143494330546e-01
9.757665344567202359e-01
9.927200683756293165e-01
9.923214469797826398e-01
9.737235755485356137e-01
9.906400795558066852e-01
9.869415050325843763e-01
9.833694147388286622e-01
9.817974801396293083e-01
9.735339274685623767e-01
9.716678765683804953e-01
9.620083303078114101e-01
9.951708064110026397e-01
9.774768679508086811e-01
9.851957624811672476e-01
9.681324262185975194e-01
9.378511897931256502e-01
9.855409695266544867e-01
9.718948187437407293e-01
9.812312064794389554e-01
9.609930164288198462e-01
9.682447192419629811e-01
9.746922792856923534e-01
9.679973756261832651e-01
9.716564656414325984e-01
9.821059715692380676e-01
9.774122882138918111e-01
9.857033102851060491e-01
9.660766989582124653e-01
9.757349762208431532e-01
9.861264702883649758e-01
1.002834488700347970e+00
9.649429157922106981e-01
9.918543259142583723e-01
9.759770272332162211e-01
9.997407615573100648e-01
9.865100426837312142e-01
9.850181384479018698e-01
9.755541553622287809e-01
9.652322848336006844e-01
9.918955200946051320e-01
9.747722594311200028e-01
9.903587026383483538e-01
9.831448303593702809e-01
9.696193983266850891e-01
9.857760264999362310e-01
9.840683693117494579e-01
9.594097694065362170e-01
9.811178894481951129e-01
9.911881382358807002e-01
1.005768948554147668e+00
9.563817236713453296e-01
9.837547515275791854e-01
9.932864180168046175e-01
9.865406008435370078e-01
9.988716475713558252e-01
9.720678405854596971e-01
9.883455256781622511e-01
9.853446861022460146e-01
9.472210373358158630e-01
9.797883544114099896e-01
9.622433841684838729e-01
9.698234811789238075e-01
9.783147286916543672e-01
9.964836560071593796e-01
9.622938746150991873e-01
9.661131639539904947e-01
9.929586761728818045e-01
9.789576237996252539e-01
9.934676909013105961e-01
9.804982244490124677e-01
9.536309892072977190e-01
9.807798169902240959e-01
9.946481064427975527e-01
9.646081179079900592e-01
9.399698638700797471e-01
9.793158984542531531e-01
9.561037057723412724e-01
9.392610752663842488e-01
9.738750433852719768e-01
9.798988481666249806e-01
9.878394075050652701e-01
9.765158511943977659e-01
9.684054472450791540e-01
9.821698991833656134e-01
9.977966536016812382e-01
9.691425420792714185e-01
9.741683480105312043e-01
9.730230590548201164e-01
9.739824555903563441e-01
9.813042283895615503e-01
9.943380740889287139e-01
9.662537706456445497e-01
9.859550422136289516e-01
9.799778407087631482e-01
9.729064513291771910e-01
9.803081562858486642e-01
9.830241335334862773e-01
9.807932560694828661e-01
9.511322626192136864e-01
9.407693225296769324e-01
9.869899499906888973e-01
9.890508110730698021e-01
9.468798799818445300e-01
9.752761964499790937e-01
9.689109128403700089e-01
9.895372545824246968e-01
9.598899833648528723e-01
9.949686096754828402e-01
9.702591359155960937e-01
9.898828056103338158e-01
9.719983783913392905e-01
9.834150293955841171e-01
9.596262864136079207e-01
9.517351638784300460e-01
9.882758372149460513e-01
9.879877106205097181e-01
9.992037649886750250e-01
9.835940660023563265e-01
9.707140060417219773e-01
9.645447556552145807e-01
9.872787109061565980e-01
9.880077029326078675e-01
9.890411084850968537e-01
9.841859392822415176e-01
9.687150265919756142e-01
9.726717942530720418e-01
9.938960029241864502e-01
9.886642112522483483e-01
9.726798633832400842e-01
9.791154339932423012e-01
9.800591006295800156e-01
9.532701554122141596e-01
9.878553943446887198e-01
9.700730268530555200e-01
9.795909795532646847e-01
9.906355556639754312e-01
9.721431718498206864e-01
9.595507219722627656e-01
9.743940999347867615e-01
9.762003870448338061e-01
9.789813156703430774e-01
9.809953136038399579e-01
9.678303214103719521e-01
9.812773086521684451e-01
9.766632647711156467e-01
9.844125153550041807e-01
9.460264710799305421e-01
9.610894286634705797e-01
9.855266350472466907e-01
9.709281224699630730e-01
9.871617164383336140e-01
9.902403431909650999e-01
9.596690147138071669e-01
9.309551576456058797e-01
9.928228811260805253e-01
9.852918462414395062e-01
9.825619614382411493e-01
9.756068320845457942e-01
9.805149957755686652e-01
9.827253955060792912e-01
9.911466956881889168e-01
9.866604194614597700e-01
9.842948344979350894e-01
9.933766972020685593e-01
9.810421056186890976e-01
9.885243692841827468e-01
9.816677328746655773e-01
9.724214079672162114e-01
9.558329424962060950e-01
9.840547096883560663e-01
9.731573158436566118e-01
9.848467388477810669e-01
9.782253510591457646e-01
9.861886896593483609e-01
9.577213615747931508e-01
9.660573666767046097e-01
9.842262652886141217e-01
9.523827256401904418e-01
9.726083694551640457e-01
9.841873036395385466e-01
9.928176266732315902e-01
9.613304753872817798e-01
9.677792845228795349e-01
9.777912076948863662e-01
9.694788230360649184e-01
9.769218373808410405e-01
9.899818586998393455e-01
9.819475358832492340e-01
9.721962104520190939e-01
9.702300421886913551e-01
9.800064394202316898e-01
9.929723002762217421e-01
9.645358912894276271e-01
9.667988119389816504e-01
9.629357747345573815e-01
9.739799181851473975e-01
9.797879609116614263e-01
9.693041706146745540e-01
9.842205098652783146e-01
9.925752699525723921e-01
9.634945367370821856e-01
9.650441812893658655e-01
9.749862556783940315e-01
9.793663268135278654e-01
9.489997196182957673e-01
9.969370464713580571e-01
9.833283134556418670e-01
9.816954720946189372e-01
9.762118089097333584e-01
9.896738166064202868e-01
9.677914817534600811e-01
9.806849298053504915e-01
9.885683875189857917e-01
9.507325206437159393e-01
9.815573222074144288e-01
9.751928901614067557e-01
9.873793801929722225e-01
9.764843663246186578e-01
9.610908247730115539e-01
9.859979113934442818e-01
9.748589100817529607e-01
9.618625294424216765e-01
9.875830264609909426e-01
9.192931346915821367e-01
9.624741810457930757e-01
9.662518458525624077e-01
9.857193358789564375e-01
9.815327359667190832e-01
9.735798030546839454e-01
9.792905757182540638e-01
9.667209854765643762e-01
9.733148714613906183e-01
9.828291504072586005e-01
9.940331856673257915e-01
9.993588835976237039e-01
9.820739276230223691e-01
9.585724370936743455e-01
9.860933220447847258e-01
9.586715939317211888e-01
9.827153940902741969e-01
9.641738151348571151e-01
9.915127606077946965e-01
9.885027887031382354e-01
9.550608356398886389e-01
9.902005793971002667e-01
9.993156285479708467e-01
9.850171056944433401e-01
9.783632146084314529e-01
9.755977947697780372e-01
9.846859630675237618e-01
9.266854195599711908e-01
1.000817409358188081e+00
9.828803101610644744e-01
9.949622016133559121e-01
9.893326233196417796e-01
9.735872137884397093e-01
9.857174310875278511e-01
9.651053632105052182e-01
9.900100758767077513e-01
9.813424576822787904e-01
9.798132828013405016e-01
9.822178704275305039e-01
9.585624073569709580e-01
9.717048247650926784e-01
9.926230232030203160e-01
9.706250421342432766e-01
9.847193472440245454e-01
9.726308559814451637e-01
9.780657879722434167e-01
9.844571704528584100e-01
9.819296926301065431e-01
9.558151767293724399e-01
9.893451023748187634e-01
9.670785271800965699e-01
9.791077357606741138e-01
9.830185962120786547e-01
9.807564087887967741e-01
9.769315684629211738e-01
9.820712989564793771e-01
9.870040782750872932e-01
9.577871695294768450e-01
9.834130058615787595e-01
9.871757541068926223e-01
9.567231925365560219e-01
9.816493139369868448e-01
9.799310999531855026e-01
9.633275605412056075e-01
9.841233990482217697e-01
9.708354043761112662e-01
9.555662597134865210e-01
9.951210171776962987e-01
9.878635531081153554e-01
9.629688028472954686e-01
9.690139107324416967e-01
9.806458052618205468e-01
9.882314956255295879e-01
9.924994846073355026e-01
9.945878978748906585e-01
9.679800502003179652e-01
9.805271329152319693e-01
9.975745461860882068e-01
9.999441336704842920e-01
9.857157982596763679e-01
9.836705676793620068e-01
9.786820013858377187e-01
9.834958888997031856e-01
9.728108600495447567e-01
9.787663348100650307e-01
9.481431848513219851e-01
1.000051427945203741e+00
9.633903061148264557e-01
9.894374639909224722e-01
9.846443260437575118e-01
9.873205761721142171e-01
9.963359039734765998e-01
9.693778055082576950e-01
9.919609809875209461e-01
9.878015896962156761e-01
9.904181272164030991e-01
9.947539122024032787e-01
9.731531099795127648e-01
9.932548756732133555e-01
9.708019839370265469e-01
1.000478404188070103e+00
9.882166682344130093e-01
9.695353898330396625e-01
9.829291378820355085e-01
9.922563709727838521e-01
1.009459894236839572e+00
9.853143846717716814e-01
9.720761534156842076e-01
9.625955091821150056e-01
9.809694306876222125e-01
9.618141134431553718e-01
9.817867081579919608e-01
9.862236300716109572e-01
9.848350114307371506e-01
9.635103226549588395e-01
9.621123879165198733e-01
9.785588223430788934e-01
9.705859110271684020e-01
9.939222540625496372e-01
9.716007578634259234e-01
9.857574080404039041e-01
9.848425659985280411e-01
9.772496157192347432e-01
9.716313603962862810e-01
9.942443312630319108e-01
9.821888136084684362e-01
9.937116688604055170e-01
9.776238548721892796e-01
9.749260972528209779e-01
9.774994471851029543e-01
9.915112435178594641e-01
9.769860906365910314e-01
9.903048156259010026e-01
9.891304454140368296e-01
9.850719718894481725e-01
1.003365046549839823e+00
9.900803465974531425e-01
9.680415746730474114e-01
9.971050309374677179e-01
9.887079424188260912e-01
9.843275093034060674e-01
9.862535583055952459e-01
9.535251753573669165e-01
9.848637563330412403e-01
9.737488735830409636e-01
9.632269126390299308e-01
9.973133625490534504e-01
9.778749113961674455e-01
9.743995460563164013e-01
9.825624626609807954e-01
9.892016962243765921e-01
9.753818220662403560e-01
9.906556099712315877e-01
9.953073354860605404e-01
9.816821674261680952e-01
9.925066392587680308e-01
9.929606356579652182e-01
9.822009690022915906e-01
9.633807224235683142e-01
9.969641527219047505e-01
9.529353892729748310e-01
9.893134472798026380e-01
9.897710969314706952e-01
9.482796629557482815e-01
9.874826483233858365e-01
9.645732374550122223e-01
9.791356910269383151e-01
9.782277203651525976e-01
9.559699753513601905e-01
9.826388267532476517e-01
9.872848249238268536e-01
9.543195660899892463e-01
9.801719288349558523e-01
9.785558366270860065e-01
9.903298823280921592e-01
9.888263706930964236e-01
9.640866435052124483e-01
9.486274549149472657e-01
9.632745264376273431e-01
9.895611950545051272e-01
9.732478674754958536e-01
9.905447969752948500e-01
9.712418250703751532e-01
9.759166904885230309e-01
9.698977680300194804e-01
9.794285139686610409e-01
9.858504591393428829e-01
9.819355297944643013e-01
9.890136838956508081e-01
9.902587600860044414e-01
9.562307961467069184e-01
9.877257764458279299e-01
9.691338433562479704e-01
9.789069120686751946e-01
9.836610661910643039e-01
9.845302024822257803e-01
9.864021056718800251e-01
9.865704954193301734e-01
9.711610789390974219e-01
9.643073485908488784e-01
9.731124441116314472e-01
9.797286839307619566e-01
9.732301803547145358e-01
9.627736059359940368e-01
9.674624930160541370e-01
9.428576505121962770e-01
1.001640210528148334e+00
9.911469362805620520e-01
9.886186014446424197e-01
9.990656610448055419e-01
9.953389633649675217e-01
9.947024478172287187e-01
9.887516216699960836e-01
9.825395007477496501e-01
9.999928210137530860e-01
9.826182255478843608e-01
1.001904189588248562e+00
9.433922856051425443e-01
9.854741353975741136e-01
9.576454375384070294e-01
9.830408009766860022e-01
9.966704464220486059e-01
9.944157978053755897e-01
9.916675796553062749e-01
9.833076465592764936e-01
9.823728205732593644e-01
9.668179342079638028e-01
9.576230972679280473e-01
9.554124389337924628e-01
9.889136947351396811e-01
9.939455749135277518e-01
9.870897897003251265e-01
9.807360257369904799e-01
9.909238613811786056e-01
9.504846689181239983e-01
9.938407790900330996e-01
1.000539127853168786e+00
9.824351186784352485e-01
9.792986356147854732e-01
9.483612142645210241e-01
9.851763600085821082e-01
9.710317339698270045e-01
9.770870385788522627e-01
9.574335233294487546e-01
1.002836199492673996e+00
9.723558271607887216e-01
9.982208571158266430e-01
9.883087806833286137e-01
9.765743410081385578e-01
9.841384383079454512e-01
9.560399458232844427e-01
9.912330606037454972e-01
9.480869210043199047e-01
9.685442477810939366e-01
9.909922969323408104e-01
9.843671253127418419e-01
9.812658901297085512e-01
9.649316439119471900e-01
9.605462451169755056e-01
9.910594857884371667e-01
9.790942277737888499e-01
9.907099949098467917e-01
9.735913430988968331e-01
9.808890855046745738e-01
9.751359938753034751e-01
9.854451273628799246e-01
9.779736446178404208e-01
9.812485626072470213e-01
9.743630892842090052e-01
9.829107548317681520e-01
9.840657819586018373e-01
9.686904395882826035e-01
9.892205382393437496e-01
9.537296009510791706e-01
9.957233712230457723e-01
9.738465741863405745e-01
9.829542569520626216e-01
9.647317176465736166e-01
9.907371029491913728e-01
9.788269530952010689e-01
9.741937747737314801e-01
9.865512747056472964e-01
9.654898691428991375e-01
9.691381810162416066e-01
9.815658640103801513e-01
9.890798917922973832e-01
9.894763692906581865e-01
9.780079340177272318e-01
9.734438487682868235e-01
9.727845588186421200e-01
9.484281746647135192e-01
9.799041165383063356e-01
9.725871710588173125e-01
9.865688220058178581e-01
9.722262017057494710e-01
9.929746997552220122e-01
9.871591129416598109e-01
9.742336211906134080e-01
9.943824471746385285e-01
9.665590142366931037e-01
9.852189216062096078e-01
9.785143785114551740e-01
9.830794962203094345e-01
9.730962563369471852e-01
9.657939900908363295e-01
9.795662592681063652e-01
9.850509624991460322e-01
9.804952439229531747e-01
9.781773051817912457e-01
9.677759852134163454e-01
9.433837924822722210e-01
9.918544571886778183e-01
9.586059523102572477e-01
1.000327191952785411e+00
9.591085839952642189e-01
9.875478935182755436e-01
9.800400752525612047e-01
9.799732262494175172e-01
9.864379377663350379e-01
9.940103935729540652e-01
9.267183748858957015e-01
9.922537887235650667e-01
9.904363816943168031e-01
9.660274288695657185e-01
9.553630562718611330e-01
9.920079925372898844e-01
9.903064779607846368e-01
9.802838195581641267e-01
9.677566611905445981e-01
9.374288285281637823e-01
9.700504305515904591e-01
9.777967622481061882e-01
9.656574794856828126e-01
9.741301380071749616e-01
9.580327497676580650e-01
9.698181610936504882e-01
9.809489316540552784e-01
9.755608826934231148e-01
9.718961245135402383e-01
9.889252849366310105e-01
9.711433496015212663e-01
9.778402972936677262e-01
9.820169005550224428e-01
9.699592091051677523e-01
9.748787939599543595e-01
9.850082532437215432e-01
9.729060598061312071e-01
9.844733278616484284e-01
9.692278717137429167e-01
9.656110253132417220e-01
9.796935071339464285e-01
9.898463965612974702e-01
9.771325185296503291e-01
9.764868342366528342e-01
9.852379712420235025e-01
9.581025519862499396e-01
9.825131972396715652e-01
9.862716251749306107e-01
9.872344039274607574e-01
9.440298249726364332e-01
9.846431733217788640e-01
9.801894843530793988e-01
9.855093131217794733e-01
9.856548970577893032e-01
9.692150725063666261e-01
9.610727861259464877e-01
9.685391296972933883e-01
9.836998187414818240e-01
9.839034408069010640e-01
9.799335019092415555e-01
9.942198698469563167e-01
9.680345094892639501e-01
9.992423564821493187e-01
9.389721070050238705e-01
9.854538543034182529e-01
9.794067353046473912e-01
9.935623447693709975e-01
9.790398958184017841e-01
9.700736987908212816e-01
9.846397365502429500e-01
9.852994619649559915e-01
9.881094121591897927e-01
9.848379549647876541e-01
9.628574172057940972e-01
9.958498273601352757e-01
9.779362116239126435e-01
9.854085068102508282e-01
9.626275999583491227e-01
9.880109039339622923e-01
9.936909169546001008e-01
9.816397050702044824e-01
9.842261141411665637e-01
9.944640552685138912e-01
9.886079591491364615e-01
9.803626341424130919e-01
9.578864023792631466e-01
9.800423955188785063e-01
9.890380522212871561e-01
9.733036042797714726e-01
9.949968572904400732e-01
9.880384388292351439e-01
9.789706963884471369e-01
9.807195391845346943e-01
9.725277124754988511e-01
9.986517614732258741e-01
9.735010485050306084e-01
9.858738862205118636e-01
9.521334084817849597e-01
9.613663507401196684e-01
9.959869954204525477e-01
9.853308692751645559e-01
9.683081555847838917e-01
9.650843488197128339e-01
9.508991423685164701e-01
9.750584058538936949e-01
9.686628402035497576e-01
9.616829098110061258e-01
9.797960466928846701e-01
9.788686257187894091e-01
9.975159678756322368e-01
9.829014799402122637e-01
9.846623809209917866e-01
9.930436850461848985e-01
9.650280999920266556e-01
1.011369032290080794e+00
9.660161613060054275e-01
1.003135273226465340e+00
9.559088272278906118e-01
9.780574579779899302e-01
9.819937857389862135e-01
9.919741168549575105e-01
9.618126129699816618e-01
9.815339744885857032e-01
9.728857425615010657e-01
9.835234871295233106e-01
9.866158990693558728e-01
9.854904049298237600e-01
9.881105459450978401e-01
9.740433187981004659e-01
9.781889603306387349e-01
9.732849574167188322e-01
9.859054168851421052e-01
1.001635533222789309e+00
9.739422222589578793e-01
9.792137989958783484e-01
9.805373771813774564e-01
9.922414771145701140e-01
9.656530963553326963e-01
9.793672794404792992e-01
9.904471737530764486e-01
9.698898147137052783e-01
9.827095145588131686e-01
9.928311014894025677e-01
9.686814980976626854e-01
9.842688106513072244e-01
9.976274216893158409e-01
9.617337867164368337e-01
9.711958633590817014e-01
9.834238512086473927e-01
9.666463962868796500e-01
9.833298016017263388e-01
9.887308899824891473e-01
9.747964614711893683e-01
9.586679604444475755e-01
9.816849964847850218e-01
9.848121616442699899e-01
9.835177090182416482e-01
9.825761706510361959e-01
9.817635235059539722e-01
9.705850764027043054e-01
9.931354939253959069e-01
9.807086815952744674e-01
9.588349090470108527e-01
9.904693994096920306e-01
9.657373241969495758e-01
9.805331324968407092e-01
9.866130095690387458e-01
9.764156400974967065e-01
9.840257234244701445e-01
9.726227586240356882e-01
9.939088514005214314e-01
9.932211502680816650e-01
9.906030451309337792e-01
9.785246057351754123e-01
9.771000768407454018e-01
9.704786613263842732e-01
9.977965680036390284e-01
9.797058605110956497e-01
9.635173233828664419e-01
9.465678760428880567e-01
9.822258211095313829e-01
9.829067386863615807e-01
9.803899746707118723e-01
9.963222652231233933e-01
9.740999991265625324e-01
9.682429819025614171e-01
9.898899864755411615e-01
1.000324205896267360e+00
9.683666992390733697e-01
9.818220761175208144e-01
9.782375306188169084e-01
9.905100675275200217e-01
9.769329939910732508e-01
9.799913919311563637e-01
9.806848787641732068e-01
9.732803354405850094e-01
9.848235060616222780e-01
9.792330240703241984e-01
9.733422064215773162e-01
9.921793326662806667e-01
9.833964883646799660e-01
9.666525191559564023e-01
9.768645089686751604e-01
9.780629185292352146e-01
9.703003985563430911e-01
9.910154452845054696e-01
9.893812453048521638e-01
9.717263330912795372e-01
9.916834777567268278e-01
9.732943970556245938e-01
9.781897240691906914e-01
9.720751121634474412e-01
9.650529675826781117e-01
9.543955877632178675e-01
9.822959034225834385e-01
9.756312490321467079e-01
1.000748589270067157e+00
9.920594104609754549e-01
9.857695207610480681e-01
9.650218150416788321e-01
9.542026002877574964e-01
9.740392773448056651e-01
9.903616799824601635e-01
9.992195270232488991e-01
1.004538081105108560e+00
9.879836934446686314e-01
9.851646409856432696e-01
9.899087828465993333e-01
9.801352308425819171e-01
9.751915461830779064e-01
9.817870288268858436e-01
9.523809621421176486e-01
9.840493217253172276e-01
9.908220124585448429e-01
9.823223461885320917e-01
9.926281506346384953e-01
9.845570119970191714e-01
9.816745087210400067e-01
9.816836320872568411e-01
9.820713794236521910e-01
9.874723329550998407e-01
9.886713872544971027e-01
9.684390548084739203e-01
9.740285187382883292e-01
9.864665158560558256e-01
9.868905288631256711e-01
9.775491692965294632e-01
9.793994602320720277e-01
9.831953886581065172e-01
9.725523733265240001e-01
9.850034665594856742e-01
9.829216310192678829e-01
9.819771158584849058e-01
9.790473131892102332e-01
9.722644198898635626e-01
9.904255298305592037e-01
9.764691100817606273e-01
9.891422662764800533e-01
9.910499114646910135e-01
1.000566323845705208e+00
9.755584068027146616e-01
9.862988565903382243e-01
9.834420272603261459e-01
9.646367901206150952e-01
9.726007677464302281e-01
1.001984706142586612e+00
9.825290101844268431e-01
9.844080648217636842e-01
9.850775947813711353e-01
9.888992405281282760e-01
9.944009957496227070e-01
9.860643620724516278e-01
9.902402704972765868e-01
9.868634372751285966e-01
9.605253267078432966e-01
9.705378692410043806e-01
9.684400662202113930e-01
9.739382862105122607e-01
9.940321467020016843e-01
9.785281516125050594e-01
9.465262245581618217e-01
9.692077282753429612e-01
9.850488087128123071e-01
9.706176801766929207e-01
9.698217068703161026e-01
9.679077181615116654e-01
9.749595455691991708e-01
9.586964336845721357e-01
9.983788231409355118e-01
9.633452389205524602e-01
9.779155113874175020e-01
9.822822367739417748e-01
9.524666830909842563e-01
9.827986820127948553e-01
9.650076385848309624e-01
9.916486874621317504e-01
9.706181500404522655e-01
9.848174398553627418e-01
9.820734253371170563e-01
9.794761890430973006e-01
9.678192394402936882e-01
9.892751426957548944e-01
9.827008281009901314e-01
9.461152862570924027e-01
9.870276167980194248e-01
9.634567713190242966e-01
9.943162694626778153e-01
9.949358157754650822e-01
9.823165575686444440e-01
9.717859150763533682e-01
9.766690591745744721e-01
9.837509334786208592e-01
9.844198588209852607e-01
9.981054619443830989e-01
9.876940568631955575e-01
9.622061416205192064e-01
9.285092165273751696e-01
9.695393121807890369e-01
9.787760360817124861e-01
9.923311589968472068e-01
9.994109955467439521e-01
9.729987847687661118e-01
9.844799660984773215e-01
9.636373705900034281e-01
9.850448136718392700e-01
9.795994117949770041e-01
9.856754280353290376e-01
9.603447388572218246e-01
9.839081500813583459e-01
9.879020011886722186e-01
9.746942833298194442e-01
9.839200993771234360e-01
9.574589549019572043e-01
9.797384938820107303e-01
9.772915649712167196e-01
9.922076979491807336e-01
9.809048364258227126e-01
9.633400339384622368e-01
9.703859278082885842e-01
9.898879141568649453e-01
9.897133380185861862e-01
9.724507500926793391e-01
9.742860387087867169e-01
9.880705895176497000e-01
9.841697478804880550e-01
9.523693852879219213e-01
9.627702924341945412e-01
9.774821575052490275e-01
9.909540303727253363e-01
9.937893308680594284e-01
9.774753109018171626e-01
9.702227844080050234e-01
1.001271951279122607e+00
9.865392714014369346e-01
9.532950495849336070e-01
9.714873560146897180e-01
9.858554663472917090e-01
9.831373336868168833e-01
9.779621323944613920e-01
9.845724809266508393e-01
9.836472900086531412e-01
9.806465001104461843e-01
9.711406791260179805e-01
9.944193670191208145e-01
9.735887656183763728e-01
9.915485084850524933e-01
9.784569683357540182e-01
9.884977734630649993e-01
9.784798587454945906e-01
9.894434479287568251e-01
9.776383075222095931e-01
9.771680307862290471e-01
1.002430578041844544e+00
9.920478316408443131e-01
9.800356225339512672e-01
9.700107071621926202e-01
9.963271814101742896e-01
9.932718953940570250e-01
9.785638564336808232e-01
9.846349083613898934e-01
9.707802645037646450e-01
9.880236568766451732e-01
9.439442894120926297e-01
9.820753750129170845e-01
9.757595402616794367e-01
9.858183647500317059e-01
9.912374255968964265e-01
9.824258434408503771e-01
9.843386375119156373e-01
9.602073120799980988e-01
9.804965406870668199e-01
9.652277017638410950e-01
9.770507097564886667e-01
9.552886023723038411e-01
9.743130893007884152e-01
9.844425401557488353e-01
9.819596226849115483e-01
9.694496938220675819e-01
9.857490992582534917e-01
9.690940740013982424e-01
9.671019156411043705e-01
9.634274134382130317e-01
9.632646630838400670e-01
9.853133515127199260e-01
9.841906530232711336e-01
9.859519071343211261e-01
9.832117175969289358e-01
9.802097663399171878e-01
9.952734831582495945e-01
9.939306714277019728e-01
9.739597582606694948e-01
9.792812951134044486e-01
1.002349985254646025e+00
9.790383247908183151e-01
9.697222280495351177e-01
9.821441293767375624e-01
9.894103602366502992e-01
9.825848182170028311e-01
9.895515253801472344e-01
9.825343664909597097e-01
9.867766567856481874e-01
9.874637554009415563e-01
9.778357331646608808e-01
9.987066638192841905e-01
9.716346683718957156e-01
9.851072332871507742e-01
9.604654438742540323e-01
9.772900131929316281e-01
9.545030606035694865e-01
9.821493438671710097e-01
9.778613571775902624e-01
9.673385448739469927e-01
9.870741929578112916e-01
9.946482675847857502e-01
9.370765589621155023e-01
1.003735249170593979e+00
9.808667750650128525e-01
9.668723331833329881e-01
9.633239375617020928e-01
9.954118949514264569e-01
9.853227752136782813e-01
9.663637980658297266e-01
9.806342999008299532e-01
9.767463428956023597e-01
9.933739581416015652e-01
9.881661558018670632e-01
9.723342630704127076e-01
9.965991487083878386e-01
9.524289349383655567e-01
9.674764928061651004e-01
9.915685006274069790e-01
9.846293009846794897e-01
9.866111218821296269e-01
9.728670038261728603e-01
9.829814619199563897e-01
9.656968711951821049e-01
9.990022564933540572e-01
9.569317632714209321e-01
9.572319523884860182e-01
9.691161933228256142e-01
9.950079696494050774e-01
9.998824398136906266e-01
9.886729836024813478e-01
9.834765338665414358e-01
9.669788296017012286e-01
9.701912637045984056e-01
9.707755876350530055e-01
9.935393883545519111e-01
9.862241182192357236e-01
9.597408565459916163e-01
9.809908538916635168e-01
9.835646170257308363e-01
9.843101738700446024e-01
9.633354588382977424e-01
9.856955100246697077e-01
9.737661420630000508e-01
9.833740161586499440e-01
9.821306094841031342e-01
9.524359916645454005e-01
9.873042521813445438e-01
9.709031935948362335e-01
9.737392751797928625e-01
9.713137848381786510e-01
9.890457952209436021e-01
9.963272712376497475e-01
9.836752620043863748e-01
9.906267147361670355e-01
9.948019525416733622e-01
9.858070301397465762e-01
9.741688269389060517e-01
9.739438306999980144e-01
9.819614308863729990e-01
9.765955939035861899e-01
9.798351870322684620e-01
9.896417707390408047e-01
9.846180294754818263e-01
9.799598626894192588e-01
9.896493393925961390e-01
9.624924422290358494e-01
9.743816307849851865e-01
1.011907622984915989e+00
9.695726494083471980e-01
9.829913909373489966e-01
9.808648953707109763e-01
9.581180627510219594e-01
9.878820044181524374e-01
9.976029951888419900e-01
1.006820733982393357e+00
9.895806008728547098e-01
9.849004849768228098e-01
9.471924384284329257e-01
9.948521199677442528e-01
9.786665179719087337e-01
9.947289805689452091e-01
9.666883070543074163e-01
1.001800538419316933e+00
9.895773531049488758e-01
9.639515213404662441e-01
9.525538266610539262e-01
9.716838038846827841e-01
9.917987281461171367e-01
9.898484862648346816e-01
9.853715361863816247e-01
9.882292110896325754e-01
9.874055965885715214e-01
9.840093953108948188e-01
9.723946011760354891e-01
9.868655444254327280e-01
9.823117463857455878e-01
9.798969504145562670e-01
9.811088482381169484e-01
9.597530756914066652e-01
9.632071448028792782e-01
9.932160612696840918e-01
9.556027386468870510e-01
9.570420941756107025e-01
9.831844577614738956e-01
9.934522909854045514e-01
9.848043223621338882e-01
9.896449470281973859e-01
9.831489851964505533e-01
9.938907375242632680e-01
9.771700809246057773e-01
9.624971394556766091e-01
9.837478571625575263e-01
9.800534696275828850e-01
9.649352086383033988e-01
9.785503807427924361e-01
9.747238259850560249e-01
9.639670256547173688e-01
9.839978195321216203e-01
9.806776407486427205e-01
9.970700969798618196e-01
9.824662255110191422e-01
9.793767210389168199e-01
9.627653638151126847e-01
9.630541233487802666e-01
9.874845572269929095e-01
9.755700534201386942e-01
9.636111315951215728e-01
9.910197070586945767e-01
9.684808867206862182e-01
9.735704286169638566e-01
9.850583363900359268e-01
9.717540362656110764e-01
9.775322384660899422e-01
9.587532327896474138e-01
9.803173006449065197e-01
9.791758220114187283e-01
9.829463634161974550e-01
9.677245212899143745e-01
9.847629396218345876e-01
9.878381557452778905e-01
9.538005194316677704e-01
9.724530206496808660e-01
9.377177175326744107e-01
9.683245803180704492e-01
9.699058678636561792e-01
9.873529436548331706e-01
9.789272176294355754e-01
9.653274717499316093e-01
9.858417375882740918e-01
9.717176976218423468e-01
9.881484191741241041e-01
9.784729160483871535e-01
9.645478100867496130e-01
9.945087191794699244e-01
9.909575085927483373e-01
1.009779062315861786e+00
9.832601621343326492e-01
9.630244955128371975e-01
9.920545133704746776e-01
1.002976180191554656e+00
9.846254378496770432e-01
9.719979682684180000e-01
9.843512594719429076e-01
9.834851335770367076e-01
9.622320697923887334e-01
9.759408732164784883e-01
9.760495522017593739e-01
9.928747431640256860e-01
9.879209691742890653e-01
9.795741254865901748e-01
9.785311723235972092e-01
9.906361649488160115e-01
9.708154645395451476e-01
9.819109323978304493e-01
9.810572744430291481e-01
9.633967037195628746e-01
9.813528482332140035e-01
9.966275816475255178e-01
9.706199378874786898e-01
9.784476063919788080e-01
9.908596373228426568e-01
9.779086801398151341e-01
9.846221356382374168e-01
9.769021063755256584e-01
9.838205183853452329e-01
9.722507925514026761e-01
9.867700586772399918e-01
9.723175188690875714e-01
9.850998301922312406e-01
9.497163419348531033e-01
9.841417096551481336e-01
9.804857073200931028e-01
9.810657139188854181e-01
9.805205397862842842e-01
9.658636551761876632e-01
9.729718938235847325e-01
9.739926648963982414e-01
9.341830523641415640e-01
9.460998764963129970e-01
9.725627421576795717e-01
9.712166832295137109e-01
9.954322123466251560e-01
9.751251084817537107e-01
9.798508090328296172e-01
9.941251683280202256e-01
9.742285896530852307e-01
9.789870631228410058e-01
9.707612151809634771e-01
9.827214926298016850e-01
9.864245822925528095e-01
9.761683760362712681e-01
9.818081087802790208e-01
9.744716889162973184e-01
9.895342879110263778e-01
9.733950809325819797e-01
9.950169037246463510e-01
9.750137014437770810e-01
9.925326732125705487e-01
9.809615751800474515e-01
9.829578093391100335e-01
9.727786353445693202e-01
9.654240606935875491e-01
9.749337972466969315e-01
9.800516287687546235e-01
9.781191939117783729e-01
9.555632011287031879e-01
9.699048777036759494e-01
9.939357193023077297e-01
9.598245038182831035e-01
9.644147693338545047e-01
9.932985201250200680e-01
9.810249319450009553e-01
9.887651688755545454e-01
9.921671067375515962e-01
9.850681694046415915e-01
9.868728486194536798e-01
9.717874847441863029e-01
9.734750241700886875e-01
9.653308823472305233e-01
9.743157081358777560e-01
9.775711517308899312e-01
9.854194973566757776e-01
9.788333619674005615e-01
9.762152640850600971e-01
9.889354559716310167e-01
9.968182034686189352e-01
9.740862401443526331e-01
9.768576016561464348e-01
9.550912157403285141e-01
9.752538363917525599e-01
9.784282286318393140e-01
9.812256327178130455e-01
9.668737916604187577e-01
9.804542080315730157e-01
9.735604438110390113e-01
9.941376978408307252e-01
9.936799817935483281e-01
9.847299894100529638e-01
9.730504395627860292e-01
9.684313108780323587e-01
9.577515028429323118e-01
9.884205461640661605e-01
9.821205442971175925e-01
9.857367238278600396e-01
9.789855080574693114e-01
9.697191835501983714e-01
9.834887563165904956e-01
9.891313824996531556e-01
9.661699627602838847e-01
9.784258915287938896e-01
9.808736302000780061e-01
9.825065903448010340e-01
9.733110374893689798e-01
9.709503823457739102e-01
9.775243875372507940e-01
9.710421991175481882e-01
9.988288205310873469e-01
9.666578418468483314e-01
9.709159732865028092e-01
9.910784286910896412e-01
9.646553067048306840e-01
9.558020998908272059e-01
9.764464457676524933e-01
9.572591367279105201e-01
9.227534177557402684e-01
9.804771818282831397e-01
9.969416497685245071e-01
9.878058214535783144e-01
9.802616452163768201e-01
9.756023016429070660e-01
9.796001711983525206e-01
9.832090746703263662e-01
9.706972714226108634e-01
9.784237189994784423e-01
9.848077841753025696e-01
9.870578127522073864e-01
9.802947889748703236e-01
9.679946988241592276e-01
9.535612380706867119e-01
9.861812641675583579e-01
9.595290681909257602e-01
9.541687064455459666e-01
9.823014336666274771e-01
9.743182779398308346e-01
9.704937583605161011e-01
9.644729751072171897e-01
9.819236161335329616e-01
9.548493840565416280e-01
1.000774342195063449e+00
9.794640619723402608e-01
9.715173941492530885e-01
9.909175119758282246e-01
9.848442755259000370e-01
9.828322070836548185e-01
9.326231536696303337e-01
9.801831793429852668e-01
9.641199775139863704e-01
9.815738613610582863e-01
9.760637986347511230e-01
9.881373765085667005e-01
9.927352012809419479e-01
9.584312039476026168e-01
9.975751419517060459e-01
9.750812239566666317e-01
9.814588887157551511e-01
9.799284753186059405e-01
9.828124731305160067e-01
9.729172187637370461e-01
9.846862914517248155e-01
9.873269803726097971e-01
9.826760462277306374e-01
9.811440474065901141e-01
9.746608765131875574e-01
9.840166553423475015e-01
9.933684824461985752e-01
9.883924966701990167e-01
9.341987457861102850e-01
9.938026553875946023e-01
9.869071605443605621e-01
9.951831312254244555e-01
9.814673509047173727e-01
9.968310365314827504e-01
9.674432370985831531e-01
9.662322745795016710e-01
9.879031488615696022e-01
9.839629167717959257e-01
9.937085095717912431e-01
9.879826857110685090e-01
9.725185381899867920e-01
9.769864847050520051e-01
9.891387412523123812e-01
9.867112096990940939e-01
9.679662777512055838e-01
9.800315715603992173e-01
9.409633410349478311e-01
9.889746974587845241e-01
9.993777309430830202e-01
9.613190685213420794e-01
9.512076905205999466e-01
9.813086010343272658e-01
9.857378786396752135e-01
9.798877606201400470e-01
9.775140307713577892e-01
9.823659861786336878e-01
9.867107228225643345e-01
9.663379159837006682e-01
9.865730115946826917e-01
9.665588306604038227e-01
9.811242027665295629e-01
9.505681996095852737e-01
9.685238927268486897e-01
9.524509028871266381e-01
9.926906546629639116e-01
9.540244058868478927e-01
9.837330584764665264e-01
9.934186973219699679e-01
9.819457999024816530e-01
9.861955417738186291e-01
9.872139321887354324e-01
9.807366214289413575e-01
9.553580873768279247e-01
9.788076922263747592e-01
1.004279658568506983e+00
9.808853722868344782e-01
9.793052923251049924e-01
9.480734571865440108e-01
9.933077626990028941e-01
9.792304009704831946e-01
9.728304921110877412e-01
9.672977416016079744e-01
9.439013890497554016e-01
9.864943453075274427e-01
9.811969299935029420e-01
9.786361834427877993e-01
9.735045931983331569e-01
9.846761796205487638e-01
9.594153387106275632e-01
9.638264526982390779e-01
1.001646838771487191e+00
9.840289435774087767e-01
9.985429279705950734e-01
9.877165796647227047e-01
9.865571284210266079e-01
9.819604404558373023e-01
9.856614731385721084e-01
9.983128489270879369e-01
9.818446040902475414e-01
9.798037286447196514e-01
9.792203038217628386e-01
9.718059045061839818e-01
9.673360818923077975e-01
9.742127294003519733e-01
9.589627354035642481e-01
9.379098356322002061e-01
9.766833391964138134e-01
9.875622934191656821e-01
9.640469010917243065e-01
9.889536120776019068e-01
9.302747766183334654e-01
9.938958227839261861e-01
9.797487011876231389e-01
9.477696606806572666e-01
9.699229633500241476e-01
9.861372473819467466e-01
9.944977391401350619e-01
9.608027327659649508e-01
9.604417136001633937e-01
9.799020543635965641e-01
9.728098892250849339e-01
9.981489954173071721e-01
9.996298042630588077e-01
9.740037706807358475e-01
9.693462373779994090e-01
9.763763153892891511e-01
9.648620478157153846e-01
9.595237194424972582e-01
9.782856578125355140e-01
9.926205818022205696e-01
9.619682057367426875e-01
9.803102264177366854e-01
9.762059793571831179e-01
9.684967952698386728e-01
9.811516415699080840e-01
9.879417281092541803e-01
9.833113457527263845e-01
9.720964396197291357e-01
9.639510156633457338e-01
9.967655936253091431e-01
9.918613771995368200e-01
9.826710571510445247e-01
9.914099300429682904e-01
9.884530423007162891e-01
9.806535377389717922e-01
9.783744128972768905e-01
9.702400159731796592e-01
9.789498735212320835e-01
9.846677170955357994e-01
9.820985167655711390e-01
9.561771850768083780e-01
9.799872943653045176e-01
9.488709598988465110e-01
9.649335060156216670e-01
9.713662615229459174e-01
9.895836896866947452e-01
9.866212012701257583e-01
9.890975770135788103e-01
9.869322608616553083e-01
9.835779172505128010e-01
9.847670740589096194e-01
9.668737705146203121e-01
9.681993617131080532e-01
9.774635754917851971e-01
9.718468038097479722e-01
9.774932054494877010e-01
9.799619098175363918e-01
9.941782915441613744e-01
9.824667715335635432e-01
9.860312893349780783e-01
9.852609876251106069e-01
9.614771670394899328e-01
9.660419051637367804e-01
9.822865749439798622e-01
9.699492112679707345e-01
9.737187667094553412e-01
9.835067448607793805e-01
9.626383091750717602e-01
9.699878705377510402e-01
9.472780891726537700e-01
9.846124094070459742e-01
9.991464740133161326e-01
9.881428521628782269e-01
9.881038842875837780e-01
9.681113367546493320e-01
9.739082387847081135e-01
9.637737808603799028e-01
9.929959123880530703e-01
9.830053685857258472e-01
9.746551264149022620e-01
9.856878146071252900e-01
9.778656564915739757e-01
9.740455772295413261e-01
9.762435329336474066e-01
9.914070931725887936e-01
9.934549232183040868e-01
9.987840954920568226e-01
9.863620013159949407e-01
9.804572646210018005e-01
9.892299916075218968e-01
9.787904171791663721e-01
9.763676293462404399e-01
9.747611213262359353e-01
9.648375604270993389e-01
9.775565046879229891e-01
9.933727471423955402e-01
9.877689433513159312e-01
9.958003544149751640e-01
9.732437445053390146e-01
9.647720691218318878e-01
9.800479913529092091e-01
9.497832148993047285e-01
9.875955595558502109e-01
9.853292385287997224e-01
9.781163565024061368e-01
9.855621871777703324e-01
9.775730511222820995e-01
9.872037703442145817e-01
9.794509390081734823e-01
9.483376671238323841e-01
9.712500880298878814e-01
9.715115314012958692e-01
9.731381569860214631e-01
9.990394540289079250e-01
9.902713746546863982e-01
9.934720074214756780e-01
9.773834386046993394e-01
9.724679063941518153e-01
9.878832896509186501e-01
9.823397746838256062e-01
9.806852644271255581e-01
9.359400600401635018e-01
9.799329954634037332e-01
9.871587988504957334e-01
9.747596645204011923e-01
9.643912843743650543e-01
9.679503449728178444e-01
9.942346995394293341e-01
9.850548400226307733e-01
9.739272057669557947e-01
9.869929879041644538e-01
9.728094918272388592e-01
9.761971415967691801e-01
9.693991818918622494e-01
9.892198358727730678e-01
9.902444772280564189e-01
9.822831420291039395e-01
9.779160064890008996e-01
9.847720098142322964e-01
9.753737629588934421e-01
9.681258160237157240e-01
9.716269108203831051e-01
9.808659523756747545e-01
9.626698059032842147e-01
9.977994432316403817e-01
9.712253039310156932e-01
9.805352546745061959e-01
9.595796041268603860e-01
9.581283563713733908e-01
9.867903443376050410e-01
9.941791692886791099e-01
9.780063159180484300e-01
9.908533271620302285e-01
9.832181929824792554e-01
9.640366791330218232e-01
9.840332032410258334e-01
9.889583056953021867e-01
9.780525686341130509e-01
9.831832904080064495e-01
9.923458914585061574e-01
9.896967548879895826e-01
9.746870436733209297e-01
9.789575802761492085e-01
9.928431151212985251e-01
9.631911339014211926e-01
9.830487933300116055e-01
9.842703777347684424e-01
9.887389977704404975e-01
9.851172796476689308e-01
9.841493254286659553e-01
9.847225263160095388e-01
9.834146632841485047e-01
9.787714342983642180e-01
9.909941620937751106e-01
9.943946318976958354e-01
9.884979994047594642e-01
9.776995216867448990e-01
9.968621240983572829e-01
9.855133171073744425e-01
9.905616354181008276e-01
9.791529941415650917e-01
9.786170107772660387e-01
9.869940996044406223e-01
9.572360764145898537e-01
9.858000960827227876e-01
9.803397711209274057e-01
9.979563077287513240e-01
9.983496661779940329e-01
9.900583256274584354e-01
9.777906336944994781e-01
9.902963622403656574e-01
9.890348043416934409e-01
9.872438672164841611e-01
9.113127296328206173e-01
9.634036964546386361e-01
9.822328126216465227e-01
9.419631791078985072e-01
9.821613634242155610e-01
9.829319390026867165e-01
9.730709761514273470e-01
9.841894098113417311e-01
9.684931828844377533e-01
9.900941350630048099e-01
9.866892782276995844e-01
9.723534336984770432e-01
9.554036140763854101e-01
9.675802894795110243e-01
9.907205658281419414e-01
9.837662096378811949e-01
9.886918917674673013e-01
9.641322293540077748e-01
9.743257817510970753e-01
9.726271130756637406e-01
9.586029219985464644e-01
9.737227172392568519e-01
9.874754570782959817e-01
9.984119748753884638e-01
9.861952005225480544e-01
1.000321962230956263e+00
9.796471622084993447e-01
9.921394491608531707e-01
9.750404343038397981e-01
9.876870254112780634e-01
9.875872128557778851e-01
9.787096132721021524e-01
9.604503377094590899e-01
9.732849058575612222e-01
9.899427348682530159e-01
9.905789631352021063e-01
9.946364226412671705e-01
9.696038616011839473e-01
9.880395602580960279e-01
9.869385988451501168e-01
9.695360168339991480e-01
9.800653284326538150e-01
9.731626039776768433e-01
9.865337944562272421e-01
9.780049643192635367e-01
9.713442227559428988e-01
9.884350817107182552e-01
9.734422310429446945e-01
9.858991583793822455e-01
9.740575979266556939e-01
9.887846756896275791e-01
9.902408179776511776e-01
9.732437573835600597e-01
9.675685440955024141e-01
9.753573211801553899e-01
9.814370101260597723e-01
9.942231804234747949e-01
9.665605095077868247e-01
9.822094953407984885e-01
9.802326971621433405e-01
1.001263395023617830e+00
9.761362242050428684e-01
9.835653344980704871e-01
9.812972289013242033e-01
9.645067563103078001e-01
9.727970975502263640e-01
9.833863451879958362e-01
9.825712982470403700e-01
9.717962850803235630e-01
9.894690488144490814e-01
9.981817849411143140e-01
9.818702711978805064e-01
9.905591630933299196e-01
9.512501892445883733e-01
9.846969477325239195e-01
9.727559850948681586e-01
9.536177210398043558e-01
9.807243579833404556e-01
9.803677933880466933e-01
9.792530981008702451e-01
9.292521704277355576e-01
9.852155799162998218e-01
9.964088076512777059e-01
9.761120075972044008e-01
9.815001825099166632e-01
9.679092195135103882e-01
9.838100996101649676e-01
9.819823911500962232e-01
9.723926052252318541e-01
9.903274658929674956e-01
9.919756416810533439e-01
9.998302075337340833e-01
9.492073284481052919e-01
9.605016648479415275e-01
9.854358451785770745e-01
9.913970296754023304e-01
9.804282507211766751e-01
9.557758723536657897e-01
9.963719576719517468e-01
9.813004190746931199e-01
9.839568088186796402e-01
9.941145935950670420e-01
9.838808530140764619e-01
9.865201200522387692e-01
9.728077247954934892e-01
9.810139173243909161e-01
9.885460716734858488e-01
9.828082327088616399e-01
9.822814558114028038e-01
1.002331090736837460e+00
9.844831055449675405e-01
9.934935112189420270e-01
9.723440463908771259e-01
9.633448126803162426e-01
9.663555275964746949e-01
9.829850425078530129e-01
9.837668721107388770e-01
9.838634165254072084e-01
9.767810186500740510e-01
9.718957940408632368e-01
9.475899627595908425e-01
9.918832569307705072e-01
9.877608045546034665e-01
9.798727131005895430e-01
1.000704266459697900e+00
9.654727036373839111e-01
9.869150303985897432e-01
9.825936253731736292e-01
9.639593464047436777e-01
9.870199503920742412e-01
9.805402089386021647e-01
9.887665827157683385e-01
9.596031570615211059e-01
9.960232112665384774e-01
9.759629741477998666e-01
9.829266051199825327e-01
9.918257885985918287e-01
9.900905245124888010e-01
9.892841049294809341e-01
9.950484793940330697e-01
9.906593182754676041e-01
9.770573096885537545e-01
1.001057163419566409e+00
9.865160420197783830e-01
9.962317064539930600e-01
9.630556694394936113e-01
9.960912749682353517e-01
9.751028609038109307e-01
9.887083641151701574e-01
9.830049710491056691e-01
9.597326336493828824e-01
9.803105103998143166e-01
9.723507507669377770e-01
9.704923002278685873e-01
9.888701448816868966e-01
9.956512690342355087e-01
9.948547672937627651e-01
9.813814547098758112e-01
9.514415227527864838e-01
9.745983718650624850e-01
9.963873751323719663e-01
9.630755790052272225e-01
9.931453540910557543e-01
9.623171998230201085e-01
9.721790435308041989e-01
9.606231291823381646e-01
9.826518512165410835e-01
9.844431558936163063e-01
9.779212241810195660e-01
9.909671018213114246e-01
9.823016838655189709e-01
9.629978899647915203e-01
9.882997923475824731e-01
9.727755713923081915e-01
9.726168676520547951e-01
9.807476270124040330e-01
9.695847465387011921e-01
9.953963469301929656e-01
9.735847269746091825e-01
9.622899930825264958e-01
9.901569164676546908e-01
9.759859636567946861e-01
9.817484804497019768e-01
9.729836280845902685e-01
9.850014180429812471e-01
9.744400754451206792e-01
9.795055037679069043e-01
9.864079696681581355e-01
9.692067790497639335e-01
9.726334767324981145e-01
9.886319765459775644e-01
9.705253027528407683e-01
9.910252984290243150e-01
9.846885624579053697e-01
9.844219070070023836e-01
9.664599930144722739e-01
9.757494035425965384e-01
9.463360603836403762e-01
9.816074984811604676e-01
9.755534859540307968e-01
9.733008792994138902e-01
9.577339796987994758e-01
9.910045563014246994e-01
9.910317368059090581e-01
9.882294210223835362e-01
9.696651878297527505e-01
9.927916383653738741e-01
9.876477932296372497e-01
9.698826901454485894e-01
9.898148464563556459e-01
9.537993014890150389e-01
9.932285986432025648e-01
9.853176005913739655e-01
9.766445307499798112e-01
9.733149909426679347e-01
9.833439280393797555e-01
9.782402306085912214e-01
9.914392760834062068e-01
9.828951452526387689e-01
9.869764120299330257e-01
9.704166259902934355e-01
9.847966657227726905e-01
9.736011165945354096e-01
9.700000433083150186e-01
9.736044411817517119e-01
9.610331575593480391e-01
9.724936864478448406e-01
9.982501292404452053e-01
9.696016559248428202e-01
9.783591420432961039e-01
9.781865408060452793e-01
9.770586608102467263e-01
9.900563692128879767e-01
9.895512138416544534e-01
9.872706048094881393e-01
9.883001863489645489e-01
9.305497950468692991e-01
9.876488341998950204e-01
9.656596632930247726e-01
9.444301085495576675e-01
9.605667813799937393e-01
9.873009117686295522e-01
9.998548721464751710e-01
9.898054679373331499e-01
9.741984986971415905e-01
9.921853069540113035e-01
9.459016625145959534e-01
9.764473053280436909e-01
9.839764085232856061e-01
9.435517105401027838e-01
9.492432492983391423e-01
9.500840784243057557e-01
9.818672154367721339e-01
9.772031840334227670e-01
9.745689124647152202e-01
1.000646748384083962e+00
9.879858314061455982e-01
9.868285119580270104e-01
9.818987374977584670e-01
9.812023242311629367e-01
1.003340156479181067e+00
9.898104065336926771e-01
9.728576297973630105e-01
9.638644999776443401e-01
9.809752698620004541e-01
9.885734847484546339e-01
9.936208740614402846e-01
9.827451907594282332e-01
9.743466902466217938e-01
9.924150215654877760e-01
9.730481006760370866e-01
9.858054759680139334e-01
9.539339631367260708e-01
9.869061208802326624e-01
9.796685598085107527e-01
9.858652857334543329e-01
9.761666304695828522e-01
9.742658612209016411e-01
9.505705670869083468e-01
9.986681709280640362e-01
9.781236876240936295e-01
9.902815449924842195e-01
9.828711861676231454e-01
9.753008766307845745e-01
9.842565835421610565e-01
9.594925972710931505e-01
9.715813896223045587e-01
9.553370839098517253e-01
9.969323022797077494e-01
9.897929914567489273e-01
9.662008127161023641e-01
9.875174615722491778e-01
9.708441111048849992e-01
9.849714640329600979e-01
9.925082667307869588e-01
9.621179352407256413e-01
9.963152957712330116e-01
9.702690854520882313e-01
9.792676327059701702e-01
9.797121963933476119e-01
9.945271303451791445e-01
9.691981660739459326e-01
9.700279625519775406e-01
9.958091302911130649e-01
9.894830682601499783e-01
9.786476835199882096e-01
9.845742620221994423e-01
9.869525883099493635e-01
9.929276762923830990e-01
9.902618762456990575e-01
9.532624482743846661e-01
9.858217474909442002e-01
9.961889408946030811e-01
9.812740275715646776e-01
9.806218299844493558e-01
9.624655554183165762e-01
9.856656010579847305e-01
9.703218052627199386e-01
9.722779634489895351e-01
9.734930987451074769e-01
9.820321760617404250e-01
9.933460382941133870e-01
9.581002802240486949e-01
9.701156368580075018e-01
9.508749989002285297e-01
9.563024320444867277e-01
9.772352527286041202e-01
9.887610826021158150e-01
9.618314968274803700e-01
9.845096282978680335e-01
9.903038209468022490e-01
9.823547099252037951e-01
9.840107277534866359e-01
9.987534691610636672e-01
9.816285002745653854e-01
9.696597451966354475e-01
9.884885549071894539e-01
9.778971774783674631e-01
9.903504773314599774e-01
9.847066101811652317e-01
9.938590575300600971e-01
9.850386862969202628e-01
9.992042625624747432e-01
9.899124010146040931e-01
9.922358290450565832e-01
9.572196149594603964e-01
9.930201033488897933e-01
9.912704760275306004e-01
9.694178237496418049e-01
9.773890328945612493e-01
9.937448731854587880e-01
9.588428256946103234e-01
9.964052992940315434e-01
9.606637885007486277e-01
9.862931062746167488e-01
9.722758248650948953e-01
9.648973528975348657e-01
9.614959671111804607e-01
9.955318678640767693e-01
9.903120452208766800e-01
9.939524976899296593e-01
9.754598762381255783e-01
9.520914284702924890e-01
9.819558066729521251e-01
9.417907528425987218e-01
9.510726960869724245e-01
9.924802982435575460e-01
1.011231563604956252e+00
9.830711067375361711e-01
9.744890228961842205e-01
9.746567556709818669e-01
9.673806131493800642e-01
9.792742927513179430e-01
9.851746439164718039e-01
9.478605112402898047e-01
9.876262960148848302e-01
9.484991476296193991e-01
9.919838095760905583e-01
9.960376187185840946e-01
9.903476911992695753e-01
9.748703881816883632e-01
9.665860230496365890e-01
9.762255165235211862e-01
9.534641812598922961e-01
9.965828199437752888e-01
9.644543458482874865e-01
9.890366987788808961e-01
9.891199349653471140e-01
9.851446952244007349e-01
9.875193000074459215e-01
9.892102336092107873e-01
9.917091263720314576e-01
9.717929079903875333e-01
9.851683874766510307e-01
9.820333871392975533e-01
9.876645767472680415e-01
9.906158530147540775e-01
9.818415263471756971e-01
9.873563288690767603e-01
9.806520614105869171e-01
9.909877642804295617e-01
9.677058545444808813e-01
9.405074355804032837e-01
9.846789491276626283e-01
9.932301831631994427e-01
9.922462877476626586e-01
9.805520463809602738e-01
9.693173898232501084e-01
9.939638884289525578e-01
9.736713360724460475e-01
9.833188095621598901e-01
9.836610910436204280e-01
9.961343952458812101e-01
9.698411520265745045e-01
9.942366948185370479e-01
9.776361290345606525e-01
9.510764640006855730e-01
9.709930371324276832e-01
9.626833002797146044e-01
9.781701171034762332e-01
9.624731712159827479e-01
9.732554003249733743e-01
9.498420254629978965e-01
9.670578398663993713e-01
9.837594746132430901e-01
9.764510482473364172e-01
9.756687421299539142e-01
9.752273717995812996e-01
9.913783435901737384e-01
9.841322460241583858e-01
9.886419082925569368e-01
9.835456940739450982e-01
9.599851577169125072e-01
9.809078829207567018e-01
9.706122085366473140e-01
9.843465090930175743e-01
9.910145115093623724e-01
9.815568723434969778e-01
9.815456981937109582e-01
9.838940412495384980e-01
1.004570347087660576e+00
9.548449754929707600e-01
9.807512993469490459e-01
9.697121738493894583e-01
9.842361321699544252e-01
9.904562312699835003e-01
9.865561519841983262e-01
9.853549080136667637e-01
9.515982109392447930e-01
9.875837995039418171e-01
9.889882079144213245e-01
9.593366104998508614e-01
9.836331686758285064e-01
9.813150225027591489e-01
9.950788844332356664e-01
9.996797017372935912e-01
9.849787830376769415e-01
9.944866655096612496e-01
9.696421771657284250e-01
9.918144245200473108e-01
9.740391294346244511e-01
9.682375259063414896e-01
9.121772445097390269e-01
9.525561674690006253e-01
9.655119061830380600e-01
9.652350883175684348e-01
9.667575333072413457e-01
9.713385422358080667e-01
9.899571181526328756e-01
9.628429473911733760e-01
9.959566399662543867e-01
9.824407810666553331e-01
9.780292475666221286e-01
9.862641454732347102e-01
9.805470004636587245e-01
9.791868534662557799e-01
9.665457059500757175e-01
9.851518213682038949e-01
9.986343418197699551e-01
9.803796298598809189e-01
9.765006748434841288e-01
9.876515236638195860e-01
9.864025657443354911e-01
9.777858613146054312e-01
9.768312628351007998e-01
9.770789876683124708e-01
9.961647284247178158e-01
9.851147023781489098e-01
9.858470278023176991e-01
9.807293758668975681e-01
9.842141799308979921e-01
9.926680556257199139e-01
9.892020148031309690e-01
9.789652985047540001e-01
9.746522721264373468e-01
1.008773342007440732e+00
9.842206290724191398e-01
9.953149090344081129e-01
9.894683590620244606e-01
9.824709304612845306e-01
9.847515818080255778e-01
9.731784901950766287e-01
9.650347643947166931e-01
9.846811668007257046e-01
9.891310165972858615e-01
9.885590542030104899e-01
9.927123473994827751e-01
9.781167661504368560e-01
9.569600382003030647e-01
9.779672425824871285e-01
9.425147993602757124e-01
9.936600773492531014e-01
9.651070347411841999e-01
9.452215049181991180e-01
9.846083967049893415e-01
9.440722432030023148e-01
9.682785084643265039e-01
9.929527055584034256e-01
9.800644036268864046e-01
9.801682158788331822e-01
9.651017975081813693e-01
9.898454690913186527e-01
9.799527246963626315e-01
9.850613091381710262e-01
9.795025865424504818e-01
9.784139332414059087e-01
9.905239959117476678e-01
9.851885929584568435e-01
9.715140596707806386e-01
9.747246738549271150e-01
9.746763762235916007e-01
9.917249427034738885e-01
9.832487331281754006e-01
9.907156782291368646e-01
9.730042261713381935e-01
9.814198867080463629e-01
9.769634323538497478e-01
9.936926039707038028e-01
9.928564851412535752e-01
9.722634357819578410e-01
9.623900121037956001e-01
9.823591848119943570e-01
9.791192831414908815e-01
9.357520201421974937e-01
9.694518987401353760e-01
9.675687684027370894e-01
9.832805191686090351e-01
9.875991278682387797e-01
9.660518011574893427e-01
9.888687890045535500e-01
9.862646781136235052e-01
9.536814598011666977e-01
9.771007303933936239e-01
9.972672271167689617e-01
9.785439790419806494e-01
9.873941563023691526e-01
9.817850937058372196e-01
9.818456631659298051e-01
9.861288096364503319e-01
9.812677923717247896e-01
9.850159060126267851e-01
9.884597402378377806e-01
9.863651925712245694e-01
9.902451066510933320e-01
9.860956909913246582e-01
9.895515941277722716e-01
9.708669703058451228e-01
9.812013309161523589e-01
9.594818232608259834e-01
9.869934734263985376e-01
9.795815922066398729e-01
9.911964507045084583e-01
9.744561677120847643e-01
9.723906870606078279e-01
9.953345324294371466e-01
9.858801337735347836e-01
9.773529337696618136e-01
9.581207506524669348e-01
9.749592011729316665e-01
9.640098341316414299e-01
9.830438218603047007e-01
9.757888626809677612e-01
9.876696125110823177e-01
9.416873722089380561e-01
9.650914654255086100e-01
9.822872717035145973e-01
9.913591025339458795e-01
9.726502126438330009e-01
9.618713587951235322e-01
1.000281302802731975e+00
9.927820146054825434e-01
9.882558346935876870e-01
9.770266835924790172e-01
9.633961796226551133e-01
9.837441404850015836e-01
9.855546905428075322e-01
9.950874673097688250e-01
9.738454130455393987e-01
9.507256418573022394e-01
9.884983675133869330e-01
9.598514619494160627e-01
9.746359438400840070e-01
9.735318565429510462e-01
9.917907686024565184e-01
9.778495540746244830e-01
9.800044886936926103e-01
9.845528008504988993e-01
9.754706951624555478e-01
9.916390577108884496e-01
9.689909241428771303e-01
9.853578720394196022e-01
9.592073883343411600e-01
9.887213151633886810e-01
9.755028557051144134e-01
9.723427740518858498e-01
9.785928768858916937e-01
9.761925894226272105e-01
9.851928985387675697e-01
9.670920425773084084e-01
1.002133590863726997e+00
9.610709707585437522e-01
9.862572217074534464e-01
9.688711722651867086e-01
9.952330414660685021e-01
9.946452591172099122e-01
9.858246225950287878e-01
9.726254757870222978e-01
9.939830674158854906e-01
9.700350939968838127e-01
9.636243138580662393e-01
9.766593226836024488e-01
9.545752691520097422e-01
9.879884172849217050e-01
9.748003767211820270e-01
9.744078293473802388e-01
9.767570684583409824e-01
9.645997357080459134e-01
9.871130848018956350e-01
9.701815195083354215e-01
9.849239045852893337e-01
9.870977307958571645e-01
9.827750710336222717e-01
9.644281393943603398e-01
9.697205829726581738e-01
9.859033938397759878e-01
9.688201713754859279e-01
9.837759931164332672e-01
9.891938063977256945e-01
9.932382626249880442e-01
9.945311048442420088e-01
9.756159527147421073e-01
9.675678500492124190e-01
9.797387098704304353e-01
9.815009783026957813e-01
9.823983396722799633e-01
9.664168464181436269e-01
9.979216221721513014e-01
9.812267007368421501e-01
9.641300058153042807e-01
9.928397672691208209e-01
9.757998975135122599e-01
9.823717381422418793e-01
9.920523583304694526e-01
9.674830739642819033e-01
9.760385487124749737e-01
9.824518522603109538e-01
9.851220794075296050e-01
9.690034482564815477e-01
9.817848751838617050e-01
9.947605386921732906e-01
9.791482171382469568e-01
9.896113098790659812e-01
9.714605310823090090e-01
9.288683765710745721e-01
9.795704165224964344e-01
9.840019505830390756e-01
9.881160790793274140e-01
9.920609674854006244e-01
9.212725002873093372e-01
9.689338163399809911e-01
9.715209030638592980e-01
9.982443686281495809e-01
9.800180002653688938e-01
9.412096758298549304e-01
9.877604690814385524e-01
9.825523231893922294e-01
9.872890325752214924e-01
9.755364774769537117e-01
9.594324905605179366e-01
9.610302408747740666e-01
9.542993079214013852e-01
9.703615814654850125e-01
9.752536088346245302e-01
9.769754984577023738e-01
9.837976869602084173e-01
9.755693603476897069e-01
9.600031139147907622e-01
9.751814377276516455e-01
9.900287524826416607e-01
9.796374166683815554e-01
9.728323706292684170e-01
9.773424057658448572e-01
9.870567493033272077e-01
9.816136571301284919e-01
9.631113765262611093e-01
9.853502055688606598e-01
9.889744976249533748e-01
9.504813711225997830e-01
9.741451474371035646e-01
9.850456536660462392e-01
9.614850869159277114e-01
9.708920679685556498e-01
9.885777370994055513e-01
9.863946071727986986e-01
9.799761348517489479e-01
9.982375591127238268e-01
9.871398474143482371e-01
9.936958664910738870e-01
9.925129272194961327e-01
9.949646701103118662e-01
9.589964889552722305e-01
9.732814564005761726e-01
9.848848427844085762e-01
9.889458196042958393e-01
9.849601985829506967e-01
9.638882807620764437e-01
9.756657455811723612e-01
9.906363985389665672e-01
9.729557187199163737e-01
9.726811637652359455e-01
9.748379927010657475e-01
9.706009755523001825e-01
9.763226813266795423e-01
9.800408719825562942e-01
9.752688894869371294e-01
9.788169008379727920e-01
9.779467412251235947e-01
9.962918076502417231e-01
9.958416370653540017e-01
9.755514492141950100e-01
9.893479340680603196e-01
9.635390003212352950e-01
9.775240714940960363e-01
9.487732343668430213e-01
9.739991594531087760e-01
9.818816832653967097e-01
9.741361208699621521e-01
9.783790745177355364e-01
9.892359000981841843e-01
9.712105888326136860e-01
9.626798981497538543e-01
9.849619749086194753e-01
9.644666890855891905e-01
9.653785569697516111e-01
9.663878153388907322e-01
9.862073070331167646e-01
9.870428934171683322e-01
9.819878985799306292e-01
9.915683730472324431e-01
1.000677500393732267e+00
9.804087815901219027e-01
9.961830071015901344e-01
9.900142104446640889e-01
9.882546991487531907e-01
9.922301035397718127e-01
9.884026462339123853e-01
9.715777122740706373e-01
9.893844561444976593e-01
9.831213301442820462e-01
9.848033522084167490e-01
9.849018380375830217e-01
9.905515138573611766e-01
9.798830044901023495e-01
9.906161971901559227e-01
9.848717392569484863e-01
9.852919002860203168e-01
9.855196958449143896e-01
9.887149933636126820e-01
9.413085086008086133e-01
9.700385017887820371e-01
9.790080103768492581e-01
9.955585491611409488e-01
9.827347534908937865e-01
9.873791962462459271e-01
9.877332733921957431e-01
9.851782694447015487e-01
9.869401743647913117e-01
9.762349593494742406e-01
9.764840198046166320e-01
9.779046763447702961e-01
9.622761292919711495e-01
9.725090922405300597e-01
9.814583480096322754e-01
9.881599054023004758e-01
9.900319364088435714e-01
9.936752107007725821e-01
9.567848491601590455e-01
9.616461396390195704e-01
9.920331584804525926e-01
9.869234280492039657e-01
9.862992062698455742e-01
9.685455319109830263e-01
9.880086174427665791e-01
9.856346590429413412e-01
9.788687925788899236e-01
9.923846731013696854e-01
9.740676228720815955e-01
9.775564593568323302e-01
9.861413194582223651e-01
9.850904000702170871e-01
9.869545970601726337e-01
9.893426476911113543e-01
9.855122469024536480e-01
9.802919897497299750e-01
9.761355405665018692e-01
9.766846256976323692e-01
9.831477465002280702e-01
9.778447343986751417e-01
9.589576284453498189e-01
9.628101910063149305e-01
9.897571403479986651e-01
9.667958620875627407e-01
9.860006695764503837e-01
9.748425692898381456e-01
9.827063254964183425e-01
9.446649510804051575e-01
9.591932992961343940e-01
9.786723382493184298e-01
9.659102423972573126e-01
9.870104602103437763e-01
9.878748456054822213e-01
9.799892768041545965e-01
9.845388261422870491e-01
9.816287546587967316e-01
9.762025662502480383e-01
9.813080354465918420e-01
9.580609210825096200e-01
9.459536358923565924e-01
9.771083935589188751e-01
9.882010392176459046e-01
9.996253731856528102e-01
9.513397569725891012e-01
9.643638003618745236e-01
9.826311756284161758e-01
9.875520814850892171e-01
9.678535456015241456e-01
9.842854760325792096e-01
9.896158827848993145e-01
9.574975573276010010e-01
9.699309343276810713e-01
9.712002306645307614e-01
9.984118632299452401e-01
9.854156848314593597e-01
9.726619996085229536e-01
9.808726754289619487e-01
9.714145650924949082e-01
9.652355582491465302e-01
9.725627598245550898e-01
9.946821382698356473e-01
9.987585261335455433e-01
9.604247460135764136e-01
9.937197499452231630e-01
9.677920152409290599e-01
9.852801860526735345e-01
9.966929772405764831e-01
9.499739642233899772e-01
9.843114432851510776e-01
9.849104552739446072e-01
9.592065742232773751e-01
9.819713269715660831e-01
9.867099524382183517e-01
9.901319538301157630e-01
9.884614314248275635e-01
9.928750428338029010e-01
9.899119333899822903e-01
9.571846715142450224e-01
9.874163664402128004e-01
9.939452847374713462e-01
9.666704205309464282e-01
9.940788876001641627e-01
9.766257260108861527e-01
9.989815622048793253e-01
9.769976347918615245e-01
9.743002435938059591e-01
9.779660878864087081e-01
9.900718021209193864e-01
9.781175707678985143e-01
9.863328425713218106e-01
9.861726369310747087e-01
9.745937856870694471e-01
9.776988697456756583e-01
9.798163795394766451e-01
9.869073808492195843e-01
9.885860193702917798e-01
9.451583818351326771e-01
9.877653701191522195e-01
9.912575609082194816e-01
9.773976794950112179e-01
9.915604006942024817e-01
9.765284568109400265e-01
9.596711769484432830e-01
9.827023010136750614e-01
9.842514516151958937e-01
9.446590301634042453e-01
1.015841752102574436e+00
9.971832068562801465e-01
9.852821995264190447e-01
9.822011386766226204e-01
9.793315127323903857e-01
9.878248168997549872e-01
9.777155666482244545e-01
9.829984315894504388e-01
9.670960311828753486e-01
1.000467988537296460e+00
9.748333274239936452e-01
9.778015776029160833e-01
9.685764900057877158e-01
9.697889173705845911e-01
9.799690834833322262e-01
9.808477784627029905e-01
9.809981673820095116e-01
9.759929156533073691e-01
9.579173277875963066e-01
9.474413939060103429e-01
9.842177044874782510e-01
9.964228762027754760e-01
9.798162136410438761e-01
9.794844413313703591e-01
9.818596456416237572e-01
9.887834672036248662e-01
9.405540903280632525e-01
9.888440343449984571e-01
9.787913934909592273e-01
9.860840806241403245e-01
9.470211231122309670e-01
9.775765206997211187e-01
9.820246707374351569e-01
9.894906407468130327e-01
9.886541286191404820e-01
9.611031845780899641e-01
9.813187223835435624e-01
1.007304749031093571e+00
9.769652694853390162e-01
9.699868103474240666e-01
9.691805009262538517e-01
9.545901312862963284e-01
9.643063333524072300e-01
9.910484570131181670e-01
9.537123964281523092e-01
9.816510257541198881e-01
9.730869902024282814e-01
9.799392422337509512e-01
9.759622160152361392e-01
9.630922519664830705e-01
9.848608683005353193e-01
9.794383943602116283e-01
9.929842288685190033e-01
9.750938261298206511e-01
9.743361679464769276e-01
9.784243159662991962e-01
9.898155592773566491e-01
9.490386138391345705e-01
9.865580532822930682e-01
9.770975256267921960e-01
9.779211559007514598e-01
9.687139577850952810e-01
9.677245054364419508e-01
9.654995239562025322e-01
9.784701616053258499e-01
9.763557246161228553e-01
9.869910303935479634e-01
9.945014360260033826e-01
9.918518529675705020e-01
9.630321080478311258e-01
9.851537034986120878e-01
9.894213117022380155e-01
9.881228040460572348e-01
9.803484230634462726e-01
1.005567138409422689e+00
9.814439037594345772e-01
9.881621613002585791e-01
9.811958097257337252e-01
9.910800923811572405e-01
9.881568392926496358e-01
9.738656934300057300e-01
9.515195795518799349e-01
9.910681790068164299e-01
9.897900411576041613e-01
9.916391388056133849e-01
9.841294091239651820e-01
9.759867214298312277e-01
9.823801662531070900e-01
9.799385368337721891e-01
9.851331443779092201e-01
9.803690748719927628e-01
9.955511208531397926e-01
9.702437356299602467e-01
9.837135717467520024e-01
9.950669106348387638e-01
9.926157248523821419e-01
9.572446675271792937e-01
9.850274957921255625e-01
9.837820736199398564e-01
9.968191183751424767e-01
9.853977754050604609e-01
9.699456979784593091e-01
9.923782874406480436e-01
9.714414431484720280e-01
9.655563329168550535e-01
9.748443548927824276e-01
9.713623849332991833e-01
9.746417780551942522e-01
9.874543289788987321e-01
9.912017097949130662e-01
9.753319803879517691e-01
9.879372806326277567e-01
9.879847314346326126e-01
9.706220892779007237e-01
9.612246903818060240e-01
9.795036414704573202e-01
9.364347126283119049e-01
1.010296604172544299e+00
9.479784468161244204e-01
9.772281143540131332e-01
9.936103312741715321e-01
9.615721541725125165e-01
9.684091000221708434e-01
9.845207902655921384e-01
9.917163967452430340e-01
9.712963256197157946e-01
9.316086179751885687e-01
9.655027734380955406e-01
9.915967408905497216e-01
9.849267327047755982e-01
9.705165943661474559e-01
9.742945581378499309e-01
9.487698535670008315e-01
9.875054339307586249e-01
9.719173600565964577e-01
9.971970193716462871e-01
9.759699528256601253e-01
9.954835751621043949e-01
9.783796138769027539e-01
9.672331733387991015e-01
9.710244205407267959e-01
9.645832882939157082e-01
9.901828449470271298e-01
9.872932931134539292e-01
1.007829919033924826e+00
9.672535449212606995e-01
9.778187838928413811e-01
9.810591057852622310e-01
9.808654864819302821e-01
9.776651874972297485e-01
9.600890037764567841e-01
9.655588865508072383e-01
9.803033519467581058e-01
9.880758107499105769e-01
9.741034371193156849e-01
9.800760879555528993e-01
9.590544263950234738e-01
9.793947267274576429e-01
9.848923767767646664e-01
9.780979262116084039e-01
9.792963805319607751e-01
9.886343367935764848e-01
9.916493200518022855e-01
9.696584308297597765e-01
9.979580058833374956e-01
1.006085802432411302e+00
9.709375812475572465e-01
9.922459195178712221e-01
9.878411834676196213e-01
9.731302785225495189e-01
9.978742564034025486e-01
9.896167446016481684e-01
9.609511976955793511e-01
9.686092961267529500e-01
9.706270465833898298e-01
9.769988072367238319e-01
9.956554826097594457e-01
9.655731680062542566e-01
9.534647776099547389e-01
9.884872206700470176e-01
9.848934963967793665e-01
9.702461504943374893e-01
9.603731296165377573e-01
9.966588338171763484e-01
9.805537861805869726e-01
9.810893718035924582e-01
9.817030939769123554e-01
9.715668929541372290e-01
9.877521204262674770e-01
9.817027950802658109e-01
9.723292070311390090e-01
9.886895711153410593e-01
9.919410931820132893e-01
9.617403964159475516e-01
9.834341897266002386e-01
9.674991676537674223e-01
9.816022975441249798e-01
1.000791550034726196e+00
9.615045385376409515e-01
9.879834638370061928e-01
9.741554328462693757e-01
9.888983435662735966e-01
9.640843948111931239e-01
9.806599222543458394e-01
9.767788212957784211e-01
9.818944402664198101e-01
9.916246563909679734e-01
9.903093713168517054e-01
9.645772917227619647e-01
9.768870629076568113e-01
9.866022534755199969e-01
9.927862239468399075e-01
9.761749722722526945e-01
9.889447645730088388e-01
9.772730539103147152e-01
9.818796599661164803e-01
9.756204234317639168e-01
9.728831162869284732e-01
9.676848526644187265e-01
9.681055220097246616e-01
9.822466950029952182e-01
9.819932942351496941e-01
9.781021570888792649e-01
9.813290922330304422e-01
9.765977004420227647e-01
9.820381031700845531e-01
9.789901239699576596e-01
9.806519822653861906e-01
9.877355830131461234e-01
9.786882251325869087e-01
9.590001115109084706e-01
9.894340592735230144e-01
9.754323626076594200e-01
9.551210700439742851e-01
9.825285248097650470e-01
9.759600484847383850e-01
9.816017115956935379e-01
1.001375743845814403e+00
9.813885838568624509e-01
9.658237659668637010e-01
9.890006960274101422e-01
9.902305010504333094e-01
9.742000370298438128e-01
9.870811435287817348e-01
9.960169255356846607e-01
9.807940006490548646e-01
9.746644820496042083e-01
9.872844167669355686e-01
9.841612121417319115e-01
9.980323552011490795e-01
9.665658031975551401e-01
9.832760205503353612e-01
9.799693412116181612e-01
9.859629996133364438e-01
9.678079572622980686e-01
9.757805678652737846e-01
9.646876678989434462e-01
9.891642388969333899e-01
9.842660937124901865e-01
9.928378109883398972e-01
9.758265070119671591e-01
9.658442990517249749e-01
9.703951466017159966e-01
9.338355905808293222e-01
9.845760329527218913e-01
9.977060967875427400e-01
9.812208184813039358e-01
9.533143278009063026e-01
9.886909263188304875e-01
9.798427794868150853e-01
9.907541661594730931e-01
9.517096101459350255e-01
9.752160053627609848e-01
9.867097135298686927e-01
9.827384442108860751e-01
9.665482682143720083e-01
9.782665205260474561e-01
9.900564327966913103e-01
9.912714043515979956e-01
9.993971102859052769e-01
9.853641664821766177e-01
9.661664338221264137e-01
9.866149152193838257e-01
9.635255534102737940e-01
9.700868169802523422e-01
9.585038860926391457e-01
9.729483660603260864e-01
9.834614845802376326e-01
9.695807920210980368e-01
9.870392648430821314e-01
9.792297301920682706e-01
9.924015749790796592e-01
9.792677613321900676e-01
9.847974181842286123e-01
9.615039305254015067e-01
9.841081349122632327e-01
9.917026622428493088e-01
9.748203684988557827e-01
9.467721350889339860e-01
9.909102160469771547e-01
9.439560229627631527e-01
9.834934768495466884e-01
9.548080243784869969e-01
9.631070557614798133e-01
9.860642335016654991e-01
9.801575738993231202e-01
9.852851167507770125e-01
9.892048142197511496e-01
9.692867490642930184e-01
9.865277951645843313e-01
9.666381001870262279e-01
9.828971994379044341e-01
9.526991147024949091e-01
9.923771519567176069e-01
9.910108255131988564e-01
9.725018851337704495e-01
9.836800519076098759e-01
9.913896265544480668e-01
9.795813505128642129e-01
9.840816188409773346e-01
9.859638379251360885e-01
9.893427582699095835e-01
9.677416111874436178e-01
9.512023355963420412e-01
9.816140700756815773e-01
9.850762760657627570e-01
9.875845762987863763e-01
9.921610854107687505e-01
9.723048527419756448e-01
9.705005626286831166e-01
9.778330694517213262e-01
9.451630362808616237e-01
9.762716406845057815e-01
9.795870851462623596e-01
9.565637554210697502e-01
9.920002184678926582e-01
9.828544923926965104e-01
9.490217058785648252e-01
9.682611944783442448e-01
9.805820920974673838e-01
9.947752391434275809e-01
9.780329584451846747e-01
9.857910433042754716e-01
9.843127280990751071e-01
9.838504739739448723e-01
9.932716912776199392e-01
9.503334520634711957e-01
9.811241621852152539e-01
9.736208286200526141e-01
9.954241536271988267e-01
9.497650711405554169e-01
9.829539462586821541e-01
9.781058847925293565e-01
9.824879553482198657e-01
9.843219134987016838e-01
9.882365719352609323e-01
1.014260929610032447e+00
9.932906127598484236e-01
1.001304994059589948e+00
9.795899083923818029e-01
9.706094871175510175e-01
9.829346005642309869e-01
9.721274498220147109e-01
9.945947325036990083e-01
9.746761541913401272e-01
9.605603197636696233e-01
9.810139896381618874e-01
9.701384175793995590e-01
9.806077882160680881e-01
9.946814415998046499e-01
9.903672691012791462e-01
9.809100903135399285e-01
9.645721708399097594e-01
9.846958540989130260e-01
9.795541616762684090e-01
9.551354364232589322e-01
9.741477831514288033e-01
9.739122856287540930e-01
9.888613203305242072e-01
9.731527551025148659e-01
9.605225922865554544e-01
9.765117711746952311e-01
9.673664009999923818e-01
9.887241651695422018e-01
9.840487808460318675e-01
9.774554678134409480e-01
9.884766831392010067e-01
9.668001028635948568e-01
9.863848503511803978e-01
9.881527765848109324e-01
9.641530198887313663e-01
9.864448500707252432e-01
9.479909676615199121e-01
9.719910409120912087e-01
9.839469135274140354e-01
9.817259655705908861e-01
9.626693062630402586e-01
9.863611926430791987e-01
9.309122089267970468e-01
9.794125472128186738e-01
9.851758882472110290e-01
9.848716281489555691e-01
9.732069902019865326e-01
9.809971972684262687e-01
9.721856883087941492e-01
9.797991542306357937e-01
9.877350873487434901e-01
9.885840806635707301e-01
9.785445108979035078e-01
9.816382413008521990e-01
9.879889147786237169e-01
9.789026411126277027e-01
9.714641229406836276e-01
9.846213508754980692e-01
9.792529832375737042e-01
9.700509460496683500e-01
9.781611236797033149e-01
9.911394627147287473e-01
9.868336491288781653e-01
9.835190410550648243e-01
9.813481505708838704e-01
9.580133879121285334e-01
9.615761706277177190e-01
9.747038229307233292e-01
9.872753124943129954e-01
9.856416085722349285e-01
9.854834097091247358e-01
9.857650411034379889e-01
9.824599368883059070e-01
9.896085948940290811e-01
9.823199331487048047e-01
9.903233229589627484e-01
9.743371535540452655e-01
9.779655905537061322e-01
9.743337375723143401e-01
9.572122438242076647e-01
9.644704131335122277e-01
9.906283070605880203e-01
9.576490813150323467e-01
9.598166418587290583e-01
9.960289436282543374e-01
9.625702406310856496e-01
9.841587226689328949e-01
9.843074825542752482e-01
9.888258976636754571e-01
9.594627241203562695e-01
9.604055761885125220e-01
9.538809047511630501e-01
9.836326102887409384e-01
9.937430554840304131e-01
9.816569618781770812e-01
9.882994079805174081e-01
1.003710386999542958e+00
9.744866848954671923e-01
9.703298481248767704e-01
9.861477157661391324e-01
9.760353752606394373e-01
9.785025593523519749e-01
9.631635764727082272e-01
9.616348858996254245e-01
9.580490166635197147e-01
9.898773822772141129e-01
9.652125622015553796e-01
9.844274104023313932e-01
9.782199211976155828e-01
9.803250779520136238e-01
9.686237698914981209e-01
9.741899741208956964e-01
9.950859778200727979e-01
9.979853800512782369e-01
9.893279987118426266e-01
9.861592614844605365e-01
9.831787505119161663e-01
9.836237466100500315e-01
9.774683375950555808e-01
9.764015420398517442e-01
9.892312524972736165e-01
9.914620922302758155e-01
9.889873027202884526e-01
9.631867872233849104e-01
9.793126885671604720e-01
9.821017961041351718e-01
9.763550923957744487e-01
9.935596817755530941e-01
9.635922289963086973e-01
9.638665542721256418e-01
9.740488283898116606e-01
9.611323370818107836e-01
9.859334853570124180e-01
9.887222251138031437e-01
9.581227111671389851e-01
9.803433596130792793e-01
9.902203803047415764e-01
9.250682040344088142e-01
9.864771898655013693e-01
9.525697645935365943e-01
9.746836217374041933e-01
9.821011479477724793e-01
9.861143228159024998e-01
9.468175944410662792e-01
9.853402484567838071e-01
9.864804900844560409e-01
9.991192530382408954e-01
9.700392072363438478e-01
9.767496647868733062e-01
9.895561293447151519e-01
9.614388977507405398e-01
9.928951844814587480e-01
9.987270676172892436e-01
9.464902511698100041e-01
9.437173389267971002e-01
9.779174429856160033e-01
9.813011223667226224e-01
9.897577194008320145e-01
9.847396605038031270e-01
9.681922666789885001e-01
9.750234849854206853e-01
9.453564517356163321e-01
1.000738569664515465e+00
9.755396669718819913e-01
9.882795150627424752e-01
1.001019104402572468e+00
9.864563079912256338e-01
9.874532854047225472e-01
9.757723531900096559e-01
9.786400980254917892e-01
9.641370877213926160e-01
9.867565872369412627e-01
9.849198634263522933e-01
9.849727045781834223e-01
9.766045749017465694e-01
9.862219665468968666e-01
9.461490125552020070e-01
9.651602274684550897e-01
9.913347871893544161e-01
9.686460530133312874e-01
9.718141636153301288e-01
9.914528687302900378e-01
9.854288822784932345e-01
9.882588766690941773e-01
9.758990047458155903e-01
9.793046306506381082e-01
9.706665509865083363e-01
9.835610609998882703e-01
9.563763932139941470e-01
9.631781883548892198e-01
9.871764835776623004e-01
9.876795215196922939e-01
9.701688873420106773e-01
9.963896876268628633e-01
9.639083557489190879e-01
9.775366114373748028e-01
9.810843025444284660e-01
9.830502783053485238e-01
1.000276839686821573e+00
9.653192336494206272e-01
9.845503731582697649e-01
9.710301678085159205e-01
9.558813021601795246e-01
9.615840450925707827e-01
9.932890830885144906e-01
9.944038963807074749e-01
9.798418501677840231e-01
9.753789053013947052e-01
9.869370998299846764e-01
9.841957703963889470e-01
9.677793284944840035e-01
9.883167117314612948e-01
9.718561031002481698e-01
9.951898880261773606e-01
9.938497819775665709e-01
9.755241369906449966e-01
9.750498960839613094e-01
9.719222672026468501e-01
9.904988936483758444e-01
9.809253558960494557e-01
9.879388396136236095e-01
9.877120027101458088e-01
9.885374582553807521e-01
9.642773236060835362e-01
9.865144260745569715e-01
9.503740330216957632e-01
9.616615310541063444e-01
9.779725433223784847e-01
9.764862063141416249e-01
9.700041525539663256e-01
9.911415566445801462e-01
9.740981019690667653e-01
9.850787731227705901e-01
9.878606488597416746e-01
9.801284533812378852e-01
9.759565201128613809e-01
9.779968115578117072e-01
9.587346476065702339e-01
9.785070353665813458e-01
9.778716372765242637e-01
9.912092877406695202e-01
9.946421872929146479e-01
9.542679530395555831e-01
9.909780014975773099e-01
9.865501148297234346e-01
9.869404478835811512e-01
9.817179513610501118e-01
9.934773533012140057e-01
9.921961254343842906e-01
9.702999476194014150e-01
9.824209738005899029e-01
9.850420212522815744e-01
9.720122188261656193e-01
9.620894634064540707e-01
9.904946722284995175e-01
9.704036526649705285e-01
9.868030510217422613e-01
9.928556862237735148e-01
9.747702182681567962e-01
9.738130436288147118e-01
9.748540384602717435e-01
9.640359900863515463e-01
9.369399387984780336e-01
9.875475181572259675e-01
9.868091563656922194e-01
9.862354176586721755e-01
9.741148437167168606e-01
9.559379273016826994e-01
9.748261429663678257e-01
9.604258932317266684e-01
9.886659237236511411e-01
9.860622725992503890e-01
9.812212343532595860e-01
9.907764653447724834e-01
9.929675331818107464e-01
9.933774837304415462e-01
9.848357944616029647e-01
9.804664002585191662e-01
9.705618683202091868e-01
9.733456048365768387e-01
9.863954016572957784e-01
9.874062711012083771e-01
9.724770687729995533e-01
9.907752548341389742e-01
9.808694490688765200e-01
9.859697733191477020e-01
9.817721598349591350e-01
9.654737997075653055e-01
9.692185746352623976e-01
9.858270014158049266e-01
9.867739307215210864e-01
9.786914772226785741e-01
9.892385044182512299e-01
9.847469856228686647e-01
9.860862478384435637e-01
9.789383453212230357e-01
9.757983035777919589e-01
9.862250002109601565e-01
9.870868070367991853e-01
9.747663230379309818e-01
9.804303679252628356e-01
9.709426019389206797e-01
9.983819782695069200e-01
9.990863973548521626e-01
9.796875855123352572e-01
9.701173691105309249e-01
9.889321651547433589e-01
9.881041605638714032e-01
9.882958028322916810e-01
9.860035604502727091e-01
9.768800402314040676e-01
9.699230094008651770e-01
9.630563981424890008e-01
9.747015726368721822e-01
9.775876143541900598e-01
9.831350055683693023e-01
9.902441992661961123e-01
9.829005821724192682e-01
9.763244308931980919e-01
9.773320593124296130e-01
9.615212130289805259e-01
9.619001086364357134e-01
9.651032311378829887e-01
9.903867156496651836e-01
9.656962653887101178e-01
9.903200402378548040e-01
9.826745177744671267e-01
9.686498343205833805e-01
9.768908515410528182e-01
1.002668689903728261e+00
9.905129610372390703e-01
9.697150924577880859e-01
1.002119296997742381e+00
9.578568550769653855e-01
9.705337959451370011e-01
9.796512417893561420e-01
9.730065716897083883e-01
9.653069688752142774e-01
9.848498685313686885e-01
9.713723811130023922e-01
9.961334637129232172e-01
9.742905258560619064e-01
9.839370855340707767e-01
9.843872210592923278e-01
9.901698341338066589e-01
9.866622420202473265e-01
9.801693637620203514e-01
9.918278188405555973e-01
9.905001366229930770e-01
9.820084501354932049e-01
9.657529492518410752e-01
9.929363465930763910e-01
9.891645033660563247e-01
9.929832635202728852e-01
9.956360472434365727e-01
9.727506756575599045e-01
9.761033039128413913e-01
9.546020138311880343e-01
9.873721469195233524e-01
9.755248937982423652e-01
9.815098028456147317e-01
9.680708005455201937e-01
9.933888618218484901e-01
9.925761686266089123e-01
9.817329933130847230e-01
9.857008061014992384e-01
9.638972699534437139e-01
9.958547212434478713e-01
9.888536987395396549e-01
9.693329643341880297e-01
9.937694093191810074e-01
9.826437789704256520e-01
9.835843997977521402e-01
9.888046543518747011e-01
9.655513726317331846e-01
9.844837858670949515e-01
9.812628044943265682e-01
9.762132130079693715e-01
9.738320778133314759e-01
9.561458829121162184e-01
9.629303213639943682e-01
9.798650239191847300e-01
9.800285805650845727e-01
9.906519805438660509e-01
9.625791737222909594e-01
9.732665102966315818e-01
9.936371624296270744e-01
9.693665974840962596e-01
9.828867347031647883e-01
9.732273759244088884e-01
9.824204404859808726e-01
9.905386383629488645e-01
9.597538688170799137e-01
9.871901095697758199e-01
9.787129469469425525e-01
9.671748872878591641e-01
9.757666685668280326e-01
9.732123763085727131e-01
9.590166810123702534e-01
9.944733919430331914e-01
9.814169946796850175e-01
9.503694327944056663e-01
9.489731337916598175e-01
9.807124736924599517e-01
9.745120004133783764e-01
9.789079669980547127e-01
9.606529696896719539e-01
9.760989152770530586e-01
9.679502069142073006e-01
9.513805041630494230e-01
9.767177702399693073e-01
9.814599323454850088e-01
9.889595979995856601e-01
9.896013679733142165e-01
9.789016725810396613e-01
9.809088684312989859e-01
9.463621039129108681e-01
9.578214357850156624e-01
9.924513207127652059e-01
9.851734919549061109e-01
9.711982838449361166e-01
9.796492680421141630e-01
9.718126137550910926e-01
9.714136194821196835e-01
9.777614000990357823e-01
9.758031448562187737e-01
9.378608933235432765e-01
9.817636930385018612e-01
9.674380993693570963e-01
9.822532005970412428e-01
9.921825369316235044e-01
9.810425365264595632e-01
9.444019726935166670e-01
9.784251265447329038e-01
9.899406907014818291e-01
9.763158106863407681e-01
9.848298818597873705e-01
9.818382443001633098e-01
9.725909569304587166e-01
9.800716776807519848e-01
9.872743075367431675e-01
9.726212495232431365e-01
9.808962958359354056e-01
9.878601797074880730e-01
9.812567490818765448e-01
9.723367819662187550e-01
9.722468846109187934e-01
9.445423785692332874e-01
9.842416311769578430e-01
9.796096416103854398e-01
9.975864494456005982e-01
9.736123423539487787e-01
9.871551650411850565e-01
9.802082956025800486e-01
9.587890897920328115e-01
9.852784919564435695e-01
9.907768566181737180e-01
9.632044037873374043e-01
9.767557847310840424e-01
9.864885545036355952e-01
9.764767751997033285e-01
9.772857167613734353e-01
9.879107951881098693e-01
9.814764650369842691e-01
9.840255463409397496e-01
9.812852213605621765e-01
9.666213212341818739e-01
9.869434554920974989e-01
9.880366182622991600e-01
9.539465833551683538e-01
9.931925400023559058e-01
9.767098679890884316e-01
9.653614892516285684e-01
9.971210958617618969e-01
9.914156327959162684e-01
9.884439352769257559e-01
9.612322491568379146e-01
9.661816135234985170e-01
9.818411479541473419e-01
9.784923516020876955e-01
9.606420119071901187e-01
9.891659506961069104e-01
9.736266421236755564e-01
9.535491611498082554e-01
1.007190549937442503e+00
9.699765487086994264e-01
9.835205775019377761e-01
9.846955057185308169e-01
9.698553598620717198e-01
9.935113858486432914e-01
9.858976059741025866e-01
9.610645288066433922e-01
9.819648637993155793e-01
9.907138554248131612e-01
9.864125279290327786e-01
9.839482525480659492e-01
9.812416509976650270e-01
9.842706474030420427e-01
1.006467770263881345e+00
9.833575337731547128e-01
9.649945733988649632e-01
9.948845623073787614e-01
9.946717820076992345e-01
9.807330957261390925e-01
9.869869165415912082e-01
9.904123895427954238e-01
9.951666888616591544e-01
9.765535418732224082e-01
9.760313686466552952e-01
9.945842517663838755e-01
9.732995086689179010e-01
9.777835082614614315e-01
9.922566311870150146e-01
9.592021592146984243e-01
9.914239554622130690e-01
9.923466126780602359e-01
9.623038726712016544e-01
9.544990384318559062e-01
9.855557994100322405e-01
9.618831607821952678e-01
9.764336599287178897e-01
9.824231273993498936e-01
9.638579686157872084e-01
9.817924297627746988e-01
9.817330223185183335e-01
9.704929648417726096e-01
9.669889926189415563e-01
9.855638802298162249e-01
9.874434541274089705e-01
9.875619153512470438e-01
9.822979241519983473e-01
9.767099865374456735e-01
9.535536375468020021e-01
9.839354376009959990e-01
9.853056383736611412e-01
9.504410988901614843e-01
9.762301906187587086e-01
9.818218170335950568e-01
9.971356183131150352e-01
9.932293626381241136e-01
1.007259183740354169e+00
9.726992473359039604e-01
9.888731588381397541e-01
9.907622681573665657e-01
9.903843179547822118e-01
9.896063135817499967e-01
9.667194601665286546e-01
9.800789637343336747e-01
9.787789606632359973e-01
9.672481338440416243e-01
9.657890999670821763e-01
9.643857429095430422e-01
9.870421109161922057e-01
9.863208057542715013e-01
9.837974793136152751e-01
9.776652674971254564e-01
9.800967790016743564e-01
9.796128292995142095e-01
9.765991907916267145e-01
9.626257892100377189e-01
9.748999780433209583e-01
9.323965973075879488e-01
9.493988356431423137e-01
9.851120385888728626e-01
9.963757862806433829e-01
9.891765874209144105e-01
9.886525062159237098e-01
9.845526312873760233e-01
9.882272769668674073e-01
9.861674532981390406e-01
1.003548587133318293e+00
9.837040347183220179e-01
9.997598336987376655e-01
9.751955853128131402e-01
9.794017255597935456e-01
9.986967630648045935e-01
9.613422560673335893e-01
9.825342076452958651e-01
9.892057660060397106e-01
9.698762565931172697e-01
9.736837886530069763e-01
9.706446777206099163e-01
9.961331650987333974e-01
9.867000229932846311e-01
9.942469924554224736e-01
9.716208732462309206e-01
9.699808660028148566e-01
9.797802970705989933e-01
9.891443250901292839e-01
9.908573343237194742e-01
9.732151786226718171e-01
9.948624912531079945e-01
9.833605142705271751e-01
9.975421251938544343e-01
9.803882224061801764e-01
9.605054186102445213e-01
9.718101739504455550e-01
9.676790136229861394e-01
9.845349587666342162e-01
9.550627257842874140e-01
9.830039441625038066e-01
9.819336753858411981e-01
9.831972686895107394e-01
9.906760334548629920e-01
9.489568343987886401e-01
9.606022788383201672e-01
9.833062077250597222e-01
9.837911069206921599e-01
9.902633087734784567e-01
9.692556691465565866e-01
9.806262975735341447e-01
9.894933129611045430e-01
9.750529051374151601e-01
9.642963151790733267e-01
9.963458029203714483e-01
9.535097691084606364e-01
9.848682070933579835e-01
9.756412938836931392e-01
9.933834179110825335e-01
9.883799596486307903e-01
9.780793715934654742e-01
9.966873211107362129e-01
9.803082847114429343e-01
9.876559368070653155e-01
9.707213240878814764e-01
9.734341997234272625e-01
9.840284253137985271e-01
9.719113007428276108e-01
9.478160453814274966e-01
9.849857719950997348e-01
9.897673623224481076e-01
9.671890243941444476e-01
9.661594370320706338e-01
9.797782622811131992e-01
9.709301062146259431e-01
9.887007911388652204e-01
9.525380288006872753e-01
9.898452348093806918e-01
9.755081094263036157e-01
9.818055417325624035e-01
9.609576717183987427e-01
9.813670462809344075e-01
9.851230388410135985e-01
9.939994995084259211e-01
9.822461902579499027e-01
9.622166580224258414e-01
9.957324989274792815e-01
9.910089091508401671e-01
9.834062224154730414e-01
9.866916056385857114e-01
9.591024333595900009e-01
9.851241189032469148e-01
9.623686580220763842e-01
9.619986475034297824e-01
9.571142037475440789e-01
9.861950898570890356e-01
9.673493149344905007e-01
9.781061001531564658e-01
9.967490717035855097e-01
9.761747266096182374e-01
9.958475201659626741e-01
9.827009120246114060e-01
9.885199650286272677e-01
9.776083916927751361e-01
9.726692399941172518e-01
9.878988768372279905e-01
9.827231482591683998e-01
9.884007070846626553e-01
1.004784121713794942e+00
9.866500145510644915e-01
9.809254933989057790e-01
9.867558824827528108e-01
9.916696233887224432e-01
9.896218284164601808e-01
9.719240804684701196e-01
9.919405965431724592e-01
9.850618502187336034e-01
9.793675249873138311e-01
9.833408532647133216e-01
9.914188975261432057e-01
9.804945269229730087e-01
9.967289268174056582e-01
9.874445875790186511e-01
9.915212256927128376e-01
9.915020802751655093e-01
9.670077754113709512e-01
9.836695209691055375e-01
9.899275576941772847e-01
9.648404237668041228e-01
9.909425467888729466e-01
9.919791526049772656e-01
1.000749251105311544e+00
9.778556395008667357e-01
9.882630478400781238e-01
9.489572740869058887e-01
9.911695848864744418e-01
9.825004155833182429e-01
9.738070009328365639e-01
9.936056016894392329e-01
9.563402326169956336e-01
9.928804350657236544e-01
9.650453001329175606e-01
9.929517343158926757e-01
9.126455901037493490e-01
9.804305949577243329e-01
9.752619350594149417e-01
9.847099769102347633e-01
9.620591175970174547e-01
1.001361882307305384e+00
9.706048209141356908e-01
9.696955704953248434e-01
9.770723767471860555e-01
9.823472158971453538e-01
9.815964128368988018e-01
9.841706071883573603e-01
9.976309422560634133e-01
9.937789987351018928e-01
9.899789755519821099e-01
9.911307416656396363e-01
9.839148572006369831e-01
9.813135257147439505e-01
9.802098016489100285e-01
9.810147340400697802e-01
9.839189566614497950e-01
9.804993933603601830e-01
9.852974823115101533e-01
9.600136268593132405e-01
9.755727878314025547e-01
9.943248090936400718e-01
9.654555706001820559e-01
9.717073853671479577e-01
9.902303668156675620e-01
9.703573975424563125e-01
9.894683625363479562e-01
9.844752627720819715e-01
9.852715164274857829e-01
9.969984402431349979e-01
9.836382834576202772e-01
9.725100753069693127e-01
9.833071045072041549e-01
9.838302872945959843e-01
9.508110727891866398e-01
9.760584492679904578e-01
9.922848063686131592e-01
9.963547876767928635e-01
9.687198537899678330e-01
9.594423544505041868e-01
9.903539355577855030e-01
9.715842481941775466e-01
9.786826015213362373e-01
9.547794097422238613e-01
9.860589217643520588e-01
9.702515763703415397e-01
9.814607729479587483e-01
9.809714532553128752e-01
9.624843423973923340e-01
9.870533130262454380e-01
9.775495122612430920e-01
9.769144333278463321e-01
9.754929863294351522e-01
9.690122907712964695e-01
9.786736406479626948e-01
9.614288941670685595e-01
9.719382937554729152e-01
9.781306153129121217e-01
9.758305238579619845e-01
9.688369620486887435e-01
9.947088171281417424e-01
9.925936015690635106e-01
9.851157668061901740e-01
9.857345227024267853e-01
9.869248658305038724e-01
9.907582986051267637e-01
9.769186196111210307e-01
9.729244524821500928e-01
9.876316731277731131e-01
9.911511389285545537e-01
9.595431132178844358e-01
9.566562247552818921e-01
9.712587885903838369e-01
9.940003679454063601e-01
9.841530320043953006e-01
9.905930541233399778e-01
9.879687824210409142e-01
9.868924456664488476e-01
9.813586389582275027e-01
9.754234851904227677e-01
9.529220139508404186e-01
9.620458625001696573e-01
9.860397820009008107e-01
9.635839242644570479e-01
9.803559784164642688e-01
9.776786701056857654e-01
9.647908264257681887e-01
9.680406359416212636e-01
9.809000031804052666e-01
9.897086331657779512e-01
9.882368634076325042e-01
9.748415717561670357e-01
9.655336340446322163e-01
9.644579381114053440e-01
9.868307319657484422e-01
1.002374446674068498e+00
9.724316666838306311e-01
9.827855674528455099e-01
9.804509246760028107e-01
9.823413234252941217e-01
9.807677339799094618e-01
9.805080872923339630e-01
9.677104895739199186e-01
9.778288913518593528e-01
9.760254014798817046e-01
9.522059526519714989e-01
9.923479125337427709e-01
9.712436601417510085e-01
9.805836116916791800e-01
9.794846450552081585e-01
9.697741240116384276e-01
9.933035463445394342e-01
9.817616570144165333e-01
9.696354133688346311e-01
9.721201469475787560e-01
9.603912907998717330e-01
9.816929906326656852e-01
9.789329317851241941e-01
9.717551184689900978e-01
9.771206375149573686e-01
9.864517169828238563e-01
9.935127685105449302e-01
9.782945992357527931e-01
9.913711753350951117e-01
9.836646009188443340e-01
9.887289565095919164e-01
9.722257796525524132e-01
9.769378243789885730e-01
9.882698694513156745e-01
9.827737962028852969e-01
9.881218381656919902e-01
9.557744267367105362e-01
9.870588109952077582e-01
9.820484084695131344e-01
9.888970091069304580e-01
9.784445365712520770e-01
9.975259773261313523e-01
9.642519040517479878e-01
9.819609168975393931e-01
9.760923807011187003e-01
9.745091546640801683e-01
9.865225277747289301e-01
9.722458043292656615e-01
9.629610254546846493e-01
9.678781678966652535e-01
9.812058687996670914e-01
9.695697112920736993e-01
9.856943879489622473e-01
9.827754084499719101e-01
9.692674934243398210e-01
9.435323172326318675e-01
9.691158440281189002e-01
9.819465124550699198e-01
9.791274133331305807e-01
9.761798326219279787e-01
9.717677104877334715e-01
9.707709965081120496e-01
9.885867418728222500e-01
9.621890481545990470e-01
9.812657702004015103e-01
9.747433791994088992e-01
9.781643286374610557e-01
9.865088314116129409e-01
9.569461239999714763e-01
9.785028079099852283e-01
9.604638554868768496e-01
9.507350257104091318e-01
9.777675039695710169e-01
9.927121776422049848e-01
9.999116109779933037e-01
9.827843500232831264e-01
9.892910719928212915e-01
9.798380190089807096e-01
9.903448320635386271e-01
9.825643952580507268e-01
9.754720136723810109e-01
9.743134516991238669e-01
9.497153127993421817e-01
9.829213321287005867e-01
9.683102999288517587e-01
9.788235577893287243e-01
9.702779534886727397e-01
9.737272055661236880e-01
9.925758074581948476e-01
9.970536380420753630e-01
9.956983747145579100e-01
9.874569345998351899e-01
9.634762291758894870e-01
9.668239049968080367e-01
9.740805596442239089e-01
9.643558156053789743e-01
9.675970947735824668e-01
9.866503897401294187e-01
9.742250715036813169e-01
9.762447725338537774e-01
9.540872276000564867e-01
9.902580972341066268e-01
9.769036787177547421e-01
9.849635719584767246e-01
9.852313527845451002e-01
9.756731922842785121e-01
9.893813955433363727e-01
9.587349519118376628e-01
9.734553999043474848e-01
9.936387663656935931e-01
9.716639275367746631e-01
9.738873116927163620e-01
9.617447907185006084e-01
9.870000572711311593e-01
1.008944049675570609e+00
9.724462005108622797e-01
9.717383513163151409e-01
9.956283436205112247e-01
9.620002238581223386e-01
9.879546827482073024e-01
9.809889365703127195e-01
9.865698968143240544e-01
9.748845987018700532e-01
9.912394162904111239e-01
9.810430786072172893e-01
9.744950909709780840e-01
9.894063533400254684e-01
9.761048889964143438e-01
9.951809939687921158e-01
9.829849009009836713e-01
9.676102776624203594e-01
9.807884553750328971e-01
9.858693261709837730e-01
9.869177776314849160e-01
9.546305251021341975e-01
9.842568998080009068e-01
9.536621222367186457e-01
9.703839116972626799e-01
9.601726947624620312e-01
9.803905892796962451e-01
1.001671416150234473e+00
9.721724893861211081e-01
9.874172727819410245e-01
9.900896167985403507e-01
9.904559261308758522e-01
9.514179993562054127e-01
9.631475596149853269e-01
9.749300006813543806e-01
9.814877660962123551e-01
9.762781452504151192e-01
9.894784958104384520e-01
9.939095570472942232e-01
9.453108662518712180e-01
9.719578917409343877e-01
9.654959712701746133e-01
9.819297802854420887e-01
9.899776370836157469e-01
9.801380765084984903e-01
9.660827699823094639e-01
9.924401549529855426e-01
9.692873032897229013e-01
9.926752827678859692e-01
9.609629286780632107e-01
9.678076567990563372e-01
9.424952833039539346e-01
9.810476604364408715e-01
9.801712879384864019e-01
9.724903311523389604e-01
9.704563803139412137e-01
9.734136364653712681e-01
9.637563933812997030e-01
9.818800628781710893e-01
9.882350034804283645e-01
9.752965509734300431e-01
9.895025639761437786e-01
9.832835160875535996e-01
9.848299103730040471e-01
9.791125067745307664e-01
9.733386625518741786e-01
9.465557716633945518e-01
9.855107107689273782e-01
9.906454294864849297e-01
9.791696560005220817e-01
9.547213048709091154e-01
9.696801331859515871e-01
9.868367306764731506e-01
9.805837375332019379e-01
9.889652286285706140e-01
9.948153513992734620e-01
9.889939547792888641e-01
9.561658345014315552e-01
9.857325261674672046e-01
9.826394991313114335e-01
9.940104037819351701e-01
9.667768662911732092e-01
9.728745802671230347e-01
9.766677246306234572e-01
9.672018636212461606e-01
9.810872332108667715e-01
9.712086238513500946e-01
1.000526708126037834e+00
9.594429692868411408e-01
9.636984866157105589e-01
9.939570175538421370e-01
9.679929742639838963e-01
9.907019983593606804e-01
9.773370696203099728e-01
9.564489215022670132e-01
9.994274386354898843e-01
9.984698644783710497e-01
9.570347639584569910e-01
9.939835158975677265e-01
9.891788445986204881e-01
9.866751960624198237e-01
9.860125962816095324e-01
9.829830520952782535e-01
9.824378829653858114e-01
9.874867961745743550e-01
9.630210213889208726e-01
9.776481614497755102e-01
9.924539411088126872e-01
9.647371488803541117e-01
9.693407657133064070e-01
9.838500056020927920e-01
9.879513095090729502e-01
9.706300637328001413e-01
9.917259717141586606e-01
9.893621754368275845e-01
9.755380168809084651e-01
9.942251804174702112e-01
9.749123614523819148e-01
9.761223872148113712e-01
9.846782527063382418e-01
9.953098395161543710e-01
9.781984763712336939e-01
9.894011978705217203e-01
9.840091874789420601e-01
9.692178516925638032e-01
9.706273501307044471e-01
9.540529161834627736e-01
9.810779847245648666e-01
9.872269538316025272e-01
9.933857013937763547e-01
1.002322336163085748e+00
9.843105051637646152e-01
9.599869820027711054e-01
1.000538240319905015e+00
9.842483900982468281e-01
9.946977123620484029e-01
9.829059602490799463e-01
9.767844234211108256e-01
9.788343274327239163e-01
9.716674294697272840e-01
9.531942050799381283e-01
9.822211956005050260e-01
9.655675555681175748e-01
9.864934702461046756e-01
9.694654445659276476e-01
9.864263268440585097e-01
9.806926086361126282e-01
9.899867422907753234e-01
9.862889379431658554e-01
1.002782919362357861e+00
9.874543287065545849e-01
9.683120321887972448e-01
9.796289659683432571e-01
9.848625209089735266e-01
9.845915304289754033e-01
9.836693771033785394e-01
9.531466912860018237e-01
9.978332767148448967e-01
9.698383566641122222e-01
9.789549379679843844e-01
9.864796180062262998e-01
9.841764433571247306e-01
9.565573072530054732e-01
9.930791174051700754e-01
9.680598984302432042e-01
9.697797548304127879e-01
9.996962990263750237e-01
9.896634058534582445e-01
9.572517231725703457e-01
9.895274494011000455e-01
9.563788497907191877e-01
9.953919936675259539e-01
1.002287893721680367e+00
9.917618755813903952e-01
9.836082457223624953e-01
9.867323425155976047e-01
9.493589022168984481e-01
9.940534386762994723e-01
9.638791448750735347e-01
9.833046642535975268e-01
9.791065073820967024e-01
9.860454112346472844e-01
9.861495186784390299e-01
9.946305370252244149e-01
9.855267575737478580e-01
9.429032113955869709e-01
9.670060910246145447e-01
9.770416366904624006e-01
9.697891240745293295e-01
9.855614582676915925e-01
9.642228407289040737e-01
9.844448650263593059e-01
9.798194661972935426e-01
9.923982782667187807e-01
9.836807707163048864e-01
9.896978355426888641e-01
9.923425139114864235e-01
9.842992905237452073e-01
9.723059226921638709e-01
9.723320668368211628e-01
9.947965598256957032e-01
9.539774095086264172e-01
9.888123070434222672e-01
9.525726599645741866e-01
9.734240787241044135e-01
9.822378311881697632e-01
9.655400202066058979e-01
9.719052287923126698e-01
9.918254422421983740e-01
9.740008535326385442e-01
9.971809377050655510e-01
9.798417429318281302e-01
9.570738977541585202e-01
9.943510342055238427e-01
9.877224236882663488e-01
9.858810674728685219e-01
9.791651406423073078e-01
9.921079710236220262e-01
9.811859681730811245e-01
9.863258896978104318e-01
9.648387533200992738e-01
9.559342849816107046e-01
9.882348991326674881e-01
9.923459366922368075e-01
9.637329354668424664e-01
9.951885382152915183e-01
9.934654100348854211e-01
9.616659089583052822e-01
9.911878887630543034e-01
9.623214278399135901e-01
9.684743896601583080e-01
9.831756505596014328e-01
9.681499162868992814e-01
9.772618615380318507e-01
9.773085327521912058e-01
9.879941356961642329e-01
9.917678156748331864e-01
9.790773467815754305e-01
9.904053896909307264e-01
9.861422460896211994e-01
9.564980262941806810e-01
9.579866327429806816e-01
9.853974673639586124e-01
9.830129003398870857e-01
9.861518753339394427e-01
9.884548291425093725e-01
9.688576514285874852e-01
9.811199595512055671e-01
9.801357316287683252e-01
9.831419604130522405e-01
9.647661895925259135e-01
9.714395059477328731e-01
9.631840155079416377e-01
9.725509186915952675e-01
9.804630362890208728e-01
9.662656102165354532e-01
9.867762794826535622e-01
9.895708109117471452e-01
9.892032992408293923e-01
9.934731085909479509e-01
9.781492758351999495e-01
9.723548899119980327e-01
9.636319027454158803e-01
9.714462204623491859e-01
9.857186910536341884e-01
9.699699741685117171e-01
9.636300574328574564e-01
9.947877803324634005e-01
9.705160844598719194e-01
9.731917814772702569e-01
9.516324910143045823e-01
1.005396833367244946e+00
9.731677594044723101e-01
9.879135011203612482e-01
9.842378817861405782e-01
9.756166675596426030e-01
9.534085266982330609e-01
9.849026241625317146e-01
9.950330833293917765e-01
9.851313312984389947e-01
9.656922896062911654e-01
9.758811192271980017e-01
9.734709412289138664e-01
9.874167647097317202e-01
9.891097843034889481e-01
9.725997075465904196e-01
9.797868784643045670e-01
9.829017862862695631e-01
9.753745542733206486e-01
9.815239232831105554e-01
9.902254249777121542e-01
9.839046882687645379e-01
9.896769652703835130e-01
9.716863809572948707e-01
9.782568144567569401e-01
9.745559878157467049e-01
9.842087359866862339e-01
9.831601523533342046e-01
9.500080728192450419e-01
9.948288921472908664e-01
9.954403721480936662e-01
9.998081768082806020e-01
9.804422982765101935e-01
9.885895099579882217e-01
9.572560542761283653e-01
9.607038198292323639e-01
9.619971564493000615e-01
9.938242330584344808e-01
9.649080007563174410e-01
9.535601245552015603e-01
9.474586163524973959e-01
9.660226266626624758e-01
9.931059633681651455e-01
9.572851545250385952e-01
9.885056572846355749e-01
9.844986855000764647e-01
9.629960606895452413e-01
9.732905969636685972e-01
9.660218968679081808e-01
1.000545512861177988e+00
9.814555120571725189e-01
9.865703572841071356e-01
9.837350883360183040e-01
9.770226091938155610e-01
9.912398839744422929e-01
9.857685370324613672e-01
9.970569367403506744e-01
9.570658757741387079e-01
9.746545571901665816e-01
9.856211514447856814e-01
9.683675822050265003e-01
9.946300607388328663e-01
9.796911324442141300e-01
9.720499294617113151e-01
9.852121570680353324e-01
9.601466156141963415e-01
9.518946285060952972e-01
9.791237920849864551e-01
9.637174468256846094e-01
9.793455530547433563e-01
9.863877469275982302e-01
9.600380134488982753e-01
9.967357957641885813e-01
9.882373130003355710e-01
9.661770412381113227e-01
9.901468258357881691e-01
9.858815083946169677e-01
9.901746233291361943e-01
9.720541891615198660e-01
9.702442231010371954e-01
9.851163150556315751e-01
9.846198682959517168e-01
9.996477340700036240e-01
1.000546488369220777e+00
9.828101184547508584e-01
9.844394541917672603e-01
9.795338187809501385e-01
9.852067279846371539e-01
9.753234203431030425e-01
1.001615833455619331e+00
9.762545148728553057e-01
9.858285033167959455e-01
9.830016590496430950e-01
9.888153876405433307e-01
9.391377914360672374e-01
9.823436967044925083e-01
9.684290124973975455e-01
9.822208551086616390e-01
9.835459345841067735e-01
9.911561667140734722e-01
9.683319648107909794e-01
9.788940951684602654e-01
9.749346212348418694e-01
9.971702752180827689e-01
9.471904694187563978e-01
1.003044995257398320e+00
9.757915986020473387e-01
9.953238038683788202e-01
9.903773050703039704e-01
9.702171081348556214e-01
9.758144003474154005e-01
9.918155087765785360e-01
9.842388484808860527e-01
9.788691323778715425e-01
9.612459792784152635e-01
9.731151748063260332e-01
9.744955534152744958e-01
9.836930693021128658e-01
9.826903560853809116e-01
9.851828082047584534e-01
9.745175797179991273e-01
9.706826062536790811e-01
9.828276370020673225e-01
9.951333229599130803e-01
9.751889763157842728e-01
9.885148976895087314e-01
9.643909342638024018e-01
9.902245402766030047e-01
9.901185193767596537e-01
9.745106490985406822e-01
9.852533528260594142e-01
9.746163791214259575e-01
9.804189104410089284e-01
9.760512400178921188e-01
9.875048868573381711e-01
9.905797586551501333e-01
9.740485197512024351e-01
9.421355444281925839e-01
9.911640782227938429e-01
9.882959959731661970e-01
9.931261754305079625e-01
9.823578061524302907e-01
9.756264942117094385e-01
9.778207327264837323e-01
9.878221471027009981e-01
9.758597255466939790e-01
9.650498675429204365e-01
9.999718541736675181e-01
9.785747160283687629e-01
9.990968118359702110e-01
9.798788870148982255e-01
9.816366789629855649e-01
9.793518919578971804e-01
9.747240295566163004e-01
9.641883750881451443e-01
9.903430187321383693e-01
9.631534797735248343e-01
9.859932959992155910e-01
9.818853876578595985e-01
9.804717268454370416e-01
9.929801361255351511e-01
9.699635027787676389e-01
9.749507271453670132e-01
9.902413621706177560e-01
9.927764339643877500e-01
9.638718710158922232e-01
9.711320026923826454e-01
9.804756134089297470e-01
9.781223391210286389e-01
9.857301441361293604e-01
9.816795225976305828e-01
9.831139477532099269e-01
9.763111948581640887e-01
9.769974385067350386e-01
9.410547142967289336e-01
9.893092814564671267e-01
9.974474494264812252e-01
9.793184863892462344e-01
9.838689141966086016e-01
9.868282335030460484e-01
9.665747435040881186e-01
9.815302306324292791e-01
9.876272495884005354e-01
9.832673385314929515e-01
9.636658223457087447e-01
9.836310051644283625e-01
9.960275836099790059e-01
9.987705330820921823e-01
9.920493313239193700e-01
9.877902770722007952e-01
9.838087783020160737e-01
9.745466383095560126e-01
9.826147764156151210e-01
9.529367192342542703e-01
9.785505317332220399e-01
9.826056594632734953e-01
9.820050904403371250e-01
9.947577949859212065e-01
9.911023145437000137e-01
9.500116743000714958e-01
9.841915729700169146e-01
9.833570015625427985e-01
9.858047982715260060e-01
9.672804514109787366e-01
9.779178273719448811e-01
9.769667463095610405e-01
9.875028048673263337e-01
9.946254075842277942e-01
9.878808124251530209e-01
9.846752367168838393e-01
9.854897928596113577e-01
9.854712477505671586e-01
1.003244860346218292e+00
9.630994327967032920e-01
9.878453901338906107e-01
9.644696116173537837e-01
9.635544956137696015e-01
9.926485542793446193e-01
9.678992867815909840e-01
9.931513115731891439e-01
9.655649564416879382e-01
9.858668695942265359e-01
9.950061655735008559e-01
9.926841782298528871e-01
9.794178109414676259e-01
9.821793486552776731e-01
9.724485391672187395e-01
9.772500146570044510e-01
9.456432523681995717e-01
9.857688760482499202e-01
9.915795709290167181e-01
9.822054278781049419e-01
9.700952884099047768e-01
9.549139660600828305e-01
1.001555257361272711e+00
9.671847491585091605e-01
9.939774756199465378e-01
9.727827611326205215e-01
9.770153089757488418e-01
9.735645434631405859e-01
9.632142927834015378e-01
9.859474027880110736e-01
9.820835473456660525e-01
9.822383316843235068e-01
9.817712894240041566e-01
9.727500382472902274e-01
9.759339054476773301e-01
9.900615339038925100e-01
9.699002518847927856e-01
9.734035901197000129e-01
9.855411101827191711e-01
9.930091041628813509e-01
9.478652327855758841e-01
9.862656691124473962e-01
9.790451708371348261e-01
9.859890270188260697e-01
9.655944436767959216e-01
9.872256853283903899e-01
9.890501649493883551e-01
9.806563222459464546e-01
9.820530665110320800e-01
9.714554687039246295e-01
9.918845392062705102e-01
9.893320100326021826e-01
9.681209989064931687e-01
9.435482650830270268e-01
9.769704648921991863e-01
9.805084413806000043e-01
9.873453475364519782e-01
9.735794080423292307e-01
9.772626570052106443e-01
9.835107356675459878e-01
9.879894025590224560e-01
9.711749481578167975e-01
9.869980653177258256e-01
9.637114080336288691e-01
9.604718854860190280e-01
9.879153092113351908e-01
1.007487786637711435e+00
9.935437947204558418e-01
9.840080004336904107e-01
9.588364177805552835e-01
9.724440986500845208e-01
9.835627510066891066e-01
1.000627157172361725e+00
9.858999452289146648e-01
9.870034412290785708e-01
9.636077164205708590e-01
9.727532526822503245e-01
9.792450448141760688e-01
9.579431399459895635e-01
9.868827478116284357e-01
9.784528532028206049e-01
9.869001439970961354e-01
9.814939097116924804e-01
9.816323406247622341e-01
9.649826940992520807e-01
9.711193375282702878e-01
9.462081827678929802e-01
9.928559670831634820e-01
9.574585170520866217e-01
9.801720173731846009e-01
9.844872051320564532e-01
9.855337273648683283e-01
9.883001124296759698e-01
9.815480625386339142e-01
9.736263419814124020e-01
9.741310409131895831e-01
9.845458578289428830e-01
9.767860442147133782e-01
9.622190104655804488e-01
9.668111485202897093e-01
9.690387311795414238e-01
9.738340858057412674e-01
9.761220842190092561e-01
9.685055972275029568e-01
9.622162945818678592e-01
9.712248499387746703e-01
9.831311312356321164e-01
9.862629488903719155e-01
9.928481371606732164e-01
9.538798758082529528e-01
9.945586622300399693e-01
9.863823721887620133e-01
9.863590529325517720e-01
9.939060936383171674e-01
9.885482638831153412e-01
9.914772251722009377e-01
9.280847079547547285e-01
9.858162552900654463e-01
9.931224793470246892e-01
9.900699315130077061e-01
9.758069535908877601e-01
9.698274135613538238e-01
9.614248425987675928e-01
9.822121437083963791e-01
9.775772612784020543e-01
9.822091466764520939e-01
9.840583467010052265e-01
9.771371855886170632e-01
9.940860089046902326e-01
9.679685121670140724e-01
9.635152126003276862e-01
9.752054533137578529e-01
9.804456318376240098e-01
9.813507289129749234e-01
9.722752136263906886e-01
9.871704994329795202e-01
9.845794569892842851e-01
9.630239860989842082e-01
9.787165210583546049e-01
9.988442187632718960e-01
9.673194318904917433e-01
9.770039817772233626e-01
9.867857195593884301e-01
9.853604753118375692e-01
9.830696013563423596e-01
9.868227777369621423e-01
9.916975524833324673e-01
9.861177978089870066e-01
9.992881524442903673e-01
9.870199502263944380e-01
9.702113353148457131e-01
9.813195104111648304e-01
9.766861512078356400e-01
9.656826671731700840e-01
9.810504289763343211e-01
9.827222730782410043e-01
9.966420203726022997e-01
9.910898372940564194e-01
9.694011058112497192e-01
9.805298458664627459e-01
9.842886918467333990e-01
9.905757109671995408e-01
9.881642427188821465e-01
9.878983183069888208e-01
9.845968961861475410e-01
9.663289432078236985e-01
9.705706314137099167e-01
9.799381293607052346e-01
9.787081192226417814e-01
9.821305257579389103e-01
9.946565049601278075e-01
9.876105808817662313e-01
9.787620641674192878e-01
9.728499016785870923e-01
9.755286595790766402e-01
9.949772248540533770e-01
9.685017841009950779e-01
9.856629613322609451e-01
9.899209897797169866e-01
9.433581682278342484e-01
9.938241950671488079e-01
9.855713193932055249e-01
9.843057304705081778e-01
9.899996066956543439e-01
9.846880098656612956e-01
9.670447751689413840e-01
9.799499131265551055e-01
9.810139311433694331e-01
9.723144229082752998e-01
9.712526246355003279e-01
9.667055652138867305e-01
9.883174020217432298e-01
9.981351450160141914e-01
9.770584186302817553e-01
9.905357944467129139e-01
9.624816835207228305e-01
9.995881686886796125e-01
9.948851866224786011e-01
9.809450705727078557e-01
9.663732308037317198e-01
9.975061528007485023e-01
9.978166498877906188e-01
9.864537739516205939e-01
9.913968929087012549e-01
9.858940749742695075e-01
9.676071441829726671e-01
9.749138341194633073e-01
9.591325950822138235e-01
9.920714923211796377e-01
9.652505686123883377e-01
9.873831418374251490e-01
9.426237944688006243e-01
9.733812103983994213e-01
9.749838314936701833e-01
1.001172704251636514e+00
9.856560554222058013e-01
9.578309372863825777e-01
9.801280523677201595e-01
9.614018942738471463e-01
9.907367653829169951e-01
9.818083332652963735e-01
9.821234905130431514e-01
9.868002879070592037e-01
9.816349033248756850e-01
9.608823838251422389e-01
9.554655820118366227e-01
9.785306778805206163e-01
9.753096239569848391e-01
9.773741981699989312e-01
9.888249186084944187e-01
9.817283796259623774e-01
9.846027906634905458e-01
9.873003649609394250e-01
9.730792168219900562e-01
9.673812961130563437e-01
9.795043592371842633e-01
9.748646580408931728e-01
9.909437782582413146e-01
9.906181743123951833e-01
9.780746159487542224e-01
9.664182036021742306e-01
9.723543301233869007e-01
9.812260702157568071e-01
9.775900464488368469e-01
9.623927127811813254e-01
9.858701449896812852e-01
9.613163804877600249e-01
9.724256041469517831e-01
9.783182213498060609e-01
9.897185648841376748e-01
9.873307551905953217e-01
9.910541215478592125e-01
9.646405166262090880e-01
1.004596055602607230e+00
9.818080006200463616e-01
9.673671720350217607e-01
9.746381097122340798e-01
9.877900115838348372e-01
9.904835215632938894e-01
9.854105768853251845e-01
9.824111903108425636e-01
9.647491475792705495e-01
9.774808080162088464e-01
1.003793665323716278e+00
9.904982076109530853e-01
9.630530370757379721e-01
9.587664264641009293e-01
9.860567033714027207e-01
9.800932686109132819e-01
9.859280854601106814e-01
9.666620111976358398e-01
9.622849275180188622e-01
9.720535866761608190e-01
9.697837816363897856e-01
9.939798426300525680e-01
9.822823509078286719e-01
9.828778755878117002e-01
9.777215188098268284e-01
9.580305953845059674e-01
9.969552682058969717e-01
9.791916667049052059e-01
9.819195406587104547e-01
9.846037113736486601e-01
9.705499404145879749e-01
9.904448672219685612e-01
9.617301116596260746e-01
9.754068493052110433e-01
9.953580420885088653e-01
9.824013330769212349e-01
9.944109622964495410e-01
9.808154347727372491e-01
9.854167446589724433e-01
9.918437656007095260e-01
9.593839467022415857e-01
9.802721745708785628e-01
9.719373827862574089e-01
9.857013411302318895e-01
9.836658768368118366e-01
9.915098508929551802e-01
9.480981834620347826e-01
9.893908224292196074e-01
9.870945131096920955e-01
9.799781535178632152e-01
9.747141718848687519e-01
9.914679648918610644e-01
9.858643780322753347e-01
9.431442563183476402e-01
9.873187671376797425e-01
9.737607859617182227e-01
9.642073511399851249e-01
9.694957601065595787e-01
9.452836619994625655e-01
1.015339283741323539e+00
9.774585678422069712e-01
9.778103494353505010e-01
9.365942641827900150e-01
1.000728624083569329e+00
9.867432612149178439e-01
9.482133398693377568e-01
9.788411981711332421e-01
9.697566578793457293e-01
9.733179433956306026e-01
9.743008274615957420e-01
9.811758796969461960e-01
9.759943664532330088e-01
9.781236848948615670e-01
9.833940335710467107e-01
9.981379177675067105e-01
9.752799409121892804e-01
9.788745674235429517e-01
9.653681877752966489e-01
9.817043144120574105e-01
9.838822802891032948e-01
9.850362841687124726e-01
9.835368421922672244e-01
9.724310501570125886e-01
1.002085794126518659e+00
9.868370970449464874e-01
9.962424556887543581e-01
9.986040402176818986e-01
9.491150247443651544e-01
9.785654022547431996e-01
9.675521180284415435e-01
9.831582649769037285e-01
9.937999437673411540e-01
9.650974208850675584e-01
9.661171483753812073e-01
1.002387673737450413e+00
9.850091714648492314e-01
9.792425813034035809e-01
9.884127535161214562e-01
9.712942546998188931e-01
9.856663305010473497e-01
9.699885221573181227e-01
9.793235764255618925e-01
9.858474120412306085e-01
9.862245347797394812e-01
9.775105748775041459e-01
9.866775986777759355e-01
9.617501650904242139e-01
9.861196560456293447e-01
9.608269588319119370e-01
9.528673281666661943e-01
9.912451387568130823e-01
9.843026804181952416e-01
9.829836168297152454e-01
9.831143163589358691e-01
9.471292489134386372e-01
1.001168425570960530e+00
9.884398598884523990e-01
9.798124116115090043e-01
9.706081285838679129e-01
9.861263820329451146e-01
9.863268882141583704e-01
9.902846115528648463e-01
9.906914892847987764e-01
9.397156438048023253e-01
9.653223668155740400e-01
9.803238381083489994e-01
9.726666322184563951e-01
1.003701745041467364e+00
9.868061721220041660e-01
9.623862495668357164e-01
9.839196280557731544e-01
9.788567829414258625e-01
9.718862579602794982e-01
9.874191566507863893e-01
9.861354239979801539e-01
9.794167638301667367e-01
9.840779322115871253e-01
9.903625794269049765e-01
9.771110798336518632e-01
9.531230455880972396e-01
9.874866154677655050e-01
9.970914094047956810e-01
9.857451910126157069e-01
9.701035928237120576e-01
1.013516047132116737e+00
9.837303005075115347e-01
9.789803181020003686e-01
9.980159838933136962e-01
9.711725056387194854e-01
9.217266676042111806e-01
9.765548226725488945e-01
9.789091918793504377e-01
9.681347666736003221e-01
9.771480731929631514e-01
9.947702965851227264e-01
9.903991881482760995e-01
9.720946873918003828e-01
9.554615555338945576e-01
9.931531078730314599e-01
9.819859883082545648e-01
9.789022675976831733e-01
9.977598548061658024e-01
9.687324818874002430e-01
9.922968114164451015e-01
9.921065764803161935e-01
9.464771273663575846e-01
9.870451807726564608e-01
9.612518319994838301e-01
9.952690612669132797e-01
9.884965406015686629e-01
9.899217261835544512e-01
9.844013447775084025e-01
9.814570984368657935e-01
9.702386263220712515e-01
9.940293293968995858e-01
9.833873638645462822e-01
9.963506815625639002e-01
9.808062377042037205e-01
9.763439191272924589e-01
9.662056455186932569e-01
9.891709726192834395e-01
9.685785810861935463e-01
9.876122018829832649e-01
9.803895074413074839e-01
9.821097738778974406e-01
9.794663133985892500e-01
9.612456641974754801e-01
9.946730627640384403e-01
9.600270269270582135e-01
9.884950735589447257e-01
9.832820174507923561e-01
9.749775739307146027e-01
9.748117602072766674e-01
9.897441553800480074e-01
9.634971951474701202e-01
9.496790062386569753e-01
9.931243973246643986e-01
9.647559848569622343e-01
9.686578332701615279e-01
9.623171757912732938e-01
9.723447891781027419e-01
9.851675021922410291e-01
9.756450796385918167e-01
9.850882740731397025e-01
9.880348256612339064e-01
9.932334448114786829e-01
9.725140217733022618e-01
9.431844961005632078e-01
9.864561053550658931e-01
9.901122001743608569e-01
9.855571738622537215e-01
9.825105017403564789e-01
9.875504065394350439e-01
9.730665469715223947e-01
9.872985827280419402e-01
9.555272810514879867e-01
9.874367800819316976e-01
9.345203081970395731e-01
9.905859938585090951e-01
9.493901298906650688e-01
9.713800809397398206e-01
9.968329694564356247e-01
9.871523696071071718e-01
9.755259958888984340e-01
9.789789509902080411e-01
9.757460868583345270e-01
9.698990162782545887e-01
9.894486683092326151e-01
9.685952319650787956e-01
9.945315203153103356e-01
9.827797814758147954e-01
9.636818394095255647e-01
9.728379250278830215e-01
9.843011689547028764e-01
9.769259358655070224e-01
9.843749632948389783e-01
9.816317263368465884e-01
9.955730250348115984e-01
9.494941786583944721e-01
9.867300148438874485e-01
9.842658762431173436e-01
9.870225384150881354e-01
9.754391791441975323e-01
9.838924686056712554e-01
9.812110854453410802e-01
9.923235132715612083e-01
9.732925550882099985e-01
9.912048963814561464e-01
9.793673468528274473e-01
9.756077710148441939e-01
9.850984304844840889e-01
9.820700179109657091e-01
9.790777476468688345e-01
9.825921557685647345e-01
9.727507289436572169e-01
9.776271974792778430e-01
9.729349626680687813e-01
9.845597343110835675e-01
9.785622785960752523e-01
9.450977288897074446e-01
9.794241947716192387e-01
9.850387111904976845e-01
9.709472781143408948e-01
9.846391090677011348e-01
9.810688595719982974e-01
1.002785988578376086e+00
9.658134561055146117e-01
9.843930173824105845e-01
9.554275200893768138e-01
9.768427904834379172e-01
9.833719022441614888e-01
9.640022464093218613e-01
9.999979801945008129e-01
9.793543173717472738e-01
9.791474302388804007e-01
9.677309652188211819e-01
9.884243648313879582e-01
9.783971015941703708e-01
9.778771223191370376e-01
9.702894587382457914e-01
9.853396840144053037e-01
9.551464250485013352e-01
9.773588441250864456e-01
9.620521196246973883e-01
9.881458504529914144e-01
9.428075775706743489e-01
9.476055868863365594e-01
9.774653605296093062e-01
9.716351024936001890e-01
9.726987644664515376e-01
9.909487911197085719e-01
9.879521064634064764e-01
9.879511283716601033e-01
9.727914110200622799e-01
9.754684583655028884e-01
9.858606331416251978e-01
9.834434851400963851e-01
9.689780132218476227e-01
9.647704779180686918e-01
9.730704065500395128e-01
9.811179094714999049e-01
9.796044976846930430e-01
9.822605248905231790e-01
9.886710544519059507e-01
9.821515245605862976e-01
9.717690833510044257e-01
9.775531038076689105e-01
9.881118296839815907e-01
9.731233709499242934e-01
9.716733032057337516e-01
9.753550538704151007e-01
9.845845416229589420e-01
9.889562252608566917e-01
9.929997621690788145e-01
9.874298575741881079e-01
9.897430842042396204e-01
9.888311663741085056e-01
9.841089580522348612e-01
9.736395286235456359e-01
9.888164918024218153e-01
9.979041940570009261e-01
9.874862990724685430e-01
9.909290745442871362e-01
9.879423830728113476e-01
9.757230097686386827e-01
9.818829527198176255e-01
9.864119317479991267e-01
1.005048422805398856e+00
9.877135012928801583e-01
9.806812298782904280e-01
9.705682481921925620e-01
9.860771744132336147e-01
9.885541269314559454e-01
9.721117309281422925e-01
9.774426997672273076e-01
9.594754718013841499e-01
9.662072204908564999e-01
9.721209206064307384e-01
9.875193156459780575e-01
9.869585978499701984e-01
9.849092235649510307e-01
9.864447291759388392e-01
9.753692727660556727e-01
9.818076290094114311e-01
9.902886249656097650e-01
9.600805842482131869e-01
9.687348447589945177e-01
9.771134989183414277e-01
9.669339430758134846e-01
9.714291223695996624e-01
9.781301192811822087e-01
9.689342678481700499e-01
9.848208326536899149e-01
9.858760983948221535e-01
1.004812111463944779e+00
9.689521759104162690e-01
9.899314435252816180e-01
9.865807403309572177e-01
9.816175005610884297e-01
9.915623841332110722e-01
9.753249303426284600e-01
9.940254211492030034e-01
9.703186722488452709e-01
9.673944258981311828e-01
9.844494890424130285e-01
9.584779475490615708e-01
9.901974108512234807e-01
9.751543966427599353e-01
9.796579632617889999e-01
9.755831522857710825e-01
9.808749168004047281e-01
9.893600025951985177e-01
9.521643259680349081e-01
9.850541136236931061e-01
9.858147019946102985e-01
9.833248322760912430e-01
9.901234848355543461e-01
9.796727142279844092e-01
9.740292822610152612e-01
9.389075365709756982e-01
9.994884691766644513e-01
9.710719465792013727e-01
9.895812999644640895e-01
9.816819853155779318e-01
9.847291414337540072e-01
9.547388147260833513e-01
9.811672418339428825e-01
9.965704778569256517e-01
9.866824245826614215e-01
9.692728681422245751e-01
9.929422734714390408e-01
9.367865403871001861e-01
9.774968238666160714e-01
9.845441611597416376e-01
9.596716784589067739e-01
9.887274327335808799e-01
9.710569687936572159e-01
9.791901832552757368e-01
9.681872312635422251e-01
9.815233693232049417e-01
9.448843186169864072e-01
9.870114014599524754e-01
9.895275017046563093e-01
9.851433812395763434e-01
9.918242499593656891e-01
9.935843172305679483e-01
9.876346976737711003e-01
9.948227570739515135e-01
9.704285631433198223e-01
9.757674498210883174e-01
9.877300823902888105e-01
9.930554299596782153e-01
9.221932989063778008e-01
9.913911748983864625e-01
9.832902339634542743e-01
9.671053121673568453e-01
9.651036656629959909e-01
9.877532331645489938e-01
9.884258240038701349e-01
9.651082499738595777e-01
9.803396690299234217e-01
9.864253397334226126e-01
9.915228555392602283e-01
9.854466412148349397e-01
9.659967552848761629e-01
9.864563529606430459e-01
9.814212644917017503e-01
9.983299427418479421e-01
9.799669206152743506e-01
9.911689053529676441e-01
9.858224661567379643e-01
9.783926039651017481e-01
9.708357552769802945e-01
9.873076467331771688e-01
9.253428917776911344e-01
9.937161280860080659e-01
9.794497066269748364e-01
9.547795015191027357e-01
9.623062345401206530e-01
9.825057753465299415e-01
9.517067294176594361e-01
9.773876311476178413e-01
9.882062891885072808e-01
9.708590827931471434e-01
9.892662383760776335e-01
9.862661204035950702e-01
9.730779511432883222e-01
9.793674671460090853e-01
9.912435250964540812e-01
9.943687724052653332e-01
9.428044240579362967e-01
9.820362842233214540e-01
9.743409949856223218e-01
9.597170071879409514e-01
9.823593058336655970e-01
9.794547476243937734e-01
9.608309550570821589e-01
9.944358140200070251e-01
9.569643918615826639e-01
9.405919905623547628e-01
9.902538183674340910e-01
9.502625336368969444e-01
9.584778929110585599e-01
9.885549768361211465e-01
9.730202051454631684e-01
9.816985527668569134e-01
9.881948865313814334e-01
9.847451559720955538e-01
9.832790069910966047e-01
9.846651593697920424e-01
9.761705340365683936e-01
9.798724579608868446e-01
9.995322851604200309e-01
9.836037860302394575e-01
9.914472086167281928e-01
9.749316496152066192e-01
9.885051917281156841e-01
9.857603045936403907e-01
9.894369956383499698e-01
9.857610600486664820e-01
9.984986929342144490e-01
9.841139806221721464e-01
9.881463858924066646e-01
9.848113252621076841e-01
9.571695564537037182e-01
9.793250485119630033e-01
9.805825297776928906e-01
9.835083855968071997e-01
9.881351805156881607e-01
9.990799519276175600e-01
9.672510357889637644e-01
9.591975866950479546e-01
9.829980668453870418e-01
9.794768352946093826e-01
9.871594366969620449e-01
9.631147674339269882e-01
9.599847406754740131e-01
9.789393570190915161e-01
9.945656647800397154e-01
9.906882420085635355e-01
9.782901714485506828e-01
9.749057856411861289e-01
9.706289446612874627e-01
9.856666389609967105e-01
9.937658679595081646e-01
9.915737652473032293e-01
9.895462892364103036e-01
9.868683867093090978e-01
9.719344251128509971e-01
9.438758811914916835e-01
9.841066810865543024e-01
9.672605124083104577e-01
9.659851870382003547e-01
9.784501610930225191e-01
9.512178855773024688e-01
9.867303366103792328e-01
9.876675185677925572e-01
9.763228703218341797e-01
9.799213720484388768e-01
9.747203077856239073e-01
9.671855746952039423e-01
9.664881568325741634e-01
9.902148805015682509e-01
9.887062868711683494e-01
9.806618260547105281e-01
9.774872619841596944e-01
9.988933848087557799e-01
9.955895881786136492e-01
9.851965797062731678e-01
9.860407318938745336e-01
9.846101247089891206e-01
9.617662212765706320e-01
9.851269637634925136e-01
9.884603271208423081e-01
9.855951344372597678e-01
9.635600050242792980e-01
9.715719928384215498e-01
9.873291420826504350e-01
9.493556736132391372e-01
9.855512569425313174e-01
9.832703025176156020e-01
9.932365112897393322e-01
9.803638596598026611e-01
9.726135036336549522e-01
9.627075928154197326e-01
9.693019497347292734e-01
9.479310139280252567e-01
9.766934570902352508e-01
9.824538780295538620e-01
9.905301168894208308e-01
9.930946120784414077e-01
9.800131316710541940e-01
9.936404197959513018e-01
9.855383446485003196e-01
9.895938537187756179e-01
9.754503114088370896e-01
9.727609729099635505e-01
9.758822769939666797e-01
9.820931118996160114e-01
9.861358291603431470e-01
9.901278808717896007e-01
9.845172575346526900e-01
9.962092468145109514e-01
9.956935909961529552e-01
9.807425261400130045e-01
9.733843966944124571e-01
9.847699368889453186e-01
9.826768799671053989e-01
9.703705763968283327e-01
9.862872374825540911e-01
9.792841681720809710e-01
9.822066521937518058e-01
9.968566548525344961e-01
9.872366677968413828e-01
9.824513204396824184e-01
9.939142806942722341e-01
9.737543717987084957e-01
9.624696805414850731e-01
9.859726433786266675e-01
9.566418676304162538e-01
9.743436502375987240e-01
9.572205311583072973e-01
9.818208772267777995e-01
9.863378830756684978e-01
9.766314816783282504e-01
9.786768999022225080e-01
9.632446989028200512e-01
9.824429658978582891e-01
9.998475291443394974e-01
9.785347541882467581e-01
9.811260187895477491e-01
9.807444064354305935e-01
9.488430294267901077e-01
9.395428650133658133e-01
9.906430651648471253e-01
9.850001941790407223e-01
9.862496835506983084e-01
9.901828883849309593e-01
9.606203021823592758e-01
9.865331001682807743e-01
9.942410204361380455e-01
9.653618323633913478e-01
9.910958902373995238e-01
9.845294222270959406e-01
9.387911280329914732e-01
9.786086789131743791e-01
9.755962749349962326e-01
9.812136587403843535e-01
9.961574338737094747e-01
9.870472621809975866e-01
9.747949454683980663e-01
9.730781185723931248e-01
9.876108957628387808e-01
9.757785673101803114e-01
9.747780083231065706e-01
9.733867629002925792e-01
9.591151473339988298e-01
9.475439439295412214e-01
9.691728712562550641e-01
9.892773127205324313e-01
9.911329628842395767e-01
9.724152746948674375e-01
9.926287496907449937e-01
9.410956550652356256e-01
9.770828127479570524e-01
9.843795207865315700e-01
9.656177594629793415e-01
9.994535725700284257e-01
9.601201975060772442e-01
9.789163070538483558e-01
9.925833440003134500e-01
9.732884433404458413e-01
9.860343989882648374e-01
9.878880752037398905e-01
9.533622742223176738e-01
9.682380610860864545e-01
9.791994407892971042e-01
9.651416178551570635e-01
9.878570511387685382e-01
9.632655945345590665e-01
9.761469266602116335e-01
9.650793182551019589e-01
9.738101130781234849e-01
9.827214535320670796e-01
9.700339689837734758e-01
9.692381769894908849e-01
9.764963629367875431e-01
9.865801759295111939e-01
9.891329114238172071e-01
9.809002243543701871e-01
9.906787158527963211e-01
9.853645470111133120e-01
9.731269549126363438e-01
9.870743820647573941e-01
9.792376781695900645e-01
9.867958012212997287e-01
9.566787635891079722e-01
9.799611033649828773e-01
9.740576214128121579e-01
9.704075992846475929e-01
9.777208000470682947e-01
1.003034473571251750e+00
9.868755496640010394e-01
9.704930633520331140e-01
9.775294256111378699e-01
9.886301172056813913e-01
9.777164210225237628e-01
9.730009557573812140e-01
9.911226314377356017e-01
9.878220944111575363e-01
9.977591496007580663e-01
9.649755830459579853e-01
9.859089311852449189e-01
9.878294554478640466e-01
9.750604481496915055e-01
9.707633076823311002e-01
9.675128957451329947e-01
9.909525133670651353e-01
9.865198119123523846e-01
9.645860779465090795e-01
9.654054842732411323e-01
9.940193858653956216e-01
9.923368118715171216e-01
9.799644295523280979e-01
9.863326883939804723e-01
9.571547778635602910e-01
9.843671277478664994e-01
9.902331412942156907e-01
9.801366414859418175e-01
9.729574218309671174e-01
9.766183327402667702e-01
9.967930779668249253e-01
9.647170876101859305e-01
9.815456296009543724e-01
9.895480221893148132e-01
9.619572526329831508e-01
9.782390145592206876e-01
9.727057657750906028e-01
9.765398581705123648e-01
9.561841179276213687e-01
9.743480772235686427e-01
9.890196206707909665e-01
9.764404832433565273e-01
9.747871501414534512e-01
9.686284159876362709e-01
9.810272752307226396e-01
9.797948903536428666e-01
9.768263259692080425e-01
9.862237447824745429e-01
9.909299050360894645e-01
9.623300980942727234e-01
9.516531457472738875e-01
9.836735880236067153e-01
9.733579625004192826e-01
9.783091346288326218e-01
9.885573502877849084e-01
9.813531352376889672e-01
1.001523402961274511e+00
9.672551825285350402e-01
9.868794533320967011e-01
9.907483325661872176e-01
9.492331739338325525e-01
9.719955552812276078e-01
9.773506087701101519e-01
9.922991939742243916e-01
9.635218624943420185e-01
9.709490317473791210e-01
9.816563921499350531e-01
9.656184380965056047e-01
9.979431313845176232e-01
9.936290194044767876e-01
9.812226904304802710e-01
9.830228716567941394e-01
9.841383026133029288e-01
9.734058613840803620e-01
9.487259702814705431e-01
9.714394816811084965e-01
9.756888587363641285e-01
9.741809333297144491e-01
9.823281931817204882e-01
9.787385957599936681e-01
9.735135290915886142e-01
9.859802725637919485e-01
9.923081535504960637e-01
9.723296564558472355e-01
9.861091026479187338e-01
9.793143263813165467e-01
9.745361396726009984e-01
9.881993650790567019e-01
9.863470716300190011e-01
9.681730672278967553e-01
9.708986822533758332e-01
9.872816064303510109e-01
9.872426724060272551e-01
9.855925098973259413e-01
9.651662537948444420e-01
9.933278818425109735e-01
9.950778369186714656e-01
9.829953914228405365e-01
9.439062132260882532e-01
9.869072674288381641e-01
9.891632465554707210e-01
9.798238946548870620e-01
9.747792089659226278e-01
9.766297125576082205e-01
9.806179304249577067e-01
9.829754776492649615e-01
9.793208512071640559e-01
9.822443143428466472e-01
9.746237485199739092e-01
9.853665479296823682e-01
9.820006923539310595e-01
9.681977366475544855e-01
9.511828784074447540e-01
9.595216335733074420e-01
9.806371831849670651e-01
9.878418003950885096e-01
9.558246784492394621e-01
9.810229475584627545e-01
9.893623815638524777e-01
9.827760235537484901e-01
9.789176698513085695e-01
9.864216526617914926e-01
9.808109028093365822e-01
9.687485651504085249e-01
9.839445617551287881e-01
9.868863910680809592e-01
9.918792402880551862e-01
9.684566832640427725e-01
9.802663436693880294e-01
9.726042303463178218e-01
9.958432040448149669e-01
9.867750377112590732e-01
9.948735297983235526e-01
9.878407722475044395e-01
9.472165688397091721e-01
9.910639749843848101e-01
9.875827434863444498e-01
9.774537283213080574e-01
9.919213175960626128e-01
9.623223447538350461e-01
9.941977462052249415e-01
9.888312395919229836e-01
9.843120837234679010e-01
9.748278128722055458e-01
9.819373764971619511e-01
9.796512794750144026e-01
9.393866116419246071e-01
9.900865107667023990e-01
1.002372027638078977e+00
9.771557797448480187e-01
9.895216127478230206e-01
9.853173655214277904e-01
1.000968502129411242e+00
9.946995528369926287e-01
9.818240683577827976e-01
9.899578388310731336e-01
9.917263514179173178e-01
9.766433877247813200e-01
9.793463893659120068e-01
9.940231756860447021e-01
9.735023677847215451e-01
9.844546794909899701e-01
9.657745022901738086e-01
9.843871620747159934e-01
9.667761041910111208e-01
9.777028654245338846e-01
9.891066191845876432e-01
9.557341162933787881e-01
9.635910084248870966e-01
9.886427664327296361e-01
9.744525525414523548e-01
9.752001243963154264e-01
9.594332747318096155e-01
9.755249963315284489e-01
9.905426926650661157e-01
9.481988066885771449e-01
9.794096054576071353e-01
9.852247005468162122e-01
9.784342587258916257e-01
9.814447105573150809e-01
9.724185059926797603e-01
9.869371877663772885e-01
9.583509136799762684e-01
9.888499559834985631e-01
9.706662536448820155e-01
9.498779395856569163e-01
9.804786604947957063e-01
9.777696775197700640e-01
1.001372113168399913e+00
9.625940749482787551e-01
9.498789044848151564e-01
9.747929993780873881e-01
9.974401139256394710e-01
9.865842019732212753e-01
9.794556133132585884e-01
9.830476492578555936e-01
9.743724520191933136e-01
9.620343210912277732e-01
9.719806780256498024e-01
9.866424271979185034e-01
9.741545750658987535e-01
9.697620692250619179e-01
9.855822456075872262e-01
9.722804535262346004e-01
9.892743070662508575e-01
9.870754284609328799e-01
9.890021054350167651e-01
9.804166740256760049e-01
9.956890364036574681e-01
9.924775795104431309e-01
9.814976906799383061e-01
9.879147102084434584e-01
9.729959563834011949e-01
9.617459815754318964e-01
9.782130482708440988e-01
9.647811256269231972e-01
9.722944706634527590e-01
9.848740438517417095e-01
9.865887324220040666e-01
9.806864058777594595e-01
9.874027999915298004e-01
9.920647888984881480e-01
9.591725229451028012e-01
9.823431300164942037e-01
9.961403884251116558e-01
9.736597234608805884e-01
9.491253606493428308e-01
9.810238741270319585e-01
9.853299172035236975e-01
9.662250901142572790e-01
9.693036727286771237e-01
9.746580429996202222e-01
9.848834046917726015e-01
9.863720193757163912e-01
9.939260224763492024e-01
9.798915600211282051e-01
9.640681180328712907e-01
9.673371013414602260e-01
9.836082565895756247e-01
9.645904687805739730e-01
9.719226083217157308e-01
9.390831204670944121e-01
9.603883022904040612e-01
9.823816010484919259e-01
9.690712412757828131e-01
9.660544648140265700e-01
9.831375736658848341e-01
9.999744262349506974e-01
9.737168540536069727e-01
9.904369034832735119e-01
9.831618724779145335e-01
1.001003634017008759e+00
9.825919220462270287e-01
9.930206327645052511e-01
9.430453155994188430e-01
9.769427113188633438e-01
9.648157885246094745e-01
9.915374367975130498e-01
9.913068102556624739e-01
9.652580740590983588e-01
9.728383137967765437e-01
9.671305297776938703e-01
9.560314363869186760e-01
9.894295606725224124e-01
9.688450091799983843e-01
9.963678636155687274e-01
9.562514877137601177e-01
9.727495969890119776e-01
9.713219161979040894e-01
9.907354065317293124e-01
9.906333611095871072e-01
9.940362866646668127e-01
9.679297268576255719e-01
9.688904988191405776e-01
9.963111608401610253e-01
9.830168585684807558e-01
9.812893490306995314e-01
9.887937921985893164e-01
9.569083819441247529e-01
9.903150941366322124e-01
9.693469169478932113e-01
9.679739520483836568e-01
9.799432624214462484e-01
9.790303797827587529e-01
9.696061035998920774e-01
9.870089042777374644e-01
9.942485677919292719e-01
9.854423303530536193e-01
9.656307815774101133e-01
9.976362855084340842e-01
9.886660822028536799e-01
9.797754993541205604e-01
1.010880080597418074e+00
9.843055395524837881e-01
9.539203664867234034e-01
1.002906634444283851e+00
9.923408106896297598e-01
9.833350456928503514e-01
9.849141696569400084e-01
9.704017539667237902e-01
9.743564030908072882e-01
9.914215730165075735e-01
9.910304471370225965e-01
9.842322171525533792e-01
9.644905470264333314e-01
9.767191468164431178e-01
9.783619681288324710e-01
9.898880357887387405e-01
9.643819797795571969e-01
9.687514663629135381e-01
9.939681223425571588e-01
9.949227544396934686e-01
9.847435319750617033e-01
9.738641853731651032e-01
9.934269024250145241e-01
9.747115052527737245e-01
9.902769529906395585e-01
9.893334013699766061e-01
9.968425191154309806e-01
9.876681010172770891e-01
9.900143101485467945e-01
9.682644724775210099e-01
1.000080606363015878e+00
9.716994062336175020e-01
9.775679735904958534e-01
9.901274812580184159e-01
9.665751377661225829e-01
9.860518369213485679e-01
9.876724310833846499e-01
9.664354130021687306e-01
9.690300806262454048e-01
9.673343026241790765e-01
9.559124393684574894e-01
9.976867726581656326e-01
9.820577310594956755e-01
9.880883668512071560e-01
9.804259941235708986e-01
9.829949172711571759e-01
9.886896103495820265e-01
9.981130716584845075e-01
9.822523467243325923e-01
9.374297047391271231e-01
9.948395411185341208e-01
9.824821032504300611e-01
9.773430227080753818e-01
9.788269014899180220e-01
1.000092890288375447e+00
9.931768103952072213e-01
1.003806575986672334e+00
9.856221234538142806e-01
9.629959622177850509e-01
9.558895328861736207e-01
9.866684872651921845e-01
9.877793645511354637e-01
9.894260013069396953e-01
9.726840355910498781e-01
9.843820714191230392e-01
9.874769130218777891e-01
9.809520683031448529e-01
9.927071407992383856e-01
9.771148264971838415e-01
9.813020275935444570e-01
9.949456743283898730e-01
9.770442795813756298e-01
9.850967869854422299e-01
9.945644142794672904e-01
9.838049794956305050e-01
9.971232480158328526e-01
9.824049034423465443e-01
9.822844949036014794e-01
9.846854039183394747e-01
9.542468151105044649e-01
9.791825381431344955e-01
9.684622293791638192e-01
9.765365836369570562e-01
9.853567268757407183e-01
9.890343627747486543e-01
9.821222085476937202e-01
9.839829262563605239e-01
9.713045376842222023e-01
9.663469000703502898e-01
9.676282012237892305e-01
9.899543485761214123e-01
9.952533651059135567e-01
9.862207485696176112e-01
9.551269807629675368e-01
9.786471079745405754e-01
9.827255047487226669e-01
9.900301578951231640e-01
9.820720295939932010e-01
9.687225334137513633e-01
9.823695136975205688e-01
9.874685426261141652e-01
9.660172814196514857e-01
9.562620256793514795e-01
9.603265901546057526e-01
9.652786267043483859e-01
9.763327340206213734e-01
9.902970380357069002e-01
9.805397114774041523e-01
9.809721527685807407e-01
9.764435151636642329e-01
9.790626002661738658e-01
9.712363346294510258e-01
9.775255248941240316e-01
9.852428458568862624e-01
9.634759414795071031e-01
9.859399771150109126e-01
9.402490423448114365e-01
9.697435125155470237e-01
9.874043209970455592e-01
9.840405662383625573e-01
9.716967719129755432e-01
9.976938439238476342e-01
9.825385226226351909e-01
9.740408584349983245e-01
9.891762978836479148e-01
9.914578279037379316e-01
9.912847053634835648e-01
9.621616933266131655e-01
9.603102416524190721e-01
9.829471661584894271e-01
9.771026359277527051e-01
9.742827435355210230e-01
9.881123257152114592e-01
9.867385360944429529e-01
9.744076212791900060e-01
9.781156942472429838e-01
9.798611249319607586e-01
9.505656618057320983e-01
9.908865496342117440e-01
9.785237492102379919e-01
9.887611870645354184e-01
9.711472701239663996e-01
9.812019696084786080e-01
9.937978446987515424e-01
9.845733408499285355e-01
9.797569827406288345e-01
9.645292971817999161e-01
9.764062983559803621e-01
9.871344319646611076e-01
9.730741973593293181e-01
9.633473231532239112e-01
9.703557599074223994e-01
9.905792363191013861e-01
9.956558532176082998e-01
9.477697885130872413e-01
9.619653431402518384e-01
9.686321324376648834e-01
9.784549130566686514e-01
9.769986019944975064e-01
9.965029740550753745e-01
9.895673577857165837e-01
9.809934813538115916e-01
9.888725182270975411e-01
9.636756484341917339e-01
9.706676646241606532e-01
9.845683315597273388e-01
9.783927063195079210e-01
9.829577336609343075e-01
9.938329345210458188e-01
9.786095987985399258e-01
9.855811240878848967e-01
9.534272901890261664e-01
9.643930109070336654e-01
9.663623986715054182e-01
9.589064642296621921e-01
9.887180538003668140e-01
9.926705318716289028e-01
9.925425864012314969e-01
1.000533192904888180e+00
9.843843060429169345e-01
9.821522046737405365e-01
9.621672287499951626e-01
9.577910879311447578e-01
9.764685267050660089e-01
9.670882882126885516e-01
9.912038543897776499e-01
9.671459482489415116e-01
9.499108413942840556e-01
9.790581101660024155e-01
9.920365700301665424e-01
9.699065868661407297e-01
9.520254971816253242e-01
9.743179859261725806e-01
9.980319434283428937e-01
9.955786224440935639e-01
9.717165273860807195e-01
9.548475990905933575e-01
9.850956503407303222e-01
9.801202827489920999e-01
9.736044327115047636e-01
9.893039811207134937e-01
9.882256043953512314e-01
9.552073926784561131e-01
9.698770493671028392e-01
9.729620072423879051e-01
9.855603940649413364e-01
9.846724892097662440e-01
9.856815372726318580e-01
9.696807292262297207e-01
9.837657603657887773e-01
9.755781067170249399e-01
9.857245978808295561e-01
9.797023782580733808e-01
9.799881735799776949e-01
9.633598572361631307e-01
9.824875816327464095e-01
9.758922830971710205e-01
9.838716605483809330e-01
1.005839425157218692e+00
9.781993484114397397e-01
9.697440556665101186e-01
9.760584633416258260e-01
9.907877160057235733e-01
9.883017633662085633e-01
9.905602834438030913e-01
9.642876285310150175e-01
9.763331598588949056e-01
9.846262911238807813e-01
9.849243249979858783e-01
9.869866018077629866e-01
9.693067502454116857e-01
9.725087881404437251e-01
9.825989710533248322e-01
9.956718050757024097e-01
9.649453879871006112e-01
9.794638357330922585e-01
9.855116678642258377e-01
9.816483881987879689e-01
9.838716264367731723e-01
9.696877124646200441e-01
9.805169041758503568e-01
9.906278501721743623e-01
9.918492329471956248e-01
9.785714512837595525e-01
9.789639045404586737e-01
9.744954420526444894e-01
9.537130700999683075e-01
9.922045522637679138e-01
9.764851947200408055e-01
9.866346454154193424e-01
9.741989955597183393e-01
9.624940213346366846e-01
9.535189594537226698e-01
9.806154044039283590e-01
9.830768790726142070e-01
9.817064994300829239e-01
9.717014056980783909e-01
9.902119297959487421e-01
9.856921445132980075e-01
9.743676027738044088e-01
9.827469849556056403e-01
9.846934981249984009e-01
9.985036309564342405e-01
9.488268890585449533e-01
9.782921789035567972e-01
9.706541354306028602e-01
9.599333713970967796e-01
9.844665133866166151e-01
9.895416382322624882e-01
9.848379491062058122e-01
9.729394555596362348e-01
9.650867401369502829e-01
9.742416237354897257e-01
9.877124552418988790e-01
9.568792294635184437e-01
9.760212118643355472e-01
9.568452364791388831e-01
9.863105289913178808e-01
9.990508149750102485e-01
9.681659248736953494e-01
9.961019159620961849e-01
9.793066381922914676e-01
9.814003946578196969e-01
9.843467215538910242e-01
9.540521733662890025e-01
9.836154069376459308e-01
9.837146502299933815e-01
1.005239148438130226e+00
9.550950701944579402e-01
9.972856873574594827e-01
9.469238451816391899e-01
9.880283583889226673e-01
9.768417308207465455e-01
9.554560593668803836e-01
1.003346113921817606e+00
9.440383816843169740e-01
9.783810776420522881e-01
9.775619742350617480e-01
9.668195596773246914e-01
9.848303106715885491e-01
9.812995719908775838e-01
9.765180758181734033e-01
9.700920485087692891e-01
9.686780383962250163e-01
9.925655352222431116e-01
9.917897601712439837e-01
9.712933453804197814e-01
9.907026810473082978e-01
9.814444146425794768e-01
9.734253989584463751e-01
9.708609975291783156e-01
9.800286034958509696e-01
9.894728518967761399e-01
9.932365133032351467e-01
9.900840993300912274e-01
9.830900854822869350e-01
9.824597647101286357e-01
9.935508316928451933e-01
9.840194254165214316e-01
9.831061497297634011e-01
9.705492324945058646e-01
9.922985203065973758e-01
9.566053078986432867e-01
9.972559046478181033e-01
9.780150588753513397e-01
9.606746536704492412e-01
9.819303304658844045e-01
9.672221332042980624e-01
9.972272377419943989e-01
9.892087071576189938e-01
9.846787518887011315e-01
9.593720806605066098e-01
9.755050398880891205e-01
9.540685160289291700e-01
9.704209990380149309e-01
9.934026429491329413e-01
9.816947827181133901e-01
9.680692568593392000e-01
9.940292724424537596e-01
9.813986019444630449e-01
9.854720323625829614e-01
9.829219743682080512e-01
9.885558523338399128e-01
9.770607916433950990e-01
9.881207067600960015e-01
9.688049176037211163e-01
9.862925935207280670e-01
9.712028913467201097e-01
9.792213124352467934e-01
9.951336363148096664e-01
9.615146441710564762e-01
9.952009352742384740e-01
9.835820467911013942e-01
9.952681223478533346e-01
1.000307076236310877e+00
9.798303370037346749e-01
9.830413474772023985e-01
9.815539338949185177e-01
9.812183128380886910e-01
9.843400319980357693e-01
9.720202795659188544e-01
9.501399075717558151e-01
9.652916562927791322e-01
9.823345928010944750e-01
9.972128890014979596e-01
9.808421967082028292e-01
9.749341077002189326e-01
9.942974014068892696e-01
9.713796340074697389e-01
9.564012303349542776e-01
9.846559001220830387e-01
9.751644561308530079e-01
9.917402423439486414e-01
9.800493038699041870e-01
9.724284174177761919e-01
9.788966334527416935e-01
9.788766192005957656e-01
9.875917677684776796e-01
9.761778399199571021e-01
9.638563960113512019e-01
9.801648659656656548e-01
9.799528921319402563e-01
9.691489026966272347e-01
9.757604618364544846e-01
9.258890749621657701e-01
9.938268692832720186e-01
9.854997895259429708e-01
9.838598553039032968e-01
9.808854960152020297e-01
9.818227270113387695e-01
9.819449703191170942e-01
9.635725152503646918e-01
9.738870125282290680e-01
9.933773620179228159e-01
9.642568323305900080e-01
9.818910401924529907e-01
9.879589257887766429e-01
9.890240944571047077e-01
9.838033749870409572e-01
9.798902216602320969e-01
9.804984068918914941e-01
1.004122889397168317e+00
9.843173999736034574e-01
9.839797867574904267e-01
9.965787170420341567e-01
9.758124278548689912e-01
9.714903397383929384e-01
9.779093576964693613e-01
9.789903123038524724e-01
9.831017398385568651e-01
9.836023752040840007e-01
9.887467877563809182e-01
9.590172725140158061e-01
9.960787759562843569e-01
9.807879839691112656e-01
1.004765640827686823e+00
9.844195225246830105e-01
9.862129771032653869e-01
9.892949419231314989e-01
9.924091980886159403e-01
9.716212474326980653e-01
9.841807632177671517e-01
9.661219805156051610e-01
9.910247714445290512e-01
9.760535043855975701e-01
9.712387744441431936e-01
9.991325090571898659e-01
9.889161759908551286e-01
9.834513342620772036e-01
9.770056438457651593e-01
9.883492953932473402e-01
9.692016432257599678e-01
9.603346610639478254e-01
9.723142426474872257e-01
9.973301285795911353e-01
9.871698877370980174e-01
9.881713571670698304e-01
9.642000297258909169e-01
9.751191416756255226e-01
9.849436992127572621e-01
9.957353728125087899e-01
9.632293239305586008e-01
9.811803723934906518e-01
1.002359364290168475e+00
9.715076125880044433e-01
9.618729038377830109e-01
9.831264085816703302e-01
9.883297101060077861e-01
9.816985216315445850e-01
9.476459229075432367e-01
9.965141949862811321e-01
9.829060480980009729e-01
9.950728463481188779e-01
9.816012271049414650e-01
9.682933322473347149e-01
9.676989147938536151e-01
9.913264406131312434e-01
9.772119012869573407e-01
9.820018411076240072e-01
9.681187836381645040e-01
9.881707432417963233e-01
9.857286317743968462e-01
9.990360180431194781e-01
9.954485367798346918e-01
9.696619455697347290e-01
9.825163224504120940e-01
9.805632985476916419e-01
9.811855990625841795e-01
9.834394436051412391e-01
1.000655054948681899e+00
9.837255473763081293e-01
9.661685168439383409e-01
9.945303035691303029e-01
9.759007628390997668e-01
9.796540286688171228e-01
1.000379614070794343e+00
9.959981921554954543e-01
9.837185107837678189e-01
9.888982240189992945e-01
9.718942079441107440e-01
9.887375202764970838e-01
9.912884833302600951e-01
9.833775203742937121e-01
9.756089452490713798e-01
9.710135128585267728e-01
9.780786389940182568e-01
9.823889466976675200e-01
9.460979001928958576e-01
9.837241951766707571e-01
9.702945361149093451e-01
9.806575896110836243e-01
9.741552296896304197e-01
9.817186419076340265e-01
9.817147860401929105e-01
9.860182627935613064e-01
9.478705633968780297e-01
9.944612257359725094e-01
9.726001050171878548e-01
9.751622587681432197e-01
9.814337072991754507e-01
9.713708429995921989e-01
9.630775689807340445e-01
9.902277792239351228e-01
9.581911182419959871e-01
9.716863644584092796e-01
9.752954832435376531e-01
9.722391669264827119e-01
9.840197780798346505e-01
9.933374588416266082e-01
9.826650327288954934e-01
9.787571709914103524e-01
9.532740589087470573e-01
9.771974225255594115e-01
9.740976397927543218e-01
9.609070671486322768e-01
9.850831444889834865e-01
9.843396798241854651e-01
9.836133324809828160e-01
9.694601238223108375e-01
9.716568780271465089e-01
9.792083578291637114e-01
9.964344000755265274e-01
9.624079118449554437e-01
9.863935703426709445e-01
9.822845626133459573e-01
9.530730800811442194e-01
9.814623241227726780e-01
9.705346103017227222e-01
9.640288873465837627e-01
9.939790280044922266e-01
9.878312159201488862e-01
9.778025291281486897e-01
9.965729918459729220e-01
9.865781730382779946e-01
9.919920966169362142e-01
9.731006832043662680e-01
9.857890587540766303e-01
9.802906052864674979e-01
9.970128980135961605e-01
9.843740455022275126e-01
9.834747148460324384e-01
9.808155828007190102e-01
9.746086611510448305e-01
9.647153408191433410e-01
9.920125932369826538e-01
9.871901193009476883e-01
9.915720742408890009e-01
9.651573254672853874e-01
9.824537123100821612e-01
9.762426422505493528e-01
9.711301112294629112e-01
9.573530103892224918e-01
9.979646684399589018e-01
9.863525783501280175e-01
9.848357637083149374e-01
9.831203981197095265e-01
9.852605623829475689e-01
9.858420063961875757e-01
9.808154991728613714e-01
9.893997005926359334e-01
9.570646258078584490e-01
9.766324652570981257e-01
9.828799432507427936e-01
9.632266168941987505e-01
9.816882460205502703e-01
9.832499668424433681e-01
9.823932116602110964e-01
9.834496651273131329e-01
9.750562849771677865e-01
9.809153288403917870e-01
9.723737997022795509e-01
9.589200190412249247e-01
9.853423587326887167e-01
9.711651360328644733e-01
9.848465423403724994e-01
9.912150678871539666e-01
9.940461436686499619e-01
9.811556020738881889e-01
9.827235181273323850e-01
9.830168748831360492e-01
9.858876007340330316e-01
9.894869741001877106e-01
9.775210431429030011e-01
9.802805774055927124e-01
9.935056047070026652e-01
9.730225642245234896e-01
9.616417334421196728e-01
9.733566969103619737e-01
9.702842234951344347e-01
9.930335673364142357e-01
9.893523216016115729e-01
9.542054221766077537e-01
9.625640465099954968e-01
9.980230820185815865e-01
9.632767509316897403e-01
9.880523640146918751e-01
9.803402520565409617e-01
9.843565204592814588e-01
9.793954416484956793e-01
9.716858883589495344e-01
9.568527656600804843e-01
9.759281880645622742e-01
9.629398893537386428e-01
9.917015288560874220e-01
9.892227666615185377e-01
9.780065355759853807e-01
9.853981653281566055e-01
9.770896163623689068e-01
9.887679121165846574e-01
9.651318532586570242e-01
9.734297235258392300e-01
9.780105068454120198e-01
9.837155865528195431e-01
9.374533337788796272e-01
9.728744809347362743e-01
9.751922090300962909e-01
9.832037473363507418e-01
9.897864781355117936e-01
9.860623377852275606e-01
9.866977064369679695e-01
9.916322340572882865e-01
9.594575591516265600e-01
9.729482373821118912e-01
9.731157351960280089e-01
9.837166614503589646e-01
1.002211918174951144e+00
9.917798628723096810e-01
9.479466923613888429e-01
9.792335189859062705e-01
9.746772019735893133e-01
9.667030478419340600e-01
9.764938624083123742e-01
9.808829973791262091e-01
9.664475056042857171e-01
9.807501655558168441e-01
9.856477581440913349e-01
9.895817573399120493e-01
9.773854759225538702e-01
9.783743813450919147e-01
9.825191476371566424e-01
9.724288425430526184e-01
9.789259683708293469e-01
9.821871046845359610e-01
9.746526799896693127e-01
9.584859859823926520e-01
9.800119363163041220e-01
9.814640338526582353e-01
9.671640314026644925e-01
9.564856374824712848e-01
9.732015700705393124e-01
9.911411163272046965e-01
9.521416325147941118e-01
1.011917910248724128e+00
9.761464899880800683e-01
9.927773892728860572e-01
9.895692331087309057e-01
9.753614545101546573e-01
9.946331582065255361e-01
9.639259967315697564e-01
9.814314416510582229e-01
9.761444627263236029e-01
9.929930248830204365e-01
9.375913235243044097e-01
9.708866630430050826e-01
9.553012453411783289e-01
9.694907141252985250e-01
9.745372267248665343e-01
9.759539234424713383e-01
9.759099408226021843e-01
9.539118592444773004e-01
9.922281332361659878e-01
9.903733261266224330e-01
9.811947338576673117e-01
9.682831715522806082e-01
9.518877506570090352e-01
9.684868160622888134e-01
9.881338784287752031e-01
9.888473380436101356e-01
9.920306715384004104e-01
9.917225985804091204e-01
9.724405053559346257e-01
9.852982173448940895e-01
9.781894242267861195e-01
9.902279498179255013e-01
9.894866931158124990e-01
9.911628598421250436e-01
9.935166629477046873e-01
9.900315466558096134e-01
9.933061327435809273e-01
9.912104438339470747e-01
9.816642300800063614e-01
9.850977853843104759e-01
9.862774105158614857e-01
1.000504956471285789e+00
9.811454347864655423e-01
9.835135954595051189e-01
9.727935087915279277e-01
9.874003649094117430e-01
9.552306475427702059e-01
9.846950587506350105e-01
9.812084653972004133e-01
9.527726965267205861e-01
9.751680743832403797e-01
9.777602368416355993e-01
9.569774491532023752e-01
9.779869005841381746e-01
9.904083939856991314e-01
9.814097229134973732e-01
9.815944444895164933e-01
9.789021650487443882e-01
9.824233105522177656e-01
9.969712531802321642e-01
9.849187114851213343e-01
9.659750109296270093e-01
9.669171015585438234e-01
9.824288428824722308e-01
9.803661429870225152e-01
9.893630343315970022e-01
9.808176887481253603e-01
9.746833045734294432e-01
9.836971631587062559e-01
9.524734917266021172e-01
9.620000830557524640e-01
9.830099971420513949e-01
9.689394134848056117e-01
9.826939830401474341e-01
9.840732880738863875e-01
9.738991994876106117e-01
9.933886252032122499e-01
9.845570874524562921e-01
9.911989986745936010e-01
9.938557410563256811e-01
9.585448734159257578e-01
9.810555973500302285e-01
9.565523668015808445e-01
9.630723138889667467e-01
9.852190125855595504e-01
9.858104185552249987e-01
9.822979411286765217e-01
9.793579860844319196e-01
9.639403846522364150e-01
9.634887484306726702e-01
9.963685217692407337e-01
9.837520309618539294e-01
9.877182164965361277e-01
9.776662507597815299e-01
9.687545968483727288e-01
9.936939584041267759e-01
9.700844284246504801e-01
9.757929404427275744e-01
9.815098113155107384e-01
9.585533976576334769e-01
9.744783435787640613e-01
9.790320580827447383e-01
9.592261837968885096e-01
9.725086478389703970e-01
9.704370413028320375e-01
9.689621087719767489e-01
1.001312248829423490e+00
9.694809775718642442e-01
9.734327086488043790e-01
9.847395254329595060e-01
9.689732438608317233e-01
9.918326702980803100e-01
9.806175383524144973e-01
9.759242337806907086e-01
9.913202872772530760e-01
9.926698473016074553e-01
9.833284879424922797e-01
9.927374069737276985e-01
9.853493734668468118e-01
9.810052694848717669e-01
9.942667814905408186e-01
9.692102621736765622e-01
9.706857648718053566e-01
9.986549128739193870e-01
9.848266748396858894e-01
9.868400729691135798e-01
9.550418958493969157e-01
9.522176216848818875e-01
9.698631632108770662e-01
9.669357695215798909e-01
9.775562238053646658e-01
9.581127005110871009e-01
9.891661677005504361e-01
9.794006064930023125e-01
9.688609553234369676e-01
9.524427667430243050e-01
9.869764383566840271e-01
9.754025214985215797e-01
9.686705981617510508e-01
9.811453823206712777e-01
9.917975695339318332e-01
9.782841304429710227e-01
9.302893213704652720e-01
9.831741040401981158e-01
9.705973408554028348e-01
9.824105751576711620e-01
9.353059883453661572e-01
9.874810964148141856e-01
9.776496931049036831e-01
9.723426538944630604e-01
9.595049698363725676e-01
9.935724888768943108e-01
9.678989359851450924e-01
9.830781192999453744e-01
9.603143812248803313e-01
9.819513531429617803e-01
9.919448442086247208e-01
9.843940503485790749e-01
9.753774787712623517e-01
9.865047436996066121e-01
9.894800995959919243e-01
9.635528592170529150e-01
9.888241318847067474e-01
9.963166432875836254e-01
9.772159799256706636e-01
9.910192040746017561e-01
9.859558672950730074e-01
9.765324040161603714e-01
9.657156885918041223e-01
9.867418337322537703e-01
9.726892475815345218e-01
9.593695837467303145e-01
9.882554033160613205e-01
9.801441651745748107e-01
9.611024229795893659e-01
9.980929025813055633e-01
9.866166678740003748e-01
9.594784359834390708e-01
9.737501627197270304e-01
9.826873957738224696e-01
9.844172009910248100e-01
9.915892871240508111e-01
1.005076480048515020e+00
9.848211817153035286e-01
9.949085409631309718e-01
9.816066916620600491e-01
9.543451429480377390e-01
9.815843890525933757e-01
9.873267290639342608e-01
9.693956921378353853e-01
9.623532400044145785e-01
9.907916812843037269e-01
9.650212122278257754e-01
9.705418691410437892e-01
9.875320876496457290e-01
9.779851674384327787e-01
9.576690212463525587e-01
9.804687738247822582e-01
9.908659198870729545e-01
9.779470931085723073e-01
9.647768910231219186e-01
9.791596779036272347e-01
9.886500941551449317e-01
9.433263768919567527e-01
9.867297210717898004e-01
9.648043906105745471e-01
9.841543634689259301e-01
9.576886790395088278e-01
9.750729467158139041e-01
9.802158460398960882e-01
9.784794465401596142e-01
9.681006031796105527e-01
9.445478749876294877e-01
1.006302458058449423e+00
9.934799066032641290e-01
9.902407566248563331e-01
9.760581039048068508e-01
9.393138325396718225e-01
9.788421813812003824e-01
9.827310395953310351e-01
9.803810017712069058e-01
9.794956887309428373e-01
9.755850010416887708e-01
9.910750802521113290e-01
9.749211345833237452e-01
1.000434143597019432e+00
9.859083185229301494e-01
9.757910259265438757e-01
9.945224085626337418e-01
9.857202571117741341e-01
9.883931062625131991e-01
9.853490765397141526e-01
9.823688628413994595e-01
9.899943324459520300e-01
9.681438372753067290e-01
9.729787258201366695e-01
9.968634459960560301e-01
9.866943052459908881e-01
1.003428841414095274e+00
9.893158060734701387e-01
9.917572901295550469e-01
9.640892749714157217e-01
9.747001876826822953e-01
9.880615021558611932e-01
9.819508652300565910e-01
9.840761978894212447e-01
9.730578118419596079e-01
9.892875006524030068e-01
9.845180200665597514e-01
9.924384977607759728e-01
9.671485229008625062e-01
9.953868570845970654e-01
9.767274761813665718e-01
9.849521539464115572e-01
9.732813816137744212e-01
9.907503868340868936e-01
9.778552802839428626e-01
1.000792083771291363e+00
9.798726728962120491e-01
9.806883673110605715e-01
9.817896732461223186e-01
9.855761291518960743e-01
9.885476784219957569e-01
9.827210394059712195e-01
9.789782244986157123e-01
9.900717571428595543e-01
9.789465261005245722e-01
9.739818608771161346e-01
9.622475310665413728e-01
9.542105726251317588e-01
9.763872737289921444e-01
9.855733113666780287e-01
9.709930064473967226e-01
9.689308155105086362e-01
9.900900353752427607e-01
9.712676555381377641e-01
9.809168419738781841e-01
9.822824700161842948e-01
9.815329258645880683e-01
9.874280055749717899e-01
9.720951645867272894e-01
9.882081936717856951e-01
9.857761979874155589e-01
9.788301660773196522e-01
9.479336217621000538e-01
9.843104817577945642e-01
9.890391124981706694e-01
9.714774812316091523e-01
9.920716103766712424e-01
9.739685182525080753e-01
9.870475332059620577e-01
9.870989983121126743e-01
9.841161382638740074e-01
9.816390940304693391e-01
9.563857685864820546e-01
9.787152948427678689e-01
9.883392438714101447e-01
9.680505669192422946e-01
9.587006129349237016e-01
9.887526211917666563e-01
9.988493405420469928e-01
9.576995441922644403e-01
9.967591523835748202e-01
9.769220027945966223e-01
9.863830216047786426e-01
9.819556923251855363e-01
9.679425190398159851e-01
9.762813899843530985e-01
9.458533698499226317e-01
9.956465306408547322e-01
9.760934748376192127e-01
9.844789957599692221e-01
9.912722725545219937e-01
9.832423202818795227e-01
9.639232968322822837e-01
9.690017750535436791e-01
9.471820989790423750e-01
9.830767298879280469e-01
9.927913421797859295e-01
9.899107331879088978e-01
9.801421874691966796e-01
9.715499567833312256e-01
9.867173759238013764e-01
9.843568373326665455e-01
9.868906518670893524e-01
9.901006679606580985e-01
9.819930117805780734e-01
9.951596461391510884e-01
9.909452851884177349e-01
9.889002111212019663e-01
9.665770087372896890e-01
9.866679608869630691e-01
9.830243497349543391e-01
9.903975770522541744e-01
9.882650602598420653e-01
9.883841494292266994e-01
9.735952096116746723e-01
9.715027680523304898e-01
9.858221670645650470e-01
9.938048784514493805e-01
9.841804020814111098e-01
9.924301175578699175e-01
9.803928710832663374e-01
9.705880666983767169e-01
9.817860659142511048e-01
9.884469571867203763e-01
9.805862593116215775e-01
9.930744340084335375e-01
9.745020371129524683e-01
9.752018776031364800e-01
9.757105561441729025e-01
9.800897454973201972e-01
9.920756122591990467e-01
9.922351464607019889e-01
9.818460773611719095e-01
9.677942564530029879e-01
9.642571036879767910e-01
9.633041869066554241e-01
9.832226110431157018e-01
9.882401627408261557e-01
9.777150008188280061e-01
9.757807672018106171e-01
9.590566713089887507e-01
9.872081269232341194e-01
9.801089920371949260e-01
9.773050518618694449e-01
9.873735105827669001e-01
9.780140544497634147e-01
9.792102503995321339e-01
9.880711400909233388e-01
9.859628844979999585e-01
9.903980198391028056e-01
9.845204838170573680e-01
9.717984411593129090e-01
9.791841619621177717e-01
9.752760034417089496e-01
9.747267863205276717e-01
9.789042598160306863e-01
9.236607214393623977e-01
9.462905709673407051e-01
9.785470825956924523e-01
9.866552162589283803e-01
9.903197881165098915e-01
9.480637831150597883e-01
9.708233544490935119e-01
9.780223228152888915e-01
9.886371581836820299e-01
9.847754208849018864e-01
9.624216168923011017e-01
9.907801924334880272e-01
9.823639845560372397e-01
9.851912857081096542e-01
9.894004699614259435e-01
9.834818597921358707e-01
9.878659940181586663e-01
1.000364590179193325e+00
9.476285724851631898e-01
9.829635500605499177e-01
9.787103518174706807e-01
9.654378481166631110e-01
9.865637172754274653e-01
9.818745042651242372e-01
1.004253750235018394e+00
9.748687124898388623e-01
9.584709218131023389e-01
9.902764494103155624e-01
9.855355380532564435e-01
9.785759304627130728e-01
9.942971426166316018e-01
9.850185505625757010e-01
9.763438745386732176e-01
9.823201834253729725e-01
9.726446096427775467e-01
9.904223305894355178e-01
9.695945856082162084e-01
9.798831128475800067e-01
9.980367357684200025e-01
9.655361931815228393e-01
9.863185034454543532e-01
9.854387731791917071e-01
9.868678391112853943e-01
9.639648718908738756e-01
9.799463293647193707e-01
9.735793032241055744e-01
9.782590074714299089e-01
9.557833775467299287e-01
9.924533999830923436e-01
9.703585101066767304e-01
9.898388061085574563e-01
9.829298921195634975e-01
9.796290724271982109e-01
9.606221041870037780e-01
9.706710541462403308e-01
9.643546401209740493e-01
9.753602645269087157e-01
9.870861484430240029e-01
9.858700170356672343e-01
9.867529615288348488e-01
9.861726096104523887e-01
9.778037742040038838e-01
9.694610375534924440e-01
9.728608971981869136e-01
9.781298586026223596e-01
9.898988428389982053e-01
9.729740237974608963e-01
9.843367354081143938e-01
9.661900750343334066e-01
9.758193050496666299e-01
9.837344094816706797e-01
9.953328908048074686e-01
9.678133470336488520e-01
9.936516264390412578e-01
9.810728732846221156e-01
9.744285152422039742e-01
9.877002893907999015e-01
9.922397612828017799e-01
9.668129683109598638e-01
9.641640001376191593e-01
9.839786654436377678e-01
9.741551028371639998e-01
9.684494967247243569e-01
9.346939366497990509e-01
9.654116602795369539e-01
1.004335619892283038e+00
9.711521456517310247e-01
9.586526859762949382e-01
9.764329395251856170e-01
9.654584039781490823e-01
9.970223056129696726e-01
9.341022465540033126e-01
9.832000351771258417e-01
9.859343239544249293e-01
9.936839938082605572e-01
9.804819660504803247e-01
9.951951947059808345e-01
9.739905718729421347e-01
9.851129131850131504e-01
9.640994754322367299e-01
9.711808058931372667e-01
9.780750908091369045e-01
9.845221954618342819e-01
9.572567515946196481e-01
1.001782386053497564e+00
9.794404066790213248e-01
9.570564445167437650e-01
9.645246135903056128e-01
9.792160110490686353e-01
9.829309282316039953e-01
9.868707125963327442e-01
9.879091229079870473e-01
9.890659582615876078e-01
9.921365433810827028e-01
9.855290057701302509e-01
9.917788599981284259e-01
9.890195709848317307e-01
9.859217877353062542e-01
9.743650410815045682e-01
9.874231295008276676e-01
9.630559523391827303e-01
9.735184114969696045e-01
9.935705679908981569e-01
9.854630209674432040e-01
9.762538616279751169e-01
9.548066997021408264e-01
1.005440218557051013e+00
9.761119777079193538e-01
9.733649440112213114e-01
9.935303392747611984e-01
9.845637006767558042e-01
9.716241190590727550e-01
9.724439716591196659e-01
9.681063966503100637e-01
9.783201064282199821e-01
9.819895032228708187e-01
9.708483278655589688e-01
9.765280767509572080e-01
9.834942760041406329e-01
9.874829851763586852e-01
9.857355936803623431e-01
9.820260073289501790e-01
9.618885183765705227e-01
9.651811062437806177e-01
9.873687460464972698e-01
9.861530837599310484e-01
9.827801246838382410e-01
9.712234584187785513e-01
9.848313626362235063e-01
9.657221405617957277e-01
9.865174494553028417e-01
9.819010173504449934e-01
9.774358970202814412e-01
9.886995145027358545e-01
9.700236339030110511e-01
9.753358087802715959e-01
9.755941420994062030e-01
9.910502875351858698e-01
9.854475998327218988e-01
9.703579330997591512e-01
9.863972167234880128e-01
9.881313660647935704e-01
9.870717284825833993e-01
9.841912906291696572e-01
9.786895225945553278e-01
9.809384261986348053e-01
9.769223769122443723e-01
1.001790224165925558e+00
9.894645999435601746e-01
9.834649782842045385e-01
9.892071017769314967e-01
9.896919584117941371e-01
9.849460765785746919e-01
9.880484393455259973e-01
9.682509973974946504e-01
9.915722014947673246e-01
9.721869574890651400e-01
9.907444086770780256e-01
9.858358482148081858e-01
9.491750816645673217e-01
9.772721866493655485e-01
9.658230359196448012e-01
9.847695332420222103e-01
9.827067691256373694e-01
9.877819704050950778e-01
9.513647461749603629e-01
9.956019874223296373e-01
9.853026634610146939e-01
9.781320777854848325e-01
9.901587126655717608e-01
9.885838317270853048e-01
9.977761220917525931e-01
9.733222677231569975e-01
9.898939682128587991e-01
9.910206257070411917e-01
9.860185768747155022e-01
9.694109478926409285e-01
9.882413842969228757e-01
9.806734818169176027e-01
9.802112822941246861e-01
9.805158157026175880e-01
9.864457317916436319e-01
9.847749107448531269e-01
9.867539302645708110e-01
9.932011437184451452e-01
9.952148814572168156e-01
9.647463309620053495e-01
9.866752976535052566e-01
9.865482278407622374e-01
9.772724036259633484e-01
9.738659739982170604e-01
9.793825812143341913e-01
9.760156051156713142e-01
9.676659514059542389e-01
9.605217866084955203e-01
9.644255050923554728e-01
9.746375433035066038e-01
9.527106432552205906e-01
9.809614974729572445e-01
9.799982403857725455e-01
9.914594691264683179e-01
9.873565185886287177e-01
9.801315455214603123e-01
9.967492953788306131e-01
9.703169931264086223e-01
9.554496743756215604e-01
9.718415745222280799e-01
9.885518240455117844e-01
9.504778120477517245e-01
9.909657960009687905e-01
9.559629335563029073e-01
9.969148062190871240e-01
9.677649212758474562e-01
9.780533386281520247e-01
9.818603919537804980e-01
9.917075958117917978e-01
9.562062627398018044e-01
9.905572944716154460e-01
9.806028553150488714e-01
9.938491771041881861e-01
9.892864744383604858e-01
9.689146244424466925e-01
1.002179900681597235e+00
9.644509520198787378e-01
9.732790500543052614e-01
1.005434169198711647e+00
9.417823571068800748e-01
9.757279684127579955e-01
9.768229687187016674e-01
9.837639733977272538e-01
9.837971313754448888e-01
9.695819926322427618e-01
9.726517083022365728e-01
9.677147550499348716e-01
9.724699101680872593e-01
9.727787562425628254e-01
9.926996988877155870e-01
9.897643513733260789e-01
9.803764652526272272e-01
9.771587301662681968e-01
9.366330897453812865e-01
9.868656324210548503e-01
9.746239672833757473e-01
9.827610809722434615e-01
1.002193790757906156e+00
9.772926511483276402e-01
9.874444618109450289e-01
9.947975123931031005e-01
9.898066210340734639e-01
9.667617109746610149e-01
9.870787986152714799e-01
9.761405523815204210e-01
9.857731281658919098e-01
9.859350933582847754e-01
9.764541047167253351e-01
9.562836667370044896e-01
9.824772114792632571e-01
1.002370530839335361e+00
9.579805938789244246e-01
9.765580524584211997e-01
9.841330206621341503e-01
9.850556656090779795e-01
9.842608361893114832e-01
9.489576840917534062e-01
9.709402225473083847e-01
9.802822029779084678e-01
9.879111458332699991e-01
9.717164423402179230e-01
9.656689550876903505e-01
9.496385829414482060e-01
9.374084632546627605e-01
9.923113902108685602e-01
9.759882744270500510e-01
9.728025918496907565e-01
9.725319957240003976e-01
9.733103023683525867e-01
9.892283429626487212e-01
9.953721073445596090e-01
9.869873751644263615e-01
9.791201862264115041e-01
9.785905249319747368e-01
9.717055451015791379e-01
9.646990935375548970e-01
1.002375925510654131e+00
9.686559948618147509e-01
9.740681920307953101e-01
9.824791039224491929e-01
9.762544191886096678e-01
9.857874597476221634e-01
9.672192621862681916e-01
9.887413516812706415e-01
9.769795545389071689e-01
9.881417173917061980e-01
9.922466007722726689e-01
9.971644478151711066e-01
9.838405672414343162e-01
9.670516659706069884e-01
9.859321482243740276e-01
9.846498671057801744e-01
9.726331727624214496e-01
9.847289450241449860e-01
9.859494900263086059e-01
9.587309953331646373e-01
9.872215142182786396e-01
9.533380546781934362e-01
9.885414616418090050e-01
9.894630861809614597e-01
9.803781432716243138e-01
1.003480354067062930e+00
9.816758193563277501e-01
9.807152451895055911e-01
9.942104102790700892e-01
9.808858628118835021e-01
9.897394647119803768e-01
9.461190067474322118e-01
9.758411119909571330e-01
9.893426728779726176e-01
9.909991918118542520e-01
9.764559405092402278e-01
9.810126673689169019e-01
9.821582016339669430e-01
9.887777219907667448e-01
9.691230447133777348e-01
9.702399295285359937e-01
9.577417942301013065e-01
9.855309933252527355e-01
9.829022663788825609e-01
9.950648956091749930e-01
9.829949759235745432e-01
9.939560863544310010e-01
9.564357386083165435e-01
9.614431263269528349e-01
9.800577371228219592e-01
9.841292322882519983e-01
9.761372385201496638e-01
9.783557896562525835e-01
9.863016088317508867e-01
9.582023856927606165e-01
9.845473947382152868e-01
9.787706907162371239e-01
9.765946876555291478e-01
9.797140626220065540e-01
9.773255479320255290e-01
9.809428070690643375e-01
9.823735915832459975e-01
9.638616431964999176e-01
9.915024318215018839e-01
9.495967725551488492e-01
9.765835650521945688e-01
9.668917349553980412e-01
9.835917988854941951e-01
9.897272384322696182e-01
9.818312435466680643e-01
9.681531744259128658e-01
9.890136959678766937e-01
9.980791052058759494e-01
9.677413818930047373e-01
9.750053146979349439e-01
9.846643141214641570e-01
9.572692694603022190e-01
9.376058236330130358e-01
9.756021807650602229e-01
9.825770466737202558e-01
9.839221649657847735e-01
9.821547765924919515e-01
9.778260002591124822e-01
9.695044557312725297e-01
9.889518740836050759e-01
9.925935576024345064e-01
9.523419568709308169e-01
9.911243564480178847e-01
9.888371618773231786e-01
9.588445302769563749e-01
9.563502690644015702e-01
9.816598558796539864e-01
9.946463920304011719e-01
9.692377678790311535e-01
9.820632177144752450e-01
9.556757044027028858e-01
9.839622711885833706e-01
9.896149442103099325e-01
9.817348010948543369e-01
9.596199319480590573e-01
9.667656653486682572e-01
9.807390055278476515e-01
1.007304198360704728e+00
9.854870113959640632e-01
9.565860324213837362e-01
9.972032428112717062e-01
9.753956295524627285e-01
9.860006895868624888e-01
9.830079757641978500e-01
9.832592647778702899e-01
9.889135090996041821e-01
9.913486444410479770e-01
9.938885303006199656e-01
9.919599420421719715e-01
9.876972632502962757e-01
9.889998097147368883e-01
9.676991631221250056e-01
9.690958183905967749e-01
9.792182079987500343e-01
9.804904535182774605e-01
9.576993297216307433e-01
9.816217925051480275e-01
9.874743662285931922e-01
9.744297707810428699e-01
9.981483371530531779e-01
1.004036151149281242e+00
9.902670068930542469e-01
9.851782312826082855e-01
9.517903032066293845e-01
9.588317493159909111e-01
9.750992009492419621e-01
9.881196420495689248e-01
9.864133083107176070e-01
9.777849054380106653e-01
9.704427800033712526e-01
9.714100721055206611e-01
9.829368570412014838e-01
9.760899053970273354e-01
9.779071090076492112e-01
9.639659012348531508e-01
9.681146270185673197e-01
9.523264545696402683e-01
9.791017593393349649e-01
9.531434411877502955e-01
9.819112944591287251e-01
1.014447868846637402e+00
9.708600089143476497e-01
9.775784052689278081e-01
9.808244980493577847e-01
9.632950556130364106e-01
9.884426168629518727e-01
9.865730062100037667e-01
9.772183761153409032e-01
9.728451956341928053e-01
9.783279594587905859e-01
9.779675770991728134e-01
9.755768162240849861e-01
9.874960199930391536e-01
9.834498466520944504e-01
9.898005538422700589e-01
9.849417725289347780e-01
9.772022761519472134e-01
9.940694750192589080e-01
9.732137222111422181e-01
9.783615250173444133e-01
1.003834531873450286e+00
9.919890399881010623e-01
9.829855203907715833e-01
9.875206444537870665e-01
9.862436167608041870e-01
9.770681474593060356e-01
9.712946452129265218e-01
9.723068928554499113e-01
9.766303851531449309e-01
9.809586754391634855e-01
9.777836458654254326e-01
9.463416915689767395e-01
9.725288326627029578e-01
9.847301603482508936e-01
9.418223551279628625e-01
9.858967691149526091e-01
9.625653906121367509e-01
9.779824814222014551e-01
9.830982943923157746e-01
9.985835300800148806e-01
9.828195829246055837e-01
9.764784673863858844e-01
9.735021188280454929e-01
9.738597555630493785e-01
9.945915427417216792e-01
9.841451382350012711e-01
9.998914846180845251e-01
9.858708831047319210e-01
9.860812568985469762e-01
9.868225203727806205e-01
9.854895071265137307e-01
9.367967836776824875e-01
9.847133763001660878e-01
9.798362897598953403e-01
9.779658713288286176e-01
9.897018171930519470e-01
9.952954054607795475e-01
9.971141990933806154e-01
9.724935891347767924e-01
9.869675434149436377e-01
9.768547386435962876e-01
9.837340798693179345e-01
9.620864592525556480e-01
9.852714954284648163e-01
9.765959892250710705e-01
9.923025870209295496e-01
9.865134225394404099e-01
9.727811219943016674e-01
9.688964417816824382e-01
9.782350559322905426e-01
9.671514089258855806e-01
9.808884590147640692e-01
9.644063666310843663e-01
9.743148394816876223e-01
9.647531301457865638e-01
9.823564447004312639e-01
9.769010851679819085e-01
9.772398342045112152e-01
1.002233393261911854e+00
9.883014069192532780e-01
9.846454769357271264e-01
9.765394031617570247e-01
9.505184209779622417e-01
9.784253204499095968e-01
9.754226932977476672e-01
9.927336924368108662e-01
9.865417758160786033e-01
9.863744760089172559e-01
9.693785866159876363e-01
9.542555693190124533e-01
9.831421193017564342e-01
9.795067375574610935e-01
9.897980493820363046e-01
9.871848032741263879e-01
9.718055624868831011e-01
9.800822925109214934e-01
9.750092971310216905e-01
9.807123429952383509e-01
9.909016246516834103e-01
9.813287508410557525e-01
9.957942418950761487e-01
9.871251330411553448e-01
9.848321207628994989e-01
9.827890408263044719e-01
9.811190720913643970e-01
9.842449259430938735e-01
9.632588623745275136e-01
9.982759417460005391e-01
9.699856424227772944e-01
9.822986376240112616e-01
9.900334119099221120e-01
9.903180423279221989e-01
9.894065024867146896e-01
9.843128764789960128e-01
9.607966504306858502e-01
9.402571008953864995e-01
9.783839160566040194e-01
9.783711030177393297e-01
9.785514052885928571e-01
9.540831653787987809e-01
1.000944289066202364e+00
9.951349630666382895e-01
9.736450555073881130e-01
9.860102305921210064e-01
9.810179973483016402e-01
9.740437377311093048e-01
9.806393258944082758e-01
9.816891036222014089e-01
9.825656262032546051e-01
9.673858555418698435e-01
9.927773267591888384e-01
9.704781429166695617e-01
9.836697576890605088e-01
9.855330019191728130e-01
9.893343334039529369e-01
9.806004104327509241e-01
9.886554289268569828e-01
9.649035866898969527e-01
9.694785768839371265e-01
9.858535804258238278e-01
9.830878727269956041e-01
9.741637358160248894e-01
9.993266437716696871e-01
9.821129795772602922e-01
9.766726944693548962e-01
9.631018074597514911e-01
9.918595337086365538e-01
9.896713172675533077e-01
9.617230931176152797e-01
9.729735001790993376e-01
9.759515158579809002e-01
9.754950922698709670e-01
9.459583559805720965e-01
9.958792671205677349e-01
9.473019448020192357e-01
9.842656363672992459e-01
9.920216309569499513e-01
9.871099612363283260e-01
9.801757505069385035e-01
9.845899231685494302e-01
9.789889522151522527e-01
9.844728437384737685e-01
9.825011212924683601e-01
9.808985209360773228e-01
9.715134660992132964e-01
9.852806073790274510e-01
9.726695933256500615e-01
9.795576114397845924e-01
9.617061906300029550e-01
9.755378529506788521e-01
9.642238904753225315e-01
9.883014713532751738e-01
9.815755117661392193e-01
9.552895353965066283e-01
9.258977124905000133e-01
9.677483452776438622e-01
9.759491549988388304e-01
9.797133551809866781e-01
9.728916432901213440e-01
9.744359107173919954e-01
9.903380287479165434e-01
9.282734157237791939e-01
9.793494042622066242e-01
9.815865805404269118e-01
9.870031270696819625e-01
9.893925071878765243e-01
9.928606933539826374e-01
9.871356319960700176e-01
9.772990401344079370e-01
9.930825214344650709e-01
9.559565510570734448e-01
9.834962274321038533e-01
9.938089439248020129e-01
9.627705579070678921e-01
9.943353807846996295e-01
9.809821412088594039e-01
9.909582760751822761e-01
9.841220156965204691e-01
9.654079844212934969e-01
9.703918082837749148e-01
9.970769885123921261e-01
9.970121812735822653e-01
9.643471809558713526e-01
9.703670945636636569e-01
9.997584908731812492e-01
9.629758909392340804e-01
9.899739350961588302e-01
9.750217636643094821e-01
9.720262721860543076e-01
9.754620681129008153e-01
9.894627532520330337e-01
9.633627198739613817e-01
9.828025140695672013e-01
9.813689827317806369e-01
9.830301783126413895e-01
9.956912744528650938e-01
9.809642373481027855e-01
9.596347067949638765e-01
9.701824008387348597e-01
9.483549412227172404e-01
9.943680414023156056e-01
9.835497489272727600e-01
9.865657578395181648e-01
1.001031861938438627e+00
9.644551969363029942e-01
9.753815944437650431e-01
9.847876941836047893e-01
9.804880234526472949e-01
9.923949362506778726e-01
9.870043676678421640e-01
9.743773141831828521e-01
9.873323769630848457e-01
9.900192444392540425e-01
9.856267639838556249e-01
9.637444724974096877e-01
9.735364344398540482e-01
9.864847353315396861e-01
9.636367585954620507e-01
9.676216322942380321e-01
9.930657347212261676e-01
9.699462424537902416e-01
9.703432656394676004e-01
9.981474949567261667e-01
9.926623453862011282e-01
9.819597745885407791e-01
9.803763429021992160e-01
9.722846508239104679e-01
9.846061673472549236e-01
9.824341917625367682e-01
9.822822048359247660e-01
9.813242715615916323e-01
9.655632403092834215e-01
9.861013434551423318e-01
9.625552639830424750e-01
9.472953542492179579e-01
9.880632190082746513e-01
9.826260457109262658e-01
9.921938108483416840e-01
9.862158076407153695e-01
9.898255788212384498e-01
9.805511199553994528e-01
9.869120292608417611e-01
9.984728999752181533e-01
9.893832314222931190e-01
9.870047038164483366e-01
9.674954310024134196e-01
9.959509220328811585e-01
9.452011996842755170e-01
9.521968097296201750e-01
9.853670348736783824e-01
9.933471121332059228e-01
9.667953897676652142e-01
9.855273467347706040e-01
9.930164712549990336e-01
9.778427854077517134e-01
9.873253711932089560e-01
9.732163405161771141e-01
9.807223533724407361e-01
9.593060825449671869e-01
9.869986825351647619e-01
9.776364065215825683e-01
9.458889292123413561e-01
9.777514301270761043e-01
9.917363624267033773e-01
9.925274453831417487e-01
9.729769223269727485e-01
9.881306863176528843e-01
9.453877967987572850e-01
9.711843495931802295e-01
9.894009462852272341e-01
9.711448586729495291e-01
9.742618659749089360e-01
9.767248547740002840e-01
9.653094129644368415e-01
9.901725819033584397e-01
9.869987794500150180e-01
9.749013858593873483e-01
9.416000123503809327e-01
9.805571459057682571e-01
9.685763557267941248e-01
9.929844104303272578e-01
9.911567765228974647e-01
9.746181890677440007e-01
9.734092789028194748e-01
9.756023945395155827e-01
9.536085130678977340e-01
9.727708389116622723e-01
9.660680759806855589e-01
9.632047978072203476e-01
9.727298590219136676e-01
9.917598396039669639e-01
9.872407160635793266e-01
9.910202623453402415e-01
9.827334947682081490e-01
9.894432782011380878e-01
9.491336850703351313e-01
9.949929716683090231e-01
9.694227294381604354e-01
9.590738002814681584e-01
9.872907647979421997e-01
9.816200373825002545e-01
9.926204628946828645e-01
9.883982123504688744e-01
9.391000708300145661e-01
9.832931377449861676e-01
9.860716522856398658e-01
9.734221398798287295e-01
9.867926681329277638e-01
9.370353676101155216e-01
9.942956571963046386e-01
9.594249405227078809e-01
9.789525261260050293e-01
9.844148810579660402e-01
9.852103717621573109e-01
9.840705192099508114e-01
9.774161490328979740e-01
9.927694658290637797e-01
9.808230463445291036e-01
9.948003414714112758e-01
9.763553857883089382e-01
9.809983711698652131e-01
9.959079198347687845e-01
9.818802839300073693e-01
9.729843237827053848e-01
9.910637773275677853e-01
9.587910808237242177e-01
9.904653777653522617e-01
9.477276693472063140e-01
9.596989377293622114e-01
9.876654645268467814e-01
9.853734739873469817e-01
9.803850626489890585e-01
9.836949565867957324e-01
9.903574188153948521e-01
9.713313528174838396e-01
9.774434006359322691e-01
9.283092858582524531e-01
9.651656468124464316e-01
9.776670500658120044e-01
9.771001884054107967e-01
9.850109443547120369e-01
9.722423289876398478e-01
9.763331995059719715e-01
9.898060281453141540e-01
9.880950220990558641e-01
9.586181037809849981e-01
9.839993759815367502e-01
9.907161190655110472e-01
9.648353041350584691e-01
9.868907518320240158e-01
9.952603535080885022e-01
9.817722092783184307e-01
1.002173439348071460e+00
9.827175960293695889e-01
1.005499411902814666e+00
9.748237211828444382e-01
9.692330194459405357e-01
9.426891607807644791e-01
9.925468710350748847e-01
9.857439438560573475e-01
9.700378727689003000e-01
9.772841900835969042e-01
9.711728079109144263e-01
9.854264190082133723e-01
9.899371852370649760e-01
9.866211053678287657e-01
9.989445524786979558e-01
9.954551223244284541e-01
9.754091471164054727e-01
9.704475370910067289e-01
9.905942122329612909e-01
9.857493367099643411e-01
9.801401837496855896e-01
9.880820656542648184e-01
9.770128178407143649e-01
9.798010918480416498e-01
9.673763849097578582e-01
9.862970326788664810e-01
9.707243369958252766e-01
9.688663684316065616e-01
9.880877436497336186e-01
9.623395163658655660e-01
9.867128707517373032e-01
9.849318005396927589e-01
9.883671489850616165e-01
9.810791603503750125e-01
9.645517725810799359e-01
9.867101518968650620e-01
9.812106799160977832e-01
9.719164938761210015e-01
9.889402372494826565e-01
9.924712432787862193e-01
9.860927813626556571e-01
9.855778320907653267e-01
9.756566672200068790e-01
9.829451370405473121e-01
9.943216156889361779e-01
9.884452754454721157e-01
9.525106737152674308e-01
9.911177191818640875e-01
9.881606090270314002e-01
9.818723169114220717e-01
9.755801912047219471e-01
9.793732209545736866e-01
9.824926366668217392e-01
9.770925184969302402e-01
9.817132526000543757e-01
9.743160944781203980e-01
9.909894706294439803e-01
9.850239133157134841e-01
9.818592324092512147e-01
9.813534409359069288e-01
9.637962724574146156e-01
9.501446278591378913e-01
9.799831890037645765e-01
9.736932441417093242e-01
9.744625387909613412e-01
9.922635698824218142e-01
9.760329004973555822e-01
9.853325674036933490e-01
9.729427597853659293e-01
9.853228233209726517e-01
9.821739575101395836e-01
9.649506877499590685e-01
9.783665601270425949e-01
9.708810978770765487e-01
9.839872855367309823e-01
9.859467270103268177e-01
9.824860428397731438e-01
9.845211771918460641e-01
9.917242736354136001e-01
9.858134644204415986e-01
9.670341119706207245e-01
9.671189666482991054e-01
9.828817901308459781e-01
9.895042209692344048e-01
9.642796003988777231e-01
9.841441453386047256e-01
9.688287177034148323e-01
9.295928146987028073e-01
9.917766804460215191e-01
9.730534082968524956e-01
9.887035966436449330e-01
9.803020191659629345e-01
9.844844487810329170e-01
9.874335882284234200e-01
9.846746255356400024e-01
9.810367931487566917e-01
9.759046881409091379e-01
9.496155269422403844e-01
9.707914045169522277e-01
9.659903680359557265e-01
9.743667953116951219e-01
9.746986599323455014e-01
9.672927297564832827e-01
9.834732732611758399e-01
9.779733068661645712e-01
9.829909057872040501e-01
9.358602729922783636e-01
9.644964749763920153e-01
9.477853170641217240e-01
9.573520252890150850e-01
9.880202542533592647e-01
9.762851202461931832e-01
9.928633902606345263e-01
9.962530459317933129e-01
9.577007196527658195e-01
9.785613257359918604e-01
9.922675411146840707e-01
9.445852284672471288e-01
9.531526066846128797e-01
9.760477585515326959e-01
9.878350864777702967e-01
9.533659363513905527e-01
9.874114311647499420e-01
9.711000386089558845e-01
9.835772603331898178e-01
9.740452517688192868e-01
9.746119257329752816e-01
9.786269562897064178e-01
9.725451927533229624e-01
9.852945079723908206e-01
9.841254506206219554e-01
9.807863651944344063e-01
9.934310961777769178e-01
9.731714361374925737e-01
9.677094076400922784e-01
9.746000799890902622e-01
9.901857097532629215e-01
9.880522084396641258e-01
9.796120583062889464e-01
9.818209024761959114e-01
9.951144438001506831e-01
9.844416199518667421e-01
9.849515313044241438e-01
9.885755256152232162e-01
9.655267841796345563e-01
9.623129317834000496e-01
9.902131796681710174e-01
9.943379114595537471e-01
9.882322912059477993e-01
9.762636930687370596e-01
9.724475338005748037e-01
9.843781597849583509e-01
9.642204583335755030e-01
9.801897282744053141e-01
9.984174395197813467e-01
9.857127524875581859e-01
9.765303158456933863e-01
9.909747560096209273e-01
9.436004857520721156e-01
9.801384409493216765e-01
9.621098590062844291e-01
9.815913577236424770e-01
9.913229135588598195e-01
9.902132179963676339e-01
9.798024980363577718e-01
9.689035945392088234e-01
9.800133492201056340e-01
9.596485103628821234e-01
9.773527357788606151e-01
9.908223979849254404e-01
9.956360271823635477e-01
9.596318535807594197e-01
9.881825254922405044e-01
9.893943012970350948e-01
9.751424273279523103e-01
9.765627323890894163e-01
9.831080038314369274e-01
9.759578845707317374e-01
9.874661402049433878e-01
9.658073345451603231e-01
9.875019854768500860e-01
9.785520700717992293e-01
9.856434445043124049e-01
9.687692129672643704e-01
9.840074776723822803e-01
9.725629151499104452e-01
9.837958227886978158e-01
9.906771325552649055e-01
9.377013449556277358e-01
9.878597750602419181e-01
9.885798684301740913e-01
9.804329303540322282e-01
9.720484758003500314e-01
9.728749552166806591e-01
9.828781252575260474e-01
9.770917978181606900e-01
9.702883668404159723e-01
9.567712735742134322e-01
9.805130397211752058e-01
9.861481373464778821e-01
9.891098741442078124e-01
9.671099694790113999e-01
9.962163859859211046e-01
1.003952118077717337e+00
9.794769675840042655e-01
9.873893250025698176e-01
9.615641783933299713e-01
9.871208460406956098e-01
9.677657335552425355e-01
9.782929458303806225e-01
9.843511172404636467e-01
9.819103705078024991e-01
9.553489884901844587e-01
9.801750837337830369e-01
9.720222854484797947e-01
9.786158895120682377e-01
9.892773673587452743e-01
9.754110215512401538e-01
9.852123069358127427e-01
9.829538793781257278e-01
9.708301187039015678e-01
9.837756993272313011e-01
9.702502007071778234e-01
9.811222025490216048e-01
9.876967931720622706e-01
9.769513162095354586e-01
9.774074893795478003e-01
9.672752789546088525e-01
9.895397840514769117e-01
9.879157551567837592e-01
9.841946820201223911e-01
9.806361942339720805e-01
9.894422502071310577e-01
9.773858213875030732e-01
9.913946908341831898e-01
9.761105176130768779e-01
9.886766228144904245e-01
9.731610580456094839e-01
9.755222276577188989e-01
9.620924085330905262e-01
9.597600194891099390e-01
9.910724939754033125e-01
9.761261861471539625e-01
9.768160579248833519e-01
9.894369179338370346e-01
9.861303678282963281e-01
9.813059552854092038e-01
9.931853958055016918e-01
9.975345659658658715e-01
9.802171097434626557e-01
9.750698454901929324e-01
9.722945802039955066e-01
9.648295449116973677e-01
9.570130982303590716e-01
9.534468377831591956e-01
9.885074078683742105e-01
9.418635189080876158e-01
9.831032704997254568e-01
9.824313472987062923e-01
9.657524707228656302e-01
9.944289906051833050e-01
9.751278157662510715e-01
9.929470599480353377e-01
9.846834307445049284e-01
9.967896430539464614e-01
9.884347660060207597e-01
9.559188879667732675e-01
9.863735735694353357e-01
9.859584869718134303e-01
9.953419164984679268e-01
9.947538878974049315e-01
9.781017593710977787e-01
9.747121464291288451e-01
9.944755691564201028e-01
9.762776313754010227e-01
9.775151820198980657e-01
9.967819068697595375e-01
9.806441045491341990e-01
9.766665000398385699e-01
9.877666483607293602e-01
9.820615876237102082e-01
9.939884203681340624e-01
9.707078536302242711e-01
9.732497658539146501e-01
9.774351490397681363e-01
9.921205071272376497e-01
9.690694951931326795e-01
9.851358146292513718e-01
9.875901817389585169e-01
9.753064913710971506e-01
9.850066468083954474e-01
9.884095017700441632e-01
9.717902533558676614e-01
9.807215948172141040e-01
9.955610018834049058e-01
9.903614290027711320e-01
9.818642288707615240e-01
9.849542222332920982e-01
9.739088975044852825e-01
9.849676843933404813e-01
9.814068869812933027e-01
9.550870760080255595e-01
9.906579613000634499e-01
9.919561123679475623e-01
9.834522852693742268e-01
9.647997181261070976e-01
9.819281898156998478e-01
9.876715824729717097e-01
9.629927184691529085e-01
1.001133482984884582e+00
9.834605715419244554e-01
9.750083405721343688e-01
9.820459212519777603e-01
9.541625884674254099e-01
9.837808987547360662e-01
9.797486164443816037e-01
9.599820004858906630e-01
9.582215613924769393e-01
9.571078989774849388e-01
9.741377219679965282e-01
9.864390336764640166e-01
9.491947392372303005e-01
9.700276253658428605e-01
9.863561431457255058e-01
9.719832932717754614e-01
9.825799362040914531e-01
9.888247466262899410e-01
1.003488136920832607e+00
9.839386243222701944e-01
9.771654088605179478e-01
9.687858359404882824e-01
9.541471887132471075e-01
9.837743440799074923e-01
9.841389810912339886e-01
9.745637846678624205e-01
9.580166017442006687e-01
9.633448116128283667e-01
9.508200672391062813e-01
9.751738137912182580e-01
9.782882919314089820e-01
9.824037118481682151e-01
9.905270997805339928e-01
9.910454184471186867e-01
9.923630523531860037e-01
9.848478724187224032e-01
9.699874074148495673e-01
9.865460709843774101e-01
9.841742405129825233e-01
9.720707180716693374e-01
9.806369267308544524e-01
9.549108625578063281e-01
9.690751399906480934e-01
9.852862703819388335e-01
9.866758555192598479e-01
9.769870958781883274e-01
9.718376871434127873e-01
9.834732869620402829e-01
9.554857331002497567e-01
9.750125924496025887e-01
9.692731126575937495e-01
9.841117719114742535e-01
9.863665828036370931e-01
9.894153720572489430e-01
9.786705369698746049e-01
9.919386040151861872e-01
9.892935591888875058e-01
9.735354468876810108e-01
9.855929954296254181e-01
9.956146047792122644e-01
9.801779723961780988e-01
9.855787318113052864e-01
9.890208299963686445e-01
9.716819422586618904e-01
9.902699788869814279e-01
9.757452388200796856e-01
9.924683167658258087e-01
9.741544119668781310e-01
9.899213274557984166e-01
9.680569621226602361e-01
9.867732296560913774e-01
9.945923369421806326e-01
9.657316552614999550e-01
9.762555950066289512e-01
9.657430964083459912e-01
9.844520794689400889e-01
9.766414004313067609e-01
9.901342811570151836e-01
9.855685035558515716e-01
9.504878221159270835e-01
9.882103002597949493e-01
9.776183221157155323e-01
9.790727619741873555e-01
9.818430375446367542e-01
9.908127119075483824e-01
9.772680796660120350e-01
9.857902060469758698e-01
9.663464105437683527e-01
9.873151510776653206e-01
9.826720447789097923e-01
9.828572369963551880e-01
9.811966704727614896e-01
9.613763341585069844e-01
9.781458231292963212e-01
9.761835059611112531e-01
9.685496905461213890e-01
9.950104145852821658e-01
9.854540851067105089e-01
9.775828074173810167e-01
9.898424609003058094e-01
9.798817285451940640e-01
9.808796895831358720e-01
9.919487460041199745e-01
1.000934043785476568e+00
9.830091011165866810e-01
9.842229618455264895e-01
9.864146065103308603e-01
9.511603278150101426e-01
9.659362190796730863e-01
9.784462116700379797e-01
9.812476660311056920e-01
9.890651062438847729e-01
9.798611070558113090e-01
9.559848594605828698e-01
9.632604520682973570e-01
9.680071210074713273e-01
9.737588316108586328e-01
9.555134740750806932e-01
9.917763365210211512e-01
9.986491831493148341e-01
9.694096292527955017e-01
9.948938894448159376e-01
9.755144398421774499e-01
9.984057655816377386e-01
9.818443902976552451e-01
9.859079543006689095e-01
9.227826302422483806e-01
9.991838562777655142e-01
9.733502187324505339e-01
9.875987443722791248e-01
9.964760500404846733e-01
9.825466246454565011e-01
9.874810293757076973e-01
9.924586713210779010e-01
9.942775763570173009e-01
9.802634089370266812e-01
9.842197942555601653e-01
9.791619620919025380e-01
9.570164034270007836e-01
9.858304616140466381e-01
9.853424180419213529e-01
9.810055776548305406e-01
9.842558779387819978e-01
9.841457416623303756e-01
9.640903969787766314e-01
9.863760486826957941e-01
9.697886478780514130e-01
9.730415812432178235e-01
9.657561125217716258e-01
9.732494894912864236e-01
9.908821050057485813e-01
9.877909634292781904e-01
9.727735739645071433e-01
9.946227301994916559e-01
9.822656163755846270e-01
9.685449262013037242e-01
9.911915797163191044e-01
9.802725521755785154e-01
9.927777900035028580e-01
9.758210544299920075e-01
9.720549796209088100e-01
9.813566366242967298e-01
9.760478422096567908e-01
9.823622364474191571e-01
9.698006554612852437e-01
9.711239366711313936e-01
9.904465031273870235e-01
9.835437516374361255e-01
9.643563375892150180e-01
9.762460324713806425e-01
9.799200017530549367e-01
9.714733654126413986e-01
9.814769676676983190e-01
1.002349053902084508e+00
9.883597574145537301e-01
9.915547408871360213e-01
9.907210822493133229e-01
1.002876297358359814e+00
9.927271666038676168e-01
9.849953183992133932e-01
9.713916450839784611e-01
9.797226360265366418e-01
9.953199478507368525e-01
9.568277191233103274e-01
9.904398073559191884e-01
9.577221703821962029e-01
9.821271690151008871e-01
9.709736775933298647e-01
9.778395376181088228e-01
9.485387725012172089e-01
9.847329955783947764e-01
9.777315314406060942e-01
9.822056701816090918e-01
9.942761605205004960e-01
9.769244750111772957e-01
9.858788351626799340e-01
9.742289148175705682e-01
9.834740099051917372e-01
9.655397059499751800e-01
9.907553547179716036e-01
9.835167015025112480e-01
9.936623182890078620e-01
9.794827107041675918e-01
1.000176199883793027e+00
9.819598364330460738e-01
9.965690759535059673e-01
9.775415131903172350e-01
9.607377609340064240e-01
9.950478878460387033e-01
9.760092737538162977e-01
9.663836162809128494e-01
9.884456251432895968e-01
9.647347756388074957e-01
9.786192058806373328e-01
9.819312410822147452e-01
9.765493072085023041e-01
9.734149272292149657e-01
9.851652637137969792e-01
9.640040637916812427e-01
9.898071770168849204e-01
9.913525720925550067e-01
9.701788712785006652e-01
9.607287124199598294e-01
9.695744398564879463e-01
9.535197533977279871e-01
9.831248046622332870e-01
9.818050794695561967e-01
9.850163757090676375e-01
9.747286630199269997e-01
9.828639960685362498e-01
9.696060394972184637e-01
9.858522797228367329e-01
9.921527088512931414e-01
9.882299405166271589e-01
9.934331336393042999e-01
9.865089009381909912e-01
9.923558746132752351e-01
9.797961376662013278e-01
9.918023735738302760e-01
9.603122333354224827e-01
9.850662972591434086e-01
9.827229116492313121e-01
9.777089611999889573e-01
9.781055550212682803e-01
9.865170387849999667e-01
9.680476501064186889e-01
9.652942089834921635e-01
9.918673272262733542e-01
9.701322594155964429e-01
1.013668374760468227e+00
9.774287352099167991e-01
9.838432254545788069e-01
9.918204417277032281e-01
9.667610025198726253e-01
9.704457401672553774e-01
9.884627539309240873e-01
9.692428199403879674e-01
9.509895117332824999e-01
9.816963458035549150e-01
9.881419625342019453e-01
9.726437053444524361e-01
9.667752839535979081e-01
9.910486350308093106e-01
9.771092560276278816e-01
1.000622679636218093e+00
9.782332562516238283e-01
9.827717454841063960e-01
9.707287738028939073e-01
9.620679771583979800e-01
9.913946544024203611e-01
9.809642697076478290e-01
9.975226405300219312e-01
9.885840528447091824e-01
9.793523726873365476e-01
9.817782753927689621e-01
9.828646096846461733e-01
9.873113059920521906e-01
9.659480642012803209e-01
9.878708668012328165e-01
9.815704980899370158e-01
9.845632434103438468e-01
9.537141426375930209e-01
9.837597755758050733e-01
9.866202335421677683e-01
9.569897191619425314e-01
9.896996451740832645e-01
9.880560953208046282e-01
9.620939505102595879e-01
9.821274191796270925e-01
9.712300913048464990e-01
9.689483016066683385e-01
9.927497891586275491e-01
9.981261142921924456e-01
9.763764920431725614e-01
9.724019578019056365e-01
9.722219073120642596e-01
9.795084932129763944e-01
9.683199484977363936e-01
9.726930241015452339e-01
9.791761641604015409e-01
9.891565819883820776e-01
9.750966683512553024e-01
9.879986345305066253e-01
9.663685035867872752e-01
9.724825794646257959e-01
9.699738931328948377e-01
9.695399007792375734e-01
9.838379575218334505e-01
9.732166365905127181e-01
9.905842797902335573e-01
9.834033998693936240e-01
9.872964666758656804e-01
9.762914522860481892e-01
9.708597832471339562e-01
9.659268784611468872e-01
9.784537359176505023e-01
9.696807052696588825e-01
9.737246141152031687e-01
9.695533786963934642e-01
9.820879730175949840e-01
9.800501910956803675e-01
9.620900447403055722e-01
9.706556615186272552e-01
9.819997717098416512e-01
9.949658070877444027e-01
9.843966222993990600e-01
9.793616482517891741e-01
9.740568682642064546e-01
9.705436062626767724e-01
9.620032976844350436e-01
1.000476504376204723e+00
9.910649710422926306e-01
9.924968759353186565e-01
9.782704767862203665e-01
9.839746838603198320e-01
9.822917183213943915e-01
9.752429304243275254e-01
9.591101224080070820e-01
9.905615051218926714e-01
9.818621955241003674e-01
9.959903032465881045e-01
9.580733555025122694e-01
9.493965659488297071e-01
9.937105711917496587e-01
9.848576386711623831e-01
9.828360116312698791e-01
9.850957358233081163e-01
9.490658681945496333e-01
9.522709509319641219e-01
9.745477561775737207e-01
9.741053342414099925e-01
9.666378691880468388e-01
9.658823585278425439e-01
9.909534828696363595e-01
9.711378764534983610e-01
9.838639959139990898e-01
9.921538511054197595e-01
9.908878702713617148e-01
9.907333407850020812e-01
9.873868833888532759e-01
9.836271810079919575e-01
9.918512337136492496e-01
9.806530275719834711e-01
9.728196572568917899e-01
9.904319115167783405e-01
9.499426058593701816e-01
9.682007103533387671e-01
9.866086846460400128e-01
9.839552251063699018e-01
9.947161053234611083e-01
9.835813838581096702e-01
9.826130245105549887e-01
9.961408091943690923e-01
9.512622077693335676e-01
9.686206972212527688e-01
9.827218591845178208e-01
9.847901994438450490e-01
9.852940105002168103e-01
9.880113778563338611e-01
9.816147400497221565e-01
9.807568907768673405e-01
9.757360715292919817e-01
9.699074117465595890e-01
9.573943964941893370e-01
9.238167384346561706e-01
9.792401157371136700e-01
9.733146003120622947e-01
9.471316515206610331e-01
9.503558186661766882e-01
9.675103292374686026e-01
9.775813007121908482e-01
9.917174652626536968e-01
9.678214416416305310e-01
9.917835012999409727e-01
9.876246453178416651e-01
9.597341408011667019e-01
9.847667916823570344e-01
9.932388163629987110e-01
9.909775727356195940e-01
9.726644943000695154e-01
9.624205651793166227e-01
9.758609312117090262e-01
9.844334192917399973e-01
9.907315747089183722e-01
9.960038868681702073e-01
9.755674537506638933e-01
9.819066313031383775e-01
9.878513139688733791e-01
9.769134510148926864e-01
9.890682103749779408e-01
9.717766908088498745e-01
9.877176241740285301e-01
9.699116711177624417e-01
9.853899189776190726e-01
9.742438190554369992e-01
9.919122317275027578e-01
9.931963373351632152e-01
9.742081190920860445e-01
9.875520300827961284e-01
9.771840546442469577e-01
9.918122959868279631e-01
9.843843136213985545e-01
9.809632675944996993e-01
9.664642535896119657e-01
9.751378910803888411e-01
9.458290290470894313e-01
9.861008329768540248e-01
9.781588397862052142e-01
9.990660634199343137e-01
9.761315088174310484e-01
9.533372778786496360e-01
9.640342506421250013e-01
9.926536660585653093e-01
9.872427751406163132e-01
9.938765151429183042e-01
9.895757255236298233e-01
9.947771746143864169e-01
9.839705375105959329e-01
9.484451905179150932e-01
9.620267387815634175e-01
9.672708524445413625e-01
9.966274119638011131e-01
9.657981819706641380e-01
9.866709291480718624e-01
9.990104059233244627e-01
9.968422109522279140e-01
9.852662736920909659e-01
9.920570504089536445e-01
9.951239403646987558e-01
9.854770212176164890e-01
9.833864467528709019e-01
9.812550603761447388e-01
9.897316173026012853e-01
9.756108338454684281e-01
9.787945721888723360e-01
9.618341752946368839e-01
9.705161928666250493e-01
9.915001322917056381e-01
9.740508973772437074e-01
9.777163687829422134e-01
9.773890148643356035e-01
9.900019668166445408e-01
9.831065500678722868e-01
9.661843719103856420e-01
1.001677306014413071e+00
9.712466582637419021e-01
9.690339986719127552e-01
9.870334149002005786e-01
9.704294893595142302e-01
9.711661366017285690e-01
9.884853239837474437e-01
9.969281693315689141e-01
9.649873013042866710e-01
9.630615032148923671e-01
9.967661777462082373e-01
9.738837165296696519e-01
9.667367961250327157e-01
9.873913182565344782e-01
9.899338985673435953e-01
9.688644197620455145e-01
9.747889175782038507e-01
9.809578414518481670e-01
9.922238710764214042e-01
9.700201015824115869e-01
9.964300183824230661e-01
9.634582277000872663e-01
9.896612645819291565e-01
9.486358847831628527e-01
9.921824064342750216e-01
9.625270638538844237e-01
9.911050968811959683e-01
9.784276591096504605e-01
9.585687853922716384e-01
9.850467950772956449e-01
9.559673045705955330e-01
9.590967488394287477e-01
9.791026312426588385e-01
9.755992068222895108e-01
9.539033886944913165e-01
9.741691348500198799e-01
9.898814387608705356e-01
9.692048414626421859e-01
9.803281336199630713e-01
9.873309283996052343e-01
9.856778065199632843e-01
9.843470056251831801e-01
9.804809725003013066e-01
9.680160908548678389e-01
9.483213909393326535e-01
9.847465498755488822e-01
9.826695077573676107e-01
9.466121905164287531e-01
9.787431884788188041e-01
9.576405133126230096e-01
9.731603451428741947e-01
1.005774435109183518e+00
9.499629414562409391e-01
9.779775960023799897e-01
9.878918131261982261e-01
9.952079479184697819e-01
9.713993098794974079e-01
9.695116424673785316e-01
9.792299517786614560e-01
9.855729846184043685e-01
9.928166412839213306e-01
9.766617437608201557e-01
9.888244568851407568e-01
9.930942540141045605e-01
9.887483119398545739e-01
9.883887781453044585e-01
9.806813190467065233e-01
9.901305548993966088e-01
9.857442380818114414e-01
9.899231188261791159e-01
9.940817872592928595e-01
9.687498553594412476e-01
9.989533463776708588e-01
9.904295681409933660e-01
9.696113667125605406e-01
9.852751728012073551e-01
9.821432802656506755e-01
9.632825388975934100e-01
9.753429790466103810e-01
9.645290100190897498e-01
9.145652432877335869e-01
9.715331457873680465e-01
9.897522833351982685e-01
9.644107362194788147e-01
9.893236769573590106e-01
9.915186228376733357e-01
9.911877764117607015e-01
9.705984438119391600e-01
9.563488506079489415e-01
9.947492908434240055e-01
9.957106295142754693e-01
9.939691708188889141e-01
9.882613611026367373e-01
9.472164546218003744e-01
9.798568990973278714e-01
9.878123387058875826e-01
9.821479679346671876e-01
9.751683545859555213e-01
9.881451199924217166e-01
9.866378067108916294e-01
9.887112907001545103e-01
9.847383281527676280e-01
9.804730388127377294e-01
9.918699061010713969e-01
9.780508083680646836e-01
9.886979990123422324e-01
9.673907835829546054e-01
9.508085718916197138e-01
9.889315352100179757e-01
9.769406763629501222e-01
9.691122672878611510e-01
9.553270685347060587e-01
9.785765299387246818e-01
9.731936995219054864e-01
9.821194171546060447e-01
9.910515445244654220e-01
9.705606936585396971e-01
9.823714390746541847e-01
9.782310274969835406e-01
9.817393525623494543e-01
9.767216322282755714e-01
9.737238084087286305e-01
9.900047405128874489e-01
9.760371062896266992e-01
9.906202440962902367e-01
9.879132713668600241e-01
9.817605900281006770e-01
9.824643340889712695e-01
9.786406388525324962e-01
9.795523045765689441e-01
9.650735166414625699e-01
9.781723757377167594e-01
9.916632484185076146e-01
9.890067054968200155e-01
9.791729358728046284e-01
9.476524229603975336e-01
9.697658825800309357e-01
9.883464018801785267e-01
9.870054791097815361e-01
9.646071182347469852e-01
9.392171282549405253e-01
9.877527933827826567e-01
9.744366536998900763e-01
9.794750178223645687e-01
9.732195882695868772e-01
9.943620019853278702e-01
9.874255084059319065e-01
9.849744949087863022e-01
9.595173135703553013e-01
9.752277047719032366e-01
9.431765185404136220e-01
9.534548903188045932e-01
9.900745440437455080e-01
9.819219943122701189e-01
9.367242846252619159e-01
9.895907665626745287e-01
9.581968998245901092e-01
9.750826917386887782e-01
9.977960742095464131e-01
9.765553393554281536e-01
9.868546995535955046e-01
9.903826766061135656e-01
9.571438335397357555e-01
9.983742095295348173e-01
9.872348592891645458e-01
9.972698971669448076e-01
9.461253614462132866e-01
9.851222062485038844e-01
9.820560176059169866e-01
9.854921380199623826e-01
9.799442946362197926e-01
9.813632236748286441e-01
9.923321535431167684e-01
9.515914146472380652e-01
9.910261067265471180e-01
9.799785627574443270e-01
9.934663059546293695e-01
9.842809121776568970e-01
9.902767537420299471e-01
9.748266871883236595e-01
9.842407060216953330e-01
9.843972484456096073e-01
9.746114050856058419e-01
9.919237353125526235e-01
9.905848449525880284e-01
9.893452736060689423e-01
9.844654221545938722e-01
9.729210901578608794e-01
9.900210403678424420e-01
9.767635311084169603e-01
9.777019908824619021e-01
9.704811357895566371e-01
9.841850905465134858e-01
9.910638090603434147e-01
1.011724639711959250e+00
9.765644049672749238e-01
1.007117704834513683e+00
9.913838761109561304e-01
9.675132447304244376e-01
9.858207068100096615e-01
9.616945459981732780e-01
9.895542780327333254e-01
9.848289518490530581e-01
9.740561165413728073e-01
9.841287783702057368e-01
9.938217390264266760e-01
9.967432995544350804e-01
9.983689129983748245e-01
9.870800384722691057e-01
9.885819518861844735e-01
9.770092599135355993e-01
9.876191252362953588e-01
9.729831049385035957e-01
9.790574400324464355e-01
9.737290908808456935e-01
9.904925328632612214e-01
9.842081004929628119e-01
9.857521570059855076e-01
9.413391871151925994e-01
9.854010571976824506e-01
9.890356695126498732e-01
9.850693809022812442e-01
9.618621542348909648e-01
9.900852103130893811e-01
9.814316376710787715e-01
9.581880145994100539e-01
9.804977039872527778e-01
9.789743738845364529e-01
9.663342464347914884e-01
9.723576844869500357e-01
9.716493527823745202e-01
9.618206772505191182e-01
9.864165700394528224e-01
9.876470993385161323e-01
9.753923734082056152e-01
9.297266574594765798e-01
9.643412738864444167e-01
9.741752357148503183e-01
9.910946269782749951e-01
9.860609342302300018e-01
9.857894029427644034e-01
9.623775103044999168e-01
9.808042116128535826e-01
9.904379681822921278e-01
9.988186511562145986e-01
9.761429337898966940e-01
9.820125249302371628e-01
9.530591451419192506e-01
9.761952603008020590e-01
9.891332322764241347e-01
9.845065490011492004e-01
9.557809804200658732e-01
9.691324147678694878e-01
9.861944754242391031e-01
9.877406998207558519e-01
9.807391644913617812e-01
9.858503809432677123e-01
9.526658499071694042e-01
9.902831505573936877e-01
9.854452538504513415e-01
9.827431448371982681e-01
9.698161213087853616e-01
9.740952003560856554e-01
9.865236140033712964e-01
9.994003213005351327e-01
1.014844273777916195e+00
9.681610137238977343e-01
9.886768213615162448e-01
9.901492229474352369e-01
9.973534542654544088e-01
9.872779949910075459e-01
9.791269469523254942e-01
9.773995596814396558e-01
9.812207613021205477e-01
9.610750303113483328e-01
9.705889305139431267e-01
9.812500705479962892e-01
9.831942146508663161e-01
9.585610126556871613e-01
9.970641335378098713e-01
9.760889480156194065e-01
9.848407644646699488e-01
9.878072822424176502e-01
9.820804624226273649e-01
9.876231510070656583e-01
9.758358614093852745e-01
9.784343662819768861e-01
9.825295815406447364e-01
9.863519346547735545e-01
9.708961315036606088e-01
9.893990219240152983e-01
9.587003888626863812e-01
9.749081993430608328e-01
9.789490908497712196e-01
9.731859688393907915e-01
9.795978434547820690e-01
9.850888437437951284e-01
9.852411273550760740e-01
1.015964966171956529e+00
9.781897589602025489e-01
9.822956772884733345e-01
9.858701862169099162e-01
9.978797917846897736e-01
9.932112691291300477e-01
9.791445161682579279e-01
9.852653869215330928e-01
9.677402736393970750e-01
9.652884571858668661e-01
9.652950471193444404e-01
9.867781496132392860e-01
9.677229242621453453e-01
9.884831172678686384e-01
9.996922435829692644e-01
9.929102504404673235e-01
9.589178247669146726e-01
9.766409228166375023e-01
9.840675194191466080e-01
9.559306692186763099e-01
9.711326323314956044e-01
9.966464865225881375e-01
9.566930906277431035e-01
9.714857044534759289e-01
9.889303952120038765e-01
9.849415365277758294e-01
9.903889584649302469e-01
9.657453181983322033e-01
9.776544703712856110e-01
9.801418698759504222e-01
9.624251424071095240e-01
9.657796266494145243e-01
9.514865185234897549e-01
9.964728733991687903e-01
9.713354448466651192e-01
9.762214369752578724e-01
9.636031872031506351e-01
9.572959121063735477e-01
9.721884848665577339e-01
9.839773588660426507e-01
9.413120058967267001e-01
9.801382394995384884e-01
9.747339732521175248e-01
9.799519526326281316e-01
9.910794227442322191e-01
9.791044564332086475e-01
9.865798518573870579e-01
9.888182397038655091e-01
9.830654311439388504e-01
9.840591737314999810e-01
9.835946558098863646e-01
9.699620593316689021e-01
9.851997144582042010e-01
9.822167011782220181e-01
9.835400191284657812e-01
9.865209420440577137e-01
9.893389116954411922e-01
9.910758127319349020e-01
9.609388878569683490e-01
9.894120895051933262e-01
9.916538698355883419e-01
9.904284047416542780e-01
9.934488273385888579e-01
9.688003469513252197e-01
9.880943457767968896e-01
9.606766874067627082e-01
9.772611998752553930e-01
9.852216793907343506e-01
9.417950183593268854e-01
9.661695814245714331e-01
9.993768143425411088e-01
9.798199133476944711e-01
9.791100261816857442e-01
9.941740051110101728e-01
9.917247222960319242e-01
9.913568598727219294e-01
9.814103717841974328e-01
9.645508306077568150e-01
9.989299117693558605e-01
9.860852463856297767e-01
9.342078154525020883e-01
9.947874722886944632e-01
9.759785032352388257e-01
9.525088826554942711e-01
9.708024149455778407e-01
9.768113377538171216e-01
9.876163505087489636e-01
9.934105668238836229e-01
9.744546214782705551e-01
9.740080372990942426e-01
9.741895528187911601e-01
9.886665444211600873e-01
9.860350004634631516e-01
9.743570576175454301e-01
9.803225847368627344e-01
9.857308282471445304e-01
9.854227732690042929e-01
9.601199701243536833e-01
9.947934037625157933e-01
9.618294425986748664e-01
9.839609905845095872e-01
9.764259885554726903e-01
9.951297233438560763e-01
9.728470246810042577e-01
9.789863798533188222e-01
9.951675824659098613e-01
9.589008965015909380e-01
9.699988149903289170e-01
9.859207603127475572e-01
9.434248193125520654e-01
9.813683868081969353e-01
1.014959434177763686e+00
9.724466137853803316e-01
9.639401098445561367e-01
9.800358080721591758e-01
9.863466361900173895e-01
9.940622689818818802e-01
9.789915684119069317e-01
9.759291120998401237e-01
9.950151866599281636e-01
9.721491618173790927e-01
9.693702993996829997e-01
9.785812083330299727e-01
9.539813024106338357e-01
9.854221754754368678e-01
9.585332816572639247e-01
9.975961143732621217e-01
9.807532433727673693e-01
9.847107403230479505e-01
9.759302377613485735e-01
9.847647241553744157e-01
9.699707605412851708e-01
9.869552099772026521e-01
9.707013349694844084e-01
9.605116396022894687e-01
9.678763820249030037e-01
9.926289492017016380e-01
9.880544141766931521e-01
9.913264269808886864e-01
9.716956631972777370e-01
9.890129988780848036e-01
9.809324967219353875e-01
9.799686952880698465e-01
9.832336293253604032e-01
9.736951335471288882e-01
9.644160806065084079e-01
9.861381167572714768e-01
9.884591962847705249e-01
9.683926289918293184e-01
9.752585256547258163e-01
9.557043459946136243e-01
9.854917940856150471e-01
9.922065589977967504e-01
9.784842548293012365e-01
9.840838994033130893e-01
9.814802133849410692e-01
9.874749703634104758e-01
9.836412867393813375e-01
9.807523853131374647e-01
9.670048603272818344e-01
9.891550568161459056e-01
9.800040237658057540e-01
9.905605496011994360e-01
9.828132981842135907e-01
9.762402227364963547e-01
9.921833084240824219e-01
9.718817029462929469e-01
9.688880062968268092e-01
9.366122347279175475e-01
9.784057055823629501e-01
9.870412498852784156e-01
9.483564118085443528e-01
9.942054567801443810e-01
9.656422169454047522e-01
9.530861445225285999e-01
9.937962616668930549e-01
9.992830771295930781e-01
9.703705671115249176e-01
9.682688011520644844e-01
9.753538112576698449e-01
9.779564460084678723e-01
1.011587993014065212e+00
9.812801572512792614e-01
9.874482165424246505e-01
9.521649029989651680e-01
9.853162601220530892e-01
9.628290217820624219e-01
9.900508735278437111e-01
9.887624836178380283e-01
9.840135493116678456e-01
9.892307857378945801e-01
9.840966511872724087e-01
9.825645833939539164e-01
9.698570164165886132e-01
9.698563242825971598e-01
9.695593962438308067e-01
9.519576345634350734e-01
9.783621029536702096e-01
1.042386236547858447e+00
9.668894185884551185e-01
9.837128563817902904e-01
9.648370115294474525e-01
9.537286368856694452e-01
9.811378513462200024e-01
9.822664233207808460e-01
9.639351427845787024e-01
9.759271280596198972e-01
9.846362673123771891e-01
9.844536419628233670e-01
9.871095857842983046e-01
9.727867526424770483e-01
9.837980039605463967e-01
9.901219301825894270e-01
9.885778134395950545e-01
9.898603907234428956e-01
9.873995153846776285e-01
9.864860701010628175e-01
9.797523032102709584e-01
9.705346309361784218e-01
9.815485873168748876e-01
9.913475559818735183e-01
9.716941786180177676e-01
9.855563784229850466e-01
9.698813268921266939e-01
9.720778128657190376e-01
9.664128291033187157e-01
9.706208430362632811e-01
9.878387188132968788e-01
1.002690972158928107e+00
9.801385802689215332e-01
9.864732557425902604e-01
9.640614908752139778e-01
9.737227255390039637e-01
9.458979705729870791e-01
9.826543574129573688e-01
9.713454355612778368e-01
9.919080669271239659e-01
9.872813396657841301e-01
9.675680369875552245e-01
9.903364336773806675e-01
9.657912756884724503e-01
9.696107964776481403e-01
9.933964731204060206e-01
9.538482139685410255e-01
9.947704063109150674e-01
9.754322325449354958e-01
9.898460624219860282e-01
9.743554673663052945e-01
9.805254808105317021e-01
9.636637596953507856e-01
9.835679577806986096e-01
9.798518877335162802e-01
9.842934651455205186e-01
9.830213948939124924e-01
9.736570325891472644e-01
9.862451986514571001e-01
9.661638424867663444e-01
9.764647346094225133e-01
9.657972491150778049e-01
9.843015618932536848e-01
9.913098216803933882e-01
9.885925652607994163e-01
9.788971017279123332e-01
9.874759914128685701e-01
9.883602226699016446e-01
9.806549545861699135e-01
9.684183723735562133e-01
9.560122046587732347e-01
9.695033456050541343e-01
9.470300615572997405e-01
9.634592700073389970e-01
9.840487344650298285e-01
9.682077215343145582e-01
9.912236484256743418e-01
9.949107201565857705e-01
9.662087916930078846e-01
9.780166093484792267e-01
9.527244589348269344e-01
9.753743148443829725e-01
9.783314772511734203e-01
9.824829791021253422e-01
9.630291718617439711e-01
9.839142343466981133e-01
9.906450834702349439e-01
9.508952662211602735e-01
9.952940635754642384e-01
9.611973499818473599e-01
9.866827910657526290e-01
9.630711692208361319e-01
9.548385121500111428e-01
9.713833571731210759e-01
9.692250199785499287e-01
9.739355221418694031e-01
9.837573161027242108e-01
9.792787445889216125e-01
9.859225974007729265e-01
9.884648809846846573e-01
9.577311855011300112e-01
9.875234760754821872e-01
9.862048491830314179e-01
9.790041186082883984e-01
9.845652340003212544e-01
9.900295170564644698e-01
9.406812526887381454e-01
9.823827116532241055e-01
9.668023557995026884e-01
9.853213502308271199e-01
9.868353600466343023e-01
9.945657721436360621e-01
9.959789414780296779e-01
9.736545976274518788e-01
9.858674176183693794e-01
1.001865378890474556e+00
9.597323814332888725e-01
9.866103398946134417e-01
9.646926825892221391e-01
9.872329539150458411e-01
9.760797991746660296e-01
9.906270206975447135e-01
9.881506162797437653e-01
9.879244910625387677e-01
9.897375771665978261e-01
9.585974457364829782e-01
9.770314744779345917e-01
9.763274912484335433e-01
9.528687699263576061e-01
9.879374437796151209e-01
9.830788217911036186e-01
9.757917698016452812e-01
9.544945636375739006e-01
9.447403587609969344e-01
9.822363649512692030e-01
9.762921639873137769e-01
9.833380914443201615e-01
9.784571491190234838e-01
9.614079741126574374e-01
9.978866991467070235e-01
9.832475346648301695e-01
9.482586467965871124e-01
9.885294399675923493e-01
9.874759662731646959e-01
9.800208557808173238e-01
9.736887284144642996e-01
9.925009801961106604e-01
9.848705207060067801e-01
9.901136291121349631e-01
9.890195694231732615e-01
9.801109792650007924e-01
9.738304664351655759e-01
9.562052159962209918e-01
9.765051972318741225e-01
9.873307285608966533e-01
9.850780870698798708e-01
9.833156201105307526e-01
9.499631193694427767e-01
9.919771486139453698e-01
9.917070242420968906e-01
9.804713116299489384e-01
9.119418615494330194e-01
9.764228964326847615e-01
9.865918464035626778e-01
9.834771358757402604e-01
9.847087046269690225e-01
9.878750210558191469e-01
9.871818259490081626e-01
9.731660840674557500e-01
9.720934289052423072e-01
9.915701260472598033e-01
9.814322923747577088e-01
9.716232662966429734e-01
9.822944876748157528e-01
9.701949479385489905e-01
1.002341485980145830e+00
9.830309030515632651e-01
9.867922252869588684e-01
9.712228312104763672e-01
9.625726085840020652e-01
9.924205390936549076e-01
9.877388760081708963e-01
9.767654323129298932e-01
9.474751196404318510e-01
9.784113206936129181e-01
9.865100966469773081e-01
9.884258068273439335e-01
9.676148376962850906e-01
9.861464408586102515e-01
9.941939192365668587e-01
9.856366310812346709e-01
9.735644723613363638e-01
9.738482104688651608e-01
9.803142982950773243e-01
9.969797357552178108e-01
9.676662315409224613e-01
9.672498845621234631e-01
1.001850453627574966e+00
9.849900928103911824e-01
9.941556376286680985e-01
9.829096302556972198e-01
9.904797963842230102e-01
9.902830965513953476e-01
9.420799639313005569e-01
9.932710164565826672e-01
9.506235780735743379e-01
9.896962186017648211e-01
1.000693075605193050e+00
9.839639077198625294e-01
9.949066533276095248e-01
9.755044598868909400e-01
9.698952218790111157e-01
9.797168709878756321e-01
9.807737337995976468e-01
9.867942444396562429e-01
9.795503572078574361e-01
9.542549565123861210e-01
9.838238953975949608e-01
9.907710243900420544e-01
9.653283637775452730e-01
9.589211856527714017e-01
9.835153580085528313e-01
9.843582263772765462e-01
9.760024094645624038e-01
9.852169530683428933e-01
9.652890383032460830e-01
9.811631421361585170e-01
9.900329285647109234e-01
9.945185029051082370e-01
9.832560676481310047e-01
9.693851911629398632e-01
9.876654886339498729e-01
9.819198959557264850e-01
9.781812198510546619e-01
9.756576248502839555e-01
9.740004428757298438e-01
9.794854714293601550e-01
9.828386949527028182e-01
9.856257800918821754e-01
1.001410131817631388e+00
9.903574288137220183e-01
9.901604337400727873e-01
9.754147529993554278e-01
9.711436710047798293e-01
9.785597709006585987e-01
9.980927239417153318e-01
1.002624174406585800e+00
9.766250110905380089e-01
9.810455106867235209e-01
9.672092778270822144e-01
9.862125732193766092e-01
9.834879913870512302e-01
9.616418428918359629e-01
9.799994663224611546e-01
9.854006984870452568e-01
9.822120290075385673e-01
9.487380975780640435e-01
9.826136979205929434e-01
9.602777591539132240e-01
9.604137769602522079e-01
9.751660849343629645e-01
9.702402826227912724e-01
9.682270281220858310e-01
9.815769126626746610e-01
9.952100259158266349e-01
9.791283370372301231e-01
9.871441220363380564e-01
9.727329397011155177e-01
9.785206807929264228e-01
9.752171948855966610e-01
9.471056034478764207e-01
9.823145148374495816e-01
9.608628174265241295e-01
9.804818645920738707e-01
9.912791811370678108e-01
9.783329828844095077e-01
9.707212283465971314e-01
9.945207503136340721e-01
9.461411323892024994e-01
9.839163877985932505e-01
9.769690080873153493e-01
9.567012336367483050e-01
9.599388919736963066e-01
9.679638780746164795e-01
9.950472269566601469e-01
9.725935904137398280e-01
9.628065215456593773e-01
9.766389221907473273e-01
9.535761211628582812e-01
9.789799109628227747e-01
9.709635512373417932e-01
9.663181572667061126e-01
9.950822150989114823e-01
9.835720108132012252e-01
9.694419227436049669e-01
9.802030866796965780e-01
9.871753547227369863e-01
9.625174498925453959e-01
9.836341331454018233e-01
9.932565291113085726e-01
9.745867956770017937e-01
9.738299442389651839e-01
9.861019653965611420e-01
9.716418484730382499e-01
9.778023763406832325e-01
9.825506848094026635e-01
9.873880198137675590e-01
9.817367828019046838e-01
9.957230498420055476e-01
9.855823596831064792e-01
9.663978228810021776e-01
9.928488225797935662e-01
9.753405817476769046e-01
9.801736816813653164e-01
9.755825636695978353e-01
9.908396222927426944e-01
9.681986704272018684e-01
9.790318506720488978e-01
9.911975542851682031e-01
9.460476751886186531e-01
9.863094019113726185e-01
9.806887735398349681e-01
9.099492586912526493e-01
9.792217653252617282e-01
9.919460075634723983e-01
9.593472750716647290e-01
9.784502746246677152e-01
9.943531202398406821e-01
9.920169052859365566e-01
9.856692142184472205e-01
9.770632983300174823e-01
9.857889684537431974e-01
9.692434521098658440e-01
9.742779230080470532e-01
9.913187194400773228e-01
9.898452335969006866e-01
9.884758078483033561e-01
9.627246593910953054e-01
9.770425799086744911e-01
9.819648567445319332e-01
9.934306915771407009e-01
9.928340025644826206e-01
9.728022770283115683e-01
9.897350023636451999e-01
9.941901086799063147e-01
9.705443341179385008e-01
9.522521108195642903e-01
9.444883158469536966e-01
9.807549643167473574e-01
9.661347706647605005e-01
9.915148694811992680e-01
9.827909020937040108e-01
9.662034706568648490e-01
9.824063364837747336e-01
9.558030714818612772e-01
9.921652760665847781e-01
9.562917160437593989e-01
9.760840544086217818e-01
9.924981953604069540e-01
9.919612531410334499e-01
9.953535080453459472e-01
9.871062721656379546e-01
9.845556728955711101e-01
9.949022585657008033e-01
9.541075354256655094e-01
9.676319232998050746e-01
9.893176085666164354e-01
9.672754103889041888e-01
9.815942747529625700e-01
9.984712277627080246e-01
9.841360687819585840e-01
9.776980562419104182e-01
9.881852610618764299e-01
9.879629218320138406e-01
9.985867777000263512e-01
9.746268884052783354e-01
9.923619726272017161e-01
9.840790673397539212e-01
9.638392312990542443e-01
9.869104838872546637e-01
9.840424885375074204e-01
9.660628563923538970e-01
9.652352557314820558e-01
9.889854089220683209e-01
9.830294622174121644e-01
9.628415706876551905e-01
9.841032436515456672e-01
9.880485488104755465e-01
9.869081035839273319e-01
9.647781324267624692e-01
9.927813565401716334e-01
9.581749635912710783e-01
9.878986584949848160e-01
9.962980584319348631e-01
9.943752446153093505e-01
9.761646334514186840e-01
9.623443910722221384e-01
9.797441936628146220e-01
9.868888391297911955e-01
9.652918038396701705e-01
9.841131395412278104e-01
9.706056013126935778e-01
9.809887951099465209e-01
9.916013277211849219e-01
9.635021599914957990e-01
9.595210331756000022e-01
9.818497883321662956e-01
9.892693200478903659e-01
9.841607007789362482e-01
9.842334804590654462e-01
9.540794089179939208e-01
9.755431714806389598e-01
9.837879082231647532e-01
9.880744120956015397e-01
9.865134180836623301e-01
1.003470107661720068e+00
9.755403006417281420e-01
9.704248151129803990e-01
9.847603158070840079e-01
9.785974290875371073e-01
9.592632584645883753e-01
9.824151502103729561e-01
9.919488665363536128e-01
9.763136504626681589e-01
9.831261571312288616e-01
9.916267187509886227e-01
9.848698517950391640e-01
9.750868401984408296e-01
9.709931860008436111e-01
9.851213862443572999e-01
9.736744328969638707e-01
9.866008150370240148e-01
9.847015609949850701e-01
9.737710864037685266e-01
9.729714895159229382e-01
9.861648543237422349e-01
9.554679276178853486e-01
9.849519205233097097e-01
9.941154510328097382e-01
9.708164549291128376e-01
9.908533833502898291e-01
9.792992555745745342e-01
9.974835201445352295e-01
9.816969084551402380e-01
9.855702447885994477e-01
9.893872930192743054e-01
9.936394275236827278e-01
9.759134455067711711e-01
9.734003267987204611e-01
9.752600139265431567e-01
9.695454280683575288e-01
9.931647920881454539e-01
9.816703878749111212e-01
9.867804267044787414e-01
9.887646686574667054e-01
9.877278629675285693e-01
9.901503820465969996e-01
9.641001162517210954e-01
9.833380096142100291e-01
9.723300602421431904e-01
9.985330163411050286e-01
9.860515814770469678e-01
9.721477060079466437e-01
9.729668652715760535e-01
9.798945806731667041e-01
9.834491550687278760e-01
9.764994603877951151e-01
9.817507936654543688e-01
9.905604759513380042e-01
9.731143458456114059e-01
9.784309566858854224e-01
9.674338037820479075e-01
9.907241039636726088e-01
9.464946136702628854e-01
9.770542484551035800e-01
9.688714381637401063e-01
9.939839113664484804e-01
9.774856665124201927e-01
9.737355607149803527e-01
9.840390554719520289e-01
9.872995400573183478e-01
9.508737787308149114e-01
9.902423943215385993e-01
9.917330214991920689e-01
9.888196102534717591e-01
9.962881182701425198e-01
9.797139946863346882e-01
9.678240363086634268e-01
9.772372750416707943e-01
9.933158962419217364e-01
9.784421532922322751e-01
9.901206862142730714e-01
9.846709776226016952e-01
9.695035948707322326e-01
9.750495940636676462e-01
9.749457043900833231e-01
9.957899014237184820e-01
9.870035426468507511e-01
9.945439479363397117e-01
9.949053267189372773e-01
9.795988847607286498e-01
9.805131738922624463e-01
9.838242464733362169e-01
9.528255329643310345e-01
9.733889400052175844e-01
9.901068402922079681e-01
9.631889586070119247e-01
9.741333361361114163e-01
9.541086789124101353e-01
9.710473549549817340e-01
9.742101641186927674e-01
1.006043560281117299e+00
9.557647532889188557e-01
9.836746531839641872e-01
9.776970256930204162e-01
9.750427268095309685e-01
9.783808503128675893e-01
9.833047961438186046e-01
9.670912225404330043e-01
9.493530388393847108e-01
9.772565833845429095e-01
9.640021568048620093e-01
9.891161732395535866e-01
9.789304871353701198e-01
9.879107502699241428e-01
9.867575838805615618e-01
9.821546277138287762e-01
9.532188465739054317e-01
9.757012520363860242e-01
9.827038176648063006e-01
9.664722645364483000e-01
9.825215902092940823e-01
9.677006747851834012e-01
9.829948376047127345e-01
9.843862432828578424e-01
9.778011268328113959e-01
9.886168392440716213e-01
9.887312280753081106e-01
9.681494544627552434e-01
9.827318497431197786e-01
9.735118616471605257e-01
9.649208009952641163e-01
9.905688149503387718e-01
9.839652346060493437e-01
9.767304221492746352e-01
9.882982373979407598e-01
9.532662134869184234e-01
9.806628963694927759e-01
9.946682428106516927e-01
9.991784423803889981e-01
9.850446087884576762e-01
9.673838423696863309e-01
9.716495665482420829e-01
9.753521256592353472e-01
9.749330366935922143e-01
9.976106273283840142e-01
9.700063359175661315e-01
9.789980294210399725e-01
9.657179613902205917e-01
1.010059413838285014e+00
9.938061031797649214e-01
9.688340960792853895e-01
9.649911889629357864e-01
9.554646652690935715e-01
9.898641073846654592e-01
9.796822630103477758e-01
9.868488016409459052e-01
9.720133324189039747e-01
9.490187749992432531e-01
9.915917288146623987e-01
9.677653797682226333e-01
9.892532989469245974e-01
9.694996806917244303e-01
9.763780164343353052e-01
9.746649445503782205e-01
9.916363468541034010e-01
9.782888050211986375e-01
9.739934280371816966e-01
9.707035906994587737e-01
9.769481090451074268e-01
9.861098029815332788e-01
9.764155267445723263e-01
9.824837098597229978e-01
9.700385551209826929e-01
9.952456323404310634e-01
9.938794939689324925e-01
9.755275865642765165e-01
9.842578369255210458e-01
9.675400526018195224e-01
9.835200548644781327e-01
9.915807524790904992e-01
9.935718894068337192e-01
9.802449005177678032e-01
9.547034611692191142e-01
9.778133656766753168e-01
9.829426759294420668e-01
9.779000665165497042e-01
9.824501050629934618e-01
9.863102218393388076e-01
9.637136626268754114e-01
9.532051243420823772e-01
9.775831033105856216e-01
9.803775390537411427e-01
9.838696027073484673e-01
9.729794935120038568e-01
9.945516194267973731e-01
9.773141218942039687e-01
9.865877748464986219e-01
9.777855953046195037e-01
9.841238604064524997e-01
9.761548588362704004e-01
9.894741972328927604e-01
9.917184035266973785e-01
9.787621458305444389e-01
9.702392254290892470e-01
9.732218541445000204e-01
9.693964929376038819e-01
9.724079922284332156e-01
9.837691565902352275e-01
9.831211904109885547e-01
9.806476069768991222e-01
9.597195175785334653e-01
9.864329922999841571e-01
9.686525737379811929e-01
9.690116640581359908e-01
9.846775334693494974e-01
9.882228266466149824e-01
9.697124522109862310e-01
9.890177538092014276e-01
9.839600465172362309e-01
1.000766764080420756e+00
9.817624148928740802e-01
9.814972635279886060e-01
9.860603844540896112e-01
9.606511783250710756e-01
9.938140502599054349e-01
9.879585320810534421e-01
9.936997142232758540e-01
9.901727964217609257e-01
9.854206874335046384e-01
9.835393894769418610e-01
9.642172193190389207e-01
9.932216526851579408e-01
9.870010416293812927e-01
9.869199332130996760e-01
9.629254697277327413e-01
9.707669789992495746e-01
9.842328941652992436e-01
9.792554514470533933e-01
1.000747436407293911e+00
9.780369384370933838e-01
9.723168466595830672e-01
9.806948700377187134e-01
9.919851286893511810e-01
9.961075843579126898e-01
1.003023562826978798e+00
9.955734766424807480e-01
9.773051458746868647e-01
9.872679226025844468e-01
9.733296936095771068e-01
9.871149060562124378e-01
9.608416785315655462e-01
9.924928318741094158e-01
9.571278100600952854e-01
9.911334417326296276e-01
9.967326495573878287e-01
9.510353365884437471e-01
9.712117065371441704e-01
9.879937034667338747e-01
9.903448220026265236e-01
9.751932634144389045e-01
9.736304972201851315e-01
9.800876653936910765e-01
9.624536532863416927e-01
9.480960397558646502e-01
9.726178983421563951e-01
9.899675692810928629e-01
9.825269178837374717e-01
9.671523217323270138e-01
9.727385332834471710e-01
9.808677643698127113e-01
9.935792595172420194e-01
9.886877175920871785e-01
9.761489738057835819e-01
9.784154422094152315e-01
9.637899605798229130e-01
9.830642632565311789e-01
9.861210834144324977e-01
9.815019004202970576e-01
9.691592409565463750e-01
9.952534216227757469e-01
9.933216837085616646e-01
9.896814579523814936e-01
9.883634072096519896e-01
9.537076810670183091e-01
9.933505753402428473e-01
9.918800150592421705e-01
9.624156095077747164e-01
9.912567838006504095e-01
9.832719912423522057e-01
9.887067288676765209e-01
9.830703362352835040e-01
9.903532753011647927e-01
9.740941336830410968e-01
9.814008891751963004e-01
9.686251564160075489e-01
9.642359973857986821e-01
9.781051714232656957e-01
9.812632473238521724e-01
9.921254506006015328e-01
9.640311718372446270e-01
9.570159585563797755e-01
1.007721311081659410e+00
9.792584234796322118e-01
9.861055443370601026e-01
9.952357580790993641e-01
9.597734862353226593e-01
9.809433521501503828e-01
9.507064258335812257e-01
9.873097704449464995e-01
9.842076832570079148e-01
9.858181747062062517e-01
9.633204903522986084e-01
9.444466933398559805e-01
9.898246121771741013e-01
9.863743440717175348e-01
9.770702087708266204e-01
9.744564560452961821e-01
9.849688820402946465e-01
9.891273189739562266e-01
9.964454819207561043e-01
9.883320806224790145e-01
9.815668036679771058e-01
9.842524824422855811e-01
9.861742525009189464e-01
9.880865928564598333e-01
9.666975996749989086e-01
9.727389290805245059e-01
9.855766513659737216e-01
9.406917705894223269e-01
9.763363802023634630e-01
9.775668551717348054e-01
9.790810907514323480e-01
9.843105793542960003e-01
9.580308561399367706e-01
9.865508046658181263e-01
9.913515510055457280e-01
9.476096128068982605e-01
9.832876702347100872e-01
9.748712261074518048e-01
9.847410518721869677e-01
9.807051620016492555e-01
9.985815210207689141e-01
9.825958668165984955e-01
9.791256497753650923e-01
9.826624135233049673e-01
9.845245053392200907e-01
9.911900535422016878e-01
9.813814107653496821e-01
9.884401574431685988e-01
9.905738888806018272e-01
9.878297109408094023e-01
9.954447980978117227e-01
9.991086379984772670e-01
9.909121171203622014e-01
9.816861839486394903e-01
9.732418996274274647e-01
9.732456213485544128e-01
9.820873029574844759e-01
9.880008063227171400e-01
9.900976795769723671e-01
9.753599957698271261e-01
9.807430764847726579e-01
9.788280040690998662e-01
9.822539799954088657e-01
9.599872766943120528e-01
9.674543022160771999e-01
9.256875345680668499e-01
9.726059883530367989e-01
9.118464151598490997e-01
9.806948622268052418e-01
9.715792155715554657e-01
9.778105810664842190e-01
9.924091306394099421e-01
9.875308362242446458e-01
9.958002670309408222e-01
9.692368988610038372e-01
9.664038287885511336e-01
9.866316510409437468e-01
9.814353163792434165e-01
9.754583026188463624e-01
9.820667949322503532e-01
9.932252878284684172e-01
9.842593470310390114e-01
9.670042018884811297e-01
9.887517414689336315e-01
9.731541762832238707e-01
1.005140834190510812e+00
9.594249688205909177e-01
9.982774041959154854e-01
9.838050823993069738e-01
9.879755701970711623e-01
9.898088352448662919e-01
9.526214870379822175e-01
9.839340402114893358e-01
9.817372399644057612e-01
9.560359784669836269e-01
9.822827321135695344e-01
9.660959562910089726e-01
1.000079787971117629e+00
9.718646843415950087e-01
9.513508350914319234e-01
9.714374946547347234e-01
9.770937767854783740e-01
9.575053206596015887e-01
9.515967293676877992e-01
9.688534832346766823e-01
9.798331623084574060e-01
9.592856835479395272e-01
9.807808964945103902e-01
9.855728293619484548e-01
9.816979994335256476e-01
9.800121203195827357e-01
9.808126448888596638e-01
9.821958076348294986e-01
9.838796154768563174e-01
9.663506728269222190e-01
1.017852473016086723e+00
9.684796237344939218e-01
9.736916054575472934e-01
9.540041186810042095e-01
9.883807831543796052e-01
9.896254457081054001e-01
9.844977052236193460e-01
9.646204513918393841e-01
9.742733857522675178e-01
9.973108865843913762e-01
9.836901437395469960e-01
9.924292930563626269e-01
9.729344386829580360e-01
9.824641775231474083e-01
9.512565934334330509e-01
9.856491558365871875e-01
9.800024275525747175e-01
9.845918267822278969e-01
9.884312462134616784e-01
1.001224749760903476e+00
9.913945951105255228e-01
9.911948057239041709e-01
9.830218486229661545e-01
1.001637954166149092e+00
9.967110515144366190e-01
9.834382528584941774e-01
9.899779579180033595e-01
9.736325003070045447e-01
9.581530743269160988e-01
9.970459291756047504e-01
9.994646843619675591e-01
9.849718407009602217e-01
9.929703434944693319e-01
9.810068070536559492e-01
9.880828812175180831e-01
9.890255150690012709e-01
9.609373317088817368e-01
9.531402304726248609e-01
9.924560122631003178e-01
9.915249614747115858e-01
9.774171274026604017e-01
9.658706646020845943e-01
9.757724547313608721e-01
9.802765201161536268e-01
9.748194983301019523e-01
9.600131828295960235e-01
9.707323633630761117e-01
9.501792716022698926e-01
9.733423366046740632e-01
9.627153949088566032e-01
9.627601249128726613e-01
9.892962237135780601e-01
9.843587686545373083e-01
9.756976328040181112e-01
9.704794312796403144e-01
9.865435144961623992e-01
9.995549022518099846e-01
9.450796913175678604e-01
9.844713940093737792e-01
9.916066927374935780e-01
9.820004490103493300e-01
9.509321722074259853e-01
9.929404783133178869e-01
9.897877522193126998e-01
9.589147124264580935e-01
9.826818165933252081e-01
9.569294268269845638e-01
9.687393816596191476e-01
9.990781903140270037e-01
9.706976375800875356e-01
9.680808441176631529e-01
9.765339700684573243e-01
9.906040906911309785e-01
9.797335532941845448e-01
9.427241870894845777e-01
9.626991190496189121e-01
9.840055076818728930e-01
9.880065823891257537e-01
9.833839674093555194e-01
9.684298309343637445e-01
9.853567316582437785e-01
9.787550385786414342e-01
9.597448016856529041e-01
9.744991515627875467e-01
9.927909681453849222e-01
9.878926204613432960e-01
1.000497007643008862e+00
9.872564256850311359e-01
9.792893491955416696e-01
9.816499478498391662e-01
9.834794604278446206e-01
9.805173654443952724e-01
9.863732539819979328e-01
9.881160624410487703e-01
9.954259908043897598e-01
9.815207492263171574e-01
9.912799222005710398e-01
9.889557409401329435e-01
9.558601524073545574e-01
9.785706319106721729e-01
9.984827691374754677e-01
1.002418757662236093e+00
1.000542451829677049e+00
9.771700830448958319e-01
9.843560215893355503e-01
9.512035200743981234e-01
9.831222912408068559e-01
9.454683696878921628e-01
9.807474129195250523e-01
9.621818932620777032e-01
9.785364803866682948e-01
9.602103242715649412e-01
9.860786213678091050e-01
9.770650568166647787e-01
9.634480205764202054e-01
9.817909123878155730e-01
9.848269921658473480e-01
9.748490506008079537e-01
9.867977185981721133e-01
9.806464061489871264e-01
9.775789114498252275e-01
9.922442168924957562e-01
9.892228851456216221e-01
9.827202351567896343e-01
9.926546513465517307e-01
9.824060183343793495e-01
9.345413990605249133e-01
9.871505360390242512e-01
9.932158448848986687e-01
9.923611142439393573e-01
9.830509952229277149e-01
9.771655009304763828e-01
9.876676956027563570e-01
9.754504298914795646e-01
9.763923272943799692e-01
9.736744387729040495e-01
9.772929605937225039e-01
9.898614539399787082e-01
9.950340828201009735e-01
9.820490637519077026e-01
9.684323029699413166e-01
9.839367580830241655e-01
9.666300101422418134e-01
9.812833549625793461e-01
9.913960638098106015e-01
9.789430686869763365e-01
9.753961898463667790e-01
9.916462864180929371e-01
9.724873451746846031e-01
9.957193294663371219e-01
9.763260463565102132e-01
9.736949115064966742e-01
1.002706820884166294e+00
9.732989952175531423e-01
9.761180236326291171e-01
9.869035103396712749e-01
9.869956071802156172e-01
9.849528015146316040e-01
9.832590562112010213e-01
9.839344568971963856e-01
9.710989207288091007e-01
9.772338729618745834e-01
9.488783444239237141e-01
9.875946368391773644e-01
9.847447273330306450e-01
9.928765233362740750e-01
9.715388913055718056e-01
9.790243568781257233e-01
9.730736357554806704e-01
9.945187498777595669e-01
9.762709886868387033e-01
9.594949061283267744e-01
9.863946009633779433e-01
9.749853703968416330e-01
9.798216334459198817e-01
9.766199430180831920e-01
9.450547279386751764e-01
9.707756410547935255e-01
9.827688123435435186e-01
9.862357552937963678e-01
9.613653116264821996e-01
9.389344194500200969e-01
9.670726099437618739e-01
9.834941650639288380e-01
9.824059267360431003e-01
9.720371094667649148e-01
9.733585621914341290e-01
9.374729446687197765e-01
9.428204040341973124e-01
9.847840005756072213e-01
9.785879887692060519e-01
9.809549043825966930e-01
9.712794345448595434e-01
9.775132494692264640e-01
9.832231126579721314e-01
9.932117985635998680e-01
9.892509048092406054e-01
9.911789882751641523e-01
9.621340328861995861e-01
9.940360517059063650e-01
9.920186676178830432e-01
9.548721238760953245e-01
9.454854264245483586e-01
9.839270155508009763e-01
9.793063205109561187e-01
9.450935461832095097e-01
9.726040159648422501e-01
9.901737354332643681e-01
9.691479965678899688e-01
9.758579280735452111e-01
9.765069521522643514e-01
9.929785453819893748e-01
9.881482328278459182e-01
9.690827774005130735e-01
9.837946109056420196e-01
9.884134028061887234e-01
9.415163789089917579e-01
9.810722663476401095e-01
9.699264515140026965e-01
9.794864782024585992e-01
9.493521131332218754e-01
9.704370701716775738e-01
9.814635884405041866e-01
9.816163230539718398e-01
9.532995819781427960e-01
9.698906239653756201e-01
9.816151730009500254e-01
9.608275193757193078e-01
1.000069702694220908e+00
9.819203280609204443e-01
9.985338369300789108e-01
9.488158706603291304e-01
9.826125694545176925e-01
9.776082433177751829e-01
9.928630397081688042e-01
9.744262817327166148e-01
9.802117534128867993e-01
9.853627431899049105e-01
9.911669212077992563e-01
9.824516953625455074e-01
9.848648755653357512e-01
9.752095734732574295e-01
9.809935361398682829e-01
9.953102851951850516e-01
9.874452599424766719e-01
9.898490964786390567e-01
9.899187035515970567e-01
9.778646587292522119e-01
9.615059311310337753e-01
9.939472762219705437e-01
9.954667413898624639e-01
1.000743279823422593e+00
9.846816268573738151e-01
9.769865270511267630e-01
9.709680172000015874e-01
9.695620088330390018e-01
9.984460959816496839e-01
9.753712465450686819e-01
9.699655317213906613e-01
9.749931144249101012e-01
9.928121730451002769e-01
9.950392380777679513e-01
9.718323700097065698e-01
9.834848091228947098e-01
9.929300216738895513e-01
9.842865897188506352e-01
9.840309107302059877e-01
9.858039390918650335e-01
9.787644814232816515e-01
9.976921208194994284e-01
9.630115042516560475e-01
9.828439926410843519e-01
9.865846601938291771e-01
9.883501967789647402e-01
9.623681651068606291e-01
9.812154741596128549e-01
9.755965506813670807e-01
9.875288707371433494e-01
9.817350369852577696e-01
9.871277254450131489e-01
9.765636087264165655e-01
9.836525582961590519e-01
9.828105845070719271e-01
9.728356037040403193e-01
9.673105541194645385e-01
9.573956964142604775e-01
9.714955605433402974e-01
9.736478155708045978e-01
9.829267605189246915e-01
9.836743026437636539e-01
9.694514260895048530e-01
9.569015662612796458e-01
9.633998088539678095e-01
9.801911363068036565e-01
9.837400058688462456e-01
9.658225428084206143e-01
9.876109297522497332e-01
9.834039553284263935e-01
9.936178398393182842e-01
9.936123865721826487e-01
9.315641597204009638e-01
9.801094846462985455e-01
9.891716490448304588e-01
9.689277617547273902e-01
9.803491823600281041e-01
9.843665110111982086e-01
9.694643653107266612e-01
9.899066396570317394e-01
9.805976798917250825e-01
9.892388086036156825e-01
9.611463983331056671e-01
9.989036358774563418e-01
9.831697356374955454e-01
9.828777535626312956e-01
9.988676648608141306e-01
9.937051201550590740e-01
9.922080766172667321e-01
9.719090923077149391e-01
9.290094301113921427e-01
9.738373289957253931e-01
9.942227045445324318e-01
9.814487622957521751e-01
9.869936585988970945e-01
9.837055170707569296e-01
9.749961770905167802e-01
9.687410307348769400e-01
9.633414079920213924e-01
9.583639293590295871e-01
9.781464071854688580e-01
9.917079390274983197e-01
9.914026150919255098e-01
9.835355933942976359e-01
9.822910170702660038e-01
9.904506906866509253e-01
9.901069373299020704e-01
9.915408537313842308e-01
9.824753643327418517e-01
9.861451903871443214e-01
9.993319077331203060e-01
9.669217055268795047e-01
9.868164982265572593e-01
9.750295959425350212e-01
9.925792311029469905e-01
9.717434737967932668e-01
9.405552573017691431e-01
9.884040118300858602e-01
9.482807437390258221e-01
9.798210729826708487e-01
9.870881852667063860e-01
9.836765665307737327e-01
9.873813363711820834e-01
9.830887908540021369e-01
9.861078066070969594e-01
9.675263433732604890e-01
9.768255762455062552e-01
9.629744233817095767e-01
1.003675324865450413e+00
9.813934983540485435e-01
9.862381107239158728e-01
9.922381239094396621e-01
9.864447871685430025e-01
9.786569680842227559e-01
9.694850499019900258e-01
9.692366501323103067e-01
9.867443298516903605e-01
9.781637502745085255e-01
9.716598014804395111e-01
9.757570922361937793e-01
9.582846025539430990e-01
9.672334068158457976e-01
9.819698683167248365e-01
9.603460613453019823e-01
9.782796984014794361e-01
9.794475543736160805e-01
9.831309766269157313e-01
9.741949459066066019e-01
9.858591977040835896e-01
1.007699419935029539e+00
9.907965868453070257e-01
9.875242171783572553e-01
9.937056587068856528e-01
9.730690252497329329e-01
9.863512889662441330e-01
9.651870001901237117e-01
9.843161622890798101e-01
9.640945518473791331e-01
9.547444007888422624e-01
9.731146967609251019e-01
9.796585409889466689e-01
9.850432051327008276e-01
9.914371522722512653e-01
9.806139563821881788e-01
9.929122303391771931e-01
9.810023977925006466e-01
9.682420436396418362e-01
9.747384088752250042e-01
9.842464181131843626e-01
9.722010033954507913e-01
9.748573734857816087e-01
9.945826514918626460e-01
9.822472050207875505e-01
9.790609372532919075e-01
9.846816939100322408e-01
9.717218593257137549e-01
9.836452875469600121e-01
9.700549189864841049e-01
9.871443837249396225e-01
9.740391738752444128e-01
9.729442239689792826e-01
9.589867902834099400e-01
9.743015476006278153e-01
9.798638851957208740e-01
9.902407242490773864e-01
9.866116225985380739e-01
9.670579708419912990e-01
9.870074660325535154e-01
9.792206432217674950e-01
9.811763792024242870e-01
9.926740600427870209e-01
9.952668790847429836e-01
9.683842031137325224e-01
9.839979121516472249e-01
9.839795445096506388e-01
9.921915146206220504e-01
9.932713756126928528e-01
9.639287217000268582e-01
9.845693076506077945e-01
9.822148995816221140e-01
9.799319478346488754e-01
9.779629742266982007e-01
9.767723744843247458e-01
9.818702897660946949e-01
9.792011904481870976e-01
9.658662613927405660e-01
9.709535846334429454e-01
9.559388363451292170e-01
9.918291061616512083e-01
9.835930865209676632e-01
9.438729054655689010e-01
9.710219529791257465e-01
9.824374026716011787e-01
9.653592654223732694e-01
9.809878491179817583e-01
9.816736965562752326e-01
9.867360146058774539e-01
9.828936543797684999e-01
9.579016921614980085e-01
9.920470526834436198e-01
9.775801838012175837e-01
9.682231363573179372e-01
9.760242999242080275e-01
9.910727001701806760e-01
1.011410103142362349e+00
9.878286053274399903e-01
9.668552198351856308e-01
9.948553395675898692e-01
9.876488522568015460e-01
9.827999860414010636e-01
9.819802478966054293e-01
9.608929212412804510e-01
1.008809018977302463e+00
9.455502909198848505e-01
9.899393468660969697e-01
9.910581545002233872e-01
9.927414197085434600e-01
9.757007416820813184e-01
9.629100013900593336e-01
9.732203749835438567e-01
9.757270397629450587e-01
9.845339862305754197e-01
9.858000589872037978e-01
9.866823152475823200e-01
9.780294999653587062e-01
9.425770973877299896e-01
9.783861186684632560e-01
9.776941391889364397e-01
9.669085816933387090e-01
9.773209235821813667e-01
9.811179436115553543e-01
9.899314767080331645e-01
9.623230514096442478e-01
9.626121047258879848e-01
9.913567128124262107e-01
9.898873742714273671e-01
9.812709024379496769e-01
1.002608981260504128e+00
9.800586838285956226e-01
9.829967311819578502e-01
9.758800532695506291e-01
9.868720318240320477e-01
9.921526487833636221e-01
9.655055324474869360e-01
1.000612415540216293e+00
9.729442721645781278e-01
9.833798298746678768e-01
9.843839197171423416e-01
9.894729829398066778e-01
1.001922939715514271e+00
9.839104254111150638e-01
9.822450222311418511e-01
9.765884308604556585e-01
9.702099896578076921e-01
9.804488601922745072e-01
9.619766286527783317e-01
9.653939057718822214e-01
9.754060521066640899e-01
9.687752960117590462e-01
9.768689158683327989e-01
9.848566195930196221e-01
9.878201414006394510e-01
9.885843015112356635e-01
9.755777798501304998e-01
9.842298893061326437e-01
9.708192608888610575e-01
9.761362496410797007e-01
9.927423385354968710e-01
9.818551059898994460e-01
9.828948760348602542e-01
9.581842640754814067e-01
9.946826051952192271e-01
9.842627826930977486e-01
9.886743000099021961e-01
9.681838135645610688e-01
9.596695075053619517e-01
9.572609408452140700e-01
9.772272777094135332e-01
9.825500939155891178e-01
9.985727407809542600e-01
9.737805066720333080e-01
9.785607323258547208e-01
9.743720818167018738e-01
9.908715281879415526e-01
9.842365399833967743e-01
9.714191186555963808e-01
9.629096953820563964e-01
9.651193204613551790e-01
9.654176840483258415e-01
9.869863967542852334e-01
9.761270687962163572e-01
9.948765317121198715e-01
9.542073117283391692e-01
9.845059674612377520e-01
9.877336522680797426e-01
9.644085524113261698e-01
9.852217609542677224e-01
9.781075278246746940e-01
1.001787014724987213e+00
9.819007339132874712e-01
9.734480348626454171e-01
9.872652663502823334e-01
9.840377269568970631e-01
9.777722014156168262e-01
9.779735860964782201e-01
9.877233198959466387e-01
9.853331907980632520e-01
9.754302498512829045e-01
9.739960494770989463e-01
9.693517190567155772e-01
9.797507700145198228e-01
9.888806677307582227e-01
9.819983267068238542e-01
9.716217508049658225e-01
9.844205067029014877e-01
9.948568795041867752e-01
9.862815383178323847e-01
9.915095015081862861e-01
9.774932587121372141e-01
9.789796202239879896e-01
9.852910707498762077e-01
9.831883562327446979e-01
9.809593603992118327e-01
9.792336943101739299e-01
9.652692314315666211e-01
9.830653973346025198e-01
9.836670444467012775e-01
9.704731603722709377e-01
9.824201178349191155e-01
9.683059596807990221e-01
9.785088064857340173e-01
1.003700382320811935e+00
9.751191693353594703e-01
9.841691651659125739e-01
9.757176728577771074e-01
9.750732758630829000e-01
9.928534728441761326e-01
9.473003123369502232e-01
9.857637946968302867e-01
1.000996670980579095e+00
9.790462352437321325e-01
9.771930889344818683e-01
9.820143861336012581e-01
9.971000841681105786e-01
9.784462448363557829e-01
9.788891893430635704e-01
9.977274423976204565e-01
9.603026947430893800e-01
9.735169687763866042e-01
9.800314872745122807e-01
9.868153557644760987e-01
9.887903792795742497e-01
9.762683282600633783e-01
9.578581711740256077e-01
9.883731981235385211e-01
9.778477841185487796e-01
9.797269352933902775e-01
9.633705165314476737e-01
9.821657102744970613e-01
9.844803991784087938e-01
9.868686735101462881e-01
9.599799333260903289e-01
1.005461521158409255e+00
9.848088236677647878e-01
9.822358966105465550e-01
9.798245471792257355e-01
9.740686998398855323e-01
9.709974099289512273e-01
9.732838691823937349e-01
9.834447154205184782e-01
9.668935138759476855e-01
9.605529970963950781e-01
9.715426971835487979e-01
9.608571469514807228e-01
9.844635426478861584e-01
9.890245856300023952e-01
9.927209680764172983e-01
9.785847414243277198e-01
9.767666106203430898e-01
9.690785507304320312e-01
9.966411695888315325e-01
9.944501651204606940e-01
9.675360099101616429e-01
9.453521716092729843e-01
9.658727590149281950e-01
9.855868936436121830e-01
9.765829887474754001e-01
9.694483886581175547e-01
9.772961585161918929e-01
9.831263018363567419e-01
9.699052416006306299e-01
9.899283570080952277e-01
9.608480393228595595e-01
9.865781905947759167e-01
9.745954648570708256e-01
9.841485644423673129e-01
9.861288775912593341e-01
9.757438210295730219e-01
9.675772483669957680e-01
9.938259404621571091e-01
9.964579315677375426e-01
9.462831144491752333e-01
9.953778230764381840e-01
9.462681474891982969e-01
9.678508252093392938e-01
9.703315196836564960e-01
9.770557854483616911e-01
9.818463390026153093e-01
9.552568462313952846e-01
9.960638842875207954e-01
9.731415049724587707e-01
9.840140591967000416e-01
9.904637596220673412e-01
9.678990108862097763e-01
9.938042126692979705e-01
9.656884105254717188e-01
9.833335581556423843e-01
9.883632087048912496e-01
9.854958560831150738e-01
9.893312423856263083e-01
9.602997263807606654e-01
9.994183564845920964e-01
9.757032272764837311e-01
9.814592189823277968e-01
9.497319056720706643e-01
9.753587410034231242e-01
9.907667013774632547e-01
9.792297191486868391e-01
9.716374836193776288e-01
9.856229309830334406e-01
9.748907914469550073e-01
9.810336456738042443e-01
1.003109700180539576e+00
9.789990332211034874e-01
9.921669415725341556e-01
9.687767143407812753e-01
9.658583706913812517e-01
9.961884272640848526e-01
9.770576172514605640e-01
9.702846769766474422e-01
9.888638274496651670e-01
9.865122599924751601e-01
9.747254255023880543e-01
9.635409306436264476e-01
9.702314396016281650e-01
9.611929489076364019e-01
9.624368084230270348e-01
9.885563330096048817e-01
9.776993918004789341e-01
9.742663203081222134e-01
9.700417484887809971e-01
9.640191961853592506e-01
9.885434356475409912e-01
9.841280906282005025e-01
9.963384624674720413e-01
9.894467985379252761e-01
9.869688386811431569e-01
9.944758710429465465e-01
9.703879291902224313e-01
9.784262896354368744e-01
9.949441326338336333e-01
9.917970986797443045e-01
9.994758431805429444e-01
9.722696735986680050e-01
9.779518603175350044e-01
9.764805618026137779e-01
9.790873863174457403e-01
9.931571062321086218e-01
9.838474422434249078e-01
9.828797386587462270e-01
9.811072892873787810e-01
9.744000051276859864e-01
9.778029274113569924e-01
9.830634338080307399e-01
9.537650378092729087e-01
9.730995394296573231e-01
9.789961650037257712e-01
9.627779688690158988e-01
9.852457788519819459e-01
9.810317589749764089e-01
9.895436811980899972e-01
9.635912861779195593e-01
9.881221246760223398e-01
9.284768364800292106e-01
9.866201398011739121e-01
9.913870745485530156e-01
9.932352903719932069e-01
9.899906299976964918e-01
9.798615879114996874e-01
9.858761576189445375e-01
9.926462449148397704e-01
9.831885157387109109e-01
9.770510285608112744e-01
9.885612110802295405e-01
9.891309855428254139e-01
9.684831169563983266e-01
9.492902766244304402e-01
9.670455984742076794e-01
9.900037719986232165e-01
9.868013625171375702e-01
9.975236732240861937e-01
9.760921425879492963e-01
9.741827036736910861e-01
9.763878067699554020e-01
9.868637801521360498e-01
9.918721949673453553e-01
9.868624939745354041e-01
9.735587754019705553e-01
9.899965049983674437e-01
9.836786206597500914e-01
9.845395256268324458e-01
9.995523955949283668e-01
9.939283989628733273e-01
9.781478180095046771e-01
9.851981795011280907e-01
9.824931354480308521e-01
9.861167174158103066e-01
9.780942744459283356e-01
9.899250368880380124e-01
9.792448133179351144e-01
9.856105865689103185e-01
9.878503122444423079e-01
9.878441607476771136e-01
9.976581092225891290e-01
9.902490149054005153e-01
9.644931980629742885e-01
9.772582403137668461e-01
9.753992873534408359e-01
9.859912296418235078e-01
9.724183828931969309e-01
9.816534961003270388e-01
9.844944603259968563e-01
9.683836301639867639e-01
9.974940041371412880e-01
9.905763851234529183e-01
9.843188055349990639e-01
9.584828330170895860e-01
9.737272311861646656e-01
9.859350791700376426e-01
9.773061848397021079e-01
9.709221669353416129e-01
9.946880800317763338e-01
9.727278704202054760e-01
9.898549217996668315e-01
9.829743311098119163e-01
9.839457174043158005e-01
9.793974592884832076e-01
9.820569404672933045e-01
9.721262822873394382e-01
9.790116519781856264e-01
9.910027182127587597e-01
9.747771637546388535e-01
9.793401296167708603e-01
9.916828059082274383e-01
9.694275996675331131e-01
9.621619456165623196e-01
9.738511030676411107e-01
9.880117777984833705e-01
9.800836528757964627e-01
9.814902218245517007e-01
9.545371968778244565e-01
9.908347148257539150e-01
9.788801620888216704e-01
9.963441156782343322e-01
9.765780202381418862e-01
9.854126407009576871e-01
9.669721809327711526e-01
9.495222688542028777e-01
9.779445185407035224e-01
9.667769840603605003e-01
9.702410133303920325e-01
9.942294694821852685e-01
9.726684694749763160e-01
9.619789599468033803e-01
9.909990558567409735e-01
9.829722987359140740e-01
9.517116631574706886e-01
9.842965324340382516e-01
9.779043907894937604e-01
9.684604528308765614e-01
9.876431214538204939e-01
9.866668651051450079e-01
9.733034424790943939e-01
9.814990148311552032e-01
9.762341912214728135e-01
1.000539904190311580e+00
9.717156340460681996e-01
9.807645174490293716e-01
9.831493769707173591e-01
9.993643274239011332e-01
1.000063244216187419e+00
9.796497475883961803e-01
9.914523397276000516e-01
9.800620610151293821e-01
9.902120087926616909e-01
9.888849097361152030e-01
9.568450927494287495e-01
9.625580389493686440e-01
9.578963035941543414e-01
9.967520054896066295e-01
9.882766611207713936e-01
9.488553854109796903e-01
9.747414301240119316e-01
9.763742330769150657e-01
9.633496230540539162e-01
9.683298984105280782e-01
9.836622970607711292e-01
9.875741793593154627e-01
9.698297954970434009e-01
9.780961196261884760e-01
9.822106947210138550e-01
9.796974410595750138e-01
9.908738311569993407e-01
9.611063747877646168e-01
9.821116843761396042e-01
9.678455533900076624e-01
9.870653823969364193e-01
9.767538665119959163e-01
9.647140601682461236e-01
9.536539728624515710e-01
9.624124527200683676e-01
9.890221848242871650e-01
9.847220313950235671e-01
9.851066117118072452e-01
9.862805241008795187e-01
9.883613808371507492e-01
9.981311568152000380e-01
9.972149833804692109e-01
9.675334078946460359e-01
9.755238816980960070e-01
9.814183811241445898e-01
9.902826219980294109e-01
9.606737911050295953e-01
9.942556130713237073e-01
9.880513172866071114e-01
9.840946585824079662e-01
9.697816591290454591e-01
9.791798110394684951e-01
9.808654941567089836e-01
9.587277103572027226e-01
9.706048955238503195e-01
9.721302887065270681e-01
9.888710948999143158e-01
9.813343604253952357e-01
9.919416812682511075e-01
9.875822116821165730e-01
9.949409214552700220e-01
9.931921551217521849e-01
9.843127184734242752e-01
9.804889558849434472e-01
9.650377679299895206e-01
9.842830539558468095e-01
1.003443528693528597e+00
9.840745008932577642e-01
9.627457171656325086e-01
9.662871159136474652e-01
9.957003299731408408e-01
9.954172615185206130e-01
9.563911540422210811e-01
9.742162184481315546e-01
1.003520642979766064e+00
9.619381436798514207e-01
9.894806718797297673e-01
9.755287651168640384e-01
9.591782591090978194e-01
9.754058640381639833e-01
9.325593416402632174e-01
9.740038262851786754e-01
9.775435817227655644e-01
9.816149455902026810e-01
9.916026346532045288e-01
9.794633068741785964e-01
9.793006001097361857e-01
9.862725012406633462e-01
9.914985999467114119e-01
9.689141583102190980e-01
9.522098154335257858e-01
9.945424090125445371e-01
9.722588660472156752e-01
9.787291148042048805e-01
9.600629017338181415e-01
9.712176143767025094e-01
9.900415648832104898e-01
9.928976480808089367e-01
9.804740814395636050e-01
9.765138751427159258e-01
9.829970091655821918e-01
9.661968912812457511e-01
9.558490085093541699e-01
9.757091903478231076e-01
9.878293219579360462e-01
9.825421507564336965e-01
9.926363656182308759e-01
9.781377110787414786e-01
9.873931344769362184e-01
9.877608153708405947e-01
9.800954949776661262e-01
9.801600483888193160e-01
9.737811732336341120e-01
9.791052595838677375e-01
9.841479352742954489e-01
9.896908504508197257e-01
9.828282261947564047e-01
9.542163334159559085e-01
9.771912328235117240e-01
9.905744705217930379e-01
9.861495241723863270e-01
9.868018369491309283e-01
9.841278217961462182e-01
9.777859260304856415e-01
9.787840764544623040e-01
9.715788102803198933e-01
9.493575033810356389e-01
9.833390402895961779e-01
9.439253710017445620e-01
9.748564879523335946e-01
9.929451924368051241e-01
9.961365828446591131e-01
9.842636433016329622e-01
9.696110318011944562e-01
9.878720122387443237e-01
9.650969199080788874e-01
9.670851701761974395e-01
9.940339295370583805e-01
9.580013484141837177e-01
9.905873090733903208e-01
9.491472793207236247e-01
9.948119827203427690e-01
9.930649823322996728e-01
9.802946745893594827e-01
9.839213097036559885e-01
9.864763862032717157e-01
9.892634587128181778e-01
9.805958389623492533e-01
1.002902696799558013e+00
9.890229844059030828e-01
9.796956227404894912e-01
9.825441492130698729e-01
9.813046988546449967e-01
9.863920057021805521e-01
9.886359708531660129e-01
9.933266550718590215e-01
9.905931571518730161e-01
9.859683213528348533e-01
1.002095845891951553e+00
9.618742862324651810e-01
9.945193024021973249e-01
9.629000261013670459e-01
9.796530189938993383e-01
9.947087893558342886e-01
9.857533498466586330e-01
9.808009960981783903e-01
9.887736625118428435e-01
9.852561118043310362e-01
9.698829606672595416e-01
9.910159835461929134e-01
9.981768634993094524e-01
9.858792869180681429e-01
9.836600144502172238e-01
9.980757558974577837e-01
9.602009116325226357e-01
9.789760060163597011e-01
9.863634651438297762e-01
9.649870040792094539e-01
9.789720144183690076e-01
9.918069818451209496e-01
9.541709526034706235e-01
9.885403764787262793e-01
9.946122879648396919e-01
9.745828187741811810e-01
9.903420825722164533e-01
9.901446873483302769e-01
9.622519327221580321e-01
9.690210573666517835e-01
9.725201189237770993e-01
9.514022411016275216e-01
9.680622281608290969e-01
9.767836229896049716e-01
9.444880219628932760e-01
9.726805832941509689e-01
9.856298539544184889e-01
9.818765447597679330e-01
1.007377358973932990e+00
9.839001579211056336e-01
9.978395662436378988e-01
9.832647413954099802e-01
9.900497296933553626e-01
1.000769811195749703e+00
9.757329434234344179e-01
9.808698972642594383e-01
9.859016907290231169e-01
9.783325890224560117e-01
9.644142006654554677e-01
9.800743307843567953e-01
9.648379152711636930e-01
9.579966706916652752e-01
9.915640477711409329e-01
9.755360900418140746e-01
9.849696315534921531e-01
9.833586135219364310e-01
9.539233926066607028e-01
9.627989434205452834e-01
9.791177491314035919e-01
9.911079010846457482e-01
1.000457692535868359e+00
9.822302176172961197e-01
9.833887749971361725e-01
9.646397912699142818e-01
9.820089781400076490e-01
9.668835829130403292e-01
9.717730843939773600e-01
9.863429898524235240e-01
9.577067063070739961e-01
9.635395316196135873e-01
9.736099231345740623e-01
9.830347246244141024e-01
9.531264856211782988e-01
9.900221592432263407e-01
9.989103762888656979e-01
9.706980684928727676e-01
9.910215778629708483e-01
9.845096374543488293e-01
9.887241510844746450e-01
9.848485362344371330e-01
9.885629993519591263e-01
9.971029339710714146e-01
9.774658505416260468e-01
9.641932053749379117e-01
9.821992969676249796e-01
9.904050780979442026e-01
9.431172283328658201e-01
9.875258641703249518e-01
9.935429515911105014e-01
9.485389369164924922e-01
9.873964150653665728e-01
9.536801746021902337e-01
9.860611098378423423e-01
9.643134510590484210e-01
9.913030576587914533e-01
9.898694080022166775e-01
9.995562235002328766e-01
9.698911408385337829e-01
9.798184171180795987e-01
9.894551177451085255e-01
9.951759448696136934e-01
9.816224983325514408e-01
9.645039105504207289e-01
9.947220358334033508e-01
9.791899080294165225e-01
9.872967384119023526e-01
9.790992600715731076e-01
9.923808897480272950e-01
9.817189867721186625e-01
9.656528819852435719e-01
9.538030535676226274e-01
9.589724916305607527e-01
9.689216684084954734e-01
9.737518140156701252e-01
9.767037651205736637e-01
9.735175002846685466e-01
9.869530513749896761e-01
9.924723506032663289e-01
9.899509786310476400e-01
9.847043957174956841e-01
9.738180868261875345e-01
9.813269885588118413e-01
9.587181139792431139e-01
9.853530140807699178e-01
9.967456063659499987e-01
9.569627038690092791e-01
9.842310860219674051e-01
9.934371049459602698e-01
9.838420949424523387e-01
9.678003935320216300e-01
9.592517677685270527e-01
9.855542988558734230e-01
9.653238872175784469e-01
9.944715520373985651e-01
9.934808300568805928e-01
9.705843954718863520e-01
9.857004092175940535e-01
9.805475412311531747e-01
9.889933761863909378e-01
9.813383430070534708e-01
9.879943497461779467e-01
9.820340395621424134e-01
9.900650706337127405e-01
9.826469502553303315e-01
9.809968465737296528e-01
9.656622792973046376e-01
9.759321751817695567e-01
9.830385880966262535e-01
9.787021366446370108e-01
9.799717157571490311e-01
9.921714628587237073e-01
9.827446857263244517e-01
9.946670174073389825e-01
9.894938964393786840e-01
9.749706489296828815e-01
9.814008707771368911e-01
9.717804360693950150e-01
9.762627175442999405e-01
9.907248737484595225e-01
9.743116605980659539e-01
9.986569100761201190e-01
9.810462026308679473e-01
9.869876758527299510e-01
9.967103973767122982e-01
9.756286018822226680e-01
9.704969902689623007e-01
9.727386291978741273e-01
9.598953297251640038e-01
9.877851731148710179e-01
9.838801126367984207e-01
9.557061736971905752e-01
9.707769442922361547e-01
9.847393351805932005e-01
9.875383977771132749e-01
9.684928856293664179e-01
9.823906231577307357e-01
9.846983951030654492e-01
9.864238884783977923e-01
9.872102320894170502e-01
9.707807709667780616e-01
9.890798598081695925e-01
9.767853287499737025e-01
9.591430635820702433e-01
9.875627635798466253e-01
9.863677090426329341e-01
9.776211017041493978e-01
9.894864289927958190e-01
9.918837113235086100e-01
9.804183910750714492e-01
9.817441382873630662e-01
9.715248904646204275e-01
9.837955706625118868e-01
9.904266711699997172e-01
9.993696141006163103e-01
9.771530868125283265e-01
9.807576657328340719e-01
9.949203235031010006e-01
9.917774494392012086e-01
9.620172453520029476e-01
9.847924160400344240e-01
9.861863402299808623e-01
9.646018019830964185e-01
9.745120380113517777e-01
9.676649211416115115e-01
9.541567438620041086e-01
9.705182327288518485e-01
9.733917463831212036e-01
9.806728103951000142e-01
9.710033613376154449e-01
9.867480126460612677e-01
9.674694683667275363e-01
9.524308352740827877e-01
9.831882163623607562e-01
9.513273277190495980e-01
9.598719579017364056e-01
9.845602587654581628e-01
9.574609504351927480e-01
9.713375265604072828e-01
9.775580925360884965e-01
9.668303737116923369e-01
9.634674561440838003e-01
9.775511850491361843e-01
9.741455926236682883e-01
9.858944440627642747e-01
9.953653491101338568e-01
9.710863236360119943e-01
9.964289630979755730e-01
9.712525316553362043e-01
9.843815490956101533e-01
9.895585885279899463e-01
9.883020455200195453e-01
9.905308656992425353e-01
9.863659858174198547e-01
9.871928612394677005e-01
9.770919762628447192e-01
9.378209815457697607e-01
9.628150671880479905e-01
9.845614919632118545e-01
9.829223295350631995e-01
9.757611499812128830e-01
9.659587405460660081e-01
9.867222443941877641e-01
9.830553698913484517e-01
9.655051610840412746e-01
9.669655327365009878e-01
9.870506346525133035e-01
9.830767127319901544e-01
9.807068426969947073e-01
9.591435537964921876e-01
9.681727134728100870e-01
9.684802692926055556e-01
9.934464892006742431e-01
9.899104777511054110e-01
9.704569581816777646e-01
9.727442995764077338e-01
9.588327068264570485e-01
9.748387383351986291e-01
9.714713184315648675e-01
9.910857399475426766e-01
9.961478266000262094e-01
9.852875746580352923e-01
9.674677372674291842e-01
9.641402994594878706e-01
9.722452678690074457e-01
9.825421515155612351e-01
9.625656168448653016e-01
9.587601070948663651e-01
9.762864663571685364e-01
9.563347445726404494e-01
9.590491545228585490e-01
9.895466003492898732e-01
9.916401010526036952e-01
9.900946827421854834e-01
9.624451897185678506e-01
9.799683538510273184e-01
9.842430932564339985e-01
9.804609752468407269e-01
9.781295945824470817e-01
9.910081998679098891e-01
9.831203996521864497e-01
9.731205415788036772e-01
9.734551226323381323e-01
9.845588625336199051e-01
9.870884538339219638e-01
9.791867253606786337e-01
9.681787430697821328e-01
9.633044551671515743e-01
9.769022662225096409e-01
9.755651682116818213e-01
9.751746907949737642e-01
9.501300707425579528e-01
9.652002326910007479e-01
9.874706903664877133e-01
9.759891170184399334e-01
9.799980922789602866e-01
9.903456863088623274e-01
9.919148186536961287e-01
9.800274885996146379e-01
9.752844142941848871e-01
9.854712006120759371e-01
9.672193160585262905e-01
9.974549352012203052e-01
9.746938028770300022e-01
9.712787194792852352e-01
9.683518640754015250e-01
9.832074873133840320e-01
9.534598112537471248e-01
9.751834567588059111e-01
9.786894878571475997e-01
9.615397550512929659e-01
9.851122417697988354e-01
9.834367918038728895e-01
9.888143791680313877e-01
9.677886594131970277e-01
9.705402648312553282e-01
9.889452988841500591e-01
9.889688365886042387e-01
9.745873472914947655e-01
9.611805255266117065e-01
9.951432725912665589e-01
9.759031118794525561e-01
9.889461849778654612e-01
9.927787980876698892e-01
9.741555629828089202e-01
9.738815844621866447e-01
9.909291890358348232e-01
9.922932324801223558e-01
9.673054428883620659e-01
9.660025969696292014e-01
9.594436138748987375e-01
9.813042920230560240e-01
9.889782016898294170e-01
9.587575271185784231e-01
9.780524495710447574e-01
9.420660516167066456e-01
9.876202980411630250e-01
9.973100985270108021e-01
9.743840215590635623e-01
9.934318926108712811e-01
9.832079777767245288e-01
9.788098010280995576e-01
9.948675719782883453e-01
9.887442985638116300e-01
9.800134550559632673e-01
9.781739844620591651e-01
9.857379422863933316e-01
9.995356686646198474e-01
9.812281676471954484e-01
1.001273367715831197e+00
9.850723622019120773e-01
9.785568536905931980e-01
9.918039669228815303e-01
9.866632959846829420e-01
9.705576942257317929e-01
9.843896114317008950e-01
9.850474035227291258e-01
9.926462582184272243e-01
1.000968797519521392e+00
9.749604725077789524e-01
9.897748825478458468e-01
9.770981497056113740e-01
9.837922996913470719e-01
9.688306643342295965e-01
9.764792884627226943e-01
9.721961292586369652e-01
9.763986218939741946e-01
9.792327354514431814e-01
9.853151972468310316e-01
9.584392469241233004e-01
9.690318612637373041e-01
9.822149719591876105e-01
9.862818436734023253e-01
9.620101986186480048e-01
9.674270658294495950e-01
9.769959901735726371e-01
9.763148076456286129e-01
9.615545255783924938e-01
9.840609374345899996e-01
9.794513553355654878e-01
9.882055748416992413e-01
9.942080990575382637e-01
9.538675022566486250e-01
9.908194900561232421e-01
9.870306584050996257e-01
9.904847949057216105e-01
9.740167873869203241e-01
9.514374627561911213e-01
9.477144675202441304e-01
9.864458396837954002e-01
9.911038466827746252e-01
9.944584020921329870e-01
9.783733301792584269e-01
9.967867595305206496e-01
9.931238538374196345e-01
9.819511872854880252e-01
9.708699991874023549e-01
9.667574667896212670e-01
9.797781174912328916e-01
9.592624595802574650e-01
9.884305345961027500e-01
9.887143367700482743e-01
9.771778157713429946e-01
9.887650568630063086e-01
9.852813167248120063e-01
9.776381907575818486e-01
9.992776387981950892e-01
9.931917630837533428e-01
9.888123469701479706e-01
9.634284027769731695e-01
9.886629206770553013e-01
9.893831723452338744e-01
9.790037045894250944e-01
9.860373242752974443e-01
9.780958219500645034e-01
9.958894053976982130e-01
9.765921856125218126e-01
9.873248847038309517e-01
9.650803751594134727e-01
9.794380237869307892e-01
9.833724709236468797e-01
9.747851232171879099e-01
9.751265638714941009e-01
9.514107747067835907e-01
9.838330132559007790e-01
9.919092482420945878e-01
1.000097859567759206e+00
9.857214585311969701e-01
9.884799446431280501e-01
9.798737647959312458e-01
9.758358348462073950e-01
9.861320647069085066e-01
9.655678203042515895e-01
9.938782012755946749e-01
9.738365916661512189e-01
9.783413928658667436e-01
9.811738352332449731e-01
9.682390783281139557e-01
9.898480069382535884e-01
9.973800756976650694e-01
9.810582935243723490e-01
9.958230964372891680e-01
9.757630626628784887e-01
9.504146334220274772e-01
9.731118462965857585e-01
9.654469125996197887e-01
9.607121667608864435e-01
9.827353883989641270e-01
9.870446832543067206e-01
9.910151342831760024e-01
9.888183938347683277e-01
9.703795352700944621e-01
9.658220141952994497e-01
9.623742507222192710e-01
9.880592824572936861e-01
9.892627585197723006e-01
9.811792254621535259e-01
9.689364594362743777e-01
9.815567591417945215e-01
9.697156660862699118e-01
9.909179536714972647e-01
9.912736207685870493e-01
9.686981376887209283e-01
9.699901930334343669e-01
9.741356422598933529e-01
9.613921653981146731e-01
9.906541138792960277e-01
9.903706984867718388e-01
9.913652938803646508e-01
9.509713870205656061e-01
9.803502333179054951e-01
9.808747090787188760e-01
9.618323672872175489e-01
9.931482696604050364e-01
9.896836404033393375e-01
9.827730986440714744e-01
9.827847284834503316e-01
9.998607566007453595e-01
9.874519727970159089e-01
9.944649309014637062e-01
9.777303589949264406e-01
9.873322646464097740e-01
9.676408988887940099e-01
9.839624641579398645e-01
9.960176782938156004e-01
9.786277959704289264e-01
9.742745713767206883e-01
9.806006662259281192e-01
9.523449872549806239e-01
9.868937462553308837e-01
9.770273612783186845e-01
9.879525478911919123e-01
9.760175076311649045e-01
9.892777136257285830e-01
9.779195376421899732e-01
9.924738900128781127e-01
9.725165151594098445e-01
9.693647527585719237e-01
9.620125825362991767e-01
9.784598568677833619e-01
9.642942136021011024e-01
9.869255772045933961e-01
9.831625950471506448e-01
9.660787929113394679e-01
9.675337614471593017e-01
9.694867335745216419e-01
9.832016423812199868e-01
9.820585425638139743e-01
9.740711408716899999e-01
9.804925601313547734e-01
9.918747690815092888e-01
9.520214378157554336e-01
9.785160850086204176e-01
9.512280045252045069e-01
9.820482214368391194e-01
9.828792994315077580e-01
9.831998887765278639e-01
9.769596467111248961e-01
9.900119498163603149e-01
9.716394203498821547e-01
9.841435565163270116e-01
9.720316702464675274e-01
9.918367848565216027e-01
9.581000221349009749e-01
9.942037137615231668e-01
9.878721091141525745e-01
9.975581954307892740e-01
9.905902072176517859e-01
9.661837019310128838e-01
9.624555206655494022e-01
9.933390390794848424e-01
9.829216337931202530e-01
9.835864135480382187e-01
9.642515325210271326e-01
9.843416307319291514e-01
9.739076153903565292e-01
9.855229670200101877e-01
9.812283717078880141e-01
9.838835321249737031e-01
9.849522946571511728e-01
9.938634334178424456e-01
9.938103943120257799e-01
9.706082731586016532e-01
9.877191579523019183e-01
9.463486753679154484e-01
9.861647384264995431e-01
9.755483775702870064e-01
9.685416453583834961e-01
9.874362720148399664e-01
9.847172481318395842e-01
9.884048890576543345e-01
9.736623051566387632e-01
9.722365047140483219e-01
9.829693394273392171e-01
9.789925416590086193e-01
9.863395456538796013e-01
9.876516109838817670e-01
9.501584565118221803e-01
9.836608693382745683e-01
9.534840180248224106e-01
9.738487810579471438e-01
9.811844651339206580e-01
9.882211271149612397e-01
9.924922386408755459e-01
9.855971372864533731e-01
9.493627102248789473e-01
9.601637890298516664e-01
9.408434367075618754e-01
9.908723847865342771e-01
9.862220208972897195e-01
9.821549344654599834e-01
9.903819785129678310e-01
9.811826171571776944e-01
9.591603061215191461e-01
9.878424910783705215e-01
9.661041990200318619e-01
9.905792775901822722e-01
9.996355449951332961e-01
9.826483035793917020e-01
9.997060914180485591e-01
9.817405404313490624e-01
9.900480517222473020e-01
9.898689998580888494e-01
9.902334630416594896e-01
9.737009411391756020e-01
9.911640469718769886e-01
9.868479826790926834e-01
9.712703766634437352e-01
9.755551410918817945e-01
9.871120733898405275e-01
9.701276926527181432e-01
9.957822264762120623e-01
9.764943585928496095e-01
9.705291450996600400e-01
9.817877679988873396e-01
9.611381922022707025e-01
9.635028397240384956e-01
9.846475840958062165e-01
9.881100550762226264e-01
9.817172109585073914e-01
9.984545656011669656e-01
9.680388725094006830e-01
9.825068057747647909e-01
9.975405420762661901e-01
9.771555866836003634e-01
9.826844850507530094e-01
9.782138239045452544e-01
9.827366272916014944e-01
9.960199308458416168e-01
9.878404721067719496e-01
9.689115198772607629e-01
9.860351934985305267e-01
9.882371375289930038e-01
9.796985289198160141e-01
9.647591856418873402e-01
9.918192423700088467e-01
9.746673704283999040e-01
9.831616579278182888e-01
1.016271531954142882e+00
9.838218545236153689e-01
9.471149268247227582e-01
9.930484061258094686e-01
9.777173972054002959e-01
9.752986334456114070e-01
9.891250226583118144e-01
9.642139037693235881e-01
9.532894800682951697e-01
9.857506401744804414e-01
9.620151664121263657e-01
9.868720661172486475e-01
9.816399603834763399e-01
9.741145982368383249e-01
9.856636267205052260e-01
9.846588964126677945e-01
9.869587635080434573e-01
9.889738586538752152e-01
9.839974328405818316e-01
9.846829166756658758e-01
9.754556399127456423e-01
9.890805686495613980e-01
1.020825172171389461e+00
9.826237974174422130e-01
9.596872323208467392e-01
9.809848553970500484e-01
9.901253434009666954e-01
9.806700675253372523e-01
9.517709877698634635e-01
9.916971534197326354e-01
9.816725061147313358e-01
9.373217585947407615e-01
9.945850854034604671e-01
9.862309900678972729e-01
9.957400580497384190e-01
9.675413916244188783e-01
9.816734361621358707e-01
9.837826738324050302e-01
9.885077760963695281e-01
9.836656856958309048e-01
9.676585747048197517e-01
9.832017153609289295e-01
9.928640442408356304e-01
9.701696596339168810e-01
9.620836976186766254e-01
9.650145456630989660e-01
9.867606323972279991e-01
9.540120622052862265e-01
9.753095608232658087e-01
9.866127633150967302e-01
9.726074465277186887e-01
9.846376898707217551e-01
9.783933728548970254e-01
9.701894147830302240e-01
9.915251832643842134e-01
9.861766800674383049e-01
9.713035380305776734e-01
9.576829494397256504e-01
9.708411666620203606e-01
9.639927519220781171e-01
1.003400290034978548e+00
9.697163916279351037e-01
9.893848983254274199e-01
9.855830495401730618e-01
9.739855484900202809e-01
9.892965756973757241e-01
9.723762377577821470e-01
9.852122772031516318e-01
9.831087310391543044e-01
9.843655876494618040e-01
9.970173480838864233e-01
9.750688205997360969e-01
9.743785377801619241e-01
9.888814717748367622e-01
9.687144061987096322e-01
9.762736710362333037e-01
1.006118617433891416e+00
9.588214579249910718e-01
9.586194710364591698e-01
9.874637224423864490e-01
9.633734923813436213e-01
9.803687121827778794e-01
9.856606707242565601e-01
9.881693883689126601e-01
9.727282431636974369e-01
9.845139111026837142e-01
9.819444430064317997e-01
9.834354273543109981e-01
9.717582606831015601e-01
9.941763689259045522e-01
9.689053549790450637e-01
9.869219180228526733e-01
9.823473030238143444e-01
9.869097611252224400e-01
9.753000262979776291e-01
9.893009986236401820e-01
9.647582044506082255e-01
9.795494347180351280e-01
9.801109837540086245e-01
9.887439124384234113e-01
9.784370265548165690e-01
9.992425348765637816e-01
9.708761943510859638e-01
9.802070462200390688e-01
9.764490936210014072e-01
9.806959222503147666e-01
9.922207551333954711e-01
9.799972635802794985e-01
9.731526966584302940e-01
9.857097129045783168e-01
9.806697142166567183e-01
9.937837379259673032e-01
9.956001460394859892e-01
9.772042793767063973e-01
9.624475289079982288e-01
9.797920651489719912e-01
9.935817418251886579e-01
9.773958601411125713e-01
9.788298150421175237e-01
9.616026322254321856e-01
9.914763700231509214e-01
9.914997958584497173e-01
9.815163429384485827e-01
9.640973351561923366e-01
9.835946704400313489e-01
9.262700430051284961e-01
9.802651014783725358e-01
9.407956696311815525e-01
9.816011905291329720e-01
9.724711005807342712e-01
9.333816685803109081e-01
9.837745432852192939e-01
1.008918363792898454e+00
9.540597005673019382e-01
9.958977290444902541e-01
9.729001514564253883e-01
9.996707693342582468e-01
9.844133403733978938e-01
9.966805163453124061e-01
9.846877472532952202e-01
9.800605156864092837e-01
9.489548035976876905e-01
9.801851655451342404e-01
9.944962900716945997e-01
9.685409327592436890e-01
9.868545189995377998e-01
9.828045763497669229e-01
9.844727355842124439e-01
9.517088507901909633e-01
9.825865353065235119e-01
9.784892156492703830e-01
9.847996509661977038e-01
9.838913895470045023e-01
9.666833486913701812e-01
9.776112433930223000e-01
9.781074059166442458e-01
9.851794511860277881e-01
9.896567241127350867e-01
9.948910270928824628e-01
9.654529791144695894e-01
9.715987673012100867e-01
9.876628198389555413e-01
9.812373842558588244e-01
9.695311611921888506e-01
9.697271706952468318e-01
9.741690624979082447e-01
9.881905473974350596e-01
9.899674298864543642e-01
9.628233957096220541e-01
9.950312106851204597e-01
9.724603601548811316e-01
9.838886361222267674e-01
9.735485505462655453e-01
9.551878177970793971e-01
9.846238110084206685e-01
9.895252502717365450e-01
9.900150463704776582e-01
9.765468119036898598e-01
9.772525027126188757e-01
9.787543875406689020e-01
9.797931045494285840e-01
9.817311609492124225e-01
9.544769984615479874e-01
9.809874998272740676e-01
9.767825428499807838e-01
9.833059692216652437e-01
9.892434541062476994e-01
9.910441310672625237e-01
9.744274576232550000e-01
9.753659828099374707e-01
9.683537641154532638e-01
1.002535515703632640e+00
9.685321608119652481e-01
9.999566967331743328e-01
9.865806987286700469e-01
9.834816447567565900e-01
9.856916582878648692e-01
9.838390871261045723e-01
9.853480707017441276e-01
9.827291536563105279e-01
9.246130279793827178e-01
9.500838308997555659e-01
9.810209484360760124e-01
9.840555453787139806e-01
9.780121378321058323e-01
9.830907983010152007e-01
9.691620522310202546e-01
9.767018960204358891e-01
9.722682547176624279e-01
9.866918914302786892e-01
9.828157642456628595e-01
9.913172851300650068e-01
9.805503093101120005e-01
9.909997842475820606e-01
9.685130329722840825e-01
9.854616722478407587e-01
9.743995187770182476e-01
9.876390407378712322e-01
9.841901001902721990e-01
9.785218892279020642e-01
9.863989980945782055e-01
9.930701766946787856e-01
9.516966288155013221e-01
9.631514573970112458e-01
9.832287191526616343e-01
9.854682408636639135e-01
9.833354302502225197e-01
9.792873168651987648e-01
9.853996000432263536e-01
9.716146914005365787e-01
9.847943456690767539e-01
9.567809864491888527e-01
9.779652692049857210e-01
9.862536920857958300e-01
9.674750976183121853e-01
9.930368593904937979e-01
9.955206695270766293e-01
9.881113579927365276e-01
9.991640702740067770e-01
9.637359821535799176e-01
9.786003728745928942e-01
1.001844991548840547e+00
9.816768286452404180e-01
9.618118204503997015e-01
9.885792175310438301e-01
9.880073145596236506e-01
9.795114326809603034e-01
9.865999075563318677e-01
9.861786383373832843e-01
9.412864584158665560e-01
9.897889359588827318e-01
9.726123665351595893e-01
9.410982917220944710e-01
9.664529034670985563e-01
9.894815647865243813e-01
9.973883523885919145e-01
9.840654771441403881e-01
9.849458710883037815e-01
9.893488882324632527e-01
9.898761716316124559e-01
9.989262412074074726e-01
9.769424007891939210e-01
9.964911856460257900e-01
9.701126386013162461e-01
9.392183389969424034e-01
9.840788073141608638e-01
1.000410320121666974e+00
9.904180186916121675e-01
9.801986539924614217e-01
9.976416739218240126e-01
9.821231387038851235e-01
9.797283625527973827e-01
9.741581838992406928e-01
9.742070952912929016e-01
9.580178711268134695e-01
9.845309682654880268e-01
9.844332614254888147e-01
9.810685860741001907e-01
9.883724406841842836e-01
9.715423092415402806e-01
9.995396768485965699e-01
9.631908665011946757e-01
9.541221284597518615e-01
9.838762241647249773e-01
9.971354073064061518e-01
9.822555386199345318e-01
9.801646961082818299e-01
9.907682251152440944e-01
9.849544278913383577e-01
9.871286593418737709e-01
9.662112159823530444e-01
9.862123681088047489e-01
9.878716213392150225e-01
9.839297455269188086e-01
9.788386312302201908e-01
9.704529132940308278e-01
9.741567479511128447e-01
9.919324387248891206e-01
9.870743921821628630e-01
9.913153742388323142e-01
9.908450735680455201e-01
9.926978012311203914e-01
9.843704582338640430e-01
9.898973937079635910e-01
9.768534459803660530e-01
9.707494136079144464e-01
9.883701567849464409e-01
9.174080464759064579e-01
9.955169636722659421e-01
9.763090435631978092e-01
9.840544856321721268e-01
9.676548317937093691e-01
9.753077183267810923e-01
9.648809597795940940e-01
9.734684860514861704e-01
9.930633989612553947e-01
9.699744502705566207e-01
9.546284134004039412e-01
9.917622613105169238e-01
9.957057466282988045e-01
9.859884123285049817e-01
9.587924079570460112e-01
9.615819768905192744e-01
9.875455480820908294e-01
9.771862972550653392e-01
9.488817696402805923e-01
9.721608271438525462e-01
1.000561022098523489e+00
9.564087364520469370e-01
9.646885188049439952e-01
9.888616204959344014e-01
9.902735258026607035e-01
9.685636666634257486e-01
9.751145649533781157e-01
9.864405178436888022e-01
9.632763520820853964e-01
9.826007887900349846e-01
9.880068981170667675e-01
9.848017240405766426e-01
9.593153025275796830e-01
9.977432652664580681e-01
9.920614684904727199e-01
9.849691543330855170e-01
9.670155953504900870e-01
9.991545282332222611e-01
9.561745050925858358e-01
9.886486305273950448e-01
9.792810939161097350e-01
9.747885088563672529e-01
9.784139874190599384e-01
9.827197522551798237e-01
9.779576056352367042e-01
9.929276581940520430e-01
9.871940996635940602e-01
9.953820243627884423e-01
9.709696449470694990e-01
9.885613066561556028e-01
9.835776136055666141e-01
9.921916626574029952e-01
9.724451514940274377e-01
9.865082559808215912e-01
9.715486269042252765e-01
9.688000091963615557e-01
9.687428289899289169e-01
9.795230816670270624e-01
1.005382706881221333e+00
9.855274707325212269e-01
1.016584881217784009e+00
9.896353070445426114e-01
9.687562982620644414e-01
9.413821706097053044e-01
9.788191511874787532e-01
9.884462796127178041e-01
9.689711795280704365e-01
9.957060240447480615e-01
9.631384388484154346e-01
9.936574624881091555e-01
9.917323423817353545e-01
9.808510936118146617e-01
9.482121991849428166e-01
9.795998563038235130e-01
9.720938424326072136e-01
9.412771050562003250e-01
9.604671363394733374e-01
9.903723772064230157e-01
9.622748089085897405e-01
9.944464098676355501e-01
9.897391748948203283e-01
9.810029967614753987e-01
9.939847357032637332e-01
9.533926517351903884e-01
9.836040753007240234e-01
9.615745639824697655e-01
9.731832272046532228e-01
9.722166111958663315e-01
9.666337115768042221e-01
9.597936706624603520e-01
9.722443222801970819e-01
9.711866178227960278e-01
9.817388300147545932e-01
9.865130440700691228e-01
9.846744345295801448e-01
9.453940228786081867e-01
9.839730195661346990e-01
9.616632301406395911e-01
9.815923852627820301e-01
9.731309222592522401e-01
9.709784426470571272e-01
9.609708150577704888e-01
9.859928053965520967e-01
9.664397818793546424e-01
9.730003985811171985e-01
9.791776823705774513e-01
9.278072581746679148e-01
9.810818205129019365e-01
9.720579314358842593e-01
9.868510888126563740e-01
9.863583270430293926e-01
9.700333038284540965e-01
9.755216616476507507e-01
9.660319832960125863e-01
9.577213551806333935e-01
9.938656914055499225e-01
9.830496804007472500e-01
9.604535762601904558e-01
9.737383693282608554e-01
9.940435286930614511e-01
9.707975034497923206e-01
9.829211991222877032e-01
9.723964538014693293e-01
9.841342737962892606e-01
9.853620998385332896e-01
9.721180256040840018e-01
9.880041973977551351e-01
9.504719938779271349e-01
9.901853674875323863e-01
9.868110280962268943e-01
9.615553799208806929e-01
9.837718195495994689e-01
9.783892946325344342e-01
9.818085806260060666e-01
9.865686720083522987e-01
9.932684462282582727e-01
9.914337395507247797e-01
9.796986355931167623e-01
9.886865162332719725e-01
9.909308733964614646e-01
9.865165495315665334e-01
9.536059959513557560e-01
9.619505430268370239e-01
9.874693831610559247e-01
9.810763684523665651e-01
9.795971044582610920e-01
9.798571656493195725e-01
9.875806401174455074e-01
9.774159263204081904e-01
9.707890617948897738e-01
9.939656966677633543e-01
9.797259747181262801e-01
9.794177428108544747e-01
9.795771961814802031e-01
9.816766530260662149e-01
9.774790991745103685e-01
9.891511420489281781e-01
9.658189799832157529e-01
9.880546426345625521e-01
9.641941371336874012e-01
9.790848020766940163e-01
9.835664092359593935e-01
9.918915991859039716e-01
9.867106753232556260e-01
9.791005757597676107e-01
9.772842568963107102e-01
9.579279497720766257e-01
9.936862826762583589e-01
9.923318490567476502e-01
9.806144476121436693e-01
9.851793082925396350e-01
9.778165547519804823e-01
9.667199229475014199e-01
9.909570503544053999e-01
9.905244308599445713e-01
9.636645843819588997e-01
9.832873035921357863e-01
9.635008744732918018e-01
9.848138601410103554e-01
9.980641698954898500e-01
9.733846803040846485e-01
9.866618639555041481e-01
9.770807337837835727e-01
9.989051487012368113e-01
9.855362349840698366e-01
9.716648323319410085e-01
1.007137210274133610e+00
9.878454521203107186e-01
9.881589460673153580e-01
9.723621600332293946e-01
9.733586943578298456e-01
9.929435173332359366e-01
9.812455286151571254e-01
9.345184478180657006e-01
9.846495335160120321e-01
9.895381159864571341e-01
9.866796543319679147e-01
9.639319978297724578e-01
9.862067052011059820e-01
9.945546813322444502e-01
9.856934962180831095e-01
9.607614180272108229e-01
9.601747598256977767e-01
1.007555763925664483e+00
9.908359989937659540e-01
9.786446204264197535e-01
9.771193513939773201e-01
9.885744212886303783e-01
9.863580117518615520e-01
9.212940893202342663e-01
9.791837286587962152e-01
9.664472455110074689e-01
9.796678498088388087e-01
9.975239485773531589e-01
9.857278604777132136e-01
9.776020863529288896e-01
9.893145475784198561e-01
9.553121534094854983e-01
9.923039887182637520e-01
9.804171470183314918e-01
9.554820549239487759e-01
9.868478272341846269e-01
9.624684967134694569e-01
9.710447776036956746e-01
9.914705634423683911e-01
9.669149205357324695e-01
9.772688692888666928e-01
9.745092446172191059e-01
9.847750699728660129e-01
9.446179867555029031e-01
9.743789326157734632e-01
9.838852374280167012e-01
9.901986378526238530e-01
9.626973534719547310e-01
9.779223690085960818e-01
9.701191923621627078e-01
9.688476029540445955e-01
9.929614372111891241e-01
9.865301643888050309e-01
1.001848272692402286e+00
9.745186653979245328e-01
9.796531718637179198e-01
9.897657029372451953e-01
9.596188247769816826e-01
9.846774585428004212e-01
9.390870754320168601e-01
9.789638810602646624e-01
9.728278040049853637e-01
9.860911494471503724e-01
9.658021048389509033e-01
9.999876985677975672e-01
9.881350712165283268e-01
9.753557187734960277e-01
9.738392565423480418e-01
9.961343756363350010e-01
9.742157543211378279e-01
9.705815419812389155e-01
9.962645834356256280e-01
9.662965407767434289e-01
9.923973972282594813e-01
9.836441451958241045e-01
9.675405143535016350e-01
9.957594016272433013e-01
9.824062431597661016e-01
9.763217280872161785e-01
9.873574411316263788e-01
9.896613696941907179e-01
9.801339815841748626e-01
9.736477113248213078e-01
9.727298187884426683e-01
9.823546489140123628e-01
9.923246113667596457e-01
9.548459011035217436e-01
1.002586891980530970e+00
9.781372678332975745e-01
9.916108214764397522e-01
9.864097476418468569e-01
9.739053580132578380e-01
9.603615339432811648e-01
9.683993114916841227e-01
9.863208310147951741e-01
9.338897062646850378e-01
9.629212768215378304e-01
9.877371278278385125e-01
9.928051525213650308e-01
9.524507446522411103e-01
9.904325420289382675e-01
9.653550279996694350e-01
9.853595156772427810e-01
9.685644532396786577e-01
9.748588168536032050e-01
9.900294708751609107e-01
9.732875455894701711e-01
9.840831734613703086e-01
9.822888151440209992e-01
9.800229359858725342e-01
9.878938583261855921e-01
9.667878587660422296e-01
9.700874720730848777e-01
9.896838684453975743e-01
9.716656131192695778e-01
9.836572068223877752e-01
9.760181075370621961e-01
9.831286666158151055e-01
9.833540034210206393e-01
9.752222562119134963e-01
9.373126175668614612e-01
9.924982722145683223e-01
9.811091901274874294e-01
9.551447592427432243e-01
9.913433690424136024e-01
9.755044427729908652e-01
9.671801930729780894e-01
9.786655589188182347e-01
9.922150615068665580e-01
9.843841563652739879e-01
9.966465442090703952e-01
9.736343568177581176e-01
9.824072486833143047e-01
9.695758031386551012e-01
9.705318615615365907e-01
9.608463434551688387e-01
9.877931396923382845e-01
9.804380554340231813e-01
9.814675496705839164e-01
9.940749198014557919e-01
9.607823770750317793e-01
9.687243865857555480e-01
9.803731815739331612e-01
9.920578180108584609e-01
9.587580106617901166e-01
9.885487328168041099e-01
9.847430749101603320e-01
9.912624107822715080e-01
9.639302579036660434e-01
1.001848945538190927e+00
9.798977332376413996e-01
9.765877010650554357e-01
9.917119783644328113e-01
9.775691050576562624e-01
1.005519498833709058e+00
9.849866245296559075e-01
9.532426413384228470e-01
9.856562629330453129e-01
9.969000100915837992e-01
9.816272583488686587e-01
9.753979676466226767e-01
9.581444907444945924e-01
9.740667508357502280e-01
9.771212000515515639e-01
9.974704625536140457e-01
9.886609908887852294e-01
9.808117384349349654e-01
9.631171960999818094e-01
9.768659562055327372e-01
9.870505600129314550e-01
9.635191445794057952e-01
1.009191387887070857e+00
9.901340911832746672e-01
9.919959499422331684e-01
9.763963644129148856e-01
9.685489789262279325e-01
9.825430756961380796e-01
9.822809021678609032e-01
9.824435819701442529e-01
9.733806986849606879e-01
9.965773882757333890e-01
9.803360336376365503e-01
9.562406318868307276e-01
9.562611788934901602e-01
9.881318956060229919e-01
9.954090947419386159e-01
9.823189943926855516e-01
9.852443429911658113e-01
9.725771878181317387e-01
9.830049672189917764e-01
9.602955696742724312e-01
9.702353734143637221e-01
9.804061019125199783e-01
9.802107778147860495e-01
9.605791063384606643e-01
9.546149106073323898e-01
9.688668878656823136e-01
9.896560679985793030e-01
9.740748843072839502e-01
9.859428972989103812e-01
9.955004554670788819e-01
9.978586928865363914e-01
9.780147541879864459e-01
9.988965294183083099e-01
9.806991764479877638e-01
9.845654780909232073e-01
9.884401180364459361e-01
9.877523328696933280e-01
9.915788624794812378e-01
9.481107233395195122e-01
9.813492829007496310e-01
9.856800291499174804e-01
9.948519084600431217e-01
9.901671191052470178e-01
9.832591870468860851e-01
9.945325241185068998e-01
9.753920333540792020e-01
9.875037366453391918e-01
9.835362870856727557e-01
9.611967613068919114e-01
1.002346730530164987e+00
9.868796435197875194e-01
9.876180284191214964e-01
9.443349018771478587e-01
9.862759584032920745e-01
9.732027420549865804e-01
9.942671280331633055e-01
9.901062097361803538e-01
9.908897459528387408e-01
9.747858964377239532e-01
9.867320926305497286e-01
9.940761232279019532e-01
9.696477578780916540e-01
9.769225211577722279e-01
9.881358224442303717e-01
9.820883788265184489e-01
9.781672295416683482e-01
9.915698694996673002e-01
9.771797784616930160e-01
9.863454651074341495e-01
9.845029849268992495e-01
1.001801133092079299e+00
9.915483811616192522e-01
9.664473832084063964e-01
9.975491574752917145e-01
9.792713126802921053e-01
9.857877342023991796e-01
9.708103031523719340e-01
9.770606115790714252e-01
9.905798532667681178e-01
9.861636017850362590e-01
9.654721923271120110e-01
1.000687787398937489e+00
9.619428222859494060e-01
9.630195712765576843e-01
9.840894487078347685e-01
9.937452379794965429e-01
9.978460494227862076e-01
9.626676660443732603e-01
9.935437463882139664e-01
9.868841605964777663e-01
9.861746872630970939e-01
9.700297714240360136e-01
9.866767976735194567e-01
9.700713612274324271e-01
9.836201349814340800e-01
9.764179787838970226e-01
9.881131148200766878e-01
9.636964146295984301e-01
9.831525096781824624e-01
9.931522994167500951e-01
9.696578696893634053e-01
9.757371216337884512e-01
9.808058713563602149e-01
9.654726748583479790e-01
1.003179681989566419e+00
9.778510213595386080e-01
9.710048855765794906e-01
9.785499353192251837e-01
9.875228512457817631e-01
9.722413069524490359e-01
9.905219564121622300e-01
9.580478483088004094e-01
9.586659054269920377e-01
9.812326034294464039e-01
9.816919177851295419e-01
9.663196755729297482e-01
9.786762050239063981e-01
9.826028057246715131e-01
9.636874023135683087e-01
9.617279656007552413e-01
9.791487054247138833e-01
9.816125972503104702e-01
9.847215975399796761e-01
9.775729816939936478e-01
9.835291963047942954e-01
9.914358345573593967e-01
9.795224947171158325e-01
9.344358309208959934e-01
9.801840111441079140e-01
9.798064870987077679e-01
1.002042975016057547e+00
1.005724480767213214e+00
9.903719811251302518e-01
9.324620898547457681e-01
9.898333878594139934e-01
9.730123075841308200e-01
9.525216998179655281e-01
9.885611013067089337e-01
9.796418786745832996e-01
9.692757688973743235e-01
9.889050171183617621e-01
9.835191406343133380e-01
9.842635081172971256e-01
9.902577362145263962e-01
9.563745456515474475e-01
9.811231621441164341e-01
9.658420973715321489e-01
9.771700145349573319e-01
9.808175466419397637e-01
9.938113888217160463e-01
9.367416998547893892e-01
9.601013267203756252e-01
9.812877757505985565e-01
9.734235382000077097e-01
9.816154802160684811e-01
9.765320369822024782e-01
9.873216878285026032e-01
9.903658685481561141e-01
9.903813746180261113e-01
9.815515225142450451e-01
9.755727854680259492e-01
9.942638796588422201e-01
9.920730632488751199e-01
9.784973158477917599e-01
9.812081426720995481e-01
9.759535781237618224e-01
9.787473331160320145e-01
9.670514929524408609e-01
9.562332019642834080e-01
9.900176637611437513e-01
9.839646343358413594e-01
9.849333772192536696e-01
9.862589609546994485e-01
9.775987190686259432e-01
9.914479599747584304e-01
9.910492563624088147e-01
9.697626404279561241e-01
9.766583537808837256e-01
9.862556918148324137e-01
9.878032332521142767e-01
9.760414347300114812e-01
9.701069960138732906e-01
9.918636281112697128e-01
9.468372216143737807e-01
9.846402894989613186e-01
9.802156030763126138e-01
9.845740571449606016e-01
9.625480711241622966e-01
9.749442576553640771e-01
9.853240159160018274e-01
9.840915383480847156e-01
9.946394830178088009e-01
9.774892202961860121e-01
9.893993307145835248e-01
9.780752641806913505e-01
9.604606485857044573e-01
9.736697242844725153e-01
9.716332213844388610e-01
9.500482435323207575e-01
9.792806054743350419e-01
9.703174528652874775e-01
9.694247179222507116e-01
9.805097254466096368e-01
9.563930820213030204e-01
9.849083449645046340e-01
9.631117682107043221e-01
9.582308405890546110e-01
9.696154393651291725e-01
9.772885159431706770e-01
1.000228394810915855e+00
9.703948012780817534e-01
9.796731987243201267e-01
9.893148419998751830e-01
9.555973497562602059e-01
9.965856446352645559e-01
9.926305272042732497e-01
9.823255984944605501e-01
9.833253660438150412e-01
9.825472724760655474e-01
9.895047284351635719e-01
9.809584415122681866e-01
9.546895938568645823e-01
9.752700422405383707e-01
9.949654775536542761e-01
9.687812697085096403e-01
9.809840674019564277e-01
9.849413881550689309e-01
9.919878272584700118e-01
9.873533348218592742e-01
9.826050648252495634e-01
9.832928425721543242e-01
9.882191746476531868e-01
9.800704767689399910e-01
9.732472943513700292e-01
9.623952389313734646e-01
9.845601071319213249e-01
9.787316649927623180e-01
9.780726769351983929e-01
9.842008601725424910e-01
9.795653712477979669e-01
9.796593585962976025e-01
9.739059565528364049e-01
9.793601837875968164e-01
9.769801244520035510e-01
9.855729357996128037e-01
9.941480049574416000e-01
9.508889155468501775e-01
9.889941161965086769e-01
9.843383715669097311e-01
9.854548362062248712e-01
9.718000324041574656e-01
9.760618287344260402e-01
9.740114339859237136e-01
9.785685057697118827e-01
9.560154745951339184e-01
9.691429589727548199e-01
9.956870734784775134e-01
9.870092286097955636e-01
9.816446366530565681e-01
9.941041051458744393e-01
9.926597725190906552e-01
9.761169527436935889e-01
9.871226442570185666e-01
9.705734684707442161e-01
9.815455996553141826e-01
9.794340507411508634e-01
9.813586276646339979e-01
9.954888594316967376e-01
9.988328487466711092e-01
9.782539246272294875e-01
9.591547506535578194e-01
9.683515120990832115e-01
9.780934365428777255e-01
9.824144065521412950e-01
9.759333037394085641e-01
9.921327454633932508e-01
9.934147278194792596e-01
9.729745756747099072e-01
9.886541149069500989e-01
9.665063153244699556e-01
9.884542513473272285e-01
9.802542895506032306e-01
9.953264490157425204e-01
9.948249955696343294e-01
9.756202891525627141e-01
9.744311561488341322e-01
9.740669817657252594e-01
9.721551713253638871e-01
9.740324223076609611e-01
9.721531786280480647e-01
9.924905656906994889e-01
9.647929972125275366e-01
9.778086267516251651e-01
9.792367741064531561e-01
9.669963620131428739e-01
9.825868573881327839e-01
9.917882231161108120e-01
9.783192331465639935e-01
1.002764546905271059e+00
9.697903677112137411e-01
9.600987218099629183e-01
9.792409982612630959e-01
9.797768777616672198e-01
9.563263647899866715e-01
9.884332815153478169e-01
9.920076006894446019e-01
9.752584587465860100e-01
9.846312813896180849e-01
9.949793826324292434e-01
9.747992007577778173e-01
9.801808649332770518e-01
9.764724988314550380e-01
9.857596268039223730e-01
9.899749094825291973e-01
9.889408450566372633e-01
9.752361223820661396e-01
9.892198909015945674e-01
9.496990115181703773e-01
9.896716247278644074e-01
9.837012550668006172e-01
9.729308713649927887e-01
9.894514235507981814e-01
9.850326720037876349e-01
9.762512673846426292e-01
9.533816671863194481e-01
9.780094323372023890e-01
9.801036797235986864e-01
9.722730453466958966e-01
9.754198674323235618e-01
9.760716735290496660e-01
1.001607819384237930e+00
9.661493834901440092e-01
9.698908584501915175e-01
9.749292367969963902e-01
9.959045325199137322e-01
9.786468035879875016e-01
9.836840483805432411e-01
9.900452063988183227e-01
9.873850257516657569e-01
9.802007090546389634e-01
9.825748348026615009e-01
9.836131027566928919e-01
9.894671179131587779e-01
9.540357139006900855e-01
9.905476342351935415e-01
9.868994348880932854e-01
9.792335627203671011e-01
9.868871958029200586e-01
9.807955538285937358e-01
9.851126894864161709e-01
9.751805380699543058e-01
9.552707335204309036e-01
9.790840061752550394e-01
9.926126067409218878e-01
9.765044231977187961e-01
9.737974258962703855e-01
9.844431264947124394e-01
9.678523493949157119e-01
9.787630566761826856e-01
9.484890388813319584e-01
9.839169558671001514e-01
9.677995464985917895e-01
9.827894968869309578e-01
9.748530058004114540e-01
9.524481712545764811e-01
9.801387928281782846e-01
9.949980468972825509e-01
9.656460454888681211e-01
9.743555914484940406e-01
9.614765275653344156e-01
9.750741108571020499e-01
9.958554119021783002e-01
9.695129326728825214e-01
9.938902520266309493e-01
9.884728130683625436e-01
9.664615150567719137e-01
9.804921543537674644e-01
9.791114176739018626e-01
9.893093903025966807e-01
9.713907911853244537e-01
9.524878762177404479e-01
9.838244152527892972e-01
9.840472756664880860e-01
9.918980071056607839e-01
9.787779366567405104e-01
9.740792451975397448e-01
9.710917316729752446e-01
9.862048339936640984e-01
9.887420907223705147e-01
9.837922185647706153e-01
9.916207268322986268e-01
9.801984067870227468e-01
9.857950103609237624e-01
9.510993624784760403e-01
9.806074261299809747e-01
9.829181497917953703e-01
9.678048469182441993e-01
9.831602603684527208e-01
9.844715884767836211e-01
9.548189232862704934e-01
9.739375684410476186e-01
9.847843778289382399e-01
9.850613929143955394e-01
9.758018557604763998e-01
9.804902187836986860e-01
9.919909695304667263e-01
9.495006484328032403e-01
9.871376233671068645e-01
9.782726447396933311e-01
9.788495799909768813e-01
9.841966070734093908e-01
9.874410164390169387e-01
9.765361813260409196e-01
9.806141432942684366e-01
9.777873865742975346e-01
9.728542606170985652e-01
9.902052253379948210e-01
9.761108792887276397e-01
1.010496603092253087e+00
9.898425204992554738e-01
9.775167850894836974e-01
9.658668422574900880e-01
9.905236482406619691e-01
9.726904448736050091e-01
9.799302312605774334e-01
9.697122206092307906e-01
9.904438837392334216e-01
9.887910131316609563e-01
9.441050075713275369e-01
9.701161984280306516e-01
9.655924385942599164e-01
9.916595209234427832e-01
9.656758204152249281e-01
9.916687567607525011e-01
9.925294452510389220e-01
9.989497543770476939e-01
9.592238253551857996e-01
9.609040672447568543e-01
9.907005181463129917e-01
9.911398368851451757e-01
9.822778223321706470e-01
9.883707557820943235e-01
9.881824023159979653e-01
9.716546097594358500e-01
9.931281775057515526e-01
9.725523439705913153e-01
9.784707816107380829e-01
9.884008833822165441e-01
9.760883856421057603e-01
9.777332091152386440e-01
9.803072513568940050e-01
9.862302391002447655e-01
9.694724015668365613e-01
9.969099929411272543e-01
9.434382473589589813e-01
9.831259073220042222e-01
9.481087994535652985e-01
9.853612173748070857e-01
9.947867438884753222e-01
9.590846498559540967e-01
9.929518539241717345e-01
9.689237342436924916e-01
9.849418426750351507e-01
9.764485816682733077e-01
9.787934675313537669e-01
9.940016672019962307e-01
9.877211309185953692e-01
9.737660834255968956e-01
9.602325640570988918e-01
9.738573825365057779e-01
9.862378586946191072e-01
9.683275310264196634e-01
9.757920126581587361e-01
9.900067922158429790e-01
9.650567111935083320e-01
9.455050206451312000e-01
9.874625977623120443e-01
9.848972056268442410e-01
9.842198144516578484e-01
9.380126464424261012e-01
9.305499183487637715e-01
9.671654175369329698e-01
9.883505918799636580e-01
9.928073020703378493e-01
9.891989873106542541e-01
9.954253848468818111e-01
9.868717254653173176e-01
9.857035995383284233e-01
9.882858425692413462e-01
9.756675675880495113e-01
9.757219806760709657e-01
9.792307968970812571e-01
9.855278867783618946e-01
9.603232596626742890e-01
9.981244147189537452e-01
9.682515984149687727e-01
9.771797925052266853e-01
9.706510018267453521e-01
9.913512838355857948e-01
9.925123093012546693e-01
9.869424752392603750e-01
9.700167359069080675e-01
9.894406368955425135e-01
9.812969929575335870e-01
9.716320449958725236e-01
1.012893846931881114e+00
9.913648599243024551e-01
9.815291299861338414e-01
9.843050221808133937e-01
9.729880733842448670e-01
9.790556672502798152e-01
9.871567839688404344e-01
9.504989850942340279e-01
9.873615108524521622e-01
9.879021079723312448e-01
9.609972629314080805e-01
9.793383784552609495e-01
9.795023657591812594e-01
9.894950949257572681e-01
1.003539233667234409e+00
9.736751526705830218e-01
9.823616881549690483e-01
9.851112687875263063e-01
9.640637006816940024e-01
9.897328955836802722e-01
9.782901023597647683e-01
9.781581452926797482e-01
9.877814894915313282e-01
9.764722139720813932e-01
9.927488573245444314e-01
9.913247876157050831e-01
9.785735460563537158e-01
9.646133329552554203e-01
9.572780206884323739e-01
9.815996735032467280e-01
9.916531792825920011e-01
9.717154927233766504e-01
9.973841169023252018e-01
9.751538182971257740e-01
9.827050310263618638e-01
9.880201829510889544e-01
9.865944860489865853e-01
9.814059825173551133e-01
9.700546085129656548e-01
9.840877111177269709e-01
9.938429556780150609e-01
9.805659732582138188e-01
1.001819587237439357e+00
9.667766532965464954e-01
9.789257767847310276e-01
9.730943386774340009e-01
9.834454005352033512e-01
9.926354614716990099e-01
9.822973622657088510e-01
9.775059462586439540e-01
9.948680329658134980e-01
9.925709690967482457e-01
9.676521505226677311e-01
9.677975168975031517e-01
9.642072180266906267e-01
9.938317414408226469e-01
9.904480656916643255e-01
9.750711779944812863e-01
9.914407493622811041e-01
9.777130820561393820e-01
9.737273592583443049e-01
9.918368188214422565e-01
9.879198855773770882e-01
9.859740613575282975e-01
9.889096467323337247e-01
9.928504816904609731e-01
9.654136209593566775e-01
9.719339211687371138e-01
9.674668341561128981e-01
9.842585196655023738e-01
9.871965263794115764e-01
9.817989979650985077e-01
9.848638546037973285e-01
9.557218852609541404e-01
9.680929466288651364e-01
9.755898275164459621e-01
9.651494634677170170e-01
9.948385186243825506e-01
9.768385889728967708e-01
9.505653983463027146e-01
9.961422444352705519e-01
9.678768156355808117e-01
9.617653480199132021e-01
9.752450333723197140e-01
9.740989639308944570e-01
9.538894577123133711e-01
9.423509623034774796e-01
9.727935353272431085e-01
9.919352950987273543e-01
9.922510065116717515e-01
9.713545102978470291e-01
9.868702456949628443e-01
9.820629773884190783e-01
9.693760324060296529e-01
9.712048346666466436e-01
9.915702712261549312e-01
9.699748583062710594e-01
9.855779568221946230e-01
9.824874774058391935e-01
9.797742299357645734e-01
9.774499010484130057e-01
9.807815561166258744e-01
9.810584284832714053e-01
9.812998169127591375e-01
9.866156088940767344e-01
9.780561386321838802e-01
9.737198388575518671e-01
9.726062331143338069e-01
9.834184003852013412e-01
9.772131867917981385e-01
9.709782896782968020e-01
9.943765345926438570e-01
1.016544055138906000e+00
9.763415679951225057e-01
9.918767605352127870e-01
9.727461446408119938e-01
9.703858496913407850e-01
9.838674670268418021e-01
9.729963841695414839e-01
9.825569083500881318e-01
9.834919086775842922e-01
9.660074355987622319e-01
9.949452456394038968e-01
9.739912885281055699e-01
9.730549839416441360e-01
9.670532367239836891e-01
9.936540415058050524e-01
9.895969649502698307e-01
9.891401748767758573e-01
9.602228281145183120e-01
9.817796590821876723e-01
9.791945364169361010e-01
9.959965062675724123e-01
9.821803922496585848e-01
9.474331340870825180e-01
9.809475117783319487e-01
9.883049009174021959e-01
9.931016018042324589e-01
9.618532409911945136e-01
9.967877387327496175e-01
9.848284754442366840e-01
9.811222188094779195e-01
9.630114880608405814e-01
9.697322650944221190e-01
9.838662951654707500e-01
9.861488762654236906e-01
9.873308438600115755e-01
9.925482465897746964e-01
9.781696859767046170e-01
9.592824001333356554e-01
9.788479356936871101e-01
9.553014088217425259e-01
9.634638366986766345e-01
9.756380426206502365e-01
9.721864634068657640e-01
9.687836070651028031e-01
9.701306832240065292e-01
9.708105025041270375e-01
9.660465556945327936e-01
9.660380056278082828e-01
9.754840021022213037e-01
9.869721169366326707e-01
9.935874253651346688e-01
9.940346860700385312e-01
9.751333686330004857e-01
9.768947192970890425e-01
9.865251683498179602e-01
9.423372058261707540e-01
9.761889329309326735e-01
9.731256522988894764e-01
1.005738819770887194e+00
9.870370587095436132e-01
9.720388704826045112e-01
9.711328173715595424e-01
9.575551297879973944e-01
9.870123914059203418e-01
9.826937112229604532e-01
1.000014922356835090e+00
9.748981607017135342e-01
9.857997598432712838e-01
9.817353618519901737e-01
9.881605976414542525e-01
9.831746681780405561e-01
9.983725450264905321e-01
9.714993019760481685e-01
9.576013914389729376e-01
9.629025080998795394e-01
9.839667058684036238e-01
9.796918150161463279e-01
9.692098306211595071e-01
9.813295106633306286e-01
9.789310068622757433e-01
9.922027517724881784e-01
9.891097001245729992e-01
9.828453540304228353e-01
9.717857116963061204e-01
9.553572554987009857e-01
9.819684349863657680e-01
9.775727678192921433e-01
9.816397455076754097e-01
9.738625311308458654e-01
9.788957436507469412e-01
9.609817269779855620e-01
9.940202080236290039e-01
9.906062559778087140e-01
9.737043937392705351e-01
9.825072571304936941e-01
9.879669419897011418e-01
9.855178863588076599e-01
9.983389312623489609e-01
9.887869343785736787e-01
9.859286569896033026e-01
9.789718036973948934e-01
9.942814734960642165e-01
9.694487272617235973e-01
9.887424300200884364e-01
9.783409833101160968e-01
9.788399847748149307e-01
9.821010975286452727e-01
9.885896999337695501e-01
9.810499020347234200e-01
9.589785118913510820e-01
9.923075842085959941e-01
9.552451514045403602e-01
9.768289759709869458e-01
9.961455469225103387e-01
9.880946705888180581e-01
9.899930696039385136e-01
9.787782227905172938e-01
9.790912150848626316e-01
9.950105829876141339e-01
9.901124996058315864e-01
9.679592748609706643e-01
9.888574727079483262e-01
9.705694325704173897e-01
9.999372412579968783e-01
9.769421717444095599e-01
9.614706926663075803e-01
9.637311469416324217e-01
9.725904647540667414e-01
9.664080204920151296e-01
9.923783437021553855e-01
9.757854550393869619e-01
9.558827523338863097e-01
9.745824623640707562e-01
9.909737888358317592e-01
9.784970176605526371e-01
9.695455921294631185e-01
9.764903553423529559e-01
9.838093131253127233e-01
9.626469495005124388e-01
9.859187290302505735e-01
9.718846527463346208e-01
9.893889469705416939e-01
9.813462281063268788e-01
9.788691490619275681e-01
9.827337843699115449e-01
9.852383934512950470e-01
9.886879777603061470e-01
9.849130500904605956e-01
9.925024221217140230e-01
9.804276419117047281e-01
9.938032053954058975e-01
9.869748672036612325e-01
9.728192371877550926e-01
9.626348344902960763e-01
9.592446921054180731e-01
9.738050504785596972e-01
9.942945204047866081e-01
9.794707457514195692e-01
9.691761644486732719e-01
9.906235266757215108e-01
9.840410877097112152e-01
9.878470607913012458e-01
9.872090071131974787e-01
9.716450333863644317e-01
9.929746451442246213e-01
9.761188712631574393e-01
9.793721302970137543e-01
9.593266674960770901e-01
9.715862808938569017e-01
9.750433892821510629e-01
9.902560071595128965e-01
9.455565065569696559e-01
9.737802454575733568e-01
9.850789261099119898e-01
9.956369879724121796e-01
9.805692400298522404e-01
9.644746341272696366e-01
9.821343305902860976e-01
9.970892873470037499e-01
9.818001019903375148e-01
9.762421576054294281e-01
9.602544475451486594e-01
9.444638767756918796e-01
9.858746980040591357e-01
9.572939895724600357e-01
9.983713479267453117e-01
9.834760961017794401e-01
9.977665458720567093e-01
9.842845627956614551e-01
9.532144588873836533e-01
9.945269329159565075e-01
9.847249414439820381e-01
9.920620427276061193e-01
9.848703196462098575e-01
9.789368585378186438e-01
9.662779219939219288e-01
1.000410851300575610e+00
9.612302221637109012e-01
9.706141427515021514e-01
9.970221631628841674e-01
1.003190479853345529e+00
9.780989314637937859e-01
9.586425327750264236e-01
9.839676189620957247e-01
9.522344101868461808e-01
9.678978728933022024e-01
9.800824084034588379e-01
9.754365450034946372e-01
9.605111923088871517e-01
9.692173289513670298e-01
9.868230748465587343e-01
9.762287011056535180e-01
9.864230485457344821e-01
9.925723687108566340e-01
9.884934305228867402e-01
9.741179070982552979e-01
9.823944176426927521e-01
9.856275684103786849e-01
9.741727746702802948e-01
9.810274987068664521e-01
9.936371267494389370e-01
9.806806105664427342e-01
9.643167215290882055e-01
9.788733086976716402e-01
9.508218140106334815e-01
9.561929559251864941e-01
9.915547679581208085e-01
9.890392562760289552e-01
9.788696094438329443e-01
9.853626667171129228e-01
9.819107569228634480e-01
9.808230189842492841e-01
9.818672900582290364e-01
9.869719820946856181e-01
9.778670260468270703e-01
9.912707352984562181e-01
9.864599367710513711e-01
9.778738616500823877e-01
9.683963514929201377e-01
9.622175411977684778e-01
9.820988996907512592e-01
9.780656332118272678e-01
9.635084765927177664e-01
9.863039325619576969e-01
9.909179971829652489e-01
9.790694668809182266e-01
9.890293245817552981e-01
9.696820903872863662e-01
9.922499237000218519e-01
9.720819530649857931e-01
9.872748951922097893e-01
9.794878623912162130e-01
9.837112945678938569e-01
9.870792094837400610e-01
9.629188605027403369e-01
9.908516834430852738e-01
9.932163988325445336e-01
9.837249863514528903e-01
9.588125485002589876e-01
9.749418866855011911e-01
9.735976446057923450e-01
9.714619622167369739e-01
9.657471681342357783e-01
9.993958994176459498e-01
9.886180882308460705e-01
9.687990656970298931e-01
9.684207752359643706e-01
9.788691477053690360e-01
9.723372222561467160e-01
9.707521746012351960e-01
9.969761750575435455e-01
9.713580430965159662e-01
9.987669618336285637e-01
9.924310224506911471e-01
9.873436229364159766e-01
9.535641677859809651e-01
9.746045510484856456e-01
9.531190228710010315e-01
9.637210374178716288e-01
9.661757178593067819e-01
9.506269916162596312e-01
9.916298800001093205e-01
9.754839304410058975e-01
9.840683725049034214e-01
9.821601073980711361e-01
9.910317734192215511e-01
9.353683132347824225e-01
9.767274023914216396e-01
9.958071547051254857e-01
9.701334451597918296e-01
9.849162722213548049e-01
9.914754871109155987e-01
9.727327287174734050e-01
9.636752283801686136e-01
1.006530829021616169e+00
9.751037360046753699e-01
9.759091462968459973e-01
9.767910167819854328e-01
9.693224768241581746e-01
9.819947099045859273e-01
9.890037470070123238e-01
9.817350040870468364e-01
9.879454841545222132e-01
9.923421199747060051e-01
9.684903509339142236e-01
9.795145369548753367e-01
9.322671628034472358e-01
9.786759233292333660e-01
9.650058731495878561e-01
9.935549040713409497e-01
9.916591123914642036e-01
9.840614660910433908e-01
9.806392141274635765e-01
9.870142475042807950e-01
9.735967354550540964e-01
9.836020888511599614e-01
9.883982312861683273e-01
9.651563566446231812e-01
9.805742574272044987e-01
9.633833218454527225e-01
9.822992784029741520e-01
9.651213535140127364e-01
1.001451520695622488e+00
9.792056477128594505e-01
9.714618605155467268e-01
1.008423444294955562e+00
9.730980894056787678e-01
9.786928400933967431e-01
9.855377596128404027e-01
9.877223168143213217e-01
9.592153409266794828e-01
9.594864911870508717e-01
9.501843510083020083e-01
9.851020195819775171e-01
9.773068904510043842e-01
9.711611567780633614e-01
9.903185367117974813e-01
9.919439130500835589e-01
9.835432597738836824e-01
9.728721571670808643e-01
9.535980274768083298e-01
9.881739110703802176e-01
9.883753132063463065e-01
9.608900450465605036e-01
9.879670614026597741e-01
9.413171519089407191e-01
9.825412821337311531e-01
9.792145609740882106e-01
9.860431345123177316e-01
9.559987704901493633e-01
9.767823440227478837e-01
9.923875306456325651e-01
9.916996955182384443e-01
9.936372092526463140e-01
9.845142741094272676e-01
9.713519834599155800e-01
9.841170691088745315e-01
9.750388629536653751e-01
9.785403974440148867e-01
9.499401182068651917e-01
9.776258155191848154e-01
9.891739033708527584e-01
9.894613548038619921e-01
9.662575390087779770e-01
9.661276088236658843e-01
9.462880744767050434e-01
9.885888580754513821e-01
9.499962333672762327e-01
9.876944527903595006e-01
9.882829299121441702e-01
9.801081301504740440e-01
9.708041665489984817e-01
9.924158324420020438e-01
9.803312550977408835e-01
9.896559683986190237e-01
9.843374249450614899e-01
9.888120725391594812e-01
9.765655635419607794e-01
9.833983635064809103e-01
9.873236629357390326e-01
9.793623807681937077e-01
9.847063740511071694e-01
9.853379991094702861e-01
9.770788508849864717e-01
9.955671940609643888e-01
9.805482597622222629e-01
9.664660673195336615e-01
9.681384851462906393e-01
9.674026781305747891e-01
9.265809679489688255e-01
9.853420584910811408e-01
9.799210373952116360e-01
9.823781377094122913e-01
9.889458338089988088e-01
9.738215155980433080e-01
9.676917216747699113e-01
9.564896369434808809e-01
9.716152046113812890e-01
9.652967816098543263e-01
9.930599089881746444e-01
9.669760721616140753e-01
9.518337654697075489e-01
9.883431822676088663e-01
9.920722069983021196e-01
9.823711795816885139e-01
9.835209248983446395e-01
9.831781231315555036e-01
9.769431828527276318e-01
9.697806667979550488e-01
9.959585341397388936e-01
9.820071018503403470e-01
9.753724083514917487e-01
9.742726907198117070e-01
9.842348317695697180e-01
9.995891634702543938e-01
9.914006074546758418e-01
9.853253563543992177e-01
9.602666328895684833e-01
9.758951108238766992e-01
9.855626648182209681e-01
9.787039564641231149e-01
9.729176417014918643e-01
9.724160412301066092e-01
9.872761339126651103e-01
9.795331549868376841e-01
9.832178526629495874e-01
9.979247482136799352e-01
9.830339017678493274e-01
9.761852772783434773e-01
9.824183433628589368e-01
9.795093718374509040e-01
9.861265916990333835e-01
9.864227655486380586e-01
9.906655975402262060e-01
9.934844007607104288e-01
9.747251289637537397e-01
9.816233768384043934e-01
9.847486693749483155e-01
9.927583188488938726e-01
9.813375969870301585e-01
9.925200582452629039e-01
9.879723902128432211e-01
9.771237290095088346e-01
9.851092700723408369e-01
9.877153579170924180e-01
9.898543991757186022e-01
9.583680574407166253e-01
9.756596763512239701e-01
9.605925844526500557e-01
9.866379156936271322e-01
9.399247787077387173e-01
9.940757809854446903e-01
9.893287328129454217e-01
9.749811210470528122e-01
9.651422023345166412e-01
9.835082690426870666e-01
9.803281658305796897e-01
9.671806980893846717e-01
9.644113145658630426e-01
9.896081973848259716e-01
9.896750470684214651e-01
9.660120899040108844e-01
9.666059540094028568e-01
9.879395467344054271e-01
9.949262439114628931e-01
9.707393292252251005e-01
9.509185301866081019e-01
9.917187670660166932e-01
9.772118420961071195e-01
9.634339355786363246e-01
9.715033215976125458e-01
9.766562195362484822e-01
9.720468480854899118e-01
9.968090336663029127e-01
9.916207490288785342e-01
9.802220891476396414e-01
9.841463500851123092e-01
9.654210862431681361e-01
9.799372106235978430e-01
9.798868232113397969e-01
9.962792958456512249e-01
9.622611815850579120e-01
9.784356921811255825e-01
9.799046312200602182e-01
9.790482147553322134e-01
9.840867019148603623e-01
9.326887507220653628e-01
9.875935383398196654e-01
9.717319433676292473e-01
9.409092370364706692e-01
9.749786472302962581e-01
9.666873338999372178e-01
9.810843104987005958e-01
9.904949902338280321e-01
9.736109188407677806e-01
9.790030708459751541e-01
9.452542351404519261e-01
9.729956669267625369e-01
9.698225959513248062e-01
9.849962266386894649e-01
9.646372850177744596e-01
9.786293921278267360e-01
9.901238183244379654e-01
9.724152561407369832e-01
9.814383778605048070e-01
9.594126967512346393e-01
9.899007056286402984e-01
9.859645959543988925e-01
9.612323767736120628e-01
9.729918927342855461e-01
9.979644075252528390e-01
1.026366321377623292e+00
9.795235880183590371e-01
9.821776924056468960e-01
9.798245576310784521e-01
9.857254761090125106e-01
9.895801743837996378e-01
9.836589831462801969e-01
9.787993891593572693e-01
9.648790382680528799e-01
9.773420447132671329e-01
9.297066651068711662e-01
9.715589211907682543e-01
9.502607931761455351e-01
9.759155333779069297e-01
9.552052070413233897e-01
9.557747828420555258e-01
1.003292523277555581e+00
9.887064496881746711e-01
9.688430275694094318e-01
9.569326307958597733e-01
9.874961654534867295e-01
9.820034664776486899e-01
9.838394759597633987e-01
9.825873957450371732e-01
9.938849614831739565e-01
9.688613052167301953e-01
9.710340613119174957e-01
9.820088127114401377e-01
9.673032395441341080e-01
9.914394350196209516e-01
9.893438769733881033e-01
9.869024534114149150e-01
9.876070065430502254e-01
9.927499447433236757e-01
9.775895372764784597e-01
9.895117905609663866e-01
9.465211348874005282e-01
9.775375894075029048e-01
9.503189168053871594e-01
9.783947108767436784e-01
9.670658332585082562e-01
9.962402486905251875e-01
9.640373689572369065e-01
9.791507297054025116e-01
9.764666710787913706e-01
9.877474352824400228e-01
9.938039044733951721e-01
9.825505987149834031e-01
9.741831840747022797e-01
9.761461144961683933e-01
9.912611006927617430e-01
9.522739444023612387e-01
9.955972648039639328e-01
9.727089023288360004e-01
9.892612018331444768e-01
9.789034516592602930e-01
9.782341365119284760e-01
9.847154112435009266e-01
9.710947035652488513e-01
9.945384194019036839e-01
9.755114011828958098e-01
9.650236584655886851e-01
9.773493951145795222e-01
9.855494031845420944e-01
9.735652562124718079e-01
9.881109203332453239e-01
9.955933246774226753e-01
9.716338507514176159e-01
9.869031386306051923e-01
9.540227039276384380e-01
9.725643753995566465e-01
1.004050209789574932e+00
9.755023712645051193e-01
9.708105529158774782e-01
9.933853014014129013e-01
9.683434641209299754e-01
9.913409291577258697e-01
9.909478903246629056e-01
9.674533306839538938e-01
9.899710045514679146e-01
9.466091442482215124e-01
9.860805549132251047e-01
9.696273620997452047e-01
9.913152875974249323e-01
9.703450303174543379e-01
9.790272478139964152e-01
9.415275850027224891e-01
9.922657455404603200e-01
9.771111203850832982e-01
9.539266751099219066e-01
9.881129069412601940e-01
9.844319862851593772e-01
9.891450957897222063e-01
9.832709845810796434e-01
9.921277718864137674e-01
9.719972746410783238e-01
9.476126117083284450e-01
9.869275846794340890e-01
9.817953023485691544e-01
9.822476745767759754e-01
9.911716692881181734e-01
9.916671432257743168e-01
9.511528209361742592e-01
9.731028014637121970e-01
9.461885145186874624e-01
9.778715364603194349e-01
9.797056373361576753e-01
9.911206878649968521e-01
9.858605451384147011e-01
9.933916850148567512e-01
9.731306866050266624e-01
9.855917541798606685e-01
9.698732497962104793e-01
9.964685381717912627e-01
9.717701465649825066e-01
9.971467348394330577e-01
9.892021238354996582e-01
9.842173737597550431e-01
9.893365391539203912e-01
9.835930137603964285e-01
9.879078516918577968e-01
9.719081123292983015e-01
9.979156968371678538e-01
9.518768465699292136e-01
9.938720267916929529e-01
9.765146207102315401e-01
9.821688069707291691e-01
9.946769460187739886e-01
9.657469042189811281e-01
9.830151871566148447e-01
9.786056467699976169e-01
9.992465885662146219e-01
9.558403119301307482e-01
9.542654923865830918e-01
9.805823111585634244e-01
9.839082265838292596e-01
9.956217188841858245e-01
9.839565753799960346e-01
9.715915645918212773e-01
9.817532034128098051e-01
9.775166936313465227e-01
9.895783401281543767e-01
9.641494397329581911e-01
9.819207252646713346e-01
9.765353085698266211e-01
9.738400908360119734e-01
9.766442407770467016e-01
9.785926296693145954e-01
9.826332863288927966e-01
9.795431986038674044e-01
9.916664426904928664e-01
9.791910622549709897e-01
9.609306876638927797e-01
9.895461588110466833e-01
9.760799983720626072e-01
9.645520641110726379e-01
9.820530848398719703e-01
9.920562786878219796e-01
9.705197903157852801e-01
9.824734025090218204e-01
1.001260531876359217e+00
9.710185058166571626e-01
9.952138127614786889e-01
9.765043145354190823e-01
9.762650250435874755e-01
9.819061833273384776e-01
9.865626279358039596e-01
9.790319961007166727e-01
9.846492870916606632e-01
9.585438731965654213e-01
9.857802404687805442e-01
9.900730712904262099e-01
1.000763286622797121e+00
9.851808749718283797e-01
9.641562708067906717e-01
9.593870744570748288e-01
9.796388736359538107e-01
9.879347233874430367e-01
9.970621855248958942e-01
9.568897205907653802e-01
9.840792900319941250e-01
9.843557272035401429e-01
9.740099129334134354e-01
9.856003750720881973e-01
9.567387768772583900e-01
9.851629472709503288e-01
9.553821648868920935e-01
9.826371658318890923e-01
9.806102437495133328e-01
9.710498562105275289e-01
9.886637124263405463e-01
9.846412666517438961e-01
9.833608457974430950e-01
9.390147742268855069e-01
9.828747507469209888e-01
9.837719717736328473e-01
9.619858640603300426e-01
9.923129473798767419e-01
9.829352930532394561e-01
9.858990012514167178e-01
9.647792592921565769e-01
9.990978099855887251e-01
9.822413208749447566e-01
9.860970273689239063e-01
9.699411904017086750e-01
9.581526638776196592e-01
9.884667636396402557e-01
9.861652053661349449e-01
9.720577808731630798e-01
9.797061916814217009e-01
9.864630483002894135e-01
9.854835356546757241e-01
9.676317803111594840e-01
9.868887936662362748e-01
9.943752972108855781e-01
9.836795908025610657e-01
9.889318720609235891e-01
9.536384667275195071e-01
9.821584575864551470e-01
9.831588252362712943e-01
9.605235334127369962e-01
9.922076798920039797e-01
9.496627065426795911e-01
9.908672219522399738e-01
9.878314433803241368e-01
9.691209991398793688e-01
9.771586423844970115e-01
9.825761598991683554e-01
9.517219525407117908e-01
9.806377947625011249e-01
9.709953682612955106e-01
9.366648266567130232e-01
9.814232138993626009e-01
9.514013946054090676e-01
9.800193150411419252e-01
9.720546712070105011e-01
9.979707108952969863e-01
9.547256986894443465e-01
9.563425079400328377e-01
9.805606035168873413e-01
9.738432371747721694e-01
9.646699612999017903e-01
9.693490780963167630e-01
9.868973857929369542e-01
9.814583802036032090e-01
9.529493467239165128e-01
9.886026464250825541e-01
9.651973689268458223e-01
9.839572256897097802e-01
9.973414170198209305e-01
9.931270907685881832e-01
9.915599812764556154e-01
9.849000490243604578e-01
9.838274651404536053e-01
1.001190980506758477e+00
9.809958856466487465e-01
9.646660799542576825e-01
9.722588745165332558e-01
1.000787189073242267e+00
9.866487149848357507e-01
9.896319104838092739e-01
9.881437083258282073e-01
9.815302449575308286e-01
9.763554941686384270e-01
9.315904511019824641e-01
9.897996806363040800e-01
9.550148033244976187e-01
9.905335904420429216e-01
9.923623703735658941e-01
9.904592511818718359e-01
9.637036715259337250e-01
9.689404022006358197e-01
9.732218551920633898e-01
9.776785749119613067e-01
9.770608263419331418e-01
9.737310757026886865e-01
9.800052160120440448e-01
9.921478175279478950e-01
9.975733978899510301e-01
9.621426684894075487e-01
9.784894915609940735e-01
9.834484776762966174e-01
9.928397766617473863e-01
9.777008370988434782e-01
9.793488578520732624e-01
9.830057740266456845e-01
9.827481302515300721e-01
9.730455943712896794e-01
9.632840202381416361e-01
9.815821059807261495e-01
9.855328501029381183e-01
9.906361030467630835e-01
9.377359363257806724e-01
9.775445338590014188e-01
9.915418176000055928e-01
9.727560105508692434e-01
9.833068555882905626e-01
9.896282163061937975e-01
9.803301899183771706e-01
9.700617555999295760e-01
9.934746792701735219e-01
9.782699948806734547e-01
9.914590187820320200e-01
9.698616111454645417e-01
9.948745121797134550e-01
9.772138289380999376e-01
9.697167706430436240e-01
9.744798562082255255e-01
9.812255229425217440e-01
9.762754739319776665e-01
9.503179857222023852e-01
9.539083035330712113e-01
9.852774621014128709e-01
9.890347600299800312e-01
9.716656628818102215e-01
9.733983043194575080e-01
9.516104900137108968e-01
9.946273371258673723e-01
9.703425043677439410e-01
9.669763374144753065e-01
9.704872082275122214e-01
9.777093580984699273e-01
9.699325045716448157e-01
9.728761786833060032e-01
9.808009530424075528e-01
9.783294389305075001e-01
9.847152086387893632e-01
9.766786314256363788e-01
9.994040812654528816e-01
9.868909258562544862e-01
9.726123761816231061e-01
9.721507915594579385e-01
9.768325032015202636e-01
9.731475064383289242e-01
9.838612766262936349e-01
9.953825897031514103e-01
9.760911397277576285e-01
9.829896936568707222e-01
9.909263449010594638e-01
9.726704759584735571e-01
9.714262742049083466e-01
9.708528419821487176e-01
9.753649743612813339e-01
9.781577099188679680e-01
9.682453211259169912e-01
9.910319851619397991e-01
9.754320910185557691e-01
9.859711198829472778e-01
9.816903678824104862e-01
9.743503280839737046e-01
9.650492984585633538e-01
9.819277996172867118e-01
9.877710638587333669e-01
9.939432431970349757e-01
9.728646498402486742e-01
9.656545163838320400e-01
9.842309832406780368e-01
9.607425645121498992e-01
9.914857209020674356e-01
9.475485001783178207e-01
9.935857371423959528e-01
9.911320002052493860e-01
9.727876704304647681e-01
9.866269947205785762e-01
9.821161743272170952e-01
9.544989052698060750e-01
9.583042305714430942e-01
9.688439390059687684e-01
9.775795617588636244e-01
9.815765151062701976e-01
9.757428697090074765e-01
9.824718524033136946e-01
9.786254374966578684e-01
9.947246057801987229e-01
9.649867889287370160e-01
9.443735692664911863e-01
9.895648213963624817e-01
9.730911265748577454e-01
9.643634592693203222e-01
9.828116461315176133e-01
9.950988504664507461e-01
9.872211624699065435e-01
9.819706511447156005e-01
9.775675687022329363e-01
9.815748131471142557e-01
9.727913194832540356e-01
9.793990206150668953e-01
9.748239475695988920e-01
9.667946767973917277e-01
9.808179008784781994e-01
9.512193448041138533e-01
9.858042100931627694e-01
1.002788145589122326e+00
9.826525946951252255e-01
9.662685908581178929e-01
9.870648850523825457e-01
9.700131800827910267e-01
9.795291390996453407e-01
9.866523041953693118e-01
9.696970405403145810e-01
9.864469744179598099e-01
9.555929914726517538e-01
9.673331217457825648e-01
9.811684037050081297e-01
9.940400270808200656e-01
9.719452164129382954e-01
9.693303199121473535e-01
9.834479116765406648e-01
9.882493453819494178e-01
9.665862938180392883e-01
9.803381836263613813e-01
9.851931969482449203e-01
9.848748125685308219e-01
9.623842970153171361e-01
9.885779034861611470e-01
9.461260843740288973e-01
9.825986251866181131e-01
9.737604006253899325e-01
9.618222027083402903e-01
9.676253174061473228e-01
9.567078201978509444e-01
9.806914372773253286e-01
9.536732005942920587e-01
9.643563378519544038e-01
9.702017625858884164e-01
1.002846083448011960e+00
9.763165360810867055e-01
9.905023740205007865e-01
9.869689030969275301e-01
9.870571980631479558e-01
9.704799429860406779e-01
9.742025117443763316e-01
9.665535890659614493e-01
9.898327928171523071e-01
9.913223241445671130e-01
9.838377954107837553e-01
9.655372049162360693e-01
9.509344578432080697e-01
9.795476423262561294e-01
9.780760777099338776e-01
9.845050413872432626e-01
9.838632918083719536e-01
9.734944084246365259e-01
9.857610679906495532e-01
9.744401724009430499e-01
9.899489355941348823e-01
9.956385168812216246e-01
9.868206361278077932e-01
9.834523076365839778e-01
9.718183413368510770e-01
9.798577570049787910e-01
9.728821859052309007e-01
9.871649921758826052e-01
9.875928002178412379e-01
9.709469896284225188e-01
9.690488068253553244e-01
9.710379154361969967e-01
9.866881384100254504e-01
9.834481659270066789e-01
9.964782176930370161e-01
9.832231904601584915e-01
9.779632451096640366e-01
9.831074046952951173e-01
9.783395964082998164e-01
9.794502221072868275e-01
9.709215699203248562e-01
9.838435370153338910e-01
9.724889233406173172e-01
9.628358356092587833e-01
9.761742400908325346e-01
9.892460922638668386e-01
9.837536448839208081e-01
9.996301319950569031e-01
9.583496922488479175e-01
9.827844898784738881e-01
9.960350426923427758e-01
9.861469638872509824e-01
9.785924467201702059e-01
9.773614567694491884e-01
9.587202570139681246e-01
9.996369201915680236e-01
9.677537171552625939e-01
9.983413138904315698e-01
9.889786242623666013e-01
9.794244315370372878e-01
9.776152853443885737e-01
9.824093138629406141e-01
9.734579341406135455e-01
9.832677836612662148e-01
9.760895376654111777e-01
9.645178967724912233e-01
9.819514688497416044e-01
9.831005431854301646e-01
9.633913903628494868e-01
9.905881695528127029e-01
9.878208811951354473e-01
9.819872069746170551e-01
9.808051956298903251e-01
9.840946278363764677e-01
9.850850975558438360e-01
9.909723625950281889e-01
9.539759555335545205e-01
9.850143553789226791e-01
9.618767419838168964e-01
9.692218004865532643e-01
9.815105861607714699e-01
9.510062178892989548e-01
9.860280816073423438e-01
9.811641505810724251e-01
9.901449652485719843e-01
9.836614003334268608e-01
9.634129114970962915e-01
9.790739877778967815e-01
9.866684353352187520e-01
9.498070979018627957e-01
9.915856755823891922e-01
9.883146289368924808e-01
9.682946983529647778e-01
9.829375626288906487e-01
9.876455393675399597e-01
9.849693306399875947e-01
9.931958675391796554e-01
9.859792349732655614e-01
9.717789923907220739e-01
9.800639887276817452e-01
9.670253239763983988e-01
9.752861959298315675e-01
9.706560225013421972e-01
9.766049943992222149e-01
9.948178397639408921e-01
9.924419390079631809e-01
9.810761885741673405e-01
9.762245891036581691e-01
9.737074312587359337e-01
9.854895104700114317e-01
9.670701946881924416e-01
9.768114940908531052e-01
9.772079335001714329e-01
9.795117215910027486e-01
9.746967045258043694e-01
9.708970831335911322e-01
1.001798028950608987e+00
9.720609596668605690e-01
9.877121231361932763e-01
9.895110633955406243e-01
9.834906147558352130e-01
9.849639411333440675e-01
9.696853626199231080e-01
9.841245807060473583e-01
9.802953094032270664e-01
9.602781368043592503e-01
9.860100601491899042e-01
9.877057180335563347e-01
9.709215812725420225e-01
9.617611224064994691e-01
9.951210355661556095e-01
9.874262707708088005e-01
9.820172366934205588e-01
9.868850676245290998e-01
9.426654529640227098e-01
9.649469540646258281e-01
9.769637567986289017e-01
9.925538927138649603e-01
9.754205316946606974e-01
9.709279294998378607e-01
9.970922310857757154e-01
9.931156486542659367e-01
9.607755032375405735e-01
9.932659947061701633e-01
9.620338741250257231e-01
9.865355340323633815e-01
9.871201315480307992e-01
9.670111902399046722e-01
9.845304858906598344e-01
9.884256700740885471e-01
9.682453416022839265e-01
9.938177851152477649e-01
9.502252466110923113e-01
9.742294999580216608e-01
9.933085438482448515e-01
9.874635453496841686e-01
9.846094416691452134e-01
9.704914926462004932e-01
9.715427345661477032e-01
9.498857430362347420e-01
9.944711215130258575e-01
9.966991307930840316e-01
9.852511298079167368e-01
9.825934482370922707e-01
9.880410745309705645e-01
9.734844764004606521e-01
9.699683363395965596e-01
9.800546534167490220e-01
9.705896741426699448e-01
9.659319340972379875e-01
9.536343701578714471e-01
9.691119945080468590e-01
9.654848347098173855e-01
9.684761492387338189e-01
9.780010199994966236e-01
9.619798801741200611e-01
9.937084028249246748e-01
9.575585323612481048e-01
9.782235446455110894e-01
9.736968717735401402e-01
9.794729902572317792e-01
9.886577966461157496e-01
9.716462444082799577e-01
9.869366505234770104e-01
9.653994682365184543e-01
9.694542995243456973e-01
9.844384445758589397e-01
9.434749013585919108e-01
9.807058531719112793e-01
9.537831301077973611e-01
9.914987352947677302e-01
9.822015786306215190e-01
9.847318507079083627e-01
9.877909714147358189e-01
9.949583963900410222e-01
9.799230350211349805e-01
9.884043538378858296e-01
9.843850123341264524e-01
9.855388121017536474e-01
9.756561024878953603e-01
9.867813561669165345e-01
9.934906373489406084e-01
9.722791755537064651e-01
9.867135077190688497e-01
9.813021465413891420e-01
9.933821396654241020e-01
9.582629334984281710e-01
9.629945582121476333e-01
9.695696010880234805e-01
9.871404632405971213e-01
9.756791485487177340e-01
9.714751499495142273e-01
9.610068908003702726e-01
9.881388355622936492e-01
9.857708334024771757e-01
9.755812343215277682e-01
9.842280924176181056e-01
9.788699270198918390e-01
9.845535904085352952e-01
9.864339147162520804e-01
9.945775826743463721e-01
9.873515099364555958e-01
9.346599084056824713e-01
9.793650669035299794e-01
9.864760148146669572e-01
9.572357355982730187e-01
9.916957842341530549e-01
9.488660074642634168e-01
9.888326633483387473e-01
9.819450892395965580e-01
9.746932162133159494e-01
9.818969369942924796e-01
9.795723483488285588e-01
9.755310840589767052e-01
9.876048041763728635e-01
9.968941385930562005e-01
9.793412696546828222e-01
9.725426212467787046e-01
9.829313308050837694e-01
9.786678937256824140e-01
9.796624985653158424e-01
9.959024621308438796e-01
9.936995653821778518e-01
9.823056657644523293e-01
9.848087729612562402e-01
9.950856345104459599e-01
9.895743398207619279e-01
9.892592839664063886e-01
9.654527847883993541e-01
9.871815161456700682e-01
9.798780458373714808e-01
9.926187351208671794e-01
9.588800565540986920e-01
9.451197404368957278e-01
9.959749920233532672e-01
9.845008777977676262e-01
9.861433837300485061e-01
9.877424238969969572e-01
9.882251990697652477e-01
9.688941990235645507e-01
9.297090036590900386e-01
9.843733923018564980e-01
9.910018936873365991e-01
9.888721354419395260e-01
9.854040135175883286e-01
9.881919486950453413e-01
9.335713119770718826e-01
9.935953495851749251e-01
9.619765021024139218e-01
9.808764873770012827e-01
9.648526154713997771e-01
9.884116766108810292e-01
9.839240443011780801e-01
9.677064579331977612e-01
9.800135003879174578e-01
9.560534272473601991e-01
9.772928325035993291e-01
9.849156270236074651e-01
9.709675773322871128e-01
9.855630805486366164e-01
9.680203313881183824e-01
9.859885057766578642e-01
9.778684991530128823e-01
9.930748126235003914e-01
9.845120570623902001e-01
9.814055355012430981e-01
9.791665419853495811e-01
9.399113559830490905e-01
9.391237314763268840e-01
9.579647251739319413e-01
9.691605614253160361e-01
9.866972065769030742e-01
9.825951661910389268e-01
9.633649936870666286e-01
9.844124553807330757e-01
9.618179152554254818e-01
9.960992470646278241e-01
9.821701017905219988e-01
9.782956622087640719e-01
9.937297244988515521e-01
9.464375965765211562e-01
9.784902720311888791e-01
9.837407388952437159e-01
9.694970158406404082e-01
1.005794447486830334e+00
9.929010459816975942e-01
9.913680884902387191e-01
9.841875924622687233e-01
9.841707883624094544e-01
9.845729982060825725e-01
9.942935745795205005e-01
9.858873580036153772e-01
9.946339808004679428e-01
9.679887254721023515e-01
9.659216955313403297e-01
9.616919021667499345e-01
9.889325535528643574e-01
9.951691145025555185e-01
9.725188265572459745e-01
9.812359647095495463e-01
9.894805965890198785e-01
9.861765443432621847e-01
9.843546741570560199e-01
9.765580109872290526e-01
9.840476401966146147e-01
9.800902705067422449e-01
9.790160606685031075e-01
9.894927174475670606e-01
9.922861344005737827e-01
9.871864312488857207e-01
9.550665045655113428e-01
9.874482095323293684e-01
9.614389158814764524e-01
9.763279133135935872e-01
9.697960791583927209e-01
9.897196448158125381e-01
9.946088954253465841e-01
9.649674502849386881e-01
9.877994052941971859e-01
9.817415741862718370e-01
9.748637277900661369e-01
9.879539944791139172e-01
9.793449244338950921e-01
9.746963442500427011e-01
9.483559511787268415e-01
9.690990757816012602e-01
9.791811696417601629e-01
9.945434097410336127e-01
9.912235882861049063e-01
9.632094849377387247e-01
9.926067792924362365e-01
9.888976073731318150e-01
9.735525116362168108e-01
9.852819083058983463e-01
9.786739327793323451e-01
9.819137156474941897e-01
9.967006866127801068e-01
9.835917353948474551e-01
9.921188015760333823e-01
9.694158211807709646e-01
9.856870681670646395e-01
9.873394018211933965e-01
9.786302969861025991e-01
9.497632095872188263e-01
9.907126361037523754e-01
9.889252116219107158e-01
9.380382438008716406e-01
9.848807199040633398e-01
9.998357336910527193e-01
9.670403238281299885e-01
9.702296940723299512e-01
1.007028933902872181e+00
9.950389180479899398e-01
9.864653090424192472e-01
9.785991462823561138e-01
9.468576448703411863e-01
9.708381348573816849e-01
9.640262030447654951e-01
9.736162493789819461e-01
9.865267779123080283e-01
9.802502371019982119e-01
9.602390151158941567e-01
9.806854601668323346e-01
9.867791545407507137e-01
9.494608684421368405e-01
9.739669235996963881e-01
9.855243023195189300e-01
9.654660750917285483e-01
9.597044001941520408e-01
9.781665828575500932e-01
9.890926164966219458e-01
9.851893300523316688e-01
9.907884015950582102e-01
9.823453563034069136e-01
9.837648039974561387e-01
9.747168038152993486e-01
1.001050856484435148e+00
9.571996930000774562e-01
9.834257937869800292e-01
9.913305654137454237e-01
9.766345808092190550e-01
9.777230856105032508e-01
9.895947989234680220e-01
9.805951777703789674e-01
9.877345367808395560e-01
9.836931447025216713e-01
9.893343861264473071e-01
9.966057392089194833e-01
9.897859437861272758e-01
9.743830938068455128e-01
9.989268769877979182e-01
9.982677133633085509e-01
9.875217403521485693e-01
9.916858164660865560e-01
9.875801689254297688e-01
9.892795876808879729e-01
9.884706781308685297e-01
9.531240126841198368e-01
9.981618187609508919e-01
9.670127088185969111e-01
9.728905082790165748e-01
9.504256248456980360e-01
9.622195196045834065e-01
9.764008068145733077e-01
9.849866754698698434e-01
9.032590350056751705e-01
9.795040574731801453e-01
9.718798431567491347e-01
9.888480176079936790e-01
9.629575090293713835e-01
9.809689512740001893e-01
9.826902779661812470e-01
9.655898046994817463e-01
9.901279522797329369e-01
9.823055784560394965e-01
9.948096439153079062e-01
9.855970061698142715e-01
9.910505340537770769e-01
9.613976045442955698e-01
9.694574134852438352e-01
9.898146265967013857e-01
9.767926170931451324e-01
9.811101178684780155e-01
9.859660749497008991e-01
9.554427354633708847e-01
1.004222359930772024e+00
9.631807559538002605e-01
9.651430723064915451e-01
9.953813070867578716e-01
9.638046089139080674e-01
9.795104606209187326e-01
9.561131589888912652e-01
1.011948405336323242e+00
9.712875090153030300e-01
9.919657103079178029e-01
9.870027926176833111e-01
9.514744189848892697e-01
9.874112135177585126e-01
9.890586239210831243e-01
1.006278579281481012e+00
9.665706018446439396e-01
9.914704251857160422e-01
9.676793783140513749e-01
9.869126638949813346e-01
9.868642587455510595e-01
9.830025640030368717e-01
9.898452511774398221e-01
9.889508931316440821e-01
9.671304721408550131e-01
9.668384123461243318e-01
9.435139666550338422e-01
9.705604765486066654e-01
1.002132224334951749e+00
9.820344624078755080e-01
9.713036124019018835e-01
9.883197992477080751e-01
9.763930574464008139e-01
9.939697920568617562e-01
9.766650200586849406e-01
9.777521646845803716e-01
9.725207111482272460e-01
9.833979119240933153e-01
9.751351365758008649e-01
9.775443839175363969e-01
9.839684921198049716e-01
9.850457015161834251e-01
9.900545765272248389e-01
9.908214591039185004e-01
9.829957420684360958e-01
9.650362580947801083e-01
9.889127014995419129e-01
9.768253591674429526e-01
9.467113429967348726e-01
9.881048642676464322e-01
9.784195709372963679e-01
9.819582580864874011e-01
9.925027173388254464e-01
9.917274709877952343e-01
9.895156084154302922e-01
9.860811091114729532e-01
9.782295152254733006e-01
9.845902500487773157e-01
9.880387135241377461e-01
9.870780847084632548e-01
9.940660280360230638e-01
9.772630495672472994e-01
9.881848548894769380e-01
9.902132806559625910e-01
9.450229521831516877e-01
9.770254949056365046e-01
9.823146164618756782e-01
9.888310969984343002e-01
9.872777776355379231e-01
9.815544423789679396e-01
9.582568519889396175e-01
9.802219058669533469e-01
9.826297517737263565e-01
9.448038880381639526e-01
9.908477031514484334e-01
9.341832815677422186e-01
9.759632428191363784e-01
9.833849560765436371e-01
9.978242183574199675e-01
9.708866159420902475e-01
9.978523729387435148e-01
9.644303548117252323e-01
9.869044985768378186e-01
9.487586836681530800e-01
9.842182243181374357e-01
9.980057112594156177e-01
9.853025046909726914e-01
9.789414337503983266e-01
9.538523374647321917e-01
9.866541568276211427e-01
9.767740863621103831e-01
9.873850074275382083e-01
9.958536862598276196e-01
9.937535876426472070e-01
9.642114980701546045e-01
9.810671858042516735e-01
9.781401799371591821e-01
9.871391108038676254e-01
9.669293725238099491e-01
9.932692911523193224e-01
9.742864747847513884e-01
9.798425377270646441e-01
9.792230997740722920e-01
9.826456738480239261e-01
9.885020211267202539e-01
9.880148638457852961e-01
9.602630282910591397e-01
9.802557939584399804e-01
9.743669583011342894e-01
9.767924072121263457e-01
9.919397045498332677e-01
9.815046908323017405e-01
9.815605771211718400e-01
9.816965718926887741e-01
9.899689467721006775e-01
9.920066950166841480e-01
9.857997874544228711e-01
9.799447197483012184e-01
9.834709715739755609e-01
9.958032024838504581e-01
1.003392624125195143e+00
9.707952976516892596e-01
9.684541290961963256e-01
9.566074979954445334e-01
9.838737224628917311e-01
1.003930409458858364e+00
9.838238792535355381e-01
9.706433321773808576e-01
9.783693370622345009e-01
9.799429146528918499e-01
9.846476493258101703e-01
9.850445511385942376e-01
9.773083266826771975e-01
9.677017728395298501e-01
9.971028517343043518e-01
9.871887956537573894e-01
9.758200117738391466e-01
9.663950990383779471e-01
9.866386824045413340e-01
9.741481757732672886e-01
9.839392105461728377e-01
9.763612243025244775e-01
9.851125707947309129e-01
9.776532539780946607e-01
9.974523994981143726e-01
9.694228106685592872e-01
9.789306643391283425e-01
9.742527751574207029e-01
9.441122734268739825e-01
9.635224003784434998e-01
9.822990963926545582e-01
9.821388048023249606e-01
9.824947326689366101e-01
9.909050226561282315e-01
9.773232769879932613e-01
9.855967000931247224e-01
9.770745369249497214e-01
9.336893522775057130e-01
9.734454068345703703e-01
9.876572515312521672e-01
9.699433284068533778e-01
9.469568359911203492e-01
9.876800081626463390e-01
9.892249181602483787e-01
9.814155373750095279e-01
9.875033538501946095e-01
9.732330802459379093e-01
9.847426580452386391e-01
9.880618657183892761e-01
9.647601225622765009e-01
9.749823388331861906e-01
9.724170278115884525e-01
9.889454310006142723e-01
9.736810354866761719e-01
9.646736033834828472e-01
9.838691817307426701e-01
9.353994153809437329e-01
9.628765710292154223e-01
9.850652229527584458e-01
9.957265280444860256e-01
9.666285308563250522e-01
9.744052790518015206e-01
9.960003265572410225e-01
9.933856800916609497e-01
9.867548850199659993e-01
9.571661957243493557e-01
9.915327499582001769e-01
9.980919402987046274e-01
9.663966598189506207e-01
9.751584732262684740e-01
9.724159548042321521e-01
9.869065091376485466e-01
9.665291827269574254e-01
9.843192738246138163e-01
9.904293606128589111e-01
9.794132374827199117e-01
9.748688824942534081e-01
9.875521883848493720e-01
9.440424321290054044e-01
9.730569591896409687e-01
9.761472030118087950e-01
9.834506961272965198e-01
9.725935784520488570e-01
9.924101195784562623e-01
9.856981754325822020e-01
9.989336000035613505e-01
9.966235804374632412e-01
9.513546987196126459e-01
9.745427513997819702e-01
9.920673807845657999e-01
9.730963762654299964e-01
9.764928227792283311e-01
9.792835126769044995e-01
9.920714005895461263e-01
9.864804278596291942e-01
9.983481363343784665e-01
9.879306684680444484e-01
9.812974539123996420e-01
9.619782130136552700e-01
9.854116763426334913e-01
9.766332865216873493e-01
1.005462657495560297e+00
9.900711714261636320e-01
9.881484762167941360e-01
9.860371743093728769e-01
9.714091500824186820e-01
9.898162031364381441e-01
9.695794141598295113e-01
9.864967586016124557e-01
9.859504880715967978e-01
9.965864007343419040e-01
9.759116061484069959e-01
9.762868471154544370e-01
9.853270717070865548e-01
9.864609406157625049e-01
9.873979760269765427e-01
9.666155304651519176e-01
9.910458530492713969e-01
9.733721511497899215e-01
9.908868267248693851e-01
9.796471871484755400e-01
9.617769152779122033e-01
9.951917799968852396e-01
9.728710087351531977e-01
9.873193412623525456e-01
9.865987708719335947e-01
9.759465792978876397e-01
9.547074484075495082e-01
9.689540770090623312e-01
9.948576401161497440e-01
9.700807164042881681e-01
9.896431219277098679e-01
9.821867874241998475e-01
9.454644185251153132e-01
9.818663685329327429e-01
9.734800955639000275e-01
9.951451548870223762e-01
9.796589304511876817e-01
9.769869478087963577e-01
9.828717026699325121e-01
9.920474347726977449e-01
9.856915254119698044e-01
9.908915100598795211e-01
9.949924239286985772e-01
9.915433693500647072e-01
9.646697262251455740e-01
9.822647961389859850e-01
9.903504051264889751e-01
9.765452209982964371e-01
9.760819290367948042e-01
1.003689133163466307e+00
9.817893088594648043e-01
9.685890930166467516e-01
9.590609103714239358e-01
9.757861294450076439e-01
9.489898575986609464e-01
9.642227554482130092e-01
9.926011736243167682e-01
9.749596077097453239e-01
9.909023962030205634e-01
9.836797905400431752e-01
9.685977175295160668e-01
9.870292509322132757e-01
9.868791634358595743e-01
9.757520136672742650e-01
9.465571319881043166e-01
9.813914847973850275e-01
9.858891315586382209e-01
9.935908529309951387e-01
9.849993442561292278e-01
1.001181971967333384e+00
9.827683372113023008e-01
9.852896322729320921e-01
9.931684432164750165e-01
9.656597639433223135e-01
9.882237323810001417e-01
9.891016937674619314e-01
9.628884912998357803e-01
9.795288701221660510e-01
9.694514798913974607e-01
9.773771525056892395e-01
9.561508664804591051e-01
9.897274648759147864e-01
9.690277932681506945e-01
9.748738998535424471e-01
9.901471589812690377e-01
9.876547038521042987e-01
9.999864008818081240e-01
9.824085861717571921e-01
9.867077604734845186e-01
9.707520672696434705e-01
9.868437262597480331e-01
9.945381523927087075e-01
9.503744444821194959e-01
9.887126950431736061e-01
9.801262454413659508e-01
9.833116255666117800e-01
9.800935590333598180e-01
9.836290170281025702e-01
9.882024820402652843e-01
9.857096699133092166e-01
9.448450826901557686e-01
9.740458637859226165e-01
9.854656998520215927e-01
9.897483603853862721e-01
9.777276204996920850e-01
9.658437859368017575e-01
9.898866674240002217e-01
9.945469020464475784e-01
9.812709077932715296e-01
9.883271570432448083e-01
9.857001408754666461e-01
9.801806225613571844e-01
9.764526515886847724e-01
9.678973898942189180e-01
9.771198247244847757e-01
9.642276531376732240e-01
9.755771185855295347e-01
9.863316488554978445e-01
9.762902490426091928e-01
9.917610730569097477e-01
9.909661139302075039e-01
9.920987833442368453e-01
9.860928110874169761e-01
9.834066578742464149e-01
9.520433149734388589e-01
9.710442723937590115e-01
9.769811780442412275e-01
9.596129498004176694e-01
9.901495399328765767e-01
9.888139966275670822e-01
9.741839037965178694e-01
9.865756317628416872e-01
9.921668567750827616e-01
9.957879838211024515e-01
9.646871331628864565e-01
9.871211482254701464e-01
9.878775833144338714e-01
9.852749204109322312e-01
9.773201836759870531e-01
9.736785584299303409e-01
9.689950361423912417e-01
9.870750803379795268e-01
9.641836706508384314e-01
9.294005853516408289e-01
9.602376534920853413e-01
9.714241740622183707e-01
9.349657741899181085e-01
9.693731283147015709e-01
9.854739654574187213e-01
9.870514822959203238e-01
9.936700740919116592e-01
9.728091390905436731e-01
9.718266975191585111e-01
9.904523040114840970e-01
9.830834387026703425e-01
1.000702538430990218e+00
9.368782854976055452e-01
9.812786774971765658e-01
9.569793952106927515e-01
9.414945395349018087e-01
9.700675107368342820e-01
9.844672687939240996e-01
9.855040930545844180e-01
9.582361990261389906e-01
9.698932570610577786e-01
9.609168633524878267e-01
9.957671462428429043e-01
9.606189034016638928e-01
9.945880305503459473e-01
9.833053227343290237e-01
9.762208592177668010e-01
9.842719678557010354e-01
9.955128445244580959e-01
1.006324509696105762e+00
9.707202451713914382e-01
9.835638879764465603e-01
9.996472889581028420e-01
9.895021807018079540e-01
9.779185677400789034e-01
9.944720637560200416e-01
9.913327077946746391e-01
9.737379513842474577e-01
9.534647936447626648e-01
9.719649096353339957e-01
9.764668793130690805e-01
9.822188512766489854e-01
9.804296800954462876e-01
9.865926127002261348e-01
9.837729562777366432e-01
9.851960620689522719e-01
9.728143011947653074e-01
9.558590656265220087e-01
9.914161484945539504e-01
9.801882666443656467e-01
9.827611226735648575e-01
9.698050183440486416e-01
9.934621431713848150e-01
9.789287029409770025e-01
9.879365043941893409e-01
9.529397781844930471e-01
9.820325811274751571e-01
9.876422992334820128e-01
9.905677807446547911e-01
9.912374340443284026e-01
9.781027393586402274e-01
9.766538109166573722e-01
9.803302678912536594e-01
9.546426431303443039e-01
9.696280404690130750e-01
9.811412913645954914e-01
9.748381291355019407e-01
9.884427536701873018e-01
9.968891249999379811e-01
9.666517695621810180e-01
9.884648034606878797e-01
9.533672440132092696e-01
9.998844178692011253e-01
9.972801645983960794e-01
9.844003403092773663e-01
9.804737271326069425e-01
9.698760414453053702e-01
9.844241956642126867e-01
9.947839634713845358e-01
9.794980593116066059e-01
9.776192610846000663e-01
9.841474285769656882e-01
9.698800113835123193e-01
9.708622101219458456e-01
9.689253779446364012e-01
9.983333946011491156e-01
9.719380342997328004e-01
9.901837328951389461e-01
9.848073107808801296e-01
9.723985231476789393e-01
1.001505294035858640e+00
9.879429825679161281e-01
9.876696173651082766e-01
9.876571462988996686e-01
9.773879899576004560e-01
9.674360073226019319e-01
9.724865742287919224e-01
9.879028304233204993e-01
9.839514111990029788e-01
9.783227207752196453e-01
9.890399235376423626e-01
9.789541628865787715e-01
9.903583132537899791e-01
9.810776341493858688e-01
9.816239239566189045e-01
9.946445660807905487e-01
9.642277993616014120e-01
9.751886187098737224e-01
9.770262780407511505e-01
9.841586657973351304e-01
9.908675701949922754e-01
9.850370917871716925e-01
9.822801868485478982e-01
9.833642467322739611e-01
9.559590438255953782e-01
9.820745713465139914e-01
9.570959963339280563e-01
9.588584362323355759e-01
9.894596551660143069e-01
9.881288566407464558e-01
9.774934888596902294e-01
9.864291668105514832e-01
9.747136702795732299e-01
9.588281240681011397e-01
9.900352761554914727e-01
9.971376580371303922e-01
9.909488068932982285e-01
9.865334101342618789e-01
9.808509734146758641e-01
9.866267615688452119e-01
9.817668092091793586e-01
9.697766100365841080e-01
9.554249692871370492e-01
9.912811427722539870e-01
9.868062992870951788e-01
1.001527555371287015e+00
9.908288936551675752e-01
9.942425059674194765e-01
9.845865173958208150e-01
9.949595556584286404e-01
9.648800913616412123e-01
9.724965418242521586e-01
9.866711725648511511e-01
1.005756105629447950e+00
9.742076560671379948e-01
9.503361903082092610e-01
9.927694306088774567e-01
9.813221523900300669e-01
9.800401625918079285e-01
9.579997818833615453e-01
9.744032375507970523e-01
9.885067731652026346e-01
9.886103290332332039e-01
9.728303542610037269e-01
9.873194901954587266e-01
9.767832082678934436e-01
9.757212190592892131e-01
9.953573773153507886e-01
9.697140453251865688e-01
9.909409471215208098e-01
9.504733329067490688e-01
9.885819301349706434e-01
9.821948188296464322e-01
9.769274678905042197e-01
9.759707369371963814e-01
9.681337282682568324e-01
9.881806069227152545e-01
1.003799320280352569e+00
9.795105762465362575e-01
9.919511425772049584e-01
9.954686224839200959e-01
9.986214362265357636e-01
9.932272335624132698e-01
9.722825604900409147e-01
9.831099047628114596e-01
9.952632772912161085e-01
9.830585254945277685e-01
9.866508839117069662e-01
9.852065740929200066e-01
9.924545524359696946e-01
9.886803578284991678e-01
9.888037350373094503e-01
9.672324380702933544e-01
9.841493586587950482e-01
9.761647920389412425e-01
9.888236735981723591e-01
9.786972248222740589e-01
9.901455512677141968e-01
9.836390403010806249e-01
9.805534355884992781e-01
9.587497579438691853e-01
9.772507453318092230e-01
1.001311536925256318e+00
9.591393675584887202e-01
9.957961454056671879e-01
9.958283509838838921e-01
9.703515072852058054e-01
9.761292263052215867e-01
9.801409242314687020e-01
9.687279870694889272e-01
9.847468309276058429e-01
9.693026155342190364e-01
9.755983024723547947e-01
9.798640198906662935e-01
9.864235110495539471e-01
9.593040058655287750e-01
9.748228204416485854e-01
9.858960767626130384e-01
9.887839466247969611e-01
9.808514437739659364e-01
1.003797150671012828e+00
9.753344816940512363e-01
9.830790168064277301e-01
9.872994265692510707e-01
9.755655672163593417e-01
9.890386878751810107e-01
9.880551253124101319e-01
9.667100342135633850e-01
9.826533457938322336e-01
9.744401562710601761e-01
9.924663215641554848e-01
9.880972857429131118e-01
9.687746564484770451e-01
9.811127149548627413e-01
9.720090063519696288e-01
9.808219234357566929e-01
9.870826293138701413e-01
9.793196016915783897e-01
9.933599797355451289e-01
9.710051914754224134e-01
9.896694570494460885e-01
9.850113783890303010e-01
9.957309005609862318e-01
9.380872785621420240e-01
9.851514204963736088e-01
9.867756049056449763e-01
9.964778871003251437e-01
9.788800442927642065e-01
9.823771327139352305e-01
9.941747841445690570e-01
9.843981153375421789e-01
9.779659298542320300e-01
9.856218447878888345e-01
9.882747855967862760e-01
9.870044563724948983e-01
9.776510117432196667e-01
9.873642757959353311e-01
9.842473369704644037e-01
9.676277775680965920e-01
9.850827810613851376e-01
9.952700997058244736e-01
9.762105373492510063e-01
9.806867066958311341e-01
9.932033836418826533e-01
9.443140967932682761e-01
9.901953407187281675e-01
9.910915708110259459e-01
1.003716396558493429e+00
9.849696612243811211e-01
1.001537816800557756e+00
9.235149061619470912e-01
9.879314681884390215e-01
9.882146499755393165e-01
9.710007502495178189e-01
9.956558474836488815e-01
9.781726122988818606e-01
1.002250831976304823e+00
9.598229022379365372e-01
9.732602548089359651e-01
9.886729538786227511e-01
9.618572211872415956e-01
9.698558826385209608e-01
9.801538649609691234e-01
9.244156860335585035e-01
9.560459539733503487e-01
9.944473151263107935e-01
9.976466759559591280e-01
9.691531912262455473e-01
9.870867820628190792e-01
9.863420123841663001e-01
9.819162252950374148e-01
9.886488478966509730e-01
9.521030822646240344e-01
9.786306975968767086e-01
9.933997214948381282e-01
9.816736650541575404e-01
9.786108807994420289e-01
9.981579403351841240e-01
9.760777301928124094e-01
9.970068239168774493e-01
9.741151656263161707e-01
9.910053239856594365e-01
9.944424571678962543e-01
9.810680605589389147e-01
9.847675041445894673e-01
9.996751058690322989e-01
9.864523485138727565e-01
9.684325601051346766e-01
9.762773444470299600e-01
9.996637199070667057e-01
9.900966040079223207e-01
9.896356380978467149e-01
9.712188232896173945e-01
9.674582831442682940e-01
9.790304697024855285e-01
9.848794833322919162e-01
9.791864597140115256e-01
9.889755671349348409e-01
9.898208098365103291e-01
1.001226062399458439e+00
9.535562620595804395e-01
9.853448336031894739e-01
9.797194863213479765e-01
9.555920275755621640e-01
9.918850400116079324e-01
9.835648559980132433e-01
9.857605149485518803e-01
9.792437255553522180e-01
9.892735851137716141e-01
9.848189599730756694e-01
9.897565450598875270e-01
9.912169695494014166e-01
9.977387980581104987e-01
9.984233624615398428e-01
9.678511662753890299e-01
9.899787136155902001e-01
9.629861494618053852e-01
9.729755613972627115e-01
9.806611560981640663e-01
9.615541508107040558e-01
9.995455600576684807e-01
9.800741911254744476e-01
9.902706605567660469e-01
9.882908018336885592e-01
9.943905956383015665e-01
9.879304170173340838e-01
9.777927281862246467e-01
9.949859680747870083e-01
9.890643078239403918e-01
9.358380049121660660e-01
9.825840122994499160e-01
9.858918734411532547e-01
9.921216333613870342e-01
9.764447419933470762e-01
9.911110000409533161e-01
9.636429471541502201e-01
9.784013667733252317e-01
9.939365914121718326e-01
9.778860145272706417e-01
9.673513700945838290e-01
9.941387912341823618e-01
9.880015858487648517e-01
9.784977802370270483e-01
9.934059080902903904e-01
9.901472119908991676e-01
9.687317669212036630e-01
9.623531733732646476e-01
9.841760362762458358e-01
9.823270979497414901e-01
9.783775963842288315e-01
9.597913685985323129e-01
9.328671986900630708e-01
9.695043243306487035e-01
9.792515653744302551e-01
9.825117504454833339e-01
9.457238224742803290e-01
9.817696280629218952e-01
9.828896941185015779e-01
9.888037846240120832e-01
9.715577173997193006e-01
9.754975287973880471e-01
9.719446191942959778e-01
9.904111735726920385e-01
9.755719466403810491e-01
9.954991923203233561e-01
9.996118569854614000e-01
9.908725280720929174e-01
9.647308637575816581e-01
9.642897495654281226e-01
9.926428548322264733e-01
9.760402732698235662e-01
9.572272010522896446e-01
9.799429313046154055e-01
9.889590119544694469e-01
9.588276160587038133e-01
9.695746453902837070e-01
9.866539861323269101e-01
9.659958996866736536e-01
9.904007653581968773e-01
9.900559325936820754e-01
9.846269907430480472e-01
9.937478344337695724e-01
9.839298395460875923e-01
9.788004103537167877e-01
9.632612720229504211e-01
9.705191949482043778e-01
9.844612744548431049e-01
9.850334807006717597e-01
1.006046897837811649e+00
9.850719731218949837e-01
9.800426610908544722e-01
9.835163198680377805e-01
9.709076294424463516e-01
9.906342786108275345e-01
9.832431355119300997e-01
1.005771138183507940e+00
9.924300436121461511e-01
9.756604486793218900e-01
9.786934559067381745e-01
9.912709426906669563e-01
9.671775431968003822e-01
9.991695769926889348e-01
9.541540464431669255e-01
9.662858035836858761e-01
9.856010558341272709e-01
9.738788195163806671e-01
9.866346229916475030e-01
9.953205816353164481e-01
9.579118159723878367e-01
9.855635498987057597e-01
9.736061031408619337e-01
9.773150290121722650e-01
9.774313591807206603e-01
9.835497350447313103e-01
9.851987795315069185e-01
9.942997115067132574e-01
9.685017916053181297e-01
9.770438323749293108e-01
9.698817460792651390e-01
9.810374574290045002e-01
9.822792480468139908e-01
9.577216990141599329e-01
9.826095932638228003e-01
9.787977393335411946e-01
9.828229280730802486e-01
9.700832694458820793e-01
9.901716949358203568e-01
9.891636341012730593e-01
9.796089496294818622e-01
9.661717313230276938e-01
9.642126190741929781e-01
9.620880557919121445e-01
9.853708399003402452e-01
9.785250427962975950e-01
9.749454716682333100e-01
9.891233933694503211e-01
9.736084135099736248e-01
9.966314254691199803e-01
9.552644033906282361e-01
9.926637426109607976e-01
9.821275007325811490e-01
9.795327464198883005e-01
9.708026146151718105e-01
9.910481566561261113e-01
9.849485605454360027e-01
9.925588195346900511e-01
9.893528373502348261e-01
1.003208163383234819e+00
9.857075290349208707e-01
9.788214491380152760e-01
9.654229444557603790e-01
9.915182094645917932e-01
9.592699510294551146e-01
9.801771833820760449e-01
9.889883378233358391e-01
9.826773298237655441e-01
1.009332818673866594e+00
9.778534189075965832e-01
9.657798763907907702e-01
9.876432218214068470e-01
9.863169151183757144e-01
9.832022114945835334e-01
9.783033573547244011e-01
9.707852569105690499e-01
9.793368477424878593e-01
9.772359267385051229e-01
9.835464101775753809e-01
9.835708806348055777e-01
9.503837942197161937e-01
9.365602777716202088e-01
9.801003288660526946e-01
9.818684600002008933e-01
9.766148041740136954e-01
9.869560119204795479e-01
9.882066056219312999e-01
9.951978941486818719e-01
9.834765983314291971e-01
9.789176698152506351e-01
9.748333755443278070e-01
9.871233836040004261e-01
9.868755816122449787e-01
9.789815845452112253e-01
9.854302591922158294e-01
9.832763039278693551e-01
9.785411881060143147e-01
9.937446847149029594e-01
9.722595639911888465e-01
9.864358291890136243e-01
9.788272062756177005e-01
9.573980643105637345e-01
9.654988207134600486e-01
9.823707494796638517e-01
9.541838096426809024e-01
9.760239251249813730e-01
9.919642736784458625e-01
9.481733059094600291e-01
9.814079639933963595e-01
9.565782153844288871e-01
9.881699973525467362e-01
9.927029835740455166e-01
9.959404212091985675e-01
9.798420886379775041e-01
9.525928689492285661e-01
9.689743294198440715e-01
9.727362669457223499e-01
9.468585082128315733e-01
9.874553669184391591e-01
9.799931934326269189e-01
9.771912447225444831e-01
9.931680324330390830e-01
9.682375212285027066e-01
9.913454549266319527e-01
9.921282073956541048e-01
9.831259979663538040e-01
9.941087915670449027e-01
9.883747228288078945e-01
9.810270709658162058e-01
9.849963457144778056e-01
9.881564364319871396e-01
9.755369017814066179e-01
9.843126672133315491e-01
9.854238257754929231e-01
9.799850962216918315e-01
9.760204210960223836e-01
9.835256317030824924e-01
1.001621808500370969e+00
9.760281665957696307e-01
9.787826003230333249e-01
9.907847350826620714e-01
9.681089927127103367e-01
9.708388590413247199e-01
9.696092234382908126e-01
9.821695456498312771e-01
9.772918335101309362e-01
9.892983878814585186e-01
9.789758330241512541e-01
9.891825503063516045e-01
9.566984425767141031e-01
9.702014109140336684e-01
9.751958555328258393e-01
9.909606328378290918e-01
9.748118385925484963e-01
9.756511670709495654e-01
9.762371335418905671e-01
9.815926426349341760e-01
9.838131072159785884e-01
9.940048780943192552e-01
9.761974031296382082e-01
9.505667057608654380e-01
9.754546615029843215e-01
9.760695468475927283e-01
9.948458270127201741e-01
9.539246075538114766e-01
9.772684489674616781e-01
9.820584456189966893e-01
9.768919493142087518e-01
9.127989204325942518e-01
9.650055258249888857e-01
9.774614932724638994e-01
9.857356280942014548e-01
9.821818956136378898e-01
9.692465575210504891e-01
9.863980681106120363e-01
1.000430381669886515e+00
9.996031037047985457e-01
9.681656334473756065e-01
9.853873664315969672e-01
9.755563739263137801e-01
9.872835413852402153e-01
9.858009131316759488e-01
9.920843369531365807e-01
9.978742312696824435e-01
9.807647246243887951e-01
9.721273139489223780e-01
9.844354833179909114e-01
1.011719328304404142e+00
9.913581193217260168e-01
9.845299442569669379e-01
9.887990650060980435e-01
9.880160818124608113e-01
9.908380791142190613e-01
9.861036025481826339e-01
9.796144839576776953e-01
9.728133686347716358e-01
9.744602663533880049e-01
9.699374825871825978e-01
9.683617516493953081e-01
9.882800911709960223e-01
9.755718000404079993e-01
9.881731813599040626e-01
9.725407968855177554e-01
9.849565416354123526e-01
9.908104119093801287e-01
9.844215115414748363e-01
9.866623037043271705e-01
9.850449809598329498e-01
9.761935077860026677e-01
9.929501422866032767e-01
9.692753855089978332e-01
9.870083526703019583e-01
9.754793266506933680e-01
9.843376769741589705e-01
9.737456493296476889e-01
9.837531097868503771e-01
9.695974368411426347e-01
9.769989764556462619e-01
9.903438694127356667e-01
9.891015074616992253e-01
9.825157403540768497e-01
9.722631752182581133e-01
9.764202496252309960e-01
9.805144208624342328e-01
9.807045770361677572e-01
9.975472636927401604e-01
9.492236576633192868e-01
9.989302685767159629e-01
9.885873422645432562e-01
9.822803733608964638e-01
9.885513641656880068e-01
9.752468984088900061e-01
9.825093845798629211e-01
9.698679011932743732e-01
9.921949319816925073e-01
9.937256057896407535e-01
9.913086256642351657e-01
9.426810955810659420e-01
9.928461725879073052e-01
9.924070949127178354e-01
9.951737331878337534e-01
9.849354933155478609e-01
9.658809009195514772e-01
9.664872249609804955e-01
9.855797914141121163e-01
9.589915444013784596e-01
9.716038994231283032e-01
9.715046313319898319e-01
9.548121427932190208e-01
9.637478131626310285e-01
9.740765896183207762e-01
9.797280055379867791e-01
9.857540333321377357e-01
9.908517209252085678e-01
9.647056360567431987e-01
9.730186350986609334e-01
9.868795396924235908e-01
9.612972635127464693e-01
9.828567988568561731e-01
9.701840077673082874e-01
9.659237081385972923e-01
9.762220287973204513e-01
9.868714550605367508e-01
9.888494319741365501e-01
9.819618127224543080e-01
9.749327751383800589e-01
9.803629773998181474e-01
9.811977918821048750e-01
9.896027711054730114e-01
9.775494449947477182e-01
9.882347588823550133e-01
9.827233970377212691e-01
9.937448618108665199e-01
9.728261627112868570e-01
9.634750587395765065e-01
9.779708920345407952e-01
9.677762799547393602e-01
9.852655042720042111e-01
9.864043488095024514e-01
9.655078292019051434e-01
9.873156987636101389e-01
9.921758501162525334e-01
9.796044778205711401e-01
9.852160392223346941e-01
9.895980672093890318e-01
9.614255942610028249e-01
9.803228702898389990e-01
9.891669666825113616e-01
9.935948231716170698e-01
9.726202550044384942e-01
9.779217711401201329e-01
9.751485727001896198e-01
9.952136350443911983e-01
9.881198476899304417e-01
9.724888617610573105e-01
9.749579710144877787e-01
9.790664710420863281e-01
9.397613233501042052e-01
9.790365866482954038e-01
1.004641805540348987e+00
9.693098652570666385e-01
9.978733007470346195e-01
9.837961995106396795e-01
9.813332656436897228e-01
9.765002981738951648e-01
9.855934535378340078e-01
9.780840622136132145e-01
9.811153452431770061e-01
9.820985073849602953e-01
9.758708535720168609e-01
9.828445508478760306e-01
9.746786909507695329e-01
9.834207789066190530e-01
9.892636710567952463e-01
9.845193099065159270e-01
9.736775689380146037e-01
9.597198286760786345e-01
9.824157366449295381e-01
9.693331463239384105e-01
9.952201242225119371e-01
9.252684252844356472e-01
9.770434977675326316e-01
9.868729768769635147e-01
9.966786080709753026e-01
9.675434944301177786e-01
9.886017458389110280e-01
9.870179160601798563e-01
9.742631102989151026e-01
9.757905969940012803e-01
9.765857908086659211e-01
9.934890932564343080e-01
9.890280118603940185e-01
9.868881286396978814e-01
9.727797243085825052e-01
9.651723437473092027e-01
9.854878421485416817e-01
9.912693236983193268e-01
9.883752972603109255e-01
9.719513129436238019e-01
9.650240574042183717e-01
9.659514889024103379e-01
9.924842836412123281e-01
9.608312542964959624e-01
9.531240993761531666e-01
9.606805864869073508e-01
9.669885349759284043e-01
9.738852349754969495e-01
9.664738129654110166e-01
9.914871825142723694e-01
9.868734194906620960e-01
9.857859856802150267e-01
9.852612908257705193e-01
9.801966777113807483e-01
9.873014949814360453e-01
9.948023449337590751e-01
9.904534238581670369e-01
9.863554880887606124e-01
9.922647504260357909e-01
9.877850710817672741e-01
9.647363882808150937e-01
9.768595438520638607e-01
9.747277796594338017e-01
9.836016305194579257e-01
9.849274289861588150e-01
9.885225154995681551e-01
9.738871921314947722e-01
9.749951774036923480e-01
9.879667181330608061e-01
9.723676314252105435e-01
9.851364970305312996e-01
9.792457477406716349e-01
9.477000201395860968e-01
9.848912237478778531e-01
9.638369773218476988e-01
9.959465479583904379e-01
9.559594322505707842e-01
9.798450576243962207e-01
9.879924124636184635e-01
9.918396671341415116e-01
9.974682017931244538e-01
9.693501354706626216e-01
9.883490525706932761e-01
9.801964990191198712e-01
9.850266204863042940e-01
9.752081842314460625e-01
9.974467091429449761e-01
9.897206354959269259e-01
9.591207590702521824e-01
9.824796304611495001e-01
9.785980482884297782e-01
9.780212483743196961e-01
9.943583603036330043e-01
9.862319810631161587e-01
9.657800601900550230e-01
9.620911865645205285e-01
9.644541904480703476e-01
9.896963013282343846e-01
9.891347556081930836e-01
9.926379926610233717e-01
9.738969847043722483e-01
9.711975129748041669e-01
9.862865561311285889e-01
9.874652030061171759e-01
9.858983900673794487e-01
9.593301817646249230e-01
9.823582375100875508e-01
9.832152789856365427e-01
9.776393990458908112e-01
9.864137762951846744e-01
9.801598726628785174e-01
9.876048421674309408e-01
9.872813486021515539e-01
9.774598727424668176e-01
9.827072498691791225e-01
9.794436657795476675e-01
9.900876617709238880e-01
9.891096689915617191e-01
9.903665734161825052e-01
9.337477353459602281e-01
1.006925911080483127e+00
9.878628032971763506e-01
9.880696457992650394e-01
9.664446576835453717e-01
9.816482919044120514e-01
9.840861543885441876e-01
9.448373271342340729e-01
9.896498387111566375e-01
9.673632610049003322e-01
9.638755227067399289e-01
9.813782672309734334e-01
9.672528680089748088e-01
9.952900257809708107e-01
9.896304499896948492e-01
9.835136978516298978e-01
9.860218579970513320e-01
9.560490633026599294e-01
9.778966215941621298e-01
9.806019618248007497e-01
9.723368980572122400e-01
9.813933033668202910e-01
9.929120589124111884e-01
9.838100951102545233e-01
1.003666007582133535e+00
1.004662055247226293e+00
9.539307540534968100e-01
9.785843799938223064e-01
9.832870293913351656e-01
9.931045976354304639e-01
9.836010763205261798e-01
9.616771362993303818e-01
9.695163891383471455e-01
9.629631691269232574e-01
9.633989180933399954e-01
9.784717250911380004e-01
9.969739513666904251e-01
9.759872134543213784e-01
9.720164065602284742e-01
9.901871297117267323e-01
9.819022838910521633e-01
9.820674582011588161e-01
9.556483971392609744e-01
9.895300165076910126e-01
9.804953218478722476e-01
9.907217304055507823e-01
9.783043069222395749e-01
9.916404320167087061e-01
9.870184909410910645e-01
9.668197345231490658e-01
9.877500666962275577e-01
9.610952014563495238e-01
9.769405030171380844e-01
9.677916502142519528e-01
9.645013372903354920e-01
9.370445940813995067e-01
9.464766982796257722e-01
9.903653137724651723e-01
9.831216397263101703e-01
9.829980670417107769e-01
9.852529766792306187e-01
9.904288005742623024e-01
9.745120000652234271e-01
9.909977830847160885e-01
9.571189728747384606e-01
9.608482859353795202e-01
9.894019231100559253e-01
9.883201496356246452e-01
9.726149834101620595e-01
9.397330545961343207e-01
9.824540939449335486e-01
9.803955335267252602e-01
9.865591805711197981e-01
9.956787139119319674e-01
9.917361192178009155e-01
9.876198229349174573e-01
9.900732771033688984e-01
9.875876883619245650e-01
9.784166959930783447e-01
9.845330296432662776e-01
9.895249083592821959e-01
9.821201276456525964e-01
9.885378086140083065e-01
9.881289994957904721e-01
9.811271075015884913e-01
9.740055416581535619e-01
9.934686979986554478e-01
9.955126530861611034e-01
9.842553537551965714e-01
9.828973434157466382e-01
9.884590181546023535e-01
9.853083195093430557e-01
9.706669460686090378e-01
9.674340510928735037e-01
9.734509832346718294e-01
9.764996733936416318e-01
9.792279902538196801e-01
9.945195911595496874e-01
9.854835848588699987e-01
9.924065364894127939e-01
9.733830603650075464e-01
9.843304632569950252e-01
9.737615703126276667e-01
9.794747069884245372e-01
9.836965376254656057e-01
9.541629852156908731e-01
9.782934664197231456e-01
9.860255991340761694e-01
9.820911112455931180e-01
9.773750294120391313e-01
9.798392616707918279e-01
9.744583717986182725e-01
9.705219729517963190e-01
9.669506818455074759e-01
9.742261012543584897e-01
9.618970269874732582e-01
9.896889256197008988e-01
9.806135259957478034e-01
9.843083786108552946e-01
9.620924614187392754e-01
9.829808901702132840e-01
9.831167968032201721e-01
9.774811769093668667e-01
9.856913659303269126e-01
9.773855363286951814e-01
9.804952944127421910e-01
9.910352195665022013e-01
9.803997133267023933e-01
9.822749972876591018e-01
9.613907389891277466e-01
9.680924701066129234e-01
9.844602328874381136e-01
9.886452161290031349e-01
9.896281409644293037e-01
9.816872509398165692e-01
9.514386565498711423e-01
9.869934916889511189e-01
9.750614623541721260e-01
9.349028975437602140e-01
9.672279220953248213e-01
9.805497075575284605e-01
9.848411639963499109e-01
9.679682702534065930e-01
9.535182991511688133e-01
9.903368915664485517e-01
9.858309361916639535e-01
9.673094616261482814e-01
9.735406100198757962e-01
9.887753072316902703e-01
9.534154256097716607e-01
9.906210642294502877e-01
9.828088497989749817e-01
9.827395116866840530e-01
9.779639241283609730e-01
9.759348138059241728e-01
9.797947822378345606e-01
9.672799066993286177e-01
9.529024870263731462e-01
9.861529430405457930e-01
9.767561369350816758e-01
9.734298813241853976e-01
9.903942943018665401e-01
9.711854836363869037e-01
9.817362957672345347e-01
9.885087897065498730e-01
9.774432364325252864e-01
9.781963813220316828e-01
9.727558127456563675e-01
9.623172371592423335e-01
9.681530564503948444e-01
9.558630194486520404e-01
9.570615241646743820e-01
9.737248799551886380e-01
9.928723643180193958e-01
9.904301103100205950e-01
9.700660602406785404e-01
9.897478724933905792e-01
9.734078877782792460e-01
9.303800629271942180e-01
9.952343948672716101e-01
9.820669044616352483e-01
9.702967972039390210e-01
9.804550724744959256e-01
9.507984734797729764e-01
9.968735812966386112e-01
9.750904832695762581e-01
9.904789109645566469e-01
9.856064116966435362e-01
9.441238965872261746e-01
9.546688656311947963e-01
9.551883257709534725e-01
9.792778136744677564e-01
9.870680148207151561e-01
9.602776460344835119e-01
9.697162236121675827e-01
1.000791470054356314e+00
9.481531549008961335e-01
1.016600365754410262e+00
9.831854043209714566e-01
9.690432424682144941e-01
9.946802743323936991e-01
1.002683460312772334e+00
9.786392727595334406e-01
9.657324520441601390e-01
9.699882609653974752e-01
9.750142931085139519e-01
9.891752297478449973e-01
9.544399904362583786e-01
1.005143293969817053e+00
9.824995551668546101e-01
9.627525752802645886e-01
9.772948077644023623e-01
9.960254405911825870e-01
9.828842218715510004e-01
9.796105150757756785e-01
9.701489355688680538e-01
9.929359200787157835e-01
9.844451547923780410e-01
9.875507793509418208e-01
9.806205132239780298e-01
9.821633565870832028e-01
9.821880763742956155e-01
9.840011046263733574e-01
9.915406227956636842e-01
9.922680592112158582e-01
9.964098694091844122e-01
9.863625313728479060e-01
9.782995510471851341e-01
9.779893652097219059e-01
9.832453321459121431e-01
9.846038576771045658e-01
9.750950003223040063e-01
9.632730338231820788e-01
9.744811515360863874e-01
9.848157750791485254e-01
9.851310538712486631e-01
9.838105927207042578e-01
9.716690542063416425e-01
9.752038912883215227e-01
9.790066415575787717e-01
9.816687294803373431e-01
9.525357249711818852e-01
9.781393026788574030e-01
9.741770614631212188e-01
9.622679852217995711e-01
9.978975633453551763e-01
9.718449500589197987e-01
9.952347222543977967e-01
9.779630864435449045e-01
9.630567919599321014e-01
9.851846945166201630e-01
9.762627339076819233e-01
9.827799353687031170e-01
9.861929622717339194e-01
9.900104837468656216e-01
9.869825845376076767e-01
9.591381176784397056e-01
9.942991390475578450e-01
9.734554792981727767e-01
9.668801554795272146e-01
9.915258982629003848e-01
9.852732875274692326e-01
9.808686890097694233e-01
9.898738819950445578e-01
9.731651035559580887e-01
9.654750267281604348e-01
9.807529359574517214e-01
9.699967520121259845e-01
9.573775203073286999e-01
1.000625047553990399e+00
9.927942719804335736e-01
9.872253146898543053e-01
9.722743347500254485e-01
9.820928725731969955e-01
9.850621766171085980e-01
9.840205871261618054e-01
9.594776209935749200e-01
9.928431853556302089e-01
9.833566324514022572e-01
9.778352447923308599e-01
9.643123538323796762e-01
9.841299763412149071e-01
9.801100382440103287e-01
9.723026211739100866e-01
9.852530896902323976e-01
9.837713757084461941e-01
9.612100051868184281e-01
9.813047589482699617e-01
9.862429328677794205e-01
9.845201028305928803e-01
9.813183899934562193e-01
9.840996005519230261e-01
1.000962825292457392e+00
9.832061461315833029e-01
9.712024119298185987e-01
9.976916465465657247e-01
9.869053943792507333e-01
9.383614614286558409e-01
9.792608455204636630e-01
9.955429910963755624e-01
9.458666660064496412e-01
9.876536299072294911e-01
9.872138962446973531e-01
9.600290461258738084e-01
9.808555246756579526e-01
9.875094317942459954e-01
9.763675755822656122e-01
9.933740515524410730e-01
9.769754702453623540e-01
9.836530691483739153e-01
9.840362253460561703e-01
9.892221810844447072e-01
9.884000261346900240e-01
9.857281313962090730e-01
9.897604084799748181e-01
9.530410370412004673e-01
9.825682726413745849e-01
9.836865411143745908e-01
9.765134241237408697e-01
9.795461856143595769e-01
9.666834890440537675e-01
9.629773309112887869e-01
9.870742347038141684e-01
9.849859731254417827e-01
9.675472569387869592e-01
9.817372281350212893e-01
9.856588990495049885e-01
9.907383543581433916e-01
9.888297155282123052e-01
9.802091747281888034e-01
9.755016533077183194e-01
9.921359145741368568e-01
9.908834894162557028e-01
9.647867963404124225e-01
9.606139946892694459e-01
9.924234013461366022e-01
9.865491864835337354e-01
9.877605383686632878e-01
9.880189571766065937e-01
9.763198913361867959e-01
9.555782584803991231e-01
9.755312146232794079e-01
9.807100559179836585e-01
9.838802743093335579e-01
9.835572507034445744e-01
9.787741146289127281e-01
9.543248131787365196e-01
9.745808084315998876e-01
9.900503305415658817e-01
9.806855399928792183e-01
9.852976840160683203e-01
9.794186919361267396e-01
9.829106489774501743e-01
9.683366567166378225e-01
9.903759460991535812e-01
9.748880817927548792e-01
9.884439239867477411e-01
9.914303536983246623e-01
9.970354711056049757e-01
9.681667712423480676e-01
9.901380379420277045e-01
9.885380438830689842e-01
9.951441398693788853e-01
9.987617299803054349e-01
9.777523652108788266e-01
9.670806406795011689e-01
9.682030756253510173e-01
9.939064649534711249e-01
9.636619915943120951e-01
9.677207941643826139e-01
9.717769422134212576e-01
9.817010422854843821e-01
9.823368785412339710e-01
9.847953077946587364e-01
9.551340153652025933e-01
9.833604974758218820e-01
9.797561995532574342e-01
9.841876924541050897e-01
9.887852629531167503e-01
9.261310848183287314e-01
9.713470101013811364e-01
9.932759698501874013e-01
9.642155328613739584e-01
9.622038411816677961e-01
9.813982149016651224e-01
1.002425328756310519e+00
9.907698359512895347e-01
9.860544430222035750e-01
9.707399640260390150e-01
9.580535251075843473e-01
9.538831664506844943e-01
9.763418480899557217e-01
9.776028129066988148e-01
9.780272784403970521e-01
9.852845414667363855e-01
9.706119150660186268e-01
9.575152777754207811e-01
9.808028943671915911e-01
9.795215224051440073e-01
9.883427084929953255e-01
9.900317468311470304e-01
9.865614687803327953e-01
9.656171833128683879e-01
9.885211032647195362e-01
9.629823731591252711e-01
9.905303256709048210e-01
9.723331789905216294e-01
9.685596082278327135e-01
9.882353667177313783e-01
9.727788306569205012e-01
9.656315456019892718e-01
9.822806061762197061e-01
9.646103003058981162e-01
9.685573475862060411e-01
9.849635810488015508e-01
9.780499510339134561e-01
9.887106091222825910e-01
9.513096755927890058e-01
9.895435485703296674e-01
9.858088177170253319e-01
9.953695494623709950e-01
9.675704555550901365e-01
9.966777920796390244e-01
9.893893397215395291e-01
9.355239958010466150e-01
9.844306664349876668e-01
9.878543765437496349e-01
9.797952699516050412e-01
9.652400296145285941e-01
9.937605790914226800e-01
9.570920985845597917e-01
9.830133331496933025e-01
9.803760002846357846e-01
9.811810917706736968e-01
9.387929354779881441e-01
9.818571003126703722e-01
9.836147522302555180e-01
9.861203806535244754e-01
9.930040364682077847e-01
9.873281239987663493e-01
9.882969475232263878e-01
9.777860490854850539e-01
9.885099442314185803e-01
9.820383191341472973e-01
9.760830324918626788e-01
9.748235114557954883e-01
9.787906047638138540e-01
9.853899177612422955e-01
9.735587680700305002e-01
9.702210190484161778e-01
9.458950933581704579e-01
9.861930044867042167e-01
9.747758391497798325e-01
9.824890477639116604e-01
9.594342848552447345e-01
9.744821435357260420e-01
9.683673905720157071e-01
9.919801909741483570e-01
9.687440667281507212e-01
9.849448414250728812e-01
9.635022544281724999e-01
9.752750203984494881e-01
9.896714910063225679e-01
9.889404853709946597e-01
9.740159722387854435e-01
9.673651810018646380e-01
9.750073004010406663e-01
9.788545991919469502e-01
9.683410237846628021e-01
9.786556768757379565e-01
9.971355198654401342e-01
9.769024187272805637e-01
9.848167916523117293e-01
9.873762182090651818e-01
9.834955851663130799e-01
9.827485523239042342e-01
9.941061826219502739e-01
9.899637497232293137e-01
9.952173788753631012e-01
9.763630171302013494e-01
9.870158692644093179e-01
9.560106144207686230e-01
9.889158708825708244e-01
9.812710611552348805e-01
9.731278340195027576e-01
9.810450376840258446e-01
9.902228597679018085e-01
9.819359565208224394e-01
9.624066822610504168e-01
9.658158114535773109e-01
9.740778398058791421e-01
9.648680392915746085e-01
9.721273556916574243e-01
9.413606514892305377e-01
9.865443330775977016e-01
9.552716731454844457e-01
9.813843745819427200e-01
9.758530848826325599e-01
9.863775262539464794e-01
9.980706131104436496e-01
9.753734804270753900e-01
9.733740824089153199e-01
9.746014742166001499e-01
9.860124600102565529e-01
9.748466589090390988e-01
9.765068959795085712e-01
9.883406712530959926e-01
9.850886529721660789e-01
9.497567729732651065e-01
9.813864602188131503e-01
9.894069414239961002e-01
9.885278622922126779e-01
9.766156744012967073e-01
9.900204670789541916e-01
9.626307597120420390e-01
9.803495710228176119e-01
9.429320437329749005e-01
9.948287950111589506e-01
9.740755017105527935e-01
9.579788446808021884e-01
9.823174698735266386e-01
9.712519496683439391e-01
9.912141604057396194e-01
9.906390861328131514e-01
9.683928739637048810e-01
9.882148733676846541e-01
9.792283582749021775e-01
9.957360603624478834e-01
9.648399762019568282e-01
9.863019555683286699e-01
9.926761060153443950e-01
9.647894519686383008e-01
9.726260164661238994e-01
9.844912736843289824e-01
9.962099715296306446e-01
9.755824773397760996e-01
9.844563096591326667e-01
9.722317236303174015e-01
9.553799462801743081e-01
9.939558768076512951e-01
9.979015257660903693e-01
9.850614791304651563e-01
9.945626873004831392e-01
9.647915096358582465e-01
9.865444948520104562e-01
1.003856536646676290e+00
9.922434979834104940e-01
9.758626602141982076e-01
9.559811190590481456e-01
9.951599555379031514e-01
9.819399600524819638e-01
9.746119958318861798e-01
9.844633533708131434e-01
9.660075475739464679e-01
1.004416690872538487e+00
1.000969629501815339e+00
9.900431102599249744e-01
9.902712404727953555e-01
9.841170171070733330e-01
9.861203075814175545e-01
9.802311104135130737e-01
9.700439739082762358e-01
9.636252837049470443e-01
9.747158140170353313e-01
9.772159725285261000e-01
9.539119727980527319e-01
9.807560746114606376e-01
9.866633581968718980e-01
9.753139621897434219e-01
1.003358623846788866e+00
9.855330963008911427e-01
9.789482221278896779e-01
9.869285603410359320e-01
9.938530517834104350e-01
9.944090302826628092e-01
9.912807177284801430e-01
9.911980075702986337e-01
9.819590954830824669e-01
9.664577204316827652e-01
9.831648133929554723e-01
9.838896171951994063e-01
9.861908124307996459e-01
9.837791607389143600e-01
9.891299945609989264e-01
9.863288321042443796e-01
9.918425817703145908e-01
9.909070839031379752e-01
9.486419849744305299e-01
9.864817853071462528e-01
9.769966507682689150e-01
9.642033199621143913e-01
9.637742762484686754e-01
9.934823944153822195e-01
9.902202733171036053e-01
9.604878938112294540e-01
9.704827140622359627e-01
9.589527637233831170e-01
9.768723422725188454e-01
9.802929273362791518e-01
9.810480164978595541e-01
9.540858743441216205e-01
9.883017739625037379e-01
9.424725738377026651e-01
9.798599455196378427e-01
9.847974807186531399e-01
9.763761913242988699e-01
9.804461468379653821e-01
9.568985792804455270e-01
9.732305037586359564e-01
9.911507369975492976e-01
9.619389534418425480e-01
9.781968613316939232e-01
9.799564456774266796e-01
9.863830064354873750e-01
9.878642204446674846e-01
9.828899740649367223e-01
9.874892304175899582e-01
9.679735906238292609e-01
9.680671177094084534e-01
9.847816634084888276e-01
9.893006873745368024e-01
9.676382035732247200e-01
9.809614769555105029e-01
9.701499840319189882e-01
9.700836720867567209e-01
9.914395845501340343e-01
9.892382063536864223e-01
9.772737442446212119e-01
9.645050757659983098e-01
9.735736205105367524e-01
9.934121854174017274e-01
9.719758573398779022e-01
9.800312230879942854e-01
9.908609385330364727e-01
9.825937554404594598e-01
9.751534660009333333e-01
9.752435332242094246e-01
9.877526211590380578e-01
9.897152276388954117e-01
9.492355059973986986e-01
9.893872549816952189e-01
9.881318506024899806e-01
9.538615785651697321e-01
9.692624641336750058e-01
9.742019594456086118e-01
9.922386420603248602e-01
9.656617593099445784e-01
9.800775057905903864e-01
9.673224934135652431e-01
9.741723903962643538e-01
9.612279468207284294e-01
9.685497904247750700e-01
9.612987828903888365e-01
9.711619827239157399e-01
9.633652697187051750e-01
9.856156181487149004e-01
9.879787619329808424e-01
9.661013141421417316e-01
9.799677821470337280e-01
9.682950183411987988e-01
9.805322221217577239e-01
9.728109125266957147e-01
9.721356220015096028e-01
9.875554808566475717e-01
9.806733883627712922e-01
9.720875621311024783e-01
9.721577654204868191e-01
9.819997823515209667e-01
9.882222828493689715e-01
9.641328745906201370e-01
9.831382437104271288e-01
9.716953671023269568e-01
9.772646993033500262e-01
9.941821912895253410e-01
9.620087245962233302e-01
9.577866497623328534e-01
9.736080755902417616e-01
9.443909846077211956e-01
9.987591714509460594e-01
9.627803320347592120e-01
9.915526833536942863e-01
9.748531824027242276e-01
9.739413792983239171e-01
1.000415543800115215e+00
9.782077473447879923e-01
9.886022882591292138e-01
9.998058638839143475e-01
9.831723093183770690e-01
9.701140407006397792e-01
9.889068532947280499e-01
9.683423401810573594e-01
9.647202661128805312e-01
9.649094484062046284e-01
9.959343603664897460e-01
9.597595452680438566e-01
9.890537956691998200e-01
9.753063676990924025e-01
9.821655258688227752e-01
9.891357670868657914e-01
9.997307203449685709e-01
9.851510747756697661e-01
9.952472194955993556e-01
9.891753970870200696e-01
9.760976941924300876e-01
9.886255786252329258e-01
9.877928630942723887e-01
9.865624837314600493e-01
9.629219752173155955e-01
9.805299401776483847e-01
9.808524126629365458e-01
9.907476962285668431e-01
9.854202656519541748e-01
9.961435681461576763e-01
9.642039191258944264e-01
9.897236170278711498e-01
9.529663637710888979e-01
9.955029642993779015e-01
9.944629403228455455e-01
9.743677485848452058e-01
9.659918946364591807e-01
9.883428296732005292e-01
9.999867055625289991e-01
9.926073800950331316e-01
9.766911928870657400e-01
9.899391743907843821e-01
9.768275087413978985e-01
9.645732981837208397e-01
9.806116813606782223e-01
9.711219224951523898e-01
9.923149217536565425e-01
9.783213536107686625e-01
9.864620232248739740e-01
9.861214962619756497e-01
9.778289097060783863e-01
9.717847586401685556e-01
9.809358382910298157e-01
9.602837641264545532e-01
9.894873139143606222e-01
9.956585509912589949e-01
9.926430985847779498e-01
9.608001194132047562e-01
9.872661362264931739e-01
9.625375187021513179e-01
9.755760113773970232e-01
9.840094012043730798e-01
9.875250077511473767e-01
9.690535496484795619e-01
9.842513626492537249e-01
9.586327478221102760e-01
9.799389071917128380e-01
9.854272626607849528e-01
9.740564417809283171e-01
9.868537732211253299e-01
9.866899318372527317e-01
9.738916765904256367e-01
9.895033398609843767e-01
9.821426547337305246e-01
9.658356872640453394e-01
9.689248059932449308e-01
9.834856979534430943e-01
9.912836245961352821e-01
9.759912437697593202e-01
9.855444138412086108e-01
9.812976784326599144e-01
9.646523514501513796e-01
9.793732475683367689e-01
9.862335415797762739e-01
9.865924986943723773e-01
9.846287919461929050e-01
9.753741297425517764e-01
9.746031273131471329e-01
9.591017871062271771e-01
9.869495194863219245e-01
9.793833194154796251e-01
9.390412199670751248e-01
9.811869797635182078e-01
9.881895767568319444e-01
9.662940874374945643e-01
9.837338070181717020e-01
9.899315612363011052e-01
9.835798230619109406e-01
9.737444045609322529e-01
9.797674356175792854e-01
9.640513732164804894e-01
9.909858861207383462e-01
9.760549845064936392e-01
9.899346994419444545e-01
9.653613678119596919e-01
9.879377173940988577e-01
9.691263606040916301e-01
9.846732871462160475e-01
9.898068949515320680e-01
9.598849718654109964e-01
9.900064748459318498e-01
9.909558151659049186e-01
1.003454499850957360e+00
9.959386248214169290e-01
9.626277992895594382e-01
9.722998516574571370e-01
9.922224343877411590e-01
9.831340854669942120e-01
9.882397124915741626e-01
9.779639109427482602e-01
9.715227886132736801e-01
9.495430677597997970e-01
9.728864353138296783e-01
9.720379334570535823e-01
9.867264222696130460e-01
9.898351188551421931e-01
9.774846665043291916e-01
9.852405021167335297e-01
9.929587430111314061e-01
9.769142500074107227e-01
9.868885180397102275e-01
9.934623464902734291e-01
9.857198418576129662e-01
1.008490644412023185e+00
9.881104399605278310e-01
9.670578644014399261e-01
9.920256111019700729e-01
9.792063354204286751e-01
9.694308947537219057e-01
9.871953833965279035e-01
9.668045227544378450e-01
9.906988195505068706e-01
9.882817629916218483e-01
9.650885846522101463e-01
9.647031995382908676e-01
9.808441636083268245e-01
9.919486382948666803e-01
9.796885305546225720e-01
9.775295467408299244e-01
9.783780542108788669e-01
1.003860252412680509e+00
9.933835709685606696e-01
9.900739598408867526e-01
9.643763413878915225e-01
9.872419756022248194e-01
9.909647546519084749e-01
9.881681885080982886e-01
9.607314596730777145e-01
9.837429621481095232e-01
9.856483450478213948e-01
9.889932555861661312e-01
9.936810431664434562e-01
9.555710383907151106e-01
9.791484225653660500e-01
9.759646098889781518e-01
9.684369811994909538e-01
9.792647113574785012e-01
9.809046895357727003e-01
9.725624182696812614e-01
9.677509013427393336e-01
9.695563607419980245e-01
9.995443279092830480e-01
9.748639556967411135e-01
1.002466535341265397e+00
9.837582607379861122e-01
9.796055125066855940e-01
9.661368181550572531e-01
9.718332732457309886e-01
9.852095616833692615e-01
9.483479501315726923e-01
9.935789611551759659e-01
9.820729173021155445e-01
9.789885171961305588e-01
9.938344293036893706e-01
9.716966162937391571e-01
1.002212767992410214e+00
9.757488077389221415e-01
9.854966558901862017e-01
9.806111802860502102e-01
9.696870208771182220e-01
9.792555929510970980e-01
9.962294517161678353e-01
9.781957348927683427e-01
9.873920961165278953e-01
9.844945848345842965e-01
9.833861740004928853e-01
9.940774507730670839e-01
9.770187076023791883e-01
9.933248869489464949e-01
9.956094841499069092e-01
9.857078858402479327e-01
9.853578858141200936e-01
9.784146388469499023e-01
9.309279529667492392e-01
9.835909246949846585e-01
9.825670334488910695e-01
9.787379611993604067e-01
9.831748582345209986e-01
9.706823027760980160e-01
9.745677550699184399e-01
9.944201853503927824e-01
9.765515051946643821e-01
9.478918178435160602e-01
9.835721047077808921e-01
9.762275862020863837e-01
9.575324736439067008e-01
9.920624632505206097e-01
9.853831072032591676e-01
9.847673991673173699e-01
9.922298502106046136e-01
9.786527548681742683e-01
9.882879130103204846e-01
9.829325826507889774e-01
9.953174269047826428e-01
9.878260386548669558e-01
9.770946665330523251e-01
9.881448874867541088e-01
9.683132175565104527e-01
9.762166832284858708e-01
9.649599738106294788e-01
9.800785246364569492e-01
9.730782370389833291e-01
9.932880565212925950e-01
9.719087070488030555e-01
9.854865201917449857e-01
9.886775222196632074e-01
9.531828308257535021e-01
9.949448880352020907e-01
9.897379252140822148e-01
9.865125259371301247e-01
9.711864799280753857e-01
9.542772132892366477e-01
9.487414042529127567e-01
9.696544396808113309e-01
9.849553643942644543e-01
9.805082311668966710e-01
9.859088637861218585e-01
9.784976379310247330e-01
9.777040477548446518e-01
9.736198116389455093e-01
9.664647287543913778e-01
9.709490030015320849e-01
9.857001408988874669e-01
9.852005475024963044e-01
9.781196730915189264e-01
9.978806920177758499e-01
9.737481113001322797e-01
9.781904292471998996e-01
9.757632202062752613e-01
9.620720795017090321e-01
9.761302665616892194e-01
9.882165102314468541e-01
9.897026876605637957e-01
9.417645374644338929e-01
9.881413074958775855e-01
9.734139000383760232e-01
9.727439389835559336e-01
9.463508286971373806e-01
9.778045159093496919e-01
9.727569023999126374e-01
9.948850799216109042e-01
9.716203136938492690e-01
9.664202700243311739e-01
9.895917473179601798e-01
9.754711477041481116e-01
9.749898348375628521e-01
9.850421659126830098e-01
9.573469337401141477e-01
9.456007449088513761e-01
9.797920690444286151e-01
9.652040221268171072e-01
9.696714181097495500e-01
9.721863543372367689e-01
9.780808427979199582e-01
9.778008373788795726e-01
9.892518270540407999e-01
9.903529962606072434e-01
9.913351676900061804e-01
9.836630724042736418e-01
9.776964784253260321e-01
9.935636728054278999e-01
9.841177609780843438e-01
9.899364430196706532e-01
9.833709637564096440e-01
9.571057423306343903e-01
9.862500945308421141e-01
9.866013168202890649e-01
9.867757200546739549e-01
9.809983753438599186e-01
9.961305014977861472e-01
9.516021841248580859e-01
9.865533388600739029e-01
9.840816082873842241e-01
9.950386313547395778e-01
9.648187057098014385e-01
9.992421326852097829e-01
9.585481400652103856e-01
9.750191507666429169e-01
9.927166375791460773e-01
9.779785607934015079e-01
9.473073577362793873e-01
9.724499133790497352e-01
9.912168031940958857e-01
9.689486444517341202e-01
1.000065794066152813e+00
9.788699550097007540e-01
9.916946751222854850e-01
9.825211986426358735e-01
9.824187330708583632e-01
9.951973686505165562e-01
9.490961936846850078e-01
9.988344642538846685e-01
9.745745768153927235e-01
9.858590627997779743e-01
9.665155054436486148e-01
9.760530423034121661e-01
9.797636473073499941e-01
9.796915504435766975e-01
9.861306134867121598e-01
9.818017376039251953e-01
9.621424126043655045e-01
9.731597431775071971e-01
9.676854302557205134e-01
9.775780035786397759e-01
9.849739363515039869e-01
9.579462420861858396e-01
9.885295721097814292e-01
9.844667967220156468e-01
9.854330101485526683e-01
9.721561454354784582e-01
9.855036718052031519e-01
9.746157665944442661e-01
9.695524333661836858e-01
9.540762114690914952e-01
9.826612421591685020e-01
9.655666438765918569e-01
9.617263639060932290e-01
9.525596357387969837e-01
9.832312099697508856e-01
9.930383682154582115e-01
9.784136956366354942e-01
9.712491565460379395e-01
9.792931279279555312e-01
9.506921240978640775e-01
9.506512337593667761e-01
9.730139856458085434e-01
9.812797162521059713e-01
9.810933557050718345e-01
9.898014461668482866e-01
9.799368427512630264e-01
9.884748056793164483e-01
9.774887268677818764e-01
9.804572146552177347e-01
9.689569115627663098e-01
9.754267845296075157e-01
9.915664889610346089e-01
9.725991845565065130e-01
9.788341998395605481e-01
9.758241245301446654e-01
9.870486408521266242e-01
9.858071904131291419e-01
9.761919960069240787e-01
9.643035004391925513e-01
9.697735849979347567e-01
9.836868195342938215e-01
9.872356407228883857e-01
9.803033797471364386e-01
9.844209665994624325e-01
9.288911603435844322e-01
1.001702736851391995e+00
9.771382201023900427e-01
9.606775535674014765e-01
9.824482090560248126e-01
9.859239998449084164e-01
9.924646920355908453e-01
9.754668005781829132e-01
9.610474353970407391e-01
9.772652079546297887e-01
9.647880515039503058e-01
9.930161339611498494e-01
9.887343927027546497e-01
9.679764794319601906e-01
9.532075594894549031e-01
9.915126003436698365e-01
9.831237997329734801e-01
9.886021194361833686e-01
9.692532405894733749e-01
9.718697326191086949e-01
9.606626681310797000e-01
1.004499700243169702e+00
9.770958410408359107e-01
9.696322257065059791e-01
9.661273155494181086e-01
9.853311622262346248e-01
9.901843376105190497e-01
9.858658799866227840e-01
9.764080264231964623e-01
9.718263116545317049e-01
9.684624992306516411e-01
9.899316876885998484e-01
9.965875238051021823e-01
9.706728435184579507e-01
9.857948784596545222e-01
9.937373532788899011e-01
9.679033861217665180e-01
9.966578228412165119e-01
9.868216475197034709e-01
9.832896598022570211e-01
9.805456571139276045e-01
9.900259678521398099e-01
9.865731851193739743e-01
9.812741228932003734e-01
9.738996716324906933e-01
9.665266164448435005e-01
9.710132953459866822e-01
9.905271326296569701e-01
9.847120775320542529e-01
9.773760046553452430e-01
9.891871546160033724e-01
9.868593102011197216e-01
9.952030288784542433e-01
9.784340936795514754e-01
9.827224389929449799e-01
9.872135862294714181e-01
9.643515965297906334e-01
9.839137068499449468e-01
9.698142557197011460e-01
9.816207377160429681e-01
9.640698297016687679e-01
9.740816516445933715e-01
9.820652089259954698e-01
9.817193738283906956e-01
9.979804613422312842e-01
9.716335170615192363e-01
9.821252722416483616e-01
9.811245266874031312e-01
9.710754617450425563e-01
9.590498727784194655e-01
9.176033161491865542e-01
9.702020249016167774e-01
9.824564778038020751e-01
9.846431896519514115e-01
9.778032973104959780e-01
9.651985822152191474e-01
9.910774838418815458e-01
9.796463369408811017e-01
9.999767347421854025e-01
9.871841029118731958e-01
9.857674992160861960e-01
9.762362644391575639e-01
9.882615060175766741e-01
9.865286372516106628e-01
9.939770780849954690e-01
9.947261373788780503e-01
9.860284764439040117e-01
9.374648276178090267e-01
9.991009185191380704e-01
9.833907509322812324e-01
9.615167743075497819e-01
9.847866757089062117e-01
9.863206242074139540e-01
9.854898320645717469e-01
9.921493519378611348e-01
9.777716813015803199e-01
9.774882378296373409e-01
9.789069398598339022e-01
9.946915833988391187e-01
9.914858150005224635e-01
9.771640639742301682e-01
9.966907253146761736e-01
9.632238820533078894e-01
9.916930374619962185e-01
9.800634402978047888e-01
9.763460183845239504e-01
9.756219671798646020e-01
9.792209320617374368e-01
9.812844294502170994e-01
9.982507367226923778e-01
9.555270779559319472e-01
9.801613072791824921e-01
9.938771241446683335e-01
9.811396492329014229e-01
9.852199590278367669e-01
9.914122553529194359e-01
9.603057795586189549e-01
9.827251811838481066e-01
9.776549854271044948e-01
9.798283505416671701e-01
9.815118077873646873e-01
9.796187800384692501e-01
1.000505135469709650e+00
9.577092798226836123e-01
9.683886203621304700e-01
9.833027019133222524e-01
9.917223870226226090e-01
9.438166360157250745e-01
9.824026917808816872e-01
9.754624884122067296e-01
9.685840265204850308e-01
9.851424344848906944e-01
9.922890057163735733e-01
9.853964706511226801e-01
9.844521764750053805e-01
9.815829507012279187e-01
9.476620619398805623e-01
9.828164577995122109e-01
9.874652367053688984e-01
9.745334980947258918e-01
9.364286920110269641e-01
9.852529554163165226e-01
9.668749793098129208e-01
9.807124009263401554e-01
9.839139226422447537e-01
9.895694294760341014e-01
9.915707997614797709e-01
9.671504309813876432e-01
9.922577474134464115e-01
9.873788033387782548e-01
9.813458038501405856e-01
9.832105771857776455e-01
9.747680438584360729e-01
9.705190841041966276e-01
9.747870860110910973e-01
9.763709557466845324e-01
9.796252110651251233e-01
9.580744905042166693e-01
9.838636142748490299e-01
9.866446068039349537e-01
9.914398090408278463e-01
9.736023898738465077e-01
9.754639430883652595e-01
9.724081166345454053e-01
9.765206317920277490e-01
9.728400606096361258e-01
9.627137823362893476e-01
9.614344535923394774e-01
9.817736153002166732e-01
9.471674496524662423e-01
9.881177862656435051e-01
9.853140206166702830e-01
9.668600015726094288e-01
9.963314367603139932e-01
9.779934200578302983e-01
9.488858558962188772e-01
9.582415010334116579e-01
9.870121970565474134e-01
9.763111486495875679e-01
9.475933172755476308e-01
9.805204562801738133e-01
9.656639823649924015e-01
9.607012990819226994e-01
9.729995852790359612e-01
9.799140806998716258e-01
9.858030375939712542e-01
9.582837617691305487e-01
9.869561028386931723e-01
9.879293181315726979e-01
9.933466932122138049e-01
9.885840363177390566e-01
9.618235301308510898e-01
9.951644922364557555e-01
9.889865333897274180e-01
9.711623136470370898e-01
9.836115776955582923e-01
9.779273173719301715e-01
9.815670635679940581e-01
9.898030828477867304e-01
9.935859916822883386e-01
1.000166079709123856e+00
9.779100440975484476e-01
9.911523404341920918e-01
9.747080966719665618e-01
9.666359224293454844e-01
1.013091801166275285e+00
9.859449737179779572e-01
9.747770930239803011e-01
9.838878678803484323e-01
9.812345890619688094e-01
9.859298095215707214e-01
9.750927982322634691e-01
9.722246619243597454e-01
9.741935667236714114e-01
9.864838756841017853e-01
9.692746524202018321e-01
9.876698249893681725e-01
9.756860232699535729e-01
9.865666884966206585e-01
9.921785968848970683e-01
9.746201746424156820e-01
9.949830991395636204e-01
9.847639543084318881e-01
9.910605371766145755e-01
9.867343109445299021e-01
9.705859359412585263e-01
9.701601948820230970e-01
9.705313972461470096e-01
9.905427387016735308e-01
9.840349754090297330e-01
9.693875628427449653e-01
9.828593166674172155e-01
9.566534139031753758e-01
9.887186995515482302e-01
9.457643881874272518e-01
9.833210842777594385e-01
9.859610346045313278e-01
9.844714571845796236e-01
9.665082183218266509e-01
9.907739860324722425e-01
9.655431696403425912e-01
9.709964919939245709e-01
9.575499251878203388e-01
9.611033053663803338e-01
9.832554868886755894e-01
9.800170602315987356e-01
9.868014151666867351e-01
9.954399015850290411e-01
9.561033921847806871e-01
9.797165264303581145e-01
9.870675375997854939e-01
9.798930875840266008e-01
9.907373590088620618e-01
9.968083390774729047e-01
9.732837313604584262e-01
9.802849230967209948e-01
9.896102856347904764e-01
9.736741957632841782e-01
9.690730982771288415e-01
1.009262917706129192e+00
9.583861392448231875e-01
9.626386127659903869e-01
9.688895394506036318e-01
9.622693490656781812e-01
9.819380813186319168e-01
9.852884883147521311e-01
9.765242236878503013e-01
9.810988314235874475e-01
9.833292153985433437e-01
9.691807202628056617e-01
9.887176852321675202e-01
9.650453880534772821e-01
9.778064544094559052e-01
9.861879112194645858e-01
9.556802181462190626e-01
9.903467847261046009e-01
9.777790698223638444e-01
9.454298492648803842e-01
9.762718514464830966e-01
9.727181342425437194e-01
9.980853727602964076e-01
9.747688251469104337e-01
9.847082350880135282e-01
9.759073828266556783e-01
9.722368285350686534e-01
9.867961859281082493e-01
9.875319378675699866e-01
9.964599600678157865e-01
9.773457565100074351e-01
9.618542034521354589e-01
9.865361478647404203e-01
9.851095605869218952e-01
9.875406269509213741e-01
9.796020853394844519e-01
9.817757551470382982e-01
9.808688215860050796e-01
9.860988610224260542e-01
9.860008141855607366e-01
9.848835432101485932e-01
9.929462289910627737e-01
9.761415371387252016e-01
9.852224700223038978e-01
9.865839748453414382e-01
9.823181612315111666e-01
9.706704040686306989e-01
9.558168868122138839e-01
9.823064200368549770e-01
9.868217235068060811e-01
9.876170148425872375e-01
9.980040516759735025e-01
9.881234936282963233e-01
9.652758094220725837e-01
9.853400606761077984e-01
9.768514143692714757e-01
9.703124188523548632e-01
9.835040100373125815e-01
9.787762572518481363e-01
9.792327637703521770e-01
1.001225087575752237e+00
9.769302010695217753e-01
9.686755420495345437e-01
9.928339531229231074e-01
9.416459603703637438e-01
9.691249808561430701e-01
9.654388134651822329e-01
9.559612203064361546e-01
9.675627259784523870e-01
9.865482214550161943e-01
9.723262462822405139e-01
9.877791263977870884e-01
9.701026294374155423e-01
9.944494635423491991e-01
9.885623822230510394e-01
9.911121647064373708e-01
9.697510949216644471e-01
9.920059331609032416e-01
9.834636038585048423e-01
9.723587586364621504e-01
1.001074676039983125e+00
9.714834240343748206e-01
9.816896232142504619e-01
9.973923670269765340e-01
9.774213271736239550e-01
9.434312067107961663e-01
9.882154377307061921e-01
9.650853959788290304e-01
9.855147127186910661e-01
9.671553462649896682e-01
9.883423510679691937e-01
9.777956148349221666e-01
9.852062404765602466e-01
9.486272395238690702e-01
9.571678047964130576e-01
9.832612675933238844e-01
9.667780639204200943e-01
9.852939417115520460e-01
9.680841187882975873e-01
9.898499433807569359e-01
9.878339155342596989e-01
9.825733775328806541e-01
9.757511717340626722e-01
9.872129088208040359e-01
9.802302505012568945e-01
9.802173702351109075e-01
9.707167004719268188e-01
9.683414274036441505e-01
9.689222093335195796e-01
9.892234785686645493e-01
9.655570996052373900e-01
9.859361897535001695e-01
9.598836095676941405e-01
9.893311893772782639e-01
9.895850642352338467e-01
9.854522186863576838e-01
9.884527485023822946e-01
9.749277122836245146e-01
9.667336459800254245e-01
9.530083993965210443e-01
9.815807342364817334e-01
9.753339703119652260e-01
9.703267607949808138e-01
9.633558852995885990e-01
9.604267897415279531e-01
9.744313582387101880e-01
9.845210513726150303e-01
9.645346243080741289e-01
9.884629789477445971e-01
9.724432458726292028e-01
9.779678975566100663e-01
9.860934431625312246e-01
9.850593195780421585e-01
9.888543827995187607e-01
9.598358392270399664e-01
9.860248969645168948e-01
9.634836682810045128e-01
9.886833686909013430e-01
9.926960913694828914e-01
9.763158329229859600e-01
9.871240912953022084e-01
9.824044414974578698e-01
9.930855842702501768e-01
9.778749002921073297e-01
9.870081087829341016e-01
9.636099264292927735e-01
9.612601230710642319e-01
9.759511042311803664e-01
9.874096151959061984e-01
9.820921724161825184e-01
9.689630177569014124e-01
9.768132351208222985e-01
9.695987734361284360e-01
9.801254933813903225e-01
9.768094776470109819e-01
9.535948750614861025e-01
9.792906271074768298e-01
9.617809898132677615e-01
9.439528997958235301e-01
9.672190690882710440e-01
9.876971097747135886e-01
9.699360092637191455e-01
9.947653383402766947e-01
9.764180353669774659e-01
9.851728595722570869e-01
9.935150144035022057e-01
9.678806293836441643e-01
9.616803439168022383e-01
9.928842831023384496e-01
9.914460820865985680e-01
9.789077065951312662e-01
9.688584811012420639e-01
9.664709397829133186e-01
9.775653670632872272e-01
1.007114011099270012e+00
9.926902892350749630e-01
9.839661088394522359e-01
9.762007312624290112e-01
9.770308163321228534e-01
9.749620439578740028e-01
9.601534206481364686e-01
9.468170695353834709e-01
9.678884250454230509e-01
9.683523771085109644e-01
9.947766733993660404e-01
9.562110016876317342e-01
9.889414545783798971e-01
9.845043513516061884e-01
9.760120559856549916e-01
9.742530371649387178e-01
9.775904987824408643e-01
9.951195216062764803e-01
9.756482548428204726e-01
9.818838739005694149e-01
9.850413474490120613e-01
9.671744937420586608e-01
9.827555464323932677e-01
9.834074888749010368e-01
9.822390849265911772e-01
9.841637915547485349e-01
9.649295823328370991e-01
9.875046468540054079e-01
9.758127968890739634e-01
9.779145048633638426e-01
9.763452297360336596e-01
9.747268881326112133e-01
9.869997579087308459e-01
9.846053941758881045e-01
9.838303451687305801e-01
9.780561033903457657e-01
9.855432680420845859e-01
9.752825083763660974e-01
9.795720103510002774e-01
9.851700618788669095e-01
9.925564632397296805e-01
1.000009181717788298e+00
9.768778683733647661e-01
9.976624313624391505e-01
9.657254433530139126e-01
9.638404893624916703e-01
9.828775928391366712e-01
9.890065833249271909e-01
9.813419689700437765e-01
9.588011941246987746e-01
9.547144817944563933e-01
9.772923934740630481e-01
9.822414199967464121e-01
9.814569438163408543e-01
9.858463242173968188e-01
9.929494191204932818e-01
9.770186893766634739e-01
9.859112299930152812e-01
9.876447186619526919e-01
9.856757506639547417e-01
9.739086933645486610e-01
9.811955422936743387e-01
1.002065508973884134e+00
9.754729415350721355e-01
9.913280306367259209e-01
9.887685240392714014e-01
9.872593766226873679e-01
9.720866542818528133e-01
9.784006563299214587e-01
9.854224052282584134e-01
9.742077096970581662e-01
1.000076848888589831e+00
9.848877440195313859e-01
9.917108739850830634e-01
9.438584878256733868e-01
9.692737115257529235e-01
9.831262432921192840e-01
9.912487595157054576e-01
9.940711838997089433e-01
9.910765938733799851e-01
9.801748376871187718e-01
9.695743734163217997e-01
9.916517082174590714e-01
9.819248246390570589e-01
9.884977915315030783e-01
9.604202591990110838e-01
9.965742162612410970e-01
9.621102150313055601e-01
9.812922519921449815e-01
9.848426697487420167e-01
9.694800327724583111e-01
9.727337297003061378e-01
9.811040219767531712e-01
9.704399490098197800e-01
9.693083514420134383e-01
9.889142263806691702e-01
9.726901544833930213e-01
9.553249799109772011e-01
9.799346299734058574e-01
9.829749577202419042e-01
9.776711844860013212e-01
9.651927167308362865e-01
9.908738114710815559e-01
9.769979598098558204e-01
9.826364781183947184e-01
9.916489666277152892e-01
9.684065685677782920e-01
9.954796010368441861e-01
9.682583439538209324e-01
9.655914586049807458e-01
9.741315341736258571e-01
9.887914234993117057e-01
9.843738200379089642e-01
9.829034057716076189e-01
9.858897655679553784e-01
9.949893193321721618e-01
9.804271759586975499e-01
9.810942836778938636e-01
1.009085417266749163e+00
9.943106311297635891e-01
9.853269513366793575e-01
9.956484660334226078e-01
9.954776275981499500e-01
9.660072528696868055e-01
9.756695841656316537e-01
9.436781869962798108e-01
9.956285414997554373e-01
9.913541789815321081e-01
9.894438097630366968e-01
9.764434557481616039e-01
9.923459964336300843e-01
9.899007904973831096e-01
9.494037687183477514e-01
9.828478521507258980e-01
9.921513903738378160e-01
9.845756148312639899e-01
9.753691850940855446e-01
9.827516988548630206e-01
9.817102136666799872e-01
9.628218231050996723e-01
9.858870356439355387e-01
9.894508479185744054e-01
9.844393007723850619e-01
9.725669339559800397e-01
9.746546110743604663e-01
9.516585276563866991e-01
9.697342262856636363e-01
9.876309789355566249e-01
9.877655638042286412e-01
9.871230750023655132e-01
9.639777244567648840e-01
9.732516597006054537e-01
9.785602299935244330e-01
9.577574008826358343e-01
9.728921309413264273e-01
9.859857978323859351e-01
9.890190858141402197e-01
9.737972600429887216e-01
9.753344788875548677e-01
9.883656489396789313e-01
9.699252372191912164e-01
9.774170009074395482e-01
9.642301929146263051e-01
9.823683461492337399e-01
9.693662816689851969e-01
9.956594206279292258e-01
9.899247778256794472e-01
9.848808647606257516e-01
9.727680433442406072e-01
9.794359367751948042e-01
1.003604240483777721e+00
9.804452015259520481e-01
9.843069219565191430e-01
9.803618353937356700e-01
9.812726004708757221e-01
9.836905610285532342e-01
9.806534089936377319e-01
9.531521124418728119e-01
9.712622957510951283e-01
9.593154160815172693e-01
9.824351685589970407e-01
9.853157927679739858e-01
9.857407288233471787e-01
9.621434765838546843e-01
9.753083838396976457e-01
9.979963166026734056e-01
9.822924181169098157e-01
9.716714724846768902e-01
9.672607411047207115e-01
9.568928561070513261e-01
9.886746052878143676e-01
9.732262986838386976e-01
9.690838709288037700e-01
9.943446798484868454e-01
9.822258874758517111e-01
9.827374471766925357e-01
9.948100357872132760e-01
9.922590913078440655e-01
1.002920552150161182e+00
9.722549811856785462e-01
9.532270628161138015e-01
1.005161617667850393e+00
9.945073214912425463e-01
9.695231780051107862e-01
9.336612048417377574e-01
1.001263399575129220e+00
9.545058860829421787e-01
9.400638987093814514e-01
9.886938353474954422e-01
9.802165367329433998e-01
9.956798908034577567e-01
9.901157537779188278e-01
9.870833543065407056e-01
9.684904198947983378e-01
9.911182485053837699e-01
9.802984564319852101e-01
9.562356714908942790e-01
9.820192390755899670e-01
9.762443413072978693e-01
9.961003410918501944e-01
9.733913688539446163e-01
9.870184058508117975e-01
9.761529075185799709e-01
9.839527252030908500e-01
9.866521248793108656e-01
9.533550886630569599e-01
9.931430610807077120e-01
9.435268266131148218e-01
9.816985405018094912e-01
9.731597146253735398e-01
9.767571119404784286e-01
9.941217363447778510e-01
9.864392672049681066e-01
9.952349704026525190e-01
9.576690935556987361e-01
9.902373478140795715e-01
9.837015471917694986e-01
9.806438944074359343e-01
9.746583670175796854e-01
9.770837984340788873e-01
9.932437805535452302e-01
9.778267769618774752e-01
9.843396643140613911e-01
9.593417007092857052e-01
9.906513882505137980e-01
9.615152721585180640e-01
9.859196258772886523e-01
9.947573591431131401e-01
9.562156374121181246e-01
9.839740641426191203e-01
9.772012024493929028e-01
9.884730768039438065e-01
9.906434466842390929e-01
9.708875238495406901e-01
9.779084927030924357e-01
9.848342891291702594e-01
9.695376464830737229e-01
9.643738906680813239e-01
9.855145846593296177e-01
9.853602588822871766e-01
9.872017627924358774e-01
9.888795936631502581e-01
9.821651637332660112e-01
9.736161297870883358e-01
9.912393282790109561e-01
9.992215277452657363e-01
9.528484698359346305e-01
1.004968177377500993e+00
9.685965323559373452e-01
9.747706177111025161e-01
9.649128773059385544e-01
9.788866308120848236e-01
9.946062850833385927e-01
9.839443789914457117e-01
9.827568323754065638e-01
9.757374654179209461e-01
9.894499530235832951e-01
9.800868522020198537e-01
9.904627561346280862e-01
9.821672291667362664e-01
9.661054301635775277e-01
9.736930785882804695e-01
9.694018366346398574e-01
9.309775993106226277e-01
9.765673878619776094e-01
9.860446124836057535e-01
9.834078382633377746e-01
1.000999660961206850e+00
9.803992548684524744e-01
9.792331483021946559e-01
9.836256058501410271e-01
9.813510680642475448e-01
9.808856045140361690e-01
9.732517205220519996e-01
9.775819811102639534e-01
9.683631873141969049e-01
9.876470397028249693e-01
9.738436239623380342e-01
9.844709447171415828e-01
9.738299897488708057e-01
9.841662816496489219e-01
9.759974220744341844e-01
9.754323904469712758e-01
9.862841975360268076e-01
9.695451078247476762e-01
9.648001250867169754e-01
9.799426456110876815e-01
9.801896718490714644e-01
9.898347304844741235e-01
9.849775809976739627e-01
9.942888911073514135e-01
9.678166064528567203e-01
9.935246749643621422e-01
9.847417527362756218e-01
9.957472996468100801e-01
9.702462000449231239e-01
9.566455347774828200e-01
9.798172583622357656e-01
9.853063151253872443e-01
9.727904442585024736e-01
9.983483164472454208e-01
9.457251107847772786e-01
9.860115137375202732e-01
9.797049411031648614e-01
9.890761235777379978e-01
9.942972305046893222e-01
9.710048893467453368e-01
9.872339241831404877e-01
9.811674578581104367e-01
9.790609010235234999e-01
9.795226113825192815e-01
9.721526828009798837e-01
9.832465007914689137e-01
9.979462122811865177e-01
9.748407633279720930e-01
9.803843233362663501e-01
9.940434075723043605e-01
9.582078208419024801e-01
9.694198820584114529e-01
9.821392522708420891e-01
9.823722839208489654e-01
9.918958567979069274e-01
9.667558292853805080e-01
9.804812503689533942e-01
9.815571331728291105e-01
9.679931951801525880e-01
9.910211125682725219e-01
9.530542846755327702e-01
9.921106038771401181e-01
9.817010040778413327e-01
9.751130582647120626e-01
9.724326492880817074e-01
9.612637240176566955e-01
9.903529206436632037e-01
9.584816809602973997e-01
1.000105248465080976e+00
9.892196660640785177e-01
9.751938395966769368e-01
9.793927453561903640e-01
9.840895200203959581e-01
9.810420949262964596e-01
9.750617960059028144e-01
9.859761448603402423e-01
9.757434889001952438e-01
9.750654865982192332e-01
9.912793134853656873e-01
9.769309335203554268e-01
9.804098485155732234e-01
9.798902913570860518e-01
9.907549424703642194e-01
9.913387932203012731e-01
9.607269815278010050e-01
9.740240919853702106e-01
9.730241737923051026e-01
9.860754529696001969e-01
9.885608791753520697e-01
9.763654794880516352e-01
9.616836339195831140e-01
9.593377339739377341e-01
9.778423632115651465e-01
9.773729486027664670e-01
9.854541906238022397e-01
9.857412047980088632e-01
9.805403038393143422e-01
9.849040930875833100e-01
9.911173387821679004e-01
9.624086214646893067e-01
9.630939627879825382e-01
9.643496888401903444e-01
9.726150215369635532e-01
9.738442463034221452e-01
9.795947996384735124e-01
9.870691643905113999e-01
9.318009868270706875e-01
9.900102206823658824e-01
9.753894241289159384e-01
9.761951907310639776e-01
9.841234403067347092e-01
9.824394786736442287e-01
9.927775246640194728e-01
9.673431834512139504e-01
9.960427759263494885e-01
9.789355688731107286e-01
9.874566879565342958e-01
9.591318517046738545e-01
9.829107568481330048e-01
9.980317618091736342e-01
9.759783392172864946e-01
9.865553430241347233e-01
9.797550210023986406e-01
9.827697856483388339e-01
9.808457974599466000e-01
9.891822930161571215e-01
9.643059685087695954e-01
9.900627363629197486e-01
9.844201525816339560e-01
9.715182168110839678e-01
9.916960606378313337e-01
9.812405167793865068e-01
9.929530421808252516e-01
9.712321195079867131e-01
9.537290714113683121e-01
9.655049346037155589e-01
9.978007968482140999e-01
9.897436881157838373e-01
9.873780443396600326e-01
9.720120245284010752e-01
9.802960313218901378e-01
9.889515827082949739e-01
9.923328765150005726e-01
9.841793300798080679e-01
9.700183551974944640e-01
9.885049865674925273e-01
9.660998449582457459e-01
9.769723715357752081e-01
9.777070463841711634e-01
9.863782478754318239e-01
9.793823777174863743e-01
9.715548482163185451e-01
9.822094281479021305e-01
9.627836350347290795e-01
9.893956909119354659e-01
9.876485816712277099e-01
9.661402679364130552e-01
9.830698110174337367e-01
9.673294449554341590e-01
1.011204337301380152e+00
9.874253880573190534e-01
9.773721083932349618e-01
9.912606567988665462e-01
9.897387806233706176e-01
9.756104277241649525e-01
9.629309928475990876e-01
9.668250050552631425e-01
9.586907488233586960e-01
9.855413054574483356e-01
9.963297955253676008e-01
9.638016368349361374e-01
9.956957700228437069e-01
1.007499663886957109e+00
9.507309411167114144e-01
9.806595877911413739e-01
1.006797727937235321e+00
9.840811768085612199e-01
9.723010700903665926e-01
9.917572916600765343e-01
9.817503940789118477e-01
9.554361472406347477e-01
9.615795608645844039e-01
9.836869675952192305e-01
9.640331510360452549e-01
9.386563997975311269e-01
9.997947887603515493e-01
9.970873175541468125e-01
9.921161574323641430e-01
9.705649493458565757e-01
9.940861193111556471e-01
9.885792312704752005e-01
9.665484073615220328e-01
9.599779500550177369e-01
9.595493339012828304e-01
9.852324233835860756e-01
9.878979997865970919e-01
9.839863140420487264e-01
9.871648803586954291e-01
9.880345464614898043e-01
9.870388974509013424e-01
9.806212843908245214e-01
9.806812093426793275e-01
9.723952070752380772e-01
9.704426744414246242e-01
9.342568686174627102e-01
9.815858195265689812e-01
9.736434535439136839e-01
9.670948308114550862e-01
9.752311460550574518e-01
9.829860068273524876e-01
9.888049274200315653e-01
9.919589774937347393e-01
9.873896911215712668e-01
9.669310248074820535e-01
9.955252386856100477e-01
9.901310537975459569e-01
9.782839526886607517e-01
9.689290690290398578e-01
9.831364253664127695e-01
9.726140978767384704e-01
9.833276565173277861e-01
9.800102542873807554e-01
9.705635326508583738e-01
9.617736739341627983e-01
9.503681659254067382e-01
9.948186554089564204e-01
9.965889064539785736e-01
1.005813621205930986e+00
9.540958880790687546e-01
9.772198529703813863e-01
9.508973263783596641e-01
9.681386843263432018e-01
9.792841251104198452e-01
9.961476747354762740e-01
9.921248522282331006e-01
9.982086823160257749e-01
9.875833240704009475e-01
9.783039364606768151e-01
9.922905804292425636e-01
9.988441451113293512e-01
9.768151191748851714e-01
1.004368845555605239e+00
9.991188922402644002e-01
9.975475759810079612e-01
9.929092694278351949e-01
9.819059561344984921e-01
9.899812897519880694e-01
9.559795713792653693e-01
9.742743414239638522e-01
9.930473630847721500e-01
9.669229304731660202e-01
9.824003270940322441e-01
9.528557271215533087e-01
9.777902571148476829e-01
9.652629033932726976e-01
9.795132096618005546e-01
9.624018066725140708e-01
9.955827716837576391e-01
9.700781958969618701e-01
9.748624200289618402e-01
9.994030018975234020e-01
9.796079623241781276e-01
9.690515644775054005e-01
9.735763776699601912e-01
9.914104783189665593e-01
9.867982469626035424e-01
9.822712881788221440e-01
9.657911874800336749e-01
9.786456855643733688e-01
9.741450636290061027e-01
9.857874762027917237e-01
9.668669687341299168e-01
9.817689139857955771e-01
9.930761642433723058e-01
9.849237577253605602e-01
9.852157684298259444e-01
9.827866684835786515e-01
1.013896695227181066e+00
9.871500523236055313e-01
9.866848545467022946e-01
9.850410269365902360e-01
9.892758528404087537e-01
9.850940113149843080e-01
9.624645437490224609e-01
9.893772536543037344e-01
9.984719134182062916e-01
9.900058142458814103e-01
9.587414597156099783e-01
9.768426565597834177e-01
9.915252786053579959e-01
9.933937202135786348e-01
9.711154672326283155e-01
9.895231039020296882e-01
9.908435477936330393e-01
9.659645248882229307e-01
9.578444742719568472e-01
9.921750130582993599e-01
9.878869720191938431e-01
9.776677218807019454e-01
9.816916524746813755e-01
9.554993398715905251e-01
9.863975073659968507e-01
9.647711612487673838e-01
9.785475071495102206e-01
9.803295369982873986e-01
9.556540749207270702e-01
9.789921006824465755e-01
9.801141399866621917e-01
9.743605164484292480e-01
9.892766669245931510e-01
9.878767518434629080e-01
9.853233170411911379e-01
9.932519121172617149e-01
9.707204651330174627e-01
9.670497260475725554e-01
9.725656520801704286e-01
9.809102466457271241e-01
9.714902494336591365e-01
9.507035545761547413e-01
9.853086428897451787e-01
9.741588229811056765e-01
9.727176118611368105e-01
9.818319497167202758e-01
9.750942573997321006e-01
9.952224023560076738e-01
9.571157245781616307e-01
9.786292335860474756e-01
9.910998096413550229e-01
9.660651002074586158e-01
9.836509463270023401e-01
9.872956511872614804e-01
9.558337708636679420e-01
9.855469350225377623e-01
9.770902929768435774e-01
9.832941717059804354e-01
9.805604198787745140e-01
9.441942690637284974e-01
9.853029288931912655e-01
9.603409931342394845e-01
9.797322862905961660e-01
9.935636304349920733e-01
9.834736590925146071e-01
9.858993285564463527e-01
9.818632450899794639e-01
9.933609774890764799e-01
9.905590632243830296e-01
9.964363335775566766e-01
9.853788822806189840e-01
9.773891644129519829e-01
9.832516758299657544e-01
9.670700874793872748e-01
9.767949310716917966e-01
9.590642511736231501e-01
9.937870639824062380e-01
9.624252752081292606e-01
9.705527794359180005e-01
9.891015407604518694e-01
9.737197797056953430e-01
9.781415996209478214e-01
9.066157575739256513e-01
9.929652098919770076e-01
9.750586701672587786e-01
9.954284544951141900e-01
9.847330389418457175e-01
9.789274299112978861e-01
9.888616632105169391e-01
9.846561448219091073e-01
9.641421595748308482e-01
9.718747138944709985e-01
9.786978275881230704e-01
9.578645337933887616e-01
9.721501717249216856e-01
9.822878838510430421e-01
9.854358069927825481e-01
9.619646257497652675e-01
1.000588771172344016e+00
9.752811326549252202e-01
9.763798741943626736e-01
9.853716210549242627e-01
9.883340284218888883e-01
9.937292037662251998e-01
9.665594985793481975e-01
9.934591320244320345e-01
9.477777524161585809e-01
9.951800511893579282e-01
9.760137269259662185e-01
9.850997618208016116e-01
9.545273232408055808e-01
9.842207745306106315e-01
9.551724627419283520e-01
9.773599375754254970e-01
9.884167704939115229e-01
9.661265384524101441e-01
9.791020211739129842e-01
9.790957826887222160e-01
1.000803026983439370e+00
9.796515898978889192e-01
9.826196699131453105e-01
9.737844398586844585e-01
1.005394432691029794e+00
9.796651885328440112e-01
9.848583695506193392e-01
9.908406751608145324e-01
9.873293750626154219e-01
9.832852214416638592e-01
9.772032869334961180e-01
9.515329130007151859e-01
9.822095423117697122e-01
9.865261832671330389e-01
9.606622216868787589e-01
9.686916403913614637e-01
9.818764744100535458e-01
9.821889803213784687e-01
9.930900972255953807e-01
9.847706200090597939e-01
9.787448335284245626e-01
9.729543193867492556e-01
9.913214097886605680e-01
9.810307775186685175e-01
9.860996436409130705e-01
9.856343509028283600e-01
9.919651080746039185e-01
9.659838665477479269e-01
9.804277865611602527e-01
9.900853828748246155e-01
9.602704104859387524e-01
9.837119650997941944e-01
9.853882711114758663e-01
9.744655411725418048e-01
9.852994865408946090e-01
9.763530615177995475e-01
9.920774651598807115e-01
9.776417099858886184e-01
9.696918259285446373e-01
9.974321503284803159e-01
9.558651170233299910e-01
9.534388072288285665e-01
9.555490867460553206e-01
9.846687442079899988e-01
9.808138059764012207e-01
9.903428836246002120e-01
9.752996701834669713e-01
9.846037799092249854e-01
9.807451431243463524e-01
9.605065983393551443e-01
9.838260766145145997e-01
9.925954432655593740e-01
9.865905882246377434e-01
9.872708208522505968e-01
9.533123669866313543e-01
9.486822903701146448e-01
9.789748467829259004e-01
9.700682257440097489e-01
9.786843579573288876e-01
9.876823989878098509e-01
9.901443377957803715e-01
9.688434504011269599e-01
9.922570691605494542e-01
9.826449836775742464e-01
9.819805532024258321e-01
9.815850735991531462e-01
9.529626326083890930e-01
9.886254213709267935e-01
9.896230642180474657e-01
1.000139245070970739e+00
9.489490315599770076e-01
9.846749579278181175e-01
9.660633203562690730e-01
9.794800130485763479e-01
9.903998650426565353e-01
9.906781885561948275e-01
9.695009485143017969e-01
9.682437157765858560e-01
1.004806091279594193e+00
9.829638267932477858e-01
9.697439907096719880e-01
9.502732863629571591e-01
9.848578296210324101e-01
1.003821469892794083e+00
9.666925269029400525e-01
9.707893820116699768e-01
9.862076534091556157e-01
9.869648879080075154e-01
9.832508942672836261e-01
9.936879912759386535e-01
9.863202381723404910e-01
9.700404562479000292e-01
9.856649000023327556e-01
9.972566977702576052e-01
9.843522131406743370e-01
9.615452734778727750e-01
9.709876907687089442e-01
9.890786008279178754e-01
9.887654175545902424e-01
9.801196979126425290e-01
9.998349211617162391e-01
9.861921205355341780e-01
9.922863960724712662e-01
9.907450436621254575e-01
9.512429737656707962e-01
9.908080225814935860e-01
9.615225273505451087e-01
9.740463438731761237e-01
9.770898993920417164e-01
9.843001727507917353e-01
9.639181266431053885e-01
9.829191547710980359e-01
9.732105868904827872e-01
9.830817712408712605e-01
9.551924582887638682e-01
9.846467584790038474e-01
9.883776600817753000e-01
9.663460080299477450e-01
9.759740616524296142e-01
9.760107393578179025e-01
9.794010089439790789e-01
9.664197460041152876e-01
9.550918856621024577e-01
9.768904200622623435e-01
9.992208276444350945e-01
9.878081878254592052e-01
9.752008971689134498e-01
9.811335059122494595e-01
9.776258678998034357e-01
9.741177780820526877e-01
9.924051112959381138e-01
9.854482706725582464e-01
9.937956096069884282e-01
9.965601540615368625e-01
9.539593473757010944e-01
9.569763300969227338e-01
1.011596503006187309e+00
9.794499840677965974e-01
9.989814134922540001e-01
9.743411244330952847e-01
1.002113361395446933e+00
9.863076812750724010e-01
9.659983532257768735e-01
9.933209394592033004e-01
9.871023866770245458e-01
9.692042118644647042e-01
9.728117030682575939e-01
9.813171778527831624e-01
9.678354548929315460e-01
9.892727471202554801e-01
9.911074791437415321e-01
9.931602650312184588e-01
9.971107127767664391e-01
9.708994749505901467e-01
9.595729431164710110e-01
9.775152848181624110e-01
9.839426991123729760e-01
9.866437299641621639e-01
9.875907527287662857e-01
9.894514396492085639e-01
9.467126305728229552e-01
9.716560147024569938e-01
9.913224382124357081e-01
9.601906156332451481e-01
9.827167708536279633e-01
9.665091212181998737e-01
9.838879802960729393e-01
9.862856647436121227e-01
9.785267454940559384e-01
9.853724975683810783e-01
9.832184030996580226e-01
9.858510262744704100e-01
9.639279427606121109e-01
9.778814536647338906e-01
9.836094236927498402e-01
9.916949722926561295e-01
9.795966123574261220e-01
1.000282200201655591e+00
9.856176965025249537e-01
9.873631126309999617e-01
9.776825128098795004e-01
9.821865103359569416e-01
9.729337289995906302e-01
9.862962651263413871e-01
9.850411528285999418e-01
9.818674247817088530e-01
9.829764402189915540e-01
9.791348954506353675e-01
9.807775656856081437e-01
9.942090901216228405e-01
9.788756766074754312e-01
9.671304112748980719e-01
9.812508601190758073e-01
9.894930866378522927e-01
9.707593708639851160e-01
9.866750457469545266e-01
9.867534690010775211e-01
9.901193901824054677e-01
9.939932155573981687e-01
9.688197050618059247e-01
9.616853565708686213e-01
9.812610566473598528e-01
9.861901291171206729e-01
9.992395409347657464e-01
9.798035368868345252e-01
9.912610710798261948e-01
9.821950661572509400e-01
9.635925158015991032e-01
9.778000922671771233e-01
9.945989687143050872e-01
9.865599993315491423e-01
9.922474913864754997e-01
9.947173165283710317e-01
9.878264355996468904e-01
9.920657170730321495e-01
9.750512467625273016e-01
1.002677691744415567e+00
9.664608159979499735e-01
9.750684776816068711e-01
9.947451518052472519e-01
9.800169929431558069e-01
9.781575736954543077e-01
9.891278109786387773e-01
9.890394883769737522e-01
9.570516125313155431e-01
9.916505664481809479e-01
9.660120240282533688e-01
9.725483218325362555e-01
9.779015014771093028e-01
9.884188230699492150e-01
1.000916416700876388e+00
9.937612672374298572e-01
9.844238737427153385e-01
9.829065851958121991e-01
9.745575904219835328e-01
9.714791844832755263e-01
9.833172642569247834e-01
9.889130240082617540e-01
9.668779717895199521e-01
9.557403775221527953e-01
9.799295344805645236e-01
9.879619460875698200e-01
9.737467197885544268e-01
9.841981710262995842e-01
9.837816671420331893e-01
9.530243191226088761e-01
9.773104205299225633e-01
9.736267408460923534e-01
9.697544546786590614e-01
9.714607627493123676e-01
9.601981851772493082e-01
9.946936544990836460e-01
9.769811020108438715e-01
9.399265902234562597e-01
9.958156938106552669e-01
9.904220934522570685e-01
9.831566787069896396e-01
9.947991614075774036e-01
9.763360746489294639e-01
9.842383286133462583e-01
9.869156633506034337e-01
9.675466993016893502e-01
9.498858865855084321e-01
9.853568391090270495e-01
9.753794480444885062e-01
9.694573779757704735e-01
9.829056725750836554e-01
9.852311037355432344e-01
9.846793946521026353e-01
1.002395067290601238e+00
9.624294512382708389e-01
9.623221204366630976e-01
9.791651764784158329e-01
9.828224211140137445e-01
9.810632681311214354e-01
9.838014624649985551e-01
9.838161097222098972e-01
9.825727719128440896e-01
9.879123470865448509e-01
9.743804856965216921e-01
9.789809414007782928e-01
9.860420169537832402e-01
9.209039470169559927e-01
9.789551127843981737e-01
9.824370389442061979e-01
9.901631009633907743e-01
9.948033212742916076e-01
9.830007793494636159e-01
9.820712461364027313e-01
9.315384569354925315e-01
9.893112707032707398e-01
9.494688435632069323e-01
9.836918599714828959e-01
9.904585805898927786e-01
9.604435071833115067e-01
9.836558997759496936e-01
9.911163792084324298e-01
9.633489245395768785e-01
9.901644561034619318e-01
9.869140911259977056e-01
9.829479093463284745e-01
9.883063484212699645e-01
9.920715283074148516e-01
9.960404720194148132e-01
9.834725954805945136e-01
9.838576020107171471e-01
9.752632769022361314e-01
9.711403539238002702e-01
9.892988022571533868e-01
9.553752747662589417e-01
9.787130350357992059e-01
9.630635597334717968e-01
9.894487472210945489e-01
9.902318162679153435e-01
9.719859293498694930e-01
9.837400503446706024e-01
9.750823849954992628e-01
9.772752565055320417e-01
9.467019536853245043e-01
9.795059339209890581e-01
9.838515159931700005e-01
9.819849438764713945e-01
9.771442946776719429e-01
9.875605682164300125e-01
9.642167452123909799e-01
9.602446475507464552e-01
9.371091637591467682e-01
9.642706746180571553e-01
9.813676955695253001e-01
9.651100729465437178e-01
9.719030666912007455e-01
9.905231085058343599e-01
9.893789262244813143e-01
9.923499061288698631e-01
9.646468614817802489e-01
9.548797941941429279e-01
9.595001217362297830e-01
9.775831491165278830e-01
9.810911061514667741e-01
9.664152700517361083e-01
9.835336294340941699e-01
9.884206681882776735e-01
9.723431079198967542e-01
9.807720899049923169e-01
9.839237917195277072e-01
9.936203469643560826e-01
9.874556929443544240e-01
9.846394121045237702e-01
9.861433179969907314e-01
9.674739062568959991e-01
9.927503186053054929e-01
9.667395966976128907e-01
9.350388658506331163e-01
9.675581597652073151e-01
9.934581034799084831e-01
9.828122458224772817e-01
9.765395839115770249e-01
9.768090247625643707e-01
9.817546745310861134e-01
9.791970571981059024e-01
9.887416376808565444e-01
9.877661149920917705e-01
9.872576317231294141e-01
9.670308828559603942e-01
9.888579444679616026e-01
9.984584258634854326e-01
9.930313270576810458e-01
9.854706768705088216e-01
9.765360708000511147e-01
9.944068267750415524e-01
9.556214692481939110e-01
9.836804672535958138e-01
9.852175103039370052e-01
9.803874019896988701e-01
9.782218997993595844e-01
9.895929967600142207e-01
9.705018595545661375e-01
9.594787621168122671e-01
9.700764153739132034e-01
9.867513223663789690e-01
9.745193673208663032e-01
9.957309908250625563e-01
9.900868844833333737e-01
9.816859286007874053e-01
9.806074513855393970e-01
9.845307575102271169e-01
9.924782663258566728e-01
9.929945486607458793e-01
9.801912865987484347e-01
9.669565966592809092e-01
9.912983139876690997e-01
9.884420018836537203e-01
9.868979234205614848e-01
9.616600373108425970e-01
9.859060616684666156e-01
9.774496809179579193e-01
9.988799003009083410e-01
9.880831691989425680e-01
9.698495671188873679e-01
9.671375280791413287e-01
9.896274005512072369e-01
9.894887646810716086e-01
9.695848452230860781e-01
9.616158857779835145e-01
9.523658990822883030e-01
9.735575686562291109e-01
9.752071605271094290e-01
9.906051886909679194e-01
1.006716107139666194e+00
9.846181995917603347e-01
9.974797574035977332e-01
9.701594109706407343e-01
9.806327950563582529e-01
9.861737750862455965e-01
9.825488452982870102e-01
9.647667415246372613e-01
9.802481313267478180e-01
9.828303339405307648e-01
9.772698189900272947e-01
9.917928353951658282e-01
9.894963836763877030e-01
9.525405859506408390e-01
9.671316287120267363e-01
9.855363213400166744e-01
9.821456680184934562e-01
9.753303999177291850e-01
9.940097085254452347e-01
9.716312171818232146e-01
9.893864486578227702e-01
9.887624255143822039e-01
9.816318468928113550e-01
9.932971843702966819e-01
9.796868163158508613e-01
9.764689505682226933e-01
9.844538742471332649e-01
9.965300890384287680e-01
9.818860327759024731e-01
1.012213996388373172e+00
9.740288242086539983e-01
9.876144287163172164e-01
9.784484208368290359e-01
9.892193761413655695e-01
9.479527348930634201e-01
9.823543073335064824e-01
9.827647427838236416e-01
9.614807978623970408e-01
9.737625042671910203e-01
9.942597211438358729e-01
9.641435542698902905e-01
9.565599774815977119e-01
9.816907726676226131e-01
9.529774941932463994e-01
9.852424395082950426e-01
9.755379827448702468e-01
9.860881949307860328e-01
9.891091645537364307e-01
9.958887495109672860e-01
9.910819571777909065e-01
9.923169793417202511e-01
9.831786424703714555e-01
9.690952986724367113e-01
9.839799414680061584e-01
9.962582257788750173e-01
9.856372350787289127e-01
9.636620789150717181e-01
9.891025079701362133e-01
9.760221961925642509e-01
9.571239823315379480e-01
9.824383595269942093e-01
9.548699725202052235e-01
9.847620086034717390e-01
9.955582108372873495e-01
9.873856800908338283e-01
9.925050649229955058e-01
9.278740773109260820e-01
9.822006634555341398e-01
9.859816080359112833e-01
9.655875126037434253e-01
9.527070435552765781e-01
9.723690591855570498e-01
9.809728706944087495e-01
9.913685486705208216e-01
9.777469409641634801e-01
9.801264992614378002e-01
9.799901455271575745e-01
9.932323587483623539e-01
9.824576585717954558e-01
9.733016537924694678e-01
9.913246570942414460e-01
9.823245260812282220e-01
9.814312921610378604e-01
9.491274954474961945e-01
9.524312075308316583e-01
9.611481646178232641e-01
9.767144948190543685e-01
9.871277828054396686e-01
9.874619449916539615e-01
9.915069784635994754e-01
9.920448653547773166e-01
9.869866800885754854e-01
9.827079683997096415e-01
9.735741616013774413e-01
9.788993226991564711e-01
9.897649313534626625e-01
9.783618139823503368e-01
1.003811370350560894e+00
9.947837209202929909e-01
1.001918372221947795e+00
9.758246633338844012e-01
9.811097815401601530e-01
9.937185675103612503e-01
9.868076336673340387e-01
9.772151315173973618e-01
9.860645781512965558e-01
9.945301741130008200e-01
9.912477714243647098e-01
9.795099305203899265e-01
9.831650399608384827e-01
9.787460402942651516e-01
9.675889259725373170e-01
9.713077872493407483e-01
9.905601967006248953e-01
9.963951815482173791e-01
9.487596549571997162e-01
9.676454936345696423e-01
9.767539381456877834e-01
9.516862417663770612e-01
9.640399975431157564e-01
9.560664158418948899e-01
9.896380702039849764e-01
9.890856785373753901e-01
9.947319167216496227e-01
9.921828112835309188e-01
9.912118376707138578e-01
9.563766489039242646e-01
1.001751439215554651e+00
9.910329392673667970e-01
9.871206742833594783e-01
9.835364159341134505e-01
9.852023060377561592e-01
9.826530538831741435e-01
9.883257230406786720e-01
1.001518816986940452e+00
9.857831865691053519e-01
9.777139957813023585e-01
9.609765256980727921e-01
9.799361244119420000e-01
9.901131052738052496e-01
9.504805082855382059e-01
9.808747704152477320e-01
9.762551303919038137e-01
9.840318814526486380e-01
9.895386984530234464e-01
9.512600466738249105e-01
9.699538961940123993e-01
9.842736479718098286e-01
9.561264087843968085e-01
1.005923244627408897e+00
9.725009364903742792e-01
9.909290300418366337e-01
9.736089761444745028e-01
9.860129311185195089e-01
9.891812893307394550e-01
9.873950834417435374e-01
9.820518762334310425e-01
9.743031308257947831e-01
9.829800121332168406e-01
9.885924580133577111e-01
9.728382249928499981e-01
9.834558158651728332e-01
9.749469026332481247e-01
9.993098166973001240e-01
9.806213914738542980e-01
9.745099215792438763e-01
9.649785770220556946e-01
9.882173386284692773e-01
9.823191937191586565e-01
9.745139830290109328e-01
9.861148823511250994e-01
9.870399078474622057e-01
9.899474290950269761e-01
9.731094063941349015e-01
9.825389453400958928e-01
9.771885222501057733e-01
9.853758196817267168e-01
9.833697354803004886e-01
9.828625340927689136e-01
9.787505202333023346e-01
9.688046076330912859e-01
9.981655757154147546e-01
9.706811460426125748e-01
9.752483335693680200e-01
9.897684500954392339e-01
9.723505332190476302e-01
9.737437651732425703e-01
9.903483004732007711e-01
9.475541736291315242e-01
9.906607943437918395e-01
9.839255524318147872e-01
9.597892872963943445e-01
9.617092595075411587e-01
9.499534284781594451e-01
9.666986775772488105e-01
9.896679504693139950e-01
9.710124425369560663e-01
9.873145585690786818e-01
9.705154089395083838e-01
9.814730733418659536e-01
9.866157338086358752e-01
9.643527275909775653e-01
9.985915495514924300e-01
9.543042904397851522e-01
9.785968250586588590e-01
9.788542712706380655e-01
9.725080422157479365e-01
9.978131212016012608e-01
9.672747228123345087e-01
9.483992915055373674e-01
9.886329673900897674e-01
9.789280323910399817e-01
9.858644691303515284e-01
9.895872246948346218e-01
9.813523746678932680e-01
9.790538569377039702e-01
9.818494244156238393e-01
9.751653768689806379e-01
9.902777591201767926e-01
9.542679605178301383e-01
9.757574731608863461e-01
9.783192877718146496e-01
9.910780610399059221e-01
9.763462139050899102e-01
9.397200117458605062e-01
9.839882417255096936e-01
9.556127996155464599e-01
9.855560508757318372e-01
9.857973633161305482e-01
9.800618480532391485e-01
9.854924258598198872e-01
9.689899567607963560e-01
9.498167113528110939e-01
9.853538218993722619e-01
9.810184078612655956e-01
9.856740713327620806e-01
9.694406934720174451e-01
9.465271481343451310e-01
9.895213409238269309e-01
9.833736112087632097e-01
9.973511578217086893e-01
9.649846697288302355e-01
9.811135098163927815e-01
9.878568072952209622e-01
9.914454703249799827e-01
9.830826753868167067e-01
9.895092668504458233e-01
9.622184857364137756e-01
9.786865174579284510e-01
9.817622092150635194e-01
9.886606247255598223e-01
9.803313789970017345e-01
9.888834754348531098e-01
9.689169501474698132e-01
9.827862996774375803e-01
9.639882733440438001e-01
9.830383972420174699e-01
9.587620939406646947e-01
9.338833211644221866e-01
9.964939481974812718e-01
9.778940573146595039e-01
9.995899335432961719e-01
9.435891208298305965e-01
9.895066913026528965e-01
9.756708865759519123e-01
9.510838994439357874e-01
9.753491673279569563e-01
9.878538225767857783e-01
9.564001284734807706e-01
9.955247378549723081e-01
9.816570392552498303e-01
9.914733631304673001e-01
9.611964979421284694e-01
9.808740632324559616e-01
9.939262100784846954e-01
9.800319560862126300e-01
9.794563195794774302e-01
9.745232229784420719e-01
9.858786937481271995e-01
9.760239468217550840e-01
9.626673425025630282e-01
9.998773646285360472e-01
9.772566579860922920e-01
9.961133238509413124e-01
9.928564643989730154e-01
9.762431832238561702e-01
9.777173300924434374e-01
9.900115816563082038e-01
9.830804987960074515e-01
9.787323871359469019e-01
1.000486078227532882e+00
9.538299012337214666e-01
9.892660438105111975e-01
9.738142669884345404e-01
9.924128988574338894e-01
9.807288435249116310e-01
9.853535961443256053e-01
9.953916050963538265e-01
9.921181515047771127e-01
9.739276890368572248e-01
9.863630677429900961e-01
9.953252700652390761e-01
9.741469392577458697e-01
9.586176875286158694e-01
9.892071108973672366e-01
9.380137764557165969e-01
9.608552402973503659e-01
9.777507272946641681e-01
9.810311046691749803e-01
9.861340486452457865e-01
9.911776330964431336e-01
9.866391244798260463e-01
9.737562940054488303e-01
9.776911322657902970e-01
9.463978174737234239e-01
9.852638122550014810e-01
9.722269177738482870e-01
9.771165527508608450e-01
9.804535207513274120e-01
1.001593394804588977e+00
9.787849627207294567e-01
9.836656274519995913e-01
9.179438072676467941e-01
9.913735524288598278e-01
9.914715458467300291e-01
9.636928678255739511e-01
9.744106087190879117e-01
9.808134406485435886e-01
9.658042638637015509e-01
9.668544632749862533e-01
9.655071310777331162e-01
9.717797858851116022e-01
9.942957379579268062e-01
9.339236040463857469e-01
9.785153659268670534e-01
9.818019469760325135e-01
9.818202299535774280e-01
9.604874668481776512e-01
9.965366578364422967e-01
9.845369819316232007e-01
9.909888568681877175e-01
9.854823157299613667e-01
9.648188234539589736e-01
9.720740896225096295e-01
9.919219772984575467e-01
9.871135843397027543e-01
9.663001267310944442e-01
9.814803054788340253e-01
9.925503893970244462e-01
9.898271943397927153e-01
9.939237316764222285e-01
9.827177525535464309e-01
9.768816593298473849e-01
9.881650368665050310e-01
9.755182417051732058e-01
1.001038812044633186e+00
9.891115678493129781e-01
9.666470021417316039e-01
9.740543680361890555e-01
9.877855393585843746e-01
9.737755140514990915e-01
9.783649699961151081e-01
9.803577076523261047e-01
9.851231682729041372e-01
9.828698818492246359e-01
9.732933148898910147e-01
9.839120160460128606e-01
9.913106757286147541e-01
9.927566730630239533e-01
9.541423426215235315e-01
9.764953637531245123e-01
9.396738850544303912e-01
9.740618859119979378e-01
9.819765315459755284e-01
9.582879753964875791e-01
9.852389332509725595e-01
9.767147397616604554e-01
9.739622824158987724e-01
9.811389484078605339e-01
9.890731011971649611e-01
9.678589360141290898e-01
9.883395771411371822e-01
9.741285104585035715e-01
9.813429349770040888e-01
9.985347808021701743e-01
9.887008504971550593e-01
9.537609701730034306e-01
9.741777490074975399e-01
9.660311530999423635e-01
9.746131633892319845e-01
9.917682923843720300e-01
9.968256271997631979e-01
9.828140111677555746e-01
9.662442198035858798e-01
9.704320903775924823e-01
9.630934726837401261e-01
9.836575111218937018e-01
9.921474793035299777e-01
9.781252560511698446e-01
9.659251401502551015e-01
9.644648773163024824e-01
9.860393915817248223e-01
9.815691860641446720e-01
9.675736624558241017e-01
9.916258132245610035e-01
9.736860919521889146e-01
9.378321271657099611e-01
9.715547708915739378e-01
9.906139160288899292e-01
9.878886713296669564e-01
9.808359180679132594e-01
9.755320838165575381e-01
9.799039334398951251e-01
9.865373234073965270e-01
9.887391546480123194e-01
9.702669408769614146e-01
9.865270638809900960e-01
9.847737077846635545e-01
9.728536970582658538e-01
9.694973685747300118e-01
9.579498295549008224e-01
9.820604275139463990e-01
9.722146233283569527e-01
9.975775707810360382e-01
9.884378131156601466e-01
9.815859579334582641e-01
9.785911585711599692e-01
9.601048259943335550e-01
9.850913036349092655e-01
9.785199210091499733e-01
9.895573916633395584e-01
9.734461615615654928e-01
9.879585274717522791e-01
9.621472370295985899e-01
9.900477115451788990e-01
9.761319866649902366e-01
9.820116251730029999e-01
9.643640632106493804e-01
9.838684432898641141e-01
9.862171012092671996e-01
9.940408873951754876e-01
9.687511250346696468e-01
9.808342475774958213e-01
9.798560544916439241e-01
9.763468105051069656e-01
9.914399976661921743e-01
9.839142941361396222e-01
9.734827196792368298e-01
9.855938262147933004e-01
9.839035004197357326e-01
9.753141575109227634e-01
9.703524006855089867e-01
9.839990738624582178e-01
9.840461718693936932e-01
9.567718123595732038e-01
9.804491329658276966e-01
9.790882371533432549e-01
9.853273082358721124e-01
9.809852712188489310e-01
9.769697268888964947e-01
9.633606502377409786e-01
9.890841550485378608e-01
9.953045373456006484e-01
9.753749106364495436e-01
9.814533609533938607e-01
9.614580106161005890e-01
9.888054885928659887e-01
9.906646834078349784e-01
9.598508230179907397e-01
9.724109737752890670e-01
9.757326989755515934e-01
9.588621636444915053e-01
9.748383493871004557e-01
9.858635518745967330e-01
9.834941576527480578e-01
9.857520183274530723e-01
9.808170020008484258e-01
9.666960545760373558e-01
9.634722640259240078e-01
9.939679361508437783e-01
9.851750399629861654e-01
9.940246226793895135e-01
9.647008336849721699e-01
9.560852160084053475e-01
9.880924819263351422e-01
9.793709594076667191e-01
9.872030081073536190e-01
9.843785084738780888e-01
9.843245425285790384e-01
9.921591485512962771e-01
9.643803999680169436e-01
9.516664825319607335e-01
1.007305770116767141e+00
9.791453089629676976e-01
9.778999787182656167e-01
9.870694986876700217e-01
9.680514311156762641e-01
9.789396608137179712e-01
9.927432314190722806e-01
9.861074102741974601e-01
9.953751626811585540e-01
1.004325895865419982e+00
9.589880701822954823e-01
9.957291465633177907e-01
9.823229513184027484e-01
9.812632359127158033e-01
9.850914032595063929e-01
9.948111065245442974e-01
1.000879087361564945e+00
9.879858625953248374e-01
9.903111944729313665e-01
9.418583906231167147e-01
9.813123693724399299e-01
9.662578121439533430e-01
9.795940797858055937e-01
9.910031818644319257e-01
9.865972411270752529e-01
9.788456751569182268e-01
9.717398008636972673e-01
9.761423734679660624e-01
9.824188115140902733e-01
9.417746419832714322e-01
9.873554628981923154e-01
9.915125649829694687e-01
9.942930320028732227e-01
9.839854243428676206e-01
9.889756672080112221e-01
9.789034057122161236e-01
9.926846101368367314e-01
9.679306225742139169e-01
9.732142049341594436e-01
9.845093906825302943e-01
9.846173828527757799e-01
9.729627121183989091e-01
9.806266570987148823e-01
9.887072733711670391e-01
9.801205076620700396e-01
9.793703413786571943e-01
9.872387195911641600e-01
9.850814463895807283e-01
9.848087446031280612e-01
9.857045239467218112e-01
9.634531557587111550e-01
9.837090670976212925e-01
9.850851154350726002e-01
9.886617148992155046e-01
9.872107987197856760e-01
9.301162630098869233e-01
9.432100377844313543e-01
9.767340471063010732e-01
9.523983297250394608e-01
9.903237413206888995e-01
9.773080360158429292e-01
9.736997684739330250e-01
9.923375752368810421e-01
9.867928423614286126e-01
9.727462744637893621e-01
9.656839643566019760e-01
9.812696579691898568e-01
9.732165785817845638e-01
9.801481879266735753e-01
9.834609427142129157e-01
9.953276221263214207e-01
9.822645899396753588e-01
9.242128168679948352e-01
9.881157359242090932e-01
9.777715417221570782e-01
9.934288205241330605e-01
9.980074357524858497e-01
9.769363552299432651e-01
9.786186914797720959e-01
9.688730443099679013e-01
9.843133953272206194e-01
9.748348961136484858e-01
9.925896788895142153e-01
9.486517689862610236e-01
9.747210411821489728e-01
9.806506246689943307e-01
9.792930630359450994e-01
9.923417491087398457e-01
9.713780011983466078e-01
9.967599312337507289e-01
9.820068702467881216e-01
9.584998988334602066e-01
9.792722537893777668e-01
9.568513916488962101e-01
9.807492117339531301e-01
9.627339502960917672e-01
9.859454013715519549e-01
9.913258290167225040e-01
9.947349928612188030e-01
9.730019727412299035e-01
9.522831240265441366e-01
9.690803336862037209e-01
9.870043785208481024e-01
9.879250511987287542e-01
9.905554359807796638e-01
9.949439381843659946e-01
9.575021262306220304e-01
9.242523100693076366e-01
9.524426769010465588e-01
9.864189752299130642e-01
9.812923847967076618e-01
9.713305220855463773e-01
9.785722845540635317e-01
9.799811957175016408e-01
9.833105248804486775e-01
9.875335347196337876e-01
9.915997968347352032e-01
9.944189328623576074e-01
9.924426152279172131e-01
9.736055442312262498e-01
9.871487347574499083e-01
9.910708686549636326e-01
9.813671639637470134e-01
9.886271401911468359e-01
9.843231815927793171e-01
9.853032486386408273e-01
9.744438539812968481e-01
9.903229092400940292e-01
9.897934702048030164e-01
9.898131213680813056e-01
9.938351578516293472e-01
9.892884969502562242e-01
9.810864715812102066e-01
9.599268129753525391e-01
9.838171823844926722e-01
9.710139346967704421e-01
9.824140810896517806e-01
9.933114760457709691e-01
1.010117290314997973e+00
9.771506791032574801e-01
9.670570827177238371e-01
9.889215256925553144e-01
9.705906600905291892e-01
9.930283145190207383e-01
9.925424262011234289e-01
9.820058392197910102e-01
9.921864906459475497e-01
1.001664770182499886e+00
9.726696151372808963e-01
9.695461231254635104e-01
9.760101305505066716e-01
9.807308192818503523e-01
9.921599787307625595e-01
9.918600427941486330e-01
9.939820182069889487e-01
9.779238127742250208e-01
9.673979028256014523e-01
9.802965296036383336e-01
9.996343282863729973e-01
9.821856584288207737e-01
9.932253977162970315e-01
9.862276309398454455e-01
9.828398485753058189e-01
9.547197908576235958e-01
9.743882297617301180e-01
9.839520894041777765e-01
9.855340339957979756e-01
9.287775876799120311e-01
9.825744175499897537e-01
9.879442957263889769e-01
9.989447802323797587e-01
9.848872759550406641e-01
9.811310659342824536e-01
9.633331033437640967e-01
9.945867807440091912e-01
9.826643677126769560e-01
9.911220494777762680e-01
9.818124104929348839e-01
9.765209147156133085e-01
9.309233845716391453e-01
9.953217159428895400e-01
9.530383247972341598e-01
9.536579494371699717e-01
9.706840707769832655e-01
9.548440127080258799e-01
9.950611732976000212e-01
9.684855945424724055e-01
9.829032893772642332e-01
9.913267228254041274e-01
9.892326205530109773e-01
9.636515915548331535e-01
9.875384964979728730e-01
9.904746527590944094e-01
9.708933168015058124e-01
9.696927756769329054e-01
9.820855822485271558e-01
9.876872799750120446e-01
9.739662103216173428e-01
9.790543015494697077e-01
9.941433835171806788e-01
9.847203426014100591e-01
9.816432756265865978e-01
9.918890917377037875e-01
9.858147840769411197e-01
9.984273885356332867e-01
9.920224121761239688e-01
9.838069608833042157e-01
9.830963766380403923e-01
9.824904646219114746e-01
1.000925232119763253e+00
9.736352802266212692e-01
9.624993735163964725e-01
9.965944036640721482e-01
9.860125743842009793e-01
9.849934686579269183e-01
9.673141463285136465e-01
9.924411163925033197e-01
9.839123213564571202e-01
9.654286443797869266e-01
9.972467032106318019e-01
9.660208832434535875e-01
9.748632567735033838e-01
9.879108823939611872e-01
9.857437537311541931e-01
9.956827167146695690e-01
9.809931540686371854e-01
9.655535089704264662e-01
9.935303844072020940e-01
9.892386115382372225e-01
9.764180296199811426e-01
9.951896101189564581e-01
9.924166708345874000e-01
9.805211269166969057e-01
9.647621723510927394e-01
9.626787583966809336e-01
9.943084601951518442e-01
9.824932832085433443e-01
9.779083599070117483e-01
9.626870134406603219e-01
9.875868432231865723e-01
9.993824711706904562e-01
9.593936110881389201e-01
9.804782462910317520e-01
9.878094374186922044e-01
9.664398457001851517e-01
9.519593832804927880e-01
9.868304769144133903e-01
9.952242462020410851e-01
9.806736079323646882e-01
9.909175958368031667e-01
9.633913564111651340e-01
9.914566174177749103e-01
9.753150978574898211e-01
9.803531152622186884e-01
9.567701885520415450e-01
9.847074639051893730e-01
9.847608320123676373e-01
9.782242756330021827e-01
9.910249824668825314e-01
9.797056566177827497e-01
9.714599265789096716e-01
9.667061742349464248e-01
9.854907386399440750e-01
9.738467591104600363e-01
9.841129930559359140e-01
9.721302883654672211e-01
9.893068563572553487e-01
9.551839800195793817e-01
9.770874284590841397e-01
9.786244197771027942e-01
9.535185831794761313e-01
9.770206302451793778e-01
9.878772517420683075e-01
9.910796514348252373e-01
9.845009230168114689e-01
9.762355401028635082e-01
9.751519998756624785e-01
9.784740856701299450e-01
9.729297087230477370e-01
9.863442723067125106e-01
9.782860016917718227e-01
9.956194457798890340e-01
9.755996838024380002e-01
9.884590841383221749e-01
1.011652501700512463e+00
9.883135924103408909e-01
9.934912497345005367e-01
9.910476344972884988e-01
9.686205401877733268e-01
9.873837540529444290e-01
9.930479260871576397e-01
9.850821489881028681e-01
9.771465567441880440e-01
9.691742181615221607e-01
1.000076255994967855e+00
9.837840241620181558e-01
1.001430679598595441e+00
9.921391753171694416e-01
9.579887621553041521e-01
9.729844535099304581e-01
9.781008265578312599e-01
9.797179807486031677e-01
9.810161949196475328e-01
9.798866442308938884e-01
9.806811656735617833e-01
9.809144006172241248e-01
9.452960697228195430e-01
1.003897634898954783e+00
9.811934577662749790e-01
9.669123021687835440e-01
9.574352489301559688e-01
9.799008925621514043e-01
9.796005899392028482e-01
9.994886232952793215e-01
9.795724176771748448e-01
9.809529438518773681e-01
9.561298057090762414e-01
9.886977297510373131e-01
9.833892518542628469e-01
9.912615171746115283e-01
9.866664459832344969e-01
9.891201879528425112e-01
9.854048925264540237e-01
9.874326841485382422e-01
9.851568834428374721e-01
9.911406404458492636e-01
9.724878685287896563e-01
9.775308123386083903e-01
9.245619283919361830e-01
1.000752304139200133e+00
9.711625514634155687e-01
9.874245741172357205e-01
9.881646678523988703e-01
9.782642950453553921e-01
9.872877363268721673e-01
9.667413328213720902e-01
9.869910856025800872e-01
9.838905530599348914e-01
9.952891489405134573e-01
9.869895459345605637e-01
9.852089569405494407e-01
9.976373330559857866e-01
9.815797541951598593e-01
9.667854869356592440e-01
9.902228219825077726e-01
9.858503263414539752e-01
9.928469348322005450e-01
9.821214977905211585e-01
9.839728633296414007e-01
9.886658065352771363e-01
9.792683054129212028e-01
9.493727322541547498e-01
9.724298999044839187e-01
9.680735698480095186e-01
9.683137621779356330e-01
9.639023410732342478e-01
9.426689655697138015e-01
9.736909932232939990e-01
9.994170807818147928e-01
9.926381003959831029e-01
9.885413710765379447e-01
9.612587329107364909e-01
9.715463179605292598e-01
9.855772753919501694e-01
9.939972566075491178e-01
9.714630389487184381e-01
9.782973209171421658e-01
9.976406434776071697e-01
9.875054596345934632e-01
9.751302284454596014e-01
9.766720338699661497e-01
9.837407282979427903e-01
9.803195811313654140e-01
9.873839743090871979e-01
9.710710670423072788e-01
9.969404488766452355e-01
9.862845741513690534e-01
9.892321658349274571e-01
9.706120852405804023e-01
9.873561190856552372e-01
9.489158070024212854e-01
9.735823351835123374e-01
9.817609398689786104e-01
9.911492253050719903e-01
9.884360917060728280e-01
9.896064255278740340e-01
9.849606853513896976e-01
9.801468999778375490e-01
9.911122860081753583e-01
9.695119214461829227e-01
9.715000121487310514e-01
9.760224788497661175e-01
9.613577603970038243e-01
9.874061197476733387e-01
9.836972006017380421e-01
9.869243303458139494e-01
9.889702961202810894e-01
9.999138434840044720e-01
9.827464446825704414e-01
9.915778831069159693e-01
9.879645943782251472e-01
1.000288955637729016e+00
9.712595637026611994e-01
9.903343876206869290e-01
9.912491224358722652e-01
9.843225018145672633e-01
9.713373109790072180e-01
9.639593329523599152e-01
9.749854732656941803e-01
9.706814036438117244e-01
9.898494721005822727e-01
9.811106106751918965e-01
9.855186660697150547e-01
9.862787457327623075e-01
9.568414020692422861e-01
9.760655849241588466e-01
9.771487753727433612e-01
9.729520416848554953e-01
9.841931999263808795e-01
9.753978970706308482e-01
1.006628663529817391e+00
9.890603946472156238e-01
1.002156097539675050e+00
9.743888372374270856e-01
9.775340201175387600e-01
9.948159575587759429e-01
9.411868776632893452e-01
9.776761203855161009e-01
9.593660606442881988e-01
9.816744798763142876e-01
9.884452967180876737e-01
9.869147860673646022e-01
1.004761292740662615e+00
9.432159064780856195e-01
9.958021849010925131e-01
9.930957323307306739e-01
9.742083983556322213e-01
1.003610708707163957e+00
9.303305304073850035e-01
9.681727934369139810e-01
9.713452669420468144e-01
9.690087746997819718e-01
9.779058910975183538e-01
9.783538724517586438e-01
9.901300682425500099e-01
9.784666880712540316e-01
9.888468267554930691e-01
1.003919165957066095e+00
9.661905457407760078e-01
9.897568119395636632e-01
9.728404583344583134e-01
9.822513196655806578e-01
9.965646252562037066e-01
9.893762381168587083e-01
9.826575152105214706e-01
9.821619254154976275e-01
9.541720125892905191e-01
9.677550672750949712e-01
9.844617432875630847e-01
9.767525594671718769e-01
9.837783643526483157e-01
9.817695652558640074e-01
9.661741557032049732e-01
9.752468122487483182e-01
9.815846373230002753e-01
9.887743991408742827e-01
9.918508673007849774e-01
9.922712465751690747e-01
9.882717831637145567e-01
9.768335700322032800e-01
9.818993534848177163e-01
9.725949281538190938e-01
9.732296262407438281e-01
9.357420707321162379e-01
9.824004396383879678e-01
9.913082549973503133e-01
9.980193521719172844e-01
9.766886520308970532e-01
9.761010145801011229e-01
9.582792741460556263e-01
9.340536593722587044e-01
9.429390955859044965e-01
9.515743332971337010e-01
9.551547506665063469e-01
9.881616611841770315e-01
1.001501951386377876e+00
9.826292026578400396e-01
9.803064170671490496e-01
9.844569097088055054e-01
9.743802577001017262e-01
9.935753743067319288e-01
9.854328019953334517e-01
9.816277708962485304e-01
9.886169820056547319e-01
9.907666540456796511e-01
9.870977137179341998e-01
9.888991408763962987e-01
9.697444297744147734e-01
9.789623702391172522e-01
9.687084242102307341e-01
9.829702930071020361e-01
9.658055473717425121e-01
9.754963025040457314e-01
9.871821637961837315e-01
9.764017768558899135e-01
9.954697483897620991e-01
9.844527179027924291e-01
9.667980999938087239e-01
9.928443132416299166e-01
9.846479598120303489e-01
9.790198782924793841e-01
9.752750097355110670e-01
9.823948854147986909e-01
9.344530491568422415e-01
9.945623399849992108e-01
9.865776769698568760e-01
9.796358317153341932e-01
9.812938484706950071e-01
9.769452977495407531e-01
9.852927386152415812e-01
9.941568118265039500e-01
9.647416473801284642e-01
9.826629590209806642e-01
9.752119876640016338e-01
9.784706953672580587e-01
9.823406525487760055e-01
9.925357763976140335e-01
9.762814718663729296e-01
9.816732068456842653e-01
9.902224097703692385e-01
9.870217838218470208e-01
9.867249787927343530e-01
9.762231772566848376e-01
9.698921696449132046e-01
9.701714253680949751e-01
9.878325846255255893e-01
9.611457114926248435e-01
9.869302205466796707e-01
9.818414525404556281e-01
9.729424060388368600e-01
9.910640363518758988e-01
9.826102340057332185e-01
9.760811911961274623e-01
9.813059436116622347e-01
9.944775600235465918e-01
9.713446098163661668e-01
9.904734934781483924e-01
1.006597442665743136e+00
9.643822647730592168e-01
9.727271466090569030e-01
9.817605993337444881e-01
9.714922515854322871e-01
9.575150969984979055e-01
9.822067637351752367e-01
9.911495274791339849e-01
9.644186794812708019e-01
9.725486343210761886e-01
9.736019883935385089e-01
9.707638398259855750e-01
9.762636380261008329e-01
9.842028861086862257e-01
9.823591655991796845e-01
9.642463539228227631e-01
9.878289576068620681e-01
9.695451397499569302e-01
9.821680436522630675e-01
9.640201672774553199e-01
9.761817472558073083e-01
9.835343368598187253e-01
9.912415078156432413e-01
9.885516578307682600e-01
9.943785163037479613e-01
9.830028873365493913e-01
9.905758297071037832e-01
9.973448064266200452e-01
9.681089523030629307e-01
9.836202700979532754e-01
9.612078316996320870e-01
9.689243867207303351e-01
9.828618705814525791e-01
9.892069383532479110e-01
9.813345967151521076e-01
9.913666807705967532e-01
9.876920338195435134e-01
9.775169623529482710e-01
9.767136251937152958e-01
9.799834890981502511e-01
9.912024274788103773e-01
9.732322499740654331e-01
9.805780439152986805e-01
9.955122037720202099e-01
9.790315342226565409e-01
9.816491233724693455e-01
1.007618234662461143e+00
9.886847130932833183e-01
9.735561339091484134e-01
9.881989638869090875e-01
9.899943216568611870e-01
9.945848559585772630e-01
9.821068317729413355e-01
9.737144170686522493e-01
9.948174263402966844e-01
9.954618692172563232e-01
9.533185029019103363e-01
9.935280447246929159e-01
9.870108784054891782e-01
9.917730558388178075e-01
9.655450803802020365e-01
9.646936485394562721e-01
9.737873423288014862e-01
9.799718060129195552e-01
9.819855723732957564e-01
9.850286834260072455e-01
9.415841846863318709e-01
9.596744932427102581e-01
9.735491671554423743e-01
9.850701122729405013e-01
9.819221493139399515e-01
9.884916981822531312e-01
9.857765272863598938e-01
9.964149100959913685e-01
9.921088987859421060e-01
9.846725088156914607e-01
9.871210793838711695e-01
9.678022222608899661e-01
9.622928738095587464e-01
9.819062518480897728e-01
9.871463310781224409e-01
9.736714816359999247e-01
9.851233057738113530e-01
1.006611580360448732e+00
9.926102612836451566e-01
9.525857685425024313e-01
9.775672032289831614e-01
9.741140798086418418e-01
9.969313274315262374e-01
9.488192149830789734e-01
9.594667134252425900e-01
9.875839003376454261e-01
9.854640314007924173e-01
9.894247277741146096e-01
9.909711022306337824e-01
9.610290145167539322e-01
9.926537932723521473e-01
9.657868650841449076e-01
9.910462085164060131e-01
9.900737463384907677e-01
9.789066647336749361e-01
9.949914358220063315e-01
9.939025745075764640e-01
9.797088004318400545e-01
9.791338605075819990e-01
9.675843794731165959e-01
9.673658874912688388e-01
9.871173426002342044e-01
9.912765925852251581e-01
9.894174742675567735e-01
9.897392051110266431e-01
9.725086670327116600e-01
9.664789701984360937e-01
9.824772501719650775e-01
1.000802868048373373e+00
9.549421897178127505e-01
9.579646738063680722e-01
9.710129972509735641e-01
1.003741866792170701e+00
9.839817256154123060e-01
9.641212852814001755e-01
9.889237402874496707e-01
9.707801519896687159e-01
9.806909953784782585e-01
9.828084790330479104e-01
9.779507526619186653e-01
9.746479308279096809e-01
9.897022182604335860e-01
9.889735484376588337e-01
9.934248299666841309e-01
9.718181679662140082e-01
9.958894736458028252e-01
9.816214990642004867e-01
9.800920160073768317e-01
9.978047348423213503e-01
9.907986790382259379e-01
9.829348164071913807e-01
9.789041375220189911e-01
9.764998839402428965e-01
9.664680839875634533e-01
9.824030917373176575e-01
9.985929663640613629e-01
9.855242958258665364e-01
9.767317038757086234e-01
9.468928862716716743e-01
9.882159973178356038e-01
9.459460784925909360e-01
9.925036834937172037e-01
9.642839446805675507e-01
9.820753951446913321e-01
9.881477025933212976e-01
9.824076674939218323e-01
9.881341546898583239e-01
9.734854123034818452e-01
1.002180142418967357e+00
9.613084038999192282e-01
9.813766489128958881e-01
9.525539829014710858e-01
9.713971198829527420e-01
1.003302133761200698e+00
9.893268987455552388e-01
9.751758171610349635e-01
9.531536122657336962e-01
9.852219597832317932e-01
9.670213739809255804e-01
9.840526189284196645e-01
9.822257543375881861e-01
9.756443333259792183e-01
9.916544558956478239e-01
9.836213804786059223e-01
9.757929315739884979e-01
9.820700490038271058e-01
9.804122310567292553e-01
9.826644433443032511e-01
9.517099094526219050e-01
9.886952189644594435e-01
9.854076576515462538e-01
9.871777494320076451e-01
9.840613506889961393e-01
9.771512938461485165e-01
9.872495368156214424e-01
9.603590020281962403e-01
9.947796523850203076e-01
9.882364997468958689e-01
9.725884186808814169e-01
9.936491371838056530e-01
9.671927703182197078e-01
9.613012974471623062e-01
9.836915320695547305e-01
9.883354064753000490e-01
9.827583438138898231e-01
9.748523485833484603e-01
9.827627405845956732e-01
9.793969055291597003e-01
9.870813909338598258e-01
9.683422691343158695e-01
9.813524613750297387e-01
9.830620041114286334e-01
9.730452919907428555e-01
9.825321010642145136e-01
9.961017932481978088e-01
9.866091616701951894e-01
9.481443132477822555e-01
9.861446200660347605e-01
9.845351516487902410e-01
9.579383258756035691e-01
9.309679616338958352e-01
9.961136211127568085e-01
9.951414938819354017e-01
9.725215481585754995e-01
9.830551067911759144e-01
9.889641910020523508e-01
9.867464508208080298e-01
9.882141217218065599e-01
9.864165054490293683e-01
9.895547985832593429e-01
9.921724806067118152e-01
9.722048433408593260e-01
9.685470383402698946e-01
9.924398705764030382e-01
9.828836678248590308e-01
9.790178582006782149e-01
9.519525494886426076e-01
9.954594657556872228e-01
9.872712852553326979e-01
9.544098273508810903e-01
9.728936347533601037e-01
9.743240817106144647e-01
1.004463109242851759e+00
9.825428770466142492e-01
9.574011955273890040e-01
9.880610345341327427e-01
9.911730897533790330e-01
9.843850382004272204e-01
9.629636876123808253e-01
9.849252779468832264e-01
9.837650950680691952e-01
9.600749577098338650e-01
9.940463513640597215e-01
9.866954093946556092e-01
9.767728240309972998e-01
9.575906878771520692e-01
9.815879021529876347e-01
9.844888131351330340e-01
9.846970773960238565e-01
9.592371863009508948e-01
9.836382458687166208e-01
9.819198593636625505e-01
9.758770396158940041e-01
9.569344509979919033e-01
9.688318869860389482e-01
9.745507396300482350e-01
9.873220078385673837e-01
9.964068908497337729e-01
9.948648661530840043e-01
9.652006833775135242e-01
9.681110224228065553e-01
9.736442081299930829e-01
9.678349317705856603e-01
9.956620244681102516e-01
9.952570273955658742e-01
9.820571972645461001e-01
9.916736054852075544e-01
9.845377860328626829e-01
9.779763554955118732e-01
9.870880277444397111e-01
9.681070059106369197e-01
9.914061784567200775e-01
9.782458280771676451e-01
9.756663943239204384e-01
9.802570886245166593e-01
9.997069499001249859e-01
9.960851495498809216e-01
9.896689885961162947e-01
9.873524528982503545e-01
9.907584436354800461e-01
9.919619611394613345e-01
9.921821807005266614e-01
9.606724816436303938e-01
9.965611150101747473e-01
9.751245976498317258e-01
9.691740957460720507e-01
9.934271338136699825e-01
9.770206163519675746e-01
9.554445096822333783e-01
9.738483417733572178e-01
9.866543024273504159e-01
9.798492739753398295e-01
9.857683713760823085e-01
9.889780811423592999e-01
9.578356373645818822e-01
9.940566414452184363e-01
9.866447777950774212e-01
9.830999902228608756e-01
9.535325563168211005e-01
9.822435408129961409e-01
9.534234963440491040e-01
9.531036175275082734e-01
9.743628448345675874e-01
9.689016163072006194e-01
9.779528549059113285e-01
9.782053210456044257e-01
9.615873238330471251e-01
9.867301416609750575e-01
9.798523076942577958e-01
1.002872311986001463e+00
9.855180299965590196e-01
9.615794069874213923e-01
9.697221092697477784e-01
9.647446230272940237e-01
9.806415076860013347e-01
9.622897817962986489e-01
9.998132700122047689e-01
9.828997055670664063e-01
9.808742844196963739e-01
9.956348634511155149e-01
9.294794455475112738e-01
9.805536956913492030e-01
9.739608387742344497e-01
9.449076986250350974e-01
9.882642697001482457e-01
9.678772895567228085e-01
9.885783072256862924e-01
9.655082014183773431e-01
9.751481788993965338e-01
9.524309097159573412e-01
9.909493654123376905e-01
9.786307041394255446e-01
9.713561423927541405e-01
9.859442541184544329e-01
9.839062853034969969e-01
9.706509917069660043e-01
9.870740173722470923e-01
9.623450944947811170e-01
1.000937665869343851e+00
9.844333106516968135e-01
9.861973588639425525e-01
9.744972324341409919e-01
9.888649672368807764e-01
9.722165090869065995e-01
9.848929746593603207e-01
9.846763222636011337e-01
9.874496380221188252e-01
9.846169778844376941e-01
9.747995783738458986e-01
9.814630090299095722e-01
9.863208631027943207e-01
9.813603181110241991e-01
9.825512694788020029e-01
9.833250776348442246e-01
9.843822555161974019e-01
9.753638030990918750e-01
9.657871259177696066e-01
9.933349173682902711e-01
9.895429703669456067e-01
9.879938071972589331e-01
9.888884580735097796e-01
9.603810706977070621e-01
9.830240011103634767e-01
9.698228490326862294e-01
9.882297860711115600e-01
9.823994607621316932e-01
9.803011111333486127e-01
9.792610500383859273e-01
9.728806661834594749e-01
9.951956224732373402e-01
9.525873084397004087e-01
9.915906117514495799e-01
9.712336145657722852e-01
9.922393304826327975e-01
9.795480975756687414e-01
9.669037528258251912e-01
9.499554164534365075e-01
9.974331187580404157e-01
9.775176254240273144e-01
9.819599464159121105e-01
9.854599287931420371e-01
9.794266314375800198e-01
9.797488465060200102e-01
9.916387226284788525e-01
9.940845122458213945e-01
9.704775639578374635e-01
9.863729665536031810e-01
9.675208624449923578e-01
9.667897569828141080e-01
9.467750961263308174e-01
9.892981793538470070e-01
9.728076487858260402e-01
9.686047537009814246e-01
9.923285894326310252e-01
9.814297421280410161e-01
9.795349158896552444e-01
9.825933563041413521e-01
9.813194028205980413e-01
9.853588059038055347e-01
9.768582032836390372e-01
9.766416769710515311e-01
9.875310720227495898e-01
9.930417498499305440e-01
9.941110185740785754e-01
9.856052918272278918e-01
9.806612076496148411e-01
9.614161847188884558e-01
9.764094728954650915e-01
9.790289443743053210e-01
9.890101405083623343e-01
9.609066989321567442e-01
9.924309177354380118e-01
9.800260332950139208e-01
9.913882859999338937e-01
9.807354763601879855e-01
9.913132613896066259e-01
9.960507542024099603e-01
9.975254582880350718e-01
9.777836783958415712e-01
9.815959447058987264e-01
9.795709233221501222e-01
9.925942529529834246e-01
9.467102618961824589e-01
9.886987746575258695e-01
9.946027267947551431e-01
9.709783551740439611e-01
9.891336036846729574e-01
9.888390160951174845e-01
9.704312620136389400e-01
1.002236349312888741e+00
9.807027522727220781e-01
9.536963941924303523e-01
9.664802492447478466e-01
9.730287001626450882e-01
9.843668779442716898e-01
9.775757367299662270e-01
9.714260422609225509e-01
9.890616181923872485e-01
9.763075443166492340e-01
9.930928972364280183e-01
9.482499165122607598e-01
9.715338574512161207e-01
9.688299825419142142e-01
9.863560880650583673e-01
9.831255106079836992e-01
9.946109846301101065e-01
9.889769345830006220e-01
9.849034530007884092e-01
9.881978772804279609e-01
9.831019123510408297e-01
1.004573103638627618e+00
9.829876523120786302e-01
9.996872725841703389e-01
9.786082961160331717e-01
9.738630052619255961e-01
9.909551665690747857e-01
9.821867382331421759e-01
9.725761534868704317e-01
9.801661811030005778e-01
9.813611760497227277e-01
9.683598364726760943e-01
9.508966889756259588e-01
9.919548271833498188e-01
9.694907872845387464e-01
9.719604793758901407e-01
9.723859521249589299e-01
9.900640860611739091e-01
9.761871619442786807e-01
9.921165880554647654e-01
9.768685646610253404e-01
9.740842410769657844e-01
9.620898769534704797e-01
9.622314768964312925e-01
9.760007102107507437e-01
9.867254758904986378e-01
9.896513713803750667e-01
9.718309999727660076e-01
9.622175672554185155e-01
9.940010361549727058e-01
9.367871677646522066e-01
9.636887488806649138e-01
9.847065068891311945e-01
9.835128610897625467e-01
9.895157047357624469e-01
9.859338803946937624e-01
9.903658280198384123e-01
9.834163217861040529e-01
9.664072029455859081e-01
9.634008921748692389e-01
9.956551676982958732e-01
9.788222447610891441e-01
9.626830168191459203e-01
9.829647480775112189e-01
9.787110801477902911e-01
9.279131500121526877e-01
9.524407833017839442e-01
9.822598249879683774e-01
9.900255161802388182e-01
9.784070140131189142e-01
9.865116023899145326e-01
9.835813080495692251e-01
9.962732396650532118e-01
9.872884446239169609e-01
9.474096137024501374e-01
9.745682518566320951e-01
9.752422292360423128e-01
9.737524478132254524e-01
9.801696215987512062e-01
9.821341361711328766e-01
9.829271732197631950e-01
9.754580944364104056e-01
9.812796233814266023e-01
9.814650485146384495e-01
9.845839586575563240e-01
9.519435683474098964e-01
9.720902773009092446e-01
9.595151090557578755e-01
9.535081435803088867e-01
9.919576304817760981e-01
9.896659730335591876e-01
9.845119321447418637e-01
9.510988742575160471e-01
9.873698576292118112e-01
9.825971877123856890e-01
9.948763212347555562e-01
9.658884926171036334e-01
9.922357986229612958e-01
9.854693709971643623e-01
9.843441671378637681e-01
9.823815202601340335e-01
9.844889329133458267e-01
9.794828158456474476e-01
9.621733461739422344e-01
9.804707080624023297e-01
9.849971358563468504e-01
1.002060679024629364e+00
9.810560589259768038e-01
9.627778055761263554e-01
9.883597301968850557e-01
9.496391150796500424e-01
9.768825710114324989e-01
9.699176196373618941e-01
9.674921668903833094e-01
9.882897571236274326e-01
9.822502262240763171e-01
9.578127481634010065e-01
9.905172841426880259e-01
9.867561752596272218e-01
9.767168536530989043e-01
9.219458489875238527e-01
9.862108149380609534e-01
9.875434164620534583e-01
9.757853480298854798e-01
9.876353543620682851e-01
9.836876204981187533e-01
9.684309089255155323e-01
9.721857840628541636e-01
9.983690180684466897e-01
9.724580410848294720e-01
9.974271531019187620e-01
1.002747309327154834e+00
9.850398974749751124e-01
9.779542438626050993e-01
9.763554392303821494e-01
9.824818319705479475e-01
9.769486387359492818e-01
9.674672972544700045e-01
9.879981019945156540e-01
9.713847156809354288e-01
9.504541526955034847e-01
9.800315981477086824e-01
9.855953318051279277e-01
9.511769456261189859e-01
9.862087529818891474e-01
9.672409684040774724e-01
9.743968188535948594e-01
9.590260392483186402e-01
9.799339347919433507e-01
9.771783402881258906e-01
9.840527494115753893e-01
9.877777526135768094e-01
1.006307200648219879e+00
9.803618231690449658e-01
9.842711276785429675e-01
9.910506789122734972e-01
9.858721269545369648e-01
9.774736420853264995e-01
9.897686705061047308e-01
9.963001213605946482e-01
9.848919874512445105e-01
9.789547098095945366e-01
9.620973276923635575e-01
9.626183391184796045e-01
9.734556567462012699e-01
9.807615044936877080e-01
9.850370873339183708e-01
9.735037614457024979e-01
9.848790626913150881e-01
9.758874649225870446e-01
9.646499290785579550e-01
9.650829367466646769e-01
9.731076867134853536e-01
9.722214514105729233e-01
9.866264088766774076e-01
9.821367938333056546e-01
9.905006606855137896e-01
9.882070424865162517e-01
9.791231641751263481e-01
9.730674362426042778e-01
9.857669398217990819e-01
9.876924954644794585e-01
9.761678895877364814e-01
9.475675351634950117e-01
9.827363486238697154e-01
9.865141294796412330e-01
9.699260101443165638e-01
9.961613738866117451e-01
9.864843428677622095e-01
9.751197474933251952e-01
9.693237961294127736e-01
9.672472572259823709e-01
9.802959986952399785e-01
9.860905919301492517e-01
9.984047101604088814e-01
9.905686943399300004e-01
9.761468144788897350e-01
9.868960202896789324e-01
9.838438566186568091e-01
9.844069335067109350e-01
9.898337165674675475e-01
9.776979125821817496e-01
9.700062126773723037e-01
9.919334653365575738e-01
9.816521571317173844e-01
9.787787039762778640e-01
9.670503823412007760e-01
9.966005643860594843e-01
9.987959890549013009e-01
9.901336416075373625e-01
9.935986434707236858e-01
9.878118569977191177e-01
9.660729757249005845e-01
9.765625655704217589e-01
9.920038840500476907e-01
9.797608669176083307e-01
9.565770241366385873e-01
9.847279180413381905e-01
9.976838728611472362e-01
9.658896595764938642e-01
9.845273560694388637e-01
1.002862104758694084e+00
9.831052436340392831e-01
9.672909188167970740e-01
9.836978499187783997e-01
9.939657966654965593e-01
9.563293602358258205e-01
9.911014297851422628e-01
9.878434609186127480e-01
9.873217504186049265e-01
9.814506847080318730e-01
9.861126834572934152e-01
9.615289270871513194e-01
9.837474229125229286e-01
9.850099031303091168e-01
9.744655639412935777e-01
9.795725429095593073e-01
9.838098715523695414e-01
9.922477203927366762e-01
9.627142032844411279e-01
9.903175224268301324e-01
9.901450535021923960e-01
9.869523628880567667e-01
9.946892549755493862e-01
9.723619319454948062e-01
9.758473097549029696e-01
9.547360777801231491e-01
9.882003936374166297e-01
9.871061399059150032e-01
1.003126722701823237e+00
9.681354317462677050e-01
9.788662931915242948e-01
9.584123042872636500e-01
9.686493191786998969e-01
9.402603503991857625e-01
9.926642373710838907e-01
9.818579448703207424e-01
9.825181737976006469e-01
9.529653913944813315e-01
9.757619785753927077e-01
9.722763707854695792e-01
9.619113816366107184e-01
9.885600126657680953e-01
9.686338922102796234e-01
9.819282074256969750e-01
9.893794213502338231e-01
9.753465966870267234e-01
9.755856186453203405e-01
9.826972995270606415e-01
9.799021054735386205e-01
9.824380806700593327e-01
9.863261548626628406e-01
9.911682648700607112e-01
9.791123572002699005e-01
9.717334344253505396e-01
9.923157352874308890e-01
9.506720581305059259e-01
9.917761926923768234e-01
9.853125765340712272e-01
9.761187161288266134e-01
9.754840480806522551e-01
9.570002557034449353e-01
9.907044475757368351e-01
9.881797281720389181e-01
9.764276529827701223e-01
9.955430573863220944e-01
9.745297854600952769e-01
9.900815849147023284e-01
9.940031098025865486e-01
9.903049269987255210e-01
9.723794122598918843e-01
9.912217869507330414e-01
9.761677620845428116e-01
9.749231793791255374e-01
9.761425372469242356e-01
9.923830665505273263e-01
9.793112840252301554e-01
9.441190881632378629e-01
9.678091502178064465e-01
9.909935441824064828e-01
1.000063094760794469e+00
9.897341363538458836e-01
9.961100797464845780e-01
9.716321707424996346e-01
9.944182739729969800e-01
9.843949286079743954e-01
9.754597624427809865e-01
9.668561556017770675e-01
9.770736353445367284e-01
9.909352312767323312e-01
9.928014633546997647e-01
9.764850898852672767e-01
9.745227917339150947e-01
9.901325803026665984e-01
9.551256048769933837e-01
9.846725514904280940e-01
9.995841692581856064e-01
9.855887717033284812e-01
9.864563118145445175e-01
9.817139920002740938e-01
9.652151072963147671e-01
1.001449027562232974e+00
9.862515206579181015e-01
9.901546192641517141e-01
9.735046747820228497e-01
9.775193110444764244e-01
9.425415364431787291e-01
9.742440708093276225e-01
9.858860984754111989e-01
9.937923387662207508e-01
9.900870036588361733e-01
9.785977147429437695e-01
9.774900055157562662e-01
9.897521428452337178e-01
9.727912799093921814e-01
9.833941954291752774e-01
9.827771010328898438e-01
9.819724651540999716e-01
9.756908651540707744e-01
1.008153684233860981e+00
9.872821164719285392e-01
9.908130889537717367e-01
9.844689909748332024e-01
9.835133885065715509e-01
9.866370971690310299e-01
9.682317112858527253e-01
9.848802328390157124e-01
9.753578568227264656e-01
9.793123507262289085e-01
9.818610411881368849e-01
9.796073347862032099e-01
9.827131299986543445e-01
9.862657736659918850e-01
9.884346211439979379e-01
9.640300743925424021e-01
9.786781565460941357e-01
9.772115780723155121e-01
9.465741256714191865e-01
9.830737336537808124e-01
9.853588387239953228e-01
9.890931515826794085e-01
9.833793109356862017e-01
9.670020303098223469e-01
9.903064366394294105e-01
9.947286415149013683e-01
9.912664633104516509e-01
9.737312792836916309e-01
9.921339702930420668e-01
1.002271817155628408e+00
9.672928322950318236e-01
9.942307405425656608e-01
9.902571090755181160e-01
9.795089678051599469e-01
9.866465171189110483e-01
9.741871953814527085e-01
9.775338688168383472e-01
9.657683833319888889e-01
9.954827465848832269e-01
9.658717252140710530e-01
9.828127059267023347e-01
9.804066025959897734e-01
9.877315697346671364e-01
9.851947595062120477e-01
9.800662127210142405e-01
9.840167697932664659e-01
9.994052051035180462e-01
9.958108645956320615e-01
9.869685627987060395e-01
9.773064893087383131e-01
9.580248150785203309e-01
9.924676844441377987e-01
9.598251911830967265e-01
9.569412460497819239e-01
9.456423619041334216e-01
9.756522506080627100e-01
9.787040602242322862e-01
9.868115573445860322e-01
9.663959041268037620e-01
9.784167822051862418e-01
9.709730254904499480e-01
9.791427786537633127e-01
9.856758859569515474e-01
9.601351119497794073e-01
9.806851869107485742e-01
9.463746766931261378e-01
9.820788079488401712e-01
9.939853076634417306e-01
9.952391243672178422e-01
9.662695901461039183e-01
9.714535214964422627e-01
9.799126644953811693e-01
9.957893677599305438e-01
9.841280111416528253e-01
9.845876359071765727e-01
9.883419242093850476e-01
9.959878127097767653e-01
1.001058743918695093e+00
9.920074532626254049e-01
9.735898798295430367e-01
9.689062181640721860e-01
9.842454386866108518e-01
9.793559607922891486e-01
9.775767516363114140e-01
9.894538249872711910e-01
9.752975150225640100e-01
9.806476746299450653e-01
9.554778018004201900e-01
9.727013350730097097e-01
9.903643720656513105e-01
9.815097420385695548e-01
9.908887207876631020e-01
9.928754879259003019e-01
9.890936496853430793e-01
9.840317746144190414e-01
9.678835056561549965e-01
9.720622883977806383e-01
9.937066089215063069e-01
9.837550921987197050e-01
9.697458876705168374e-01
9.981019306081866382e-01
9.873104155166652074e-01
9.836171587106172787e-01
9.913798536045606014e-01
9.697880182449490905e-01
9.904082712494397533e-01
9.773706271575068882e-01
9.809821344754964256e-01
9.841757124730242667e-01
9.980166288493400595e-01
9.459726385547052585e-01
9.615678120143571483e-01
9.817861122968468690e-01
9.853000319712420518e-01
9.610147161008665284e-01
9.802588509754190937e-01
9.763185790692356925e-01
9.622049080022068157e-01
9.878267701593678174e-01
9.603087132784589031e-01
9.983428718765408050e-01
9.735638597688061058e-01
9.465127588783164292e-01
9.756054911155802589e-01
9.859910221250575146e-01
9.835868060206919283e-01
9.947032166750330306e-01
9.852112750753385662e-01
9.914445787368367791e-01
9.525233109755263383e-01
9.785850326192848669e-01
9.873227980264447368e-01
9.337439083454249777e-01
9.940280221100017410e-01
9.851995872036709567e-01
9.924451242297469555e-01
9.641212361810079789e-01
9.625669360185851176e-01
9.624295805415409299e-01
9.817423378621599195e-01
9.841512830477264773e-01
9.814108448757594694e-01
9.800814699226969573e-01
9.849413254582126687e-01
9.605915057826406311e-01
9.870420312655391326e-01
9.827362982241960587e-01
9.713444826090669171e-01
9.874831035283627712e-01
9.922895205988110368e-01
9.721559307114029380e-01
9.779059035385043730e-01
9.887279659374034191e-01
9.676665033148649231e-01
9.416137049747415055e-01
9.974102271215248283e-01
9.697749028441590147e-01
9.885718217784134065e-01
9.720210684718109118e-01
9.815522622243382234e-01
9.487830015748690560e-01
9.990197025378033668e-01
9.817701640432049404e-01
9.795064769364043578e-01
9.624979668250498444e-01
9.677296549044949181e-01
9.672485207732046675e-01
9.892811851523535260e-01
9.459297362259985187e-01
9.785678375253850092e-01
9.802764997705046834e-01
9.684193808997522135e-01
9.693235005339255750e-01
9.612342696454319046e-01
9.732740919005908875e-01
9.688743102493310166e-01
9.673623428899806864e-01
9.822411793902058319e-01
9.840533837867696532e-01
9.879110261929824333e-01
9.557568991516086632e-01
9.739712942560724285e-01
9.380255081432075093e-01
9.810153112941092379e-01
9.634554193310250758e-01
9.755636573092996144e-01
9.718386774592773225e-01
9.949205922146762138e-01
9.915303135561296388e-01
9.581494343778251821e-01
9.736196129598093663e-01
9.899536841695054656e-01
9.851046911096186243e-01
9.810576768515186785e-01
9.907914193858127216e-01
9.807351365833180123e-01
1.002259053146403733e+00
1.011652724849212870e+00
9.802513668027440508e-01
9.847962247477132225e-01
9.892375081003287329e-01
9.853095089810417484e-01
9.772617878908663736e-01
9.746037532587722430e-01
9.885161116759778599e-01
9.771663708105069457e-01
9.606841132961456697e-01
9.920570876993484166e-01
9.904424914150822268e-01
9.909727094269314973e-01
9.771789160484380954e-01
9.841790220151235280e-01
9.806228625466746340e-01
9.872221982779555427e-01
9.914094035188762977e-01
9.853408231111704385e-01
9.515250890024858910e-01
9.882210640415405312e-01
9.902251971879407755e-01
9.738839860409267413e-01
9.762222746407205332e-01
9.738062342725486431e-01
9.808735441544212952e-01
9.974080664630408100e-01
9.744795852036393091e-01
9.855554618596219507e-01
9.945016106391660893e-01
9.517529881515889301e-01
9.534577796436376484e-01
9.875863285015554771e-01
9.889106422066964441e-01
9.880920715745817873e-01
9.757902561826919952e-01
9.831003985417088309e-01
9.706280067717024673e-01
9.733924242193208176e-01
9.879667488539410902e-01
9.879043066143446961e-01
9.909277202502854154e-01
9.999896296359893633e-01
9.870925890302486572e-01
9.549509923808048306e-01
9.774201632768707571e-01
9.764482251834529780e-01
9.655015844736206665e-01
9.573599422630935107e-01
9.938486218387372340e-01
9.812739566523155377e-01
9.721630446967113315e-01
9.449435429369864581e-01
9.842400083339148953e-01
9.652560058952942557e-01
9.794037045747339132e-01
9.793845562614864608e-01
9.355347934230129336e-01
9.827216164774393858e-01
9.901932629371181793e-01
9.862108986706928926e-01
9.662068664104765947e-01
9.791780512103775980e-01
9.778888055680239333e-01
9.664328167305805684e-01
9.859907922190367380e-01
9.873343914436235602e-01
9.719761519477889689e-01
9.607162909690877273e-01
9.878121462717996959e-01
9.815565897465273748e-01
9.772092234211564588e-01
9.774549530622006488e-01
9.507396375651043785e-01
9.570372460559521954e-01
9.877226357476701635e-01
9.885912060626513842e-01
9.890708191368358104e-01
9.627623216925821348e-01
9.617758354529382103e-01
9.896831384871609405e-01
9.297845676807948712e-01
9.551586983531424879e-01
1.009399400072188202e+00
9.839658314426235064e-01
9.932024282061761022e-01
9.692480635870150962e-01
9.699305007448413285e-01
9.909398558327376927e-01
9.645537509415412769e-01
9.702497277593891134e-01
9.862914200141251753e-01
9.701490233880396552e-01
9.742771518219499605e-01
9.768539818008119546e-01
9.969765120043849738e-01
9.902277953890413764e-01
9.707174888537537516e-01
9.744527261250990335e-01
9.786373918867835586e-01
9.754756173940812847e-01
9.867317057748790088e-01
9.812904218862544825e-01
9.986216281537800832e-01
9.679549179872813935e-01
9.805969299885913815e-01
9.766675601172180032e-01
9.679990436553324029e-01
9.887367155109400008e-01
9.848919229875230386e-01
9.616502654488235935e-01
9.846529130402535968e-01
9.778388366130427167e-01
9.843909298480416625e-01
9.920402350633000799e-01
9.683162810841174917e-01
9.863068078643915104e-01
9.858703518194518178e-01
9.704255500317204852e-01
9.843781844303275408e-01
9.694679551479244983e-01
9.841478259935827477e-01
9.780868719139859113e-01
9.875314658291526326e-01
9.705784558515725413e-01
9.831134869903651596e-01
9.570510738422867147e-01
9.884658682051047363e-01
9.899032003762635590e-01
9.863685399162192002e-01
9.889157892604958366e-01
9.859621603220706243e-01
9.785870118387588468e-01
9.781489757765611248e-01
9.909509991197383849e-01
9.777438788175294437e-01
9.930168915245157768e-01
9.964952439764490633e-01
9.607996030414990285e-01
9.976668725843303998e-01
1.001909767191720757e+00
9.778828673740559418e-01
9.787461411637707887e-01
9.512833627680568060e-01
9.921923541622921228e-01
9.383390128499544680e-01
9.951071884832478620e-01
9.901582134614564934e-01
9.414571182909076130e-01
9.700963607563960478e-01
9.590248967245487144e-01
9.890213061879985501e-01
9.690966429826749495e-01
9.612902535731800979e-01
9.825852804164468823e-01
9.874018674729099221e-01
9.443609588129046051e-01
9.383422502709153346e-01
9.821631746520276263e-01
9.692227244408494480e-01
9.796518515416529072e-01
9.866496577697611015e-01
1.000604091229648773e+00
9.862867950404586859e-01
9.843744264506364416e-01
9.589682696371609749e-01
9.917242486089313802e-01
9.866080032653333776e-01
9.949984830769289523e-01
9.934991327615475543e-01
9.891674913329593366e-01
9.823734573547877602e-01
9.724654873091033158e-01
9.749152862646695006e-01
9.622774955417381371e-01
9.881809584724559059e-01
9.824221087931158669e-01
9.597959378731681923e-01
9.802335302049911547e-01
9.959791685421512941e-01
9.779819512333621789e-01
9.844285462444954948e-01
9.617232784087494935e-01
9.576255239018697241e-01
9.778679125759235369e-01
9.895267725572581829e-01
9.859879645880561538e-01
9.653228177212357375e-01
9.970121068277923992e-01
9.876505324958122500e-01
9.656298674503402957e-01
9.606273091578364509e-01
9.749162397186557083e-01
9.519684982761682512e-01
9.830447043983210342e-01
9.863051246613558920e-01
9.724592667375943078e-01
9.634465118950754636e-01
9.849670470505532682e-01
9.855924239890492267e-01
9.821620245263281701e-01
9.522643852066059456e-01
9.674825544632921215e-01
9.771730964687335153e-01
9.795963207573276099e-01
9.849364837053521393e-01
9.777831705015564978e-01
9.321999986098763458e-01
9.481190146176862177e-01
9.817533885944574878e-01
9.682169159489053545e-01
9.783128044483495600e-01
9.845587684564717224e-01
9.757755606368792023e-01
9.832940372774262583e-01
9.907082044308754831e-01
9.768207859329645082e-01
9.781671690207707215e-01
9.955785148646817406e-01
9.899673320647333075e-01
9.794444618685751447e-01
9.860060693748686766e-01
9.846549466552032559e-01
9.825260923974566962e-01
9.899161754997489737e-01
9.686045182648492791e-01
9.865690196936995893e-01
9.888465877334180476e-01
9.693692922637695553e-01
9.867941639883962557e-01
9.859037864599596857e-01
9.686792808134622179e-01
9.521594958090716654e-01
9.856488915079467672e-01
9.823022996089690873e-01
9.924565837848932093e-01
9.573246153638159672e-01
9.776544674693075088e-01
9.897036996896183547e-01
9.764903401124951365e-01
9.844755094784898297e-01
9.824431045183953382e-01
9.435883444344376203e-01
9.692833281828713288e-01
9.906094505942679707e-01
9.691645112259004158e-01
9.844571183026992189e-01
9.911739064655067377e-01
9.809976006598040144e-01
9.763456882481977850e-01
9.556675293480936251e-01
9.897478223787089524e-01
9.578574367829248981e-01
9.880551852732218920e-01
9.905772531468801656e-01
9.507298294383800252e-01
9.830987444377865536e-01
9.886961839562160570e-01
9.812081053673984421e-01
9.739022195771877000e-01
9.704399192187541656e-01
9.717121938269401848e-01
9.977858682930808021e-01
9.765356453694484795e-01
9.791393077157315439e-01
9.623592094688390164e-01
9.630190231803480438e-01
9.644927550644997183e-01
9.742118366134036034e-01
9.686742491363946606e-01
9.749585585982512015e-01
9.804159632573601346e-01
9.845858401630586121e-01
9.619568149202039065e-01
9.892457756839985183e-01
9.670770800669258316e-01
9.681225058178509757e-01
9.844139995343976768e-01
9.805626501299142816e-01
9.679984736648766797e-01
9.619102146534899145e-01
9.929305597866060484e-01
9.792169899790186260e-01
9.538217924760135080e-01
9.487866432493955449e-01
9.703626832400763513e-01
9.722809373357186313e-01
9.811929388280673514e-01
9.758022058767832352e-01
9.479727567391845744e-01
9.626213680798563210e-01
9.830816528378609753e-01
9.873413635260744892e-01
1.001968213633169569e+00
9.878567682386224513e-01
9.636393601216448612e-01
9.792160674466292569e-01
9.680704219490878781e-01
9.727423985669273465e-01
9.765805526757442845e-01
9.653668220524700416e-01
9.813265381282596511e-01
9.834871913236327146e-01
9.916545420847997505e-01
9.834983686267556591e-01
9.750357962803644085e-01
9.929294013499265770e-01
9.827106617725039905e-01
9.796660928954737946e-01
9.758668208517004006e-01
9.590052569059146492e-01
9.864553762357242128e-01
9.744476965518618083e-01
9.900871145332315049e-01
9.816063949224489438e-01
9.796715199431195176e-01
9.886085901062973136e-01
9.831848142459108653e-01
1.005801717171080911e+00
9.568349377474147932e-01
9.837194510544431392e-01
9.773967421876655903e-01
9.455321766930674388e-01
9.871660652069552677e-01
9.731405714806650176e-01
9.849209927661507491e-01
9.640452409138263734e-01
9.676174201796587937e-01
9.870359077016780391e-01
9.800135968458951741e-01
9.566200615121888129e-01
9.888236158462435643e-01
9.589092335085824814e-01
9.631811927242133198e-01
9.711267043262820087e-01
9.727699601819310704e-01
9.833969683916189419e-01
9.938064276198453895e-01
9.769094777725660927e-01
9.520898161939088666e-01
9.774762785606156967e-01
9.761195810210877566e-01
9.784482842666391011e-01
9.924155834518666452e-01
9.851731616265125835e-01
9.901441378676122396e-01
9.920099086840973301e-01
9.441924353627533240e-01
1.003603802497718522e+00
9.455881975786437632e-01
9.728897819095618793e-01
9.802680749200712862e-01
9.801037448131734164e-01
9.871454243999459033e-01
9.694882185920621342e-01
9.934368523174726961e-01
9.873210285498419392e-01
9.813216291100447242e-01
9.865744478248034133e-01
9.783516639297192841e-01
9.832759311734673435e-01
9.722291443515304055e-01
9.787580416085139845e-01
9.922778483584101528e-01
9.723295791164165980e-01
9.880285994546229578e-01
9.665251679660133988e-01
9.684776511306835145e-01
9.855004091952361822e-01
9.846402293621561164e-01
9.757554958816119228e-01
9.789800694015905469e-01
9.792583478582996825e-01
9.733095292984600411e-01
9.701850103245971413e-01
9.611903783260109524e-01
9.929977291905821568e-01
9.817606677018899664e-01
9.764434647513058341e-01
9.825300633130609196e-01
9.831624875845471623e-01
9.912378899214673300e-01
1.000219885882189352e+00
9.858769011643490066e-01
9.707874005451931909e-01
9.784818366319479876e-01
9.897708395740487664e-01
9.710185917789571075e-01
9.908749963704616137e-01
9.870903857702986173e-01
9.919162722382871555e-01
9.970478596588434606e-01
9.847046182489571642e-01
9.742057153131081781e-01
9.570510898515605103e-01
9.728352101262708329e-01
1.000402725569973228e+00
9.643814717317307217e-01
9.856305212303722030e-01
9.855387153080472640e-01
9.916801594121329444e-01
9.727297429580962218e-01
9.886955423168090062e-01
9.669196843706538980e-01
9.921358364249189821e-01
9.765920766865127112e-01
9.953695627622279885e-01
9.716491683802961354e-01
9.840682088649490566e-01
9.649730434155477932e-01
9.838401065035644599e-01
9.880136715209567599e-01
9.765260222151715963e-01
9.894055776059217377e-01
9.885594959744197219e-01
9.637380638849961656e-01
9.774429797637467221e-01
1.008474819553077273e+00
9.785692124357512345e-01
9.750864939398035114e-01
9.920382057838916801e-01
9.786688147980746599e-01
9.875258327477779430e-01
9.843364897116885226e-01
9.548439890939608432e-01
9.777514699114463470e-01
9.886705601495489049e-01
9.869890103806655546e-01
9.904767610826881175e-01
9.849788410593253163e-01
9.615506260090543877e-01
9.911443617612732959e-01
9.935503956061682018e-01
9.835032950716534605e-01
9.664569548025474521e-01
9.783750649999739535e-01
9.919849910321852926e-01
9.976766578960428733e-01
9.903201183974438271e-01
9.846330834528377318e-01
9.675371805489184629e-01
9.736638476743290083e-01
9.991637707646691124e-01
9.788619947831171952e-01
9.986486778433237843e-01
9.899549959127738052e-01
9.658508589896241947e-01
9.825324300490309026e-01
9.800294742707988949e-01
9.825595947308873868e-01
9.662639966880411935e-01
9.843432324046874626e-01
9.643257519537509204e-01
9.860997464713802119e-01
9.940077283286016252e-01
9.877904866768908443e-01
9.945744451557144705e-01
9.883915161163664420e-01
9.677408697760550016e-01
9.761451522699540195e-01
9.863993883770492133e-01
9.792985870451608177e-01
9.966030835368155927e-01
9.842946243195503930e-01
9.864687431056050615e-01
9.913813681752307039e-01
9.953709619806897502e-01
9.413813519200717739e-01
1.001392786332256923e+00
9.836114858119376914e-01
9.635813496974714454e-01
9.868537856858565771e-01
9.877274698178394319e-01
9.756903716403110272e-01
9.812068770696061870e-01
9.776904545630086263e-01
9.681989042830961845e-01
9.621906752133562168e-01
9.934716446098479370e-01
9.843704781865155740e-01
9.933942812384269905e-01
9.957019054402731495e-01
9.885357584498197792e-01
9.718975262562480344e-01
9.707432950127157234e-01
9.844095743015407463e-01
9.866634953614359382e-01
9.921309149928697613e-01
9.935070574077845551e-01
9.779366824770989730e-01
9.819364055888899490e-01
9.812599053032511343e-01
9.762974568386502128e-01
9.830981293343751259e-01
9.884537635911970765e-01
9.676382634925655424e-01
9.782372677349763235e-01
9.862249628953642100e-01
9.804485838464841452e-01
9.733388157390100437e-01
9.614918564186057948e-01
9.767307170773688041e-01
9.779873233967618651e-01
9.780993139340352638e-01
9.943554377082177709e-01
9.770359727657709215e-01
9.833563990221835249e-01
9.791983925969417468e-01
9.877647544115597533e-01
9.900139638705656164e-01
9.886593855299483646e-01
9.838711982442662762e-01
9.598152574719881480e-01
9.839274635218657750e-01
9.536388999849733095e-01
9.851929132806916956e-01
9.787752448416655593e-01
9.888970368678184908e-01
9.550686477821861420e-01
9.881018523908356999e-01
9.896640807734783385e-01
9.795245265079335351e-01
9.871529026016637731e-01
9.924109508473554220e-01
9.702510532514642128e-01
9.833170799227056724e-01
9.869528078151199590e-01
9.686632636697929399e-01
9.780840360460829608e-01
9.734742823178132998e-01
9.814404014764127604e-01
9.947529095175149383e-01
9.934587084506011356e-01
9.626195433176352179e-01
9.827637349457334359e-01
9.654751701565529309e-01
9.669781336389141613e-01
9.622430087733886417e-01
9.833390290093768638e-01
9.790381200099876891e-01
9.786197897695213532e-01
9.567258667312800169e-01
9.734245595989325928e-01
9.912102281174304252e-01
9.818421170405381426e-01
9.695723173074902723e-01
9.829825202127004946e-01
9.824809933892535430e-01
9.700636155120729853e-01
9.829635101238323180e-01
9.734716814296741072e-01
9.631602237512814080e-01
9.785620560598081719e-01
9.691777915364832019e-01
9.911625434730072515e-01
9.878074662548578244e-01
9.791869853303138971e-01
9.805852094604917690e-01
9.792118156338919244e-01
9.458060178290824682e-01
9.930264604704412967e-01
9.933792577538244073e-01
9.733354142565274758e-01
9.925562421184037643e-01
9.865390114050820447e-01
9.874667741371385699e-01
9.832590480870475602e-01
9.922468582819983229e-01
9.717092083858669405e-01
9.663081882591963989e-01
9.851160958419591385e-01
9.681421478444951489e-01
9.720660882122058588e-01
9.662343589626330997e-01
9.464277431122345430e-01
9.677292041086913432e-01
9.869747637658167205e-01
9.614469410742426669e-01
9.648417420432822134e-01
9.911807184143758276e-01
9.788134293909156458e-01
9.809658916204571089e-01
9.840490887987132229e-01
9.628177739783357891e-01
9.901202256390503331e-01
9.697474373641709056e-01
9.764045755548163008e-01
9.734381365067714675e-01
9.725950641135266972e-01
9.611746379345281754e-01
9.936086675623001518e-01
9.851308054905159040e-01
9.914372744024196882e-01
9.854142164583356012e-01
9.593800269426344673e-01
9.891062128029713962e-01
9.758614764668925856e-01
9.485877947830945178e-01
9.879305825647011208e-01
9.905641107865824635e-01
9.618603627058307515e-01
9.658926040450883654e-01
9.787498971600925302e-01
9.866189723419224178e-01
9.665515284358836556e-01
9.606096405632724711e-01
9.796869652843213094e-01
9.811046237765569389e-01
9.710194787894488311e-01
9.842888167575694069e-01
9.762633981801918104e-01
9.819025247451683702e-01
9.722573974670044583e-01
9.601456553587981446e-01
9.900455912879814191e-01
9.854475623266766293e-01
9.887437291288763141e-01
9.916811289358914427e-01
9.708514571960135120e-01
9.842880592575453669e-01
9.720062364003894118e-01
9.830274280815536336e-01
9.754307515102111914e-01
9.926819374663932161e-01
9.757824568690021128e-01
9.859985508749690153e-01
9.694089440500159860e-01
9.902921586885903293e-01
9.871951135449702486e-01
9.636532401041258966e-01
9.671274071091682245e-01
9.960247542771899498e-01
9.391946627461792430e-01
9.819676771840882834e-01
9.597992446919298981e-01
9.765425586033537053e-01
1.011569968678735831e+00
9.939719777343640761e-01
9.809774096145890132e-01
9.851471473218100794e-01
9.576881493420796865e-01
9.746474496235275620e-01
9.853290052751805250e-01
9.890012303454959186e-01
9.839100814479608825e-01
9.835060273654051555e-01
9.657295192274115703e-01
9.855731368831259775e-01
9.580265329683893549e-01
9.916715543752362416e-01
9.684175222595049481e-01
9.886647607985584729e-01
9.722841685420640090e-01
9.867185908306349562e-01
9.810476401438532612e-01
9.846446709243273920e-01
9.838473017064358617e-01
9.852678966125326676e-01
9.924577271489427588e-01
9.942577966461438876e-01
9.304693757141053734e-01
1.000263316154903714e+00
9.859451664541896143e-01
9.563782857893851075e-01
9.840645523730610078e-01
9.927910013207994488e-01
9.681827901787214419e-01
9.783302906394530929e-01
9.680115244566066535e-01
9.903062405763283227e-01
9.816864874123297779e-01
9.766433980691419103e-01
9.528450713812685047e-01
9.839997723341299407e-01
9.900191443516905832e-01
9.489963405567668486e-01
9.707668134947905481e-01
9.650939250258419033e-01
9.832897434286190785e-01
1.013932468995301983e+00
9.810615979620994631e-01
9.411687930633728660e-01
9.814764038739969276e-01
9.832168015022089147e-01
9.896191078333732571e-01
9.844471724892834841e-01
9.792284025072858222e-01
9.861972938063836569e-01
9.512568471738295228e-01
9.807493525641192145e-01
9.925174389016818699e-01
9.456707889395316036e-01
9.768820738108537904e-01
9.907118726038735002e-01
9.869198228036718534e-01
9.869202584649642285e-01
9.829668863306355586e-01
9.633238161510482289e-01
9.934191010462298799e-01
9.605420119120167133e-01
9.901235914964300333e-01
9.856434393027059260e-01
9.882808937681738515e-01
9.972610417301291941e-01
9.832817578792480973e-01
9.729412397908623333e-01
9.879573608231876358e-01
9.829414171549969437e-01
9.932909217635960131e-01
9.688658533969820574e-01
9.888190230889121191e-01
9.797571563712434983e-01
9.716852494292541609e-01
9.597946874327384359e-01
9.497998604776185516e-01
9.666373735497931774e-01
9.727883991079615544e-01
9.937854540604810216e-01
9.921175742206088666e-01
9.844457159191667417e-01
9.737816243192581878e-01
1.003673582235168116e+00
9.786086486088350078e-01
9.762621944005163144e-01
9.935298767857957403e-01
9.713810056996152742e-01
9.610993347736433989e-01
9.831160484759565721e-01
9.712689230536740714e-01
9.936214835503137666e-01
9.833704231765590942e-01
9.848326510544865853e-01
9.939664626529379765e-01
9.860063009671798939e-01
9.957435616963137281e-01
9.825307044770019704e-01
9.911204180198430747e-01
9.946496355513009258e-01
9.841544477181862760e-01
9.617554353297100844e-01
9.759090444871437731e-01
9.412733426532657877e-01
9.707959842401971962e-01
9.778843017460107090e-01
9.620988511041065339e-01
9.860807322969544764e-01
9.749270070702943380e-01
9.742339963428919836e-01
9.743346598477512499e-01
9.931827248486455595e-01
9.322865651540478416e-01
9.667953437757967894e-01
9.851963954655859057e-01
9.901255535324121615e-01
9.746434134135477656e-01
9.901223916576810113e-01
9.713250292459729707e-01
9.588059657658343227e-01
9.592410308912938666e-01
9.774912975581480090e-01
9.813610630611754315e-01
9.837651742685173950e-01
9.719817318258973105e-01
9.833777288275746820e-01
9.892481649589004444e-01
9.855019800343921554e-01
9.843829206051721847e-01
9.632282138581008679e-01
9.909281765038759904e-01
9.795408657421698084e-01
9.807771694164933995e-01
9.677900680784334853e-01
9.908617679702932390e-01
9.814728709505772253e-01
9.719203732036558741e-01
9.737437627199234669e-01
9.794884922314214259e-01
9.831088498712005075e-01
9.802684908531115182e-01
9.862656253199013623e-01
9.738658034537220898e-01
9.821748465006674422e-01
9.904300786382680410e-01
9.697010990183447809e-01
9.405714813838579325e-01
9.876582967373338517e-01
9.819705674632508430e-01
9.898205937034674218e-01
9.530201844669982103e-01
9.927798082493128895e-01
9.965173749282705273e-01
9.958176610863784806e-01
9.851150096307784709e-01
9.813181628594458417e-01
9.887230110292251073e-01
9.664800236324216920e-01
9.759545612155550165e-01
9.751063555597897503e-01
9.957033287356438223e-01
9.776509879864182517e-01
9.664852356028189595e-01
9.688804255961531720e-01
9.759126441187477852e-01
9.899484748880666984e-01
9.857945954548587020e-01
9.745012190536888053e-01
9.711792163849999326e-01
9.955892030741976262e-01
9.791749487708996114e-01
9.906517830963412763e-01
9.730333135796411792e-01
9.848727852944362260e-01
9.874997033454716577e-01
9.305042870849782322e-01
9.818260396067083340e-01
9.829096046636375261e-01
9.698706390888953699e-01
9.958442758657523042e-01
9.695354646317525527e-01
9.781907286341011698e-01
9.562358785762592461e-01
9.868639366669091917e-01
9.814857408668583583e-01
9.727647296474370986e-01
9.676110492940626084e-01
9.861792257398620531e-01
9.764841717536931753e-01
9.789184257773860809e-01
9.800668745528071657e-01
9.466822452934127163e-01
9.830873714549570597e-01
9.789733315427773253e-01
9.706498963182264017e-01
9.745229302631016610e-01
9.720282817537312381e-01
9.940436143510577027e-01
9.805658709676307039e-01
9.804942380840980798e-01
9.825845614457408006e-01
9.837636245497253240e-01
9.878562140017088655e-01
9.548524891868995779e-01
1.001967951436068205e+00
9.753893574509000519e-01
9.689665812671840461e-01
9.907336182790981161e-01
9.892643563630367787e-01
9.652254601191259109e-01
9.859052459782540190e-01
9.876243431625947311e-01
9.329960611713306040e-01
9.791520876198148704e-01
9.835097999092963228e-01
9.605004515756223604e-01
9.908894211523900930e-01
9.969276684039350966e-01
9.820305541142861916e-01
9.819184336990904871e-01
9.722968585912667994e-01
9.941528232809310195e-01
9.912614705415537797e-01
9.826950508210192670e-01
9.689490105623016492e-01
9.923778558817801798e-01
9.820421475564641289e-01
9.701487253474720962e-01
9.798640526676963836e-01
9.879265055736248247e-01
9.795841952833078681e-01
9.864535722438558807e-01
9.683516864000323299e-01
9.772856040856170434e-01
9.659061962913663146e-01
9.689469390243320435e-01
9.964075501192920514e-01
9.852032556161309795e-01
9.916536224756676843e-01
9.867646647745064170e-01
9.743668335696440419e-01
9.746911803267930274e-01
9.740396626569749472e-01
9.718403506385375756e-01
1.001507671066787175e+00
9.654906762241906026e-01
9.461844253291379347e-01
9.378972601313561031e-01
9.945050691635137774e-01
9.848283836404945202e-01
9.836290929735045374e-01
9.975507102352194622e-01
9.554390717486691553e-01
9.840750709999805945e-01
9.961297616240666342e-01
9.778701412204796606e-01
9.995328576966588940e-01
9.914128825316186333e-01
9.726885903967898983e-01
9.801231484308944308e-01
9.707426656509180463e-01
9.874498016754168495e-01
9.650099496493752538e-01
9.923233313418836632e-01
9.908359996279573201e-01
9.854923503260891726e-01
9.702888506929174817e-01
9.935726602928390827e-01
9.860140414232601014e-01
9.653596233048048481e-01
9.935882246347735869e-01
9.741030383789791580e-01
9.912787885206438832e-01
9.654390885777175413e-01
9.967369131311064612e-01
9.829894923563705644e-01
9.867334760377751701e-01
9.794997159463569858e-01
9.399535109285510615e-01
9.422011153884001233e-01
9.837373251220423720e-01
9.517504325703808332e-01
9.762685532888633055e-01
9.859256801032780793e-01
9.708971834590087724e-01
9.851203880913100841e-01
9.707211460576853357e-01
9.882027237642440065e-01
9.911276667329297352e-01
9.573931406707931746e-01
9.557550939697732062e-01
9.837802873694683203e-01
9.739105043910815107e-01
9.783498939557717655e-01
9.854113839891586180e-01
9.928221420708817080e-01
9.871948239867505137e-01
9.851122666813063589e-01
9.827010609772565131e-01
9.863522975274237048e-01
9.912515408815284479e-01
9.758643898279398821e-01
9.800138291748468067e-01
9.864533155590985425e-01
9.222527607603207001e-01
9.818878570618646551e-01
9.878063867011138699e-01
9.835370263453667716e-01
9.469596045187588240e-01
9.752517802246147838e-01
9.902932135094859589e-01
9.791184562306970429e-01
9.907914586553643321e-01
9.940929524898294289e-01
9.455133429196924677e-01
9.850851428904464635e-01
9.429983202570386691e-01
9.887155160607937754e-01
9.665697677327905746e-01
9.964180869496003234e-01
9.812209759521226538e-01
9.770186801522873221e-01
9.950108906941735887e-01
9.953238733672681304e-01
9.861470740789899381e-01
9.940473557027353912e-01
9.671603462136076912e-01
9.826843818155718280e-01
9.759519400210227014e-01
9.847514450364879268e-01
9.470671170145225082e-01
9.904852405973642027e-01
9.771030147480448402e-01
9.762307443313013033e-01
9.875014906367218792e-01
9.830978168333441847e-01
9.848783346372059766e-01
9.853733075834752997e-01
9.756450989447024158e-01
9.770350471744823073e-01
9.748485577064615049e-01
9.795207330191302297e-01
9.869919462840230917e-01
9.800463752844508214e-01
1.002685535022131091e+00
9.738156147808898488e-01
9.814745922183755189e-01
9.869717412307108528e-01
9.883770839558323473e-01
9.913090830634021522e-01
9.929118310834932348e-01
9.566424212766888591e-01
9.816793010351760884e-01
9.806049352965563459e-01
9.868405210988075993e-01
9.690814915544405661e-01
9.802541727382372283e-01
9.612422345579543226e-01
9.968118519280352308e-01
1.009930531918597607e+00
9.731667849231475653e-01
9.669689184678926797e-01
9.708911229609502591e-01
9.665146221928255788e-01
9.749011304572993142e-01
9.734667567975638924e-01
9.779788714617440037e-01
9.665135808786221583e-01
9.947062308127962993e-01
9.853682441033627670e-01
9.734933505721704572e-01
9.708398704742787766e-01
9.931519771504471183e-01
9.890859727495709963e-01
9.805966007450593880e-01
9.812235525747428078e-01
9.711826045411673380e-01
9.326349783251267622e-01
9.838404754783600659e-01
9.889246651915427622e-01
9.852633380021741383e-01
9.813229432710763867e-01
9.963880698393446922e-01
9.831790288067780992e-01
9.897963395021723843e-01
9.909294143590419157e-01
9.966629187876601126e-01
9.939523783155945758e-01
9.892213226266213244e-01
9.713777261747070790e-01
9.974830665917731043e-01
9.874749920656268332e-01
9.839690016110512749e-01
9.897028632586569730e-01
9.809709446366047247e-01
9.672448611459704138e-01
9.757734610638466588e-01
9.947570653770327898e-01
9.534891144526640439e-01
9.870558992183059432e-01
9.914215934869319291e-01
9.904977026971228948e-01
9.943694369531920207e-01
9.770847508180195984e-01
9.673435039742808161e-01
9.838568057608861883e-01
9.937054557751318073e-01
9.576427112172701817e-01
9.919290391246042837e-01
9.795009226202503472e-01
9.890341158921049924e-01
9.808653084179373982e-01
9.846802572412028942e-01
9.882730983749256071e-01
9.754761845442002643e-01
9.645634452044588025e-01
9.914616827399941323e-01
9.891983238838875092e-01
9.917363209396178325e-01
9.830995207068825570e-01
9.849335592369191650e-01
9.706838620288089636e-01
9.911540596005338211e-01
9.780484795537489617e-01
9.877496953223984244e-01
9.824415278759880410e-01
9.944526307128009890e-01
9.665200706491263727e-01
9.595765998048512158e-01
9.884296786054110884e-01
9.835850911911948602e-01
9.576168992266841373e-01
9.785365898276914276e-01
9.836845332220069960e-01
1.008805153569224400e+00
9.736712031195162709e-01
9.857375647174697608e-01
9.562536625939648260e-01
9.684553660199762826e-01
9.660798984661443933e-01
9.754542661313290175e-01
9.956078972262284443e-01
9.830154201364611488e-01
9.700681079428506992e-01
9.800789753979969321e-01
9.694682718920492048e-01
9.616882050419015560e-01
9.929769982223254354e-01
9.712503448535105832e-01
9.678024380769318924e-01
9.495315197508292782e-01
9.906991215194215217e-01
9.863651110390716514e-01
9.541632556052599412e-01
9.924377798916362847e-01
9.398129286367861157e-01
9.669532551904819195e-01
9.733569904355958702e-01
9.870564211529289089e-01
9.891136108543228112e-01
9.535653535872679054e-01
9.921196183818985492e-01
9.664698359552555962e-01
9.645479278302785398e-01
9.772777151209023350e-01
9.789375782147513583e-01
9.896206396009874506e-01
9.864713969808506233e-01
9.804049127042506750e-01
9.920092985379345141e-01
9.914312882069519217e-01
9.724775011280303305e-01
9.723004025119108551e-01
9.861111939860520703e-01
9.775468802315577799e-01
9.490580247529375457e-01
1.000113109391201682e+00
9.721582243809716584e-01
9.857204333416018649e-01
9.917081360942677781e-01
9.829034606569817534e-01
9.757829852721108255e-01
9.680204571237346345e-01
9.735562418524880135e-01
9.801911840378808582e-01
9.601174278244911653e-01
9.862806991130992351e-01
9.883577234561946590e-01
9.775396946702925582e-01
9.757432685748782530e-01
9.634094097129275447e-01
9.837478679222698696e-01
9.856874105701343147e-01
9.941144839088656981e-01
9.817849467008231690e-01
9.682811822471082408e-01
9.871531660723341650e-01
9.721712175987927695e-01
9.814718918013878302e-01
9.604224244967998203e-01
9.811013355010885784e-01
9.853521002961933561e-01
9.928847247931640307e-01
9.730285437717405284e-01
9.903276176863043956e-01
9.747077024344935614e-01
9.571395654872022485e-01
9.758976890008453919e-01
9.743752681702477769e-01
9.707046900049196569e-01
9.835380217116580504e-01
9.711999176702129644e-01
9.846679939341698162e-01
9.955366003654523288e-01
9.860454309994586275e-01
9.662570785729803768e-01
9.721390955788580257e-01
9.268454365560758745e-01
9.810226991231105753e-01
9.716084767465653638e-01
9.853918077517368479e-01
9.799900969105912463e-01
9.936182715982843083e-01
9.810199733863287364e-01
9.722607824856375203e-01
9.817341070113595469e-01
9.625656582473346434e-01
9.824768265757899410e-01
9.982224028620155787e-01
9.693937318820498028e-01
1.012032964307313598e+00
9.848762438278987341e-01
9.574943017793144939e-01
9.738416115049137733e-01
9.944621513876238383e-01
9.829373442029648578e-01
9.885670561456013639e-01
9.779807307603843869e-01
9.512249971507714674e-01
9.922887829598846521e-01
9.929185616571269968e-01
9.926130724991739651e-01
9.839621222328691630e-01
9.894711302319193491e-01
9.788217881537376597e-01
9.879206061837286779e-01
9.840487295018788272e-01
9.965556021359466277e-01
9.634764209042265826e-01
9.720452085676783982e-01
9.787894472543356983e-01
9.665690585099843135e-01
9.488614410584716996e-01
9.781696910989189364e-01
9.731199586084966491e-01
9.988942626045047568e-01
9.803025520291233086e-01
9.491384599919899800e-01
9.492375021057793960e-01
9.823809373438545656e-01
9.609186004443446283e-01
9.690525532776996798e-01
9.886077057515442190e-01
9.840192345426185261e-01
9.861859834159661942e-01
9.908479608392263271e-01
9.714440011339822156e-01
9.839655877270407913e-01
9.748818037732928099e-01
9.771672265765548593e-01
9.601287349885917477e-01
9.639596694662848630e-01
9.771621569771575810e-01
9.580626999794912280e-01
1.002414761556523315e+00
9.823262417562929061e-01
9.774442296937639885e-01
9.720669647655285628e-01
9.954799995595451367e-01
9.907466312153511145e-01
9.816914149592926853e-01
9.954772697524069125e-01
9.792070550501702497e-01
9.320318604301274235e-01
9.766464281709300588e-01
9.875391209526539482e-01
9.710424669294278610e-01
9.874770586934563665e-01
9.668295648390339281e-01
9.837010360332555381e-01
9.794426325931442356e-01
9.655860784064204116e-01
9.916438597050352133e-01
9.922300024173589250e-01
9.857320118325229030e-01
9.830132412492602612e-01
9.690687891844822488e-01
9.833451375147912454e-01
9.720493156393106293e-01
9.937249095179999658e-01
9.896142706431023672e-01
9.792808579659417756e-01
9.629772468278170461e-01
9.951181050916870774e-01
9.924137822890933824e-01
9.741268473976635311e-01
9.893693939146678273e-01
9.534162994875161612e-01
9.786540604115585573e-01
9.866646434965974377e-01
9.763683982129349737e-01
9.872338981980965933e-01
9.860973494801730244e-01
9.673971057359913583e-01
9.797835792177178593e-01
9.915393783506534220e-01
9.434304434780746984e-01
9.764873884855862496e-01
9.931737114727590132e-01
9.559590233790368208e-01
9.776319726624866924e-01
9.936655747087285162e-01
9.646115479331502929e-01
9.827251258802790490e-01
9.811001467496349715e-01
9.551089910431228569e-01
9.863534424415663082e-01
9.427410516191029322e-01
9.832646418325289295e-01
9.951670024688368255e-01
9.811177081685215073e-01
9.803349484218484289e-01
9.834715286536742651e-01
9.823276122313419068e-01
9.776159450872999868e-01
9.615626242459689443e-01
1.002578427272633244e+00
9.890250361079367947e-01
9.655627965199284901e-01
9.661084029574590337e-01
9.779342160180098942e-01
9.743343982706075268e-01
9.801840886074704162e-01
9.422143077150878510e-01
9.564047157822743728e-01
9.714883107565712717e-01
9.906244383131966869e-01
9.781442866614815657e-01
9.690672236615933688e-01
9.901657917249413465e-01
9.625869264839591599e-01
9.671902480772062161e-01
9.859467971307892542e-01
9.889742546650431843e-01
9.862114886341869502e-01
9.493322167139357504e-01
9.907110849926351603e-01
9.863666762766420959e-01
9.928025175997415852e-01
9.703139462656300562e-01
9.948937325666739051e-01
9.826913656070692671e-01
9.889553458559531274e-01
9.638428616268061022e-01
9.870699329990261228e-01
9.816446287632103473e-01
9.755238060962135860e-01
9.697234882284355706e-01
9.501135421372853829e-01
1.002979662195209398e+00
9.724114451932625025e-01
9.743721428382978722e-01
9.828918423357488887e-01
9.798242651439414974e-01
9.972209649298650058e-01
9.972254206556072642e-01
9.770756875050925494e-01
9.710205010366569356e-01
1.003169612622343054e+00
9.776506313180333141e-01
9.443980996920564586e-01
9.637953990225117673e-01
9.742240400747478324e-01
9.835006328585539359e-01
9.631855998807543617e-01
9.665296060703766345e-01
9.783247182059257030e-01
9.892043974209258073e-01
9.539897799840962866e-01
9.790602886903189139e-01
9.741905798937972039e-01
9.365147368758545143e-01
9.736775101787850106e-01
9.850337255897428923e-01
9.902629579148920502e-01
9.731034596595160568e-01
9.812009859116924693e-01
9.720695998462428600e-01
9.810867766403783552e-01
9.654872501850229050e-01
9.843180947151459748e-01
9.799204406900066111e-01
9.776936367522368609e-01
9.643415965059483064e-01
9.537293410642816438e-01
9.909639918599103536e-01
9.908118646059096424e-01
9.572437416845209768e-01
9.915320398174936045e-01
9.645234111262976917e-01
9.883588726877656772e-01
9.757958919938756193e-01
9.978875681017259636e-01
9.620311644016836805e-01
9.744374051539952397e-01
9.825572007347402881e-01
9.723559159732164670e-01
9.935002229060558854e-01
9.910229744608215485e-01
9.825355833403407457e-01
9.650223385546946586e-01
9.388037263229558338e-01
9.874067395526137103e-01
9.566468288754571558e-01
9.717319858083141026e-01
9.819583278138872551e-01
9.920545577197269482e-01
9.707994582349996904e-01
9.846472915771724566e-01
9.757717828864149734e-01
9.843965325367206587e-01
9.865256612590677099e-01
9.858722614083845759e-01
9.771650870652747178e-01
9.968698731249513445e-01
9.686198525827890426e-01
9.844823161179965254e-01
9.857709898268423032e-01
9.732065965069370828e-01
9.848570438364390167e-01
9.871863185851875722e-01
9.927385868468935337e-01
9.946345143501463815e-01
9.872261756152821421e-01
9.997183498135882029e-01
9.763500489535545945e-01
9.847165823765989812e-01
9.653163379819533763e-01
9.847546266548700133e-01
9.709502256830647715e-01
9.645876662925756406e-01
9.631638725658266953e-01
9.747415533624581574e-01
9.753624023852063285e-01
9.871373121415316643e-01
9.882713935524348736e-01
9.579066943989681393e-01
9.839096386842576258e-01
9.854694333462107325e-01
9.924625824984728562e-01
9.520597198099493008e-01
9.726818166042392466e-01
9.513288056831239459e-01
9.958000093418228893e-01
9.788591396031232073e-01
9.650015408556389396e-01
9.601917997954140249e-01
9.701184052068736463e-01
9.792063109220220385e-01
9.620092506902543361e-01
9.943724479441941044e-01
9.687054328457962438e-01
9.740154407674094239e-01
9.902501767408844469e-01
9.930595718946978456e-01
9.570126972102915852e-01
9.894749101179495243e-01
9.673569019193065666e-01
9.877734458043923027e-01
9.844556627336776833e-01
9.841460005962474611e-01
9.594919359968562267e-01
9.861993068253201988e-01
9.762299996593615248e-01
9.820007099027376896e-01
9.891645814462820541e-01
9.585683808296608932e-01
9.773595083657643512e-01
9.733760871720531505e-01
9.794376130191626562e-01
9.881505531072181103e-01
9.699806409400513196e-01
9.678038150895940106e-01
9.734753238692801514e-01
9.822967605772360278e-01
9.901828199991526969e-01
9.895508660086923536e-01
9.762837706870693966e-01
9.584119995080132570e-01
9.996670071489379694e-01
9.879517651740999939e-01
9.763746044041305971e-01
9.867560169630075206e-01
9.831021185277958319e-01
9.761890641666468582e-01
9.811931271185083681e-01
9.830707707811222607e-01
9.844683570637915437e-01
9.851372409594775226e-01
9.528056944414928786e-01
9.955032267430946602e-01
9.912176237673094858e-01
9.924254410855000152e-01
9.867096510522652686e-01
9.869235497869371931e-01
9.839165193191246050e-01
9.824310926931121291e-01
9.745486145300630287e-01
9.748122103518176429e-01
9.946710999431147560e-01
9.851039410238354721e-01
9.762193152722176137e-01
9.769846069554699586e-01
9.824882756899911973e-01
9.824207996232071638e-01
9.769391856473763625e-01
9.882270043706190554e-01
9.920785362799215967e-01
9.673633067066133018e-01
9.870997723352559206e-01
9.845136098330746766e-01
9.507566217141544263e-01
9.742115173937182515e-01
9.978336874883613206e-01
1.002763063984965397e+00
9.646828533447896481e-01
9.886156904746233876e-01
9.844123249628030647e-01
9.867182379784320556e-01
9.677056969545028142e-01
9.921670598067174884e-01
9.841586355864678781e-01
9.879843218011875594e-01
9.617413276187961602e-01
9.738896163851641363e-01
9.644392609800180871e-01
9.829302875694388986e-01
9.716567919560077371e-01
9.835288036430722691e-01
9.818844287522335845e-01
9.715730556063533196e-01
9.780205195626102688e-01
9.665286400150107093e-01
9.835909641205069498e-01
9.624389612588101217e-01
9.855865276308207745e-01
9.574755883196403028e-01
9.852569167035699627e-01
9.741902206253197916e-01
9.820304444605091332e-01
9.700895632762792653e-01
9.940817115651079394e-01
9.714721000014467922e-01
9.773521301693190999e-01
9.681419028457368681e-01
9.945256659293356671e-01
9.968910961508405943e-01
9.837040001540615641e-01
9.778140278288834919e-01
9.812414798798310134e-01
9.955705988111615001e-01
9.556647263508029067e-01
9.699666386299965470e-01
9.787632525878660061e-01
9.953223658459479095e-01
9.820297457820664766e-01
9.548113164017142385e-01
9.750790824867421325e-01
9.868063805669473609e-01
9.659989356567819652e-01
9.911528099999846741e-01
9.858851471261892430e-01
9.598333977493886948e-01
9.722208935551126530e-01
9.805940918617936930e-01
9.793650927592573163e-01
9.946577614070656326e-01
9.910069000291271690e-01
9.685062200045144731e-01
9.699836962764180059e-01
9.806611987335076552e-01
9.851070647759730958e-01
9.902897180210182837e-01
9.501881235670037729e-01
9.768251334788875528e-01
9.658322704980479845e-01
9.906872086005311662e-01
9.869103394550716724e-01
9.859283049017444345e-01
9.830986283458001962e-01
9.760490850837100218e-01
9.816478488118132173e-01
9.898810869596534889e-01
9.785831648144782680e-01
9.678772203473262614e-01
9.665762903555830121e-01
9.959737664922747591e-01
9.798412240399565487e-01
9.739434021770063676e-01
9.769790006738754418e-01
9.672623775456561379e-01
9.889647229364711967e-01
9.831745710783342806e-01
9.714189781262865253e-01
9.377110087109679082e-01
9.732306306478167857e-01
9.917818993831164498e-01
9.729252051891363884e-01
9.856833015019024202e-01
9.760187039957859412e-01
9.959245846847768480e-01
9.794557031396445845e-01
9.948598871081174577e-01
9.931474610141429737e-01
9.956067021914525306e-01
9.867465709393786755e-01
9.647683146377394880e-01
9.531760470091675819e-01
9.957606425739623512e-01
9.904662898001472815e-01
9.836456714112197242e-01
9.811766980175664621e-01
9.632884496789562156e-01
9.919552643565803240e-01
9.707451305699600352e-01
9.917791781812863583e-01
9.839285760396712099e-01
9.845087803810461669e-01
9.897201036494145399e-01
9.633318449353046597e-01
9.838669673115825187e-01
9.782711478133997440e-01
9.822654777375721125e-01
9.813465731125438074e-01
9.570678381959082381e-01
9.513392909121644037e-01
9.625043403054470703e-01
9.915246440998387589e-01
9.837564966647027731e-01
9.851046908309230021e-01
9.802968639270256412e-01
9.821621274316734151e-01
9.947220030642410782e-01
9.879673711223330157e-01
1.007565403484519839e+00
9.858697773123252794e-01
9.778039820122822467e-01
9.558502037585010491e-01
9.912804128883059285e-01
9.553118322113807181e-01
9.809688602270578706e-01
9.763733632707060073e-01
9.927231966236921279e-01
9.882825696968629003e-01
9.901812806985776927e-01
9.625603123794636007e-01
9.665462599552759881e-01
9.728846564753510506e-01
9.710226209948525922e-01
9.716903276925193955e-01
9.718802815420061192e-01
9.909791035295569817e-01
1.002589894460285347e+00
9.941700028455834337e-01
9.882938607483754412e-01
9.802674817273731023e-01
9.914316048014449878e-01
9.307778509092099473e-01
9.894691587901165430e-01
9.861829668277305450e-01
9.820909230340996166e-01
9.384993334995606062e-01
9.838972777537853265e-01
9.677666277923779869e-01
9.766648220346936249e-01
9.746647269864564533e-01
1.006688509475161197e+00
9.826226327350420231e-01
9.889518050139872729e-01
9.886707344972897049e-01
9.536409140489888747e-01
9.810684959574219599e-01
9.817669157329942387e-01
9.920735848147999025e-01
9.893163995812730427e-01
1.005491684822003018e+00
9.606294531708856610e-01
9.759741876827430218e-01
9.949233438990680023e-01
9.801962197642585251e-01
9.923385517090388408e-01
9.825923318429096165e-01
9.777985120137582253e-01
1.001515343159439020e+00
9.794712899822320962e-01
9.833183703819661226e-01
9.684505743630963392e-01
9.468378753011547078e-01
9.694447003260977525e-01
9.915860358165577981e-01
9.704034080624870384e-01
9.813709404273365244e-01
1.000977390573780434e+00
9.884890837598031554e-01
9.948809513942821203e-01
9.867378910659172497e-01
9.650605047712934592e-01
9.835131044973990377e-01
9.993009796044500792e-01
9.672081248305085532e-01
9.818932961686062111e-01
9.547125851777430450e-01
9.752992913545881493e-01
9.731669125281627863e-01
9.739948084256302430e-01
9.882353230942758637e-01
9.809836013347295047e-01
9.898551266093199574e-01
9.712499932277879333e-01
9.869993766408950986e-01
9.618421574649234085e-01
9.852599108605194500e-01
9.983657169517726748e-01
9.878570541809789107e-01
9.764563320835477622e-01
9.671445296214202791e-01
9.615468621898822787e-01
9.872410812671579272e-01
9.938365192863483077e-01
9.805537062212096311e-01
9.661839334500322840e-01
9.641836087117926501e-01
9.903079867325857988e-01
9.773162345614205826e-01
9.480215647820819935e-01
9.670156473343408665e-01
9.532508068671111667e-01
9.672726711605809102e-01
9.712533677770790463e-01
9.856082001927262137e-01
9.908709473661709843e-01
9.894335934194044002e-01
9.832891384461784900e-01
9.565245527897603406e-01
9.873665554179589243e-01
9.822641183338730597e-01
9.844803140781674955e-01
9.625737699927661151e-01
9.866103663683218894e-01
9.835670777179215118e-01
9.820350056545121831e-01
9.784236671212687142e-01
9.830483080641678750e-01
9.737216794090473027e-01
9.694637282681010104e-01
9.861727878051591567e-01
9.907898693906109777e-01
9.670411878427525032e-01
9.938820801434558039e-01
9.617029560852957681e-01
9.871034539714994560e-01
9.830518167074732139e-01
9.676019081634432695e-01
9.837930284495023381e-01
9.587806840847650225e-01
9.782736412273898008e-01
9.800854588634443365e-01
9.789022416640589253e-01
9.708415920778739050e-01
9.900043788700497727e-01
9.825523339488184682e-01
9.685368052479861323e-01
9.607571002196222398e-01
9.573674271416521275e-01
9.825441631776213880e-01
9.895026838925310431e-01
9.574506004436348361e-01
9.983370324795105555e-01
9.851943500511238794e-01
9.660786803058721839e-01
9.839432780974954884e-01
9.695907447636619159e-01
9.849929346372370276e-01
9.629932263743953280e-01
9.874365373035063342e-01
9.735094503580419278e-01
9.609843612682762437e-01
9.934778037473560586e-01
9.633109112125951556e-01
9.771672675301054101e-01
9.806155803701506191e-01
9.935392269429442758e-01
9.775040852743038799e-01
9.775321664163050261e-01
9.567364099950467216e-01
9.819360347678521839e-01
9.767058030110425948e-01
9.620678983427781716e-01
9.810627041046688923e-01
9.795102591178578288e-01
9.860928346102353359e-01
9.577625389737097761e-01
9.549791258806910044e-01
9.933122555328596226e-01
9.914042956050133082e-01
9.711301197571228228e-01
9.802249615289103657e-01
9.776482787208070624e-01
9.857544127097758180e-01
9.706149009521598536e-01
9.731588729173146213e-01
9.822043183243381881e-01
9.543499350950450655e-01
9.750648000042585473e-01
9.794870476877010068e-01
9.660943919839172223e-01
9.653138908647139749e-01
9.603113244367385004e-01
9.688335330347357388e-01
9.847989029601944555e-01
9.933582609580784428e-01
9.925793719124746950e-01
9.851427186276476844e-01
1.001446708898902971e+00
9.923740048825051563e-01
9.688905900054706199e-01
9.886413761164127845e-01
9.907621889324254028e-01
9.744033083368293102e-01
9.739916201175035093e-01
9.919761945928390334e-01
9.722602359244119086e-01
9.715928046004611573e-01
9.974051211586547616e-01
9.922618717249431786e-01
9.783101343299751562e-01
9.893290250262929408e-01
9.559737430138687264e-01
9.943124056192195193e-01
9.599878052089575453e-01
9.798267031219668466e-01
9.958701031066787834e-01
9.577558517042112918e-01
9.810443086430982174e-01
9.730662629787455442e-01
9.653094410282947457e-01
9.785491443287620550e-01
9.588225013793905127e-01
9.862643490497691179e-01
9.837538728049873837e-01
9.659305854185586959e-01
9.921255665832571236e-01
9.869374768818200971e-01
9.902352578982774878e-01
9.827256467668754603e-01
9.614519904938653161e-01
9.740820740204773065e-01
9.654095662688793045e-01
9.704945318182959246e-01
9.689399089001444754e-01
9.858060452409485031e-01
9.627956692222321422e-01
9.815606561067011793e-01
9.622354310925523846e-01
9.875983375374061124e-01
9.827445554066714939e-01
9.734767920476103953e-01
9.824042702311533981e-01
9.669000940219539819e-01
9.671524795470924918e-01
9.494108586434093500e-01
9.896723575238994819e-01
9.695798625945433180e-01
9.953722768147846844e-01
9.669983668705665059e-01
9.914679719249139822e-01
1.001400241935131774e+00
9.770327972240013814e-01
9.675392921230745458e-01
9.783321372401666549e-01
9.969374700142025203e-01
9.536218049842125621e-01
9.745378626370442277e-01
9.866212072485652795e-01
9.908556808102920721e-01
9.862254674934036736e-01
9.770033603007199918e-01
9.884747354360933214e-01
9.223846916675461083e-01
9.640287129946785161e-01
9.927778453333510056e-01
9.331417114107590782e-01
9.907146177313156388e-01
9.448637039447977948e-01
9.832955459608753168e-01
9.864855082661412311e-01
9.889615753760219174e-01
9.566929880340497849e-01
9.889156616901985108e-01
9.619290283960942878e-01
9.908542926655796723e-01
9.896571434260335032e-01
9.816516939753026083e-01
9.860028709868847718e-01
9.936429028326452251e-01
9.802051934347133511e-01
9.830965518893378663e-01
9.833070745612589869e-01
9.882470988729644690e-01
9.910425532355456868e-01
9.842334491612534375e-01
9.722921527235224293e-01
9.888106348200702556e-01
9.787603779111937463e-01
9.865149388221411408e-01
9.804084006887490155e-01
9.692424107727082294e-01
9.823110226875755302e-01
9.775677288025816924e-01
9.791998276147599878e-01
9.854741166404611397e-01
9.698223913710540822e-01
9.930803606509696069e-01
9.689837909495260249e-01
9.937395916697115972e-01
9.788907213816768760e-01
9.758220668435287903e-01
9.938032624017788530e-01
9.810071200161597504e-01
9.885760725142747063e-01
9.896400819199775434e-01
9.321264798695310105e-01
9.790150919745838065e-01
9.743727637268995156e-01
9.742587723716901182e-01
9.588695718896391718e-01
9.784553684044744459e-01
9.639937968503108356e-01
9.692239988369506509e-01
9.947825368816213265e-01
9.732735325032201290e-01
9.786611785005048247e-01
9.750135849405779931e-01
9.784557973097142147e-01
9.963119006754850293e-01
9.769986213019562493e-01
9.554539270503599191e-01
9.887036981518678713e-01
9.926985141214793584e-01
9.840690443704290802e-01
9.952607935351941437e-01
9.827092736320988120e-01
9.788928341405417344e-01
9.891382661338892213e-01
9.840219850082027042e-01
9.611949697587547359e-01
9.926701258344567957e-01
9.667551783586160186e-01
9.737137883826375573e-01
9.874206988656630823e-01
9.467971411721457509e-01
9.779212393549534532e-01
9.861073277032368356e-01
9.545418627436936809e-01
9.710640224450391988e-01
9.848876478419429370e-01
9.609938511226540081e-01
9.907136233182778362e-01
9.752620217968300809e-01
9.789019261929391424e-01
9.823320243027835463e-01
9.967640053931530186e-01
9.954799014643007649e-01
9.858798143951487125e-01
9.886410855868146275e-01
9.885265909971865383e-01
9.372380845280976480e-01
9.949040502174512079e-01
9.496229421047208685e-01
9.917451321869492631e-01
9.514934656654955303e-01
9.765862562413283321e-01
9.904205193306233612e-01
9.817486008692177801e-01
9.703224851472730395e-01
9.813566748023597741e-01
9.831347647450626726e-01
9.789931747545347340e-01
9.873649296648301377e-01
9.925766883856603773e-01
9.825052818780426467e-01
9.794694762277121880e-01
9.784662285908896084e-01
9.687534509444464259e-01
9.892716817685738295e-01
9.866849598655649256e-01
9.759348986223205236e-01
9.786201295656746790e-01
9.842784568345283036e-01
9.527549082673291148e-01
9.647046551561641037e-01
9.808751148150749444e-01
9.465847002464251592e-01
9.677381600606862477e-01
9.791275767299265631e-01
9.860313847761354999e-01
9.848736566558341510e-01
9.830287420857467540e-01
9.774255044256348057e-01
9.822899645837143145e-01
9.713584083561995763e-01
9.664110648109475177e-01
9.899364530415457608e-01
9.943435001477227697e-01
9.585257341324378011e-01
9.709645369983282981e-01
9.793942188300844842e-01
9.829442788496334238e-01
9.917718265592920801e-01
9.882339830515846080e-01
9.935036618266527286e-01
9.797660120337567946e-01
9.855528940305215979e-01
9.644339936465018415e-01
9.631013032759445647e-01
9.990783582860337519e-01
9.843654701266260076e-01
9.611048476508596838e-01
9.912598966397029310e-01
9.975042675260579195e-01
9.855435485301392573e-01
9.861426071508765379e-01
9.763765659481333792e-01
9.771801805296195242e-01
9.742249584032066645e-01
9.834404332713400088e-01
9.723429958824776342e-01
9.950211774727664160e-01
9.806071244167513523e-01
9.881627590437560560e-01
1.000943905989226668e+00
9.805523197146267522e-01
9.864152321124814993e-01
9.733152462867433741e-01
9.466755318950693665e-01
9.587087851058306853e-01
9.750099907875686700e-01
9.747603642814240965e-01
9.802266697692962882e-01
9.805754002481035236e-01
9.679740714456588346e-01
9.671101175795568938e-01
9.823380395544472066e-01
9.663967515885867332e-01
9.687382064596744558e-01
9.733400347790835960e-01
9.752895283253162351e-01
9.727329672268667515e-01
9.826155999001546792e-01
9.760693756628433526e-01
9.871310842476130887e-01
9.673406778417212859e-01
9.467548089210655604e-01
9.572662736702003405e-01
9.473692005819721595e-01
9.849905173050885754e-01
9.715768519234851963e-01
9.891534154801522316e-01
9.794053735806957928e-01
9.821662367045876918e-01
9.800979774749385420e-01
9.620215210119416049e-01
9.635116684935546294e-01
9.961102739290944585e-01
9.830587382911660788e-01
9.766501824976092649e-01
9.921517215728807848e-01
9.759061615982848048e-01
9.794906310905703295e-01
9.543475811046422397e-01
9.797721949666243768e-01
9.877921431986588230e-01
9.737928925031235083e-01
9.833020689480591603e-01
9.840112300204473250e-01
9.878059616134811094e-01
9.701494257794250897e-01
9.905771022252141123e-01
9.881562963493281115e-01
9.715781237139691218e-01
9.810067313039160242e-01
9.865144553183556875e-01
9.705620889824128072e-01
9.887685966828099193e-01
9.836420910339459533e-01
9.721577184895597856e-01
9.711029235980402907e-01
9.659932267344591983e-01
9.719848609290142605e-01
9.382669478020411180e-01
9.961516761704596323e-01
9.754044550236463662e-01
9.881564779122130604e-01
9.810813368988379191e-01
9.696224414795224789e-01
9.660079455247889690e-01
9.855077351373112693e-01
9.864537229643831617e-01
9.632292943064785229e-01
9.825137140719157891e-01
9.852034978058156200e-01
9.910659766213789634e-01
9.609032255868362737e-01
9.821029652301405122e-01
9.791003700309330871e-01
9.768296675448402411e-01
9.841344428272417177e-01
9.938209916492538598e-01
9.624893692673268664e-01
9.805431737186327545e-01
9.461043925831951196e-01
9.793644623942662220e-01
9.844291760991407125e-01
9.867843996813828733e-01
9.761502108530631938e-01
1.000850335099177313e+00
9.843934741399631427e-01
9.742325729426698500e-01
9.723283514115332871e-01
9.607068560464904206e-01
9.910599266150420528e-01
9.930320713896686469e-01
9.772708175005543341e-01
9.701887552463985820e-01
9.667394980917713987e-01
9.812460715041252390e-01
9.574180016214202116e-01
9.606533705241387944e-01
9.754411800568901780e-01
9.837504524565726660e-01
9.851970637151308274e-01
9.492714206475084682e-01
9.797762054909145979e-01
9.672483303088728057e-01
9.854353732500411578e-01
9.842667655773040813e-01
9.650020215011465563e-01
9.777319594160315264e-01
9.632845734510843139e-01
9.908034585772856895e-01
9.787826118883135029e-01
9.846364554404668512e-01
9.840043910691185225e-01
9.943347553323996779e-01
9.864028296959700404e-01
9.901728872862408659e-01
9.852458461667116252e-01
9.885067290554095942e-01
9.766991023710901443e-01
9.865360993031366821e-01
9.758498671133739588e-01
9.822135833177418895e-01
9.561918389062139534e-01
9.668272093578295090e-01
9.711098413755786529e-01
9.832601461259512510e-01
9.822918615618315696e-01
9.569274440741756260e-01
9.853155947378564594e-01
9.878518444116534125e-01
9.848729013438349833e-01
9.920615579485270175e-01
9.869022594122045522e-01
9.580244973983008672e-01
9.966171287866975037e-01
9.616750970444892799e-01
9.892701488888635541e-01
9.714804483137937652e-01
9.690654947122999685e-01
9.631257907176761224e-01
9.829618151075770749e-01
9.849391492601397013e-01
9.707635756726178400e-01
9.923561966300238346e-01
9.873523167336827333e-01
9.570028002401296252e-01
9.867813680359331929e-01
9.890446918584161473e-01
9.765394418376269758e-01
9.917181322854307091e-01
9.691454291820267297e-01
9.784030328430359802e-01
9.877022857367726560e-01
9.874367632511735771e-01
9.937763580415024389e-01
9.883063718253777274e-01
9.843190554237510881e-01
9.933568950547516652e-01
9.887623317206509777e-01
9.846370316539877487e-01
9.891045642818783179e-01
9.804691226056445608e-01
9.617121257254575006e-01
9.898096451522693240e-01
9.734120790249769506e-01
9.749725161123088402e-01
9.686878757831263176e-01
9.674159826596955281e-01
9.717409098417565394e-01
9.854140151621278987e-01
9.907750125563052901e-01
9.838366870814213572e-01
9.825365250083626378e-01
9.493394680057362089e-01
9.805623409626706977e-01
9.649135240720470019e-01
9.700562959027749788e-01
9.793524199789741536e-01
9.812787773051141471e-01
9.859942347313255251e-01
9.774504329801750879e-01
9.952487875777288329e-01
9.849909915059888998e-01
9.849246381594247701e-01
9.874166031311850666e-01
9.709599686982172129e-01
9.784325288746962279e-01
9.828588892500792484e-01
9.793175208374982343e-01
9.817674378639268395e-01
9.822872711786507782e-01
9.919294507474879508e-01
9.952232731591724724e-01
9.920125144886988711e-01
9.724039891245969125e-01
9.622117972758199578e-01
9.674243185710018622e-01
9.635254232366842198e-01
9.782695054846078930e-01
9.813430079641736192e-01
9.922580498044529795e-01
9.697677269795369481e-01
9.839846453847110874e-01
9.807237074726018466e-01
9.856576628752535818e-01
9.838973565843683877e-01
9.472681839649214064e-01
1.015725280864996583e+00
9.798986929485580255e-01
9.964055644181347704e-01
9.578828699280586001e-01
9.733206003669240269e-01
9.764015068297153821e-01
9.920883359273477975e-01
9.884731367162317150e-01
9.472938244166206889e-01
9.829002744705146455e-01
9.760495073204339400e-01
9.680708779656880258e-01
9.882225676775967527e-01
9.758499605350379191e-01
9.747135183795569979e-01
9.618406928028124803e-01
9.844698779511481534e-01
9.848718245606552513e-01
9.899666765814060243e-01
9.924219037387913556e-01
9.603082351382182802e-01
9.728961969922965691e-01
9.687564734641433972e-01
9.976797050069214912e-01
9.708325744690534664e-01
9.795806218203981786e-01
9.892951920882510075e-01
9.875370861435465164e-01
9.825024142694952500e-01
9.995582363151018779e-01
9.875164287398613405e-01
9.991982550098316151e-01
9.812053776510417658e-01
9.845208272348473511e-01
9.926687037142878367e-01
9.767053259316186287e-01
9.721006461097162488e-01
1.002250013535312290e+00
9.985586113076894144e-01
9.803886736276993252e-01
9.654981847943110429e-01
9.361852941355154334e-01
9.712208834877911201e-01
9.437204852652505416e-01
9.896098337069544337e-01
9.728158852819746016e-01
9.645421122615590592e-01
9.790363181994726771e-01
9.673471637304272841e-01
9.946764864658025340e-01
9.954481365537707349e-01
9.811334778263732792e-01
9.475291748964522753e-01
9.928900609573096947e-01
9.819166852040565052e-01
9.669558764936452278e-01
9.656556120075165950e-01
9.837739078753711119e-01
9.776938835902631020e-01
9.863729571115031902e-01
9.894050599175492344e-01
9.618705888952636673e-01
9.755397167849061413e-01
9.825001236086547962e-01
9.523994429062874190e-01
9.878585009201187317e-01
9.957327600941165979e-01
9.733511574111213260e-01
9.886072428601526685e-01
9.720986173066901159e-01
9.984401591141777166e-01
9.476014138301441792e-01
9.816224765880465775e-01
9.459499677513859561e-01
9.688298249892144387e-01
9.899330354817746924e-01
9.649845722751357879e-01
9.698506764516274803e-01
9.576389310844758418e-01
9.910951483360523895e-01
9.654851362048357810e-01
9.729345545451680843e-01
9.852601371922691254e-01
9.644706500914708158e-01
9.625380641594144526e-01
9.654151955675738250e-01
9.617873390424633850e-01
9.866917284258827081e-01
9.414646935569006558e-01
9.708026790106248916e-01
9.790747599395652756e-01
9.851806291374455293e-01
9.653805370464717539e-01
9.761239217314319205e-01
9.889665840547489095e-01
9.982908374034618060e-01
9.872242290199449988e-01
9.780734953969154599e-01
9.676823155940385002e-01
9.796280182926559998e-01
9.879445193670749470e-01
9.646067436119046823e-01
9.796218967153935697e-01
9.897740441624073293e-01
9.456318353543735622e-01
9.880486890505645325e-01
9.870889641336931808e-01
9.826871398473272512e-01
9.834232972220769975e-01
9.847046953137919001e-01
9.953678385298470044e-01
9.699093313905526870e-01
9.715131610732142819e-01
1.003284325587480597e+00
9.746688707544857166e-01
9.868497313276043403e-01
9.705429892803948411e-01
9.923471187647020519e-01
9.991926489704323622e-01
9.477299760196679079e-01
9.767247984905498281e-01
9.852694353411671768e-01
9.848112030437990994e-01
9.511262070066961449e-01
9.745493711290601491e-01
9.957924941558183862e-01
9.739797931038601808e-01
9.584136588131729750e-01
9.899298438849556403e-01
9.835216329845820615e-01
9.711950703180239897e-01
9.876446596468485550e-01
9.735786926980214417e-01
9.842029631168274229e-01
9.977582802935007766e-01
1.000249389191923965e+00
9.623273180898923584e-01
9.738067516751494068e-01
9.601721847470919835e-01
9.771156791773285555e-01
9.779331863184117513e-01
9.782215148105768421e-01
9.877243283387857620e-01
9.951406405165399427e-01
9.853708092667332608e-01
9.953887004342939493e-01
9.854600735333457484e-01
9.760875490700475776e-01
9.815929766643881615e-01
9.584536372729873799e-01
9.558696954298212534e-01
9.758367807317771536e-01
9.989240173145759183e-01
9.782486946059646415e-01
9.881832631549092305e-01
9.824874077269828421e-01
9.685972136328326876e-01
9.884537246664946153e-01
9.909476865292407011e-01
9.930497297667669754e-01
9.614357151997796613e-01
9.895991290472433421e-01
9.968722830140469560e-01
9.943056008674787671e-01
9.902081604535762915e-01
9.729239559617662847e-01
9.672769522125361785e-01
9.679725578767554017e-01
9.574989143569067052e-01
9.883592291818241726e-01
9.800372403895281082e-01
9.889004252421079721e-01
9.763998036939479652e-01
9.802247238298530396e-01
9.725210919534664766e-01
9.708619742912097950e-01
9.585399856402930796e-01
9.709098743640542928e-01
9.740861751763911780e-01
9.867042732662735238e-01
9.855316451388693721e-01
1.000850885874537299e+00
9.867338525087525625e-01
9.789715078256232550e-01
9.698755207581243321e-01
9.879277558908513557e-01
9.861079885149499624e-01
9.756808306443277568e-01
9.464454650217799525e-01
9.952415048106335593e-01
9.633264260997007611e-01
9.904883452331656457e-01
9.591771534349602391e-01
9.803953369632252279e-01
9.709651741972660233e-01
9.903508036492205679e-01
9.645095212627610159e-01
9.761508038345317884e-01
9.684371564799023613e-01
9.899909576437050385e-01
9.896893130974021568e-01
9.831830867087101300e-01
9.830028704564808262e-01
9.909551982638147294e-01
9.755510818579806731e-01
9.915608310732897390e-01
9.883039162859249549e-01
9.824907358832901672e-01
9.828364180087125757e-01
9.784296055746085630e-01
9.848892715730662717e-01
9.706322498174558833e-01
9.871173375566296704e-01
9.795844836466789385e-01
9.912465422766615353e-01
9.771048820746408570e-01
9.678257875553474276e-01
9.737398594291997167e-01
9.628495550222131438e-01
9.516597629782538315e-01
9.750054196584361232e-01
9.712532775292100906e-01
9.982436789860441584e-01
9.709343465978943488e-01
9.620110209802805734e-01
9.759612687150236443e-01
9.877737179153933678e-01
9.661905363326556140e-01
9.668825259266411454e-01
9.771997099314055912e-01
1.007390423619929809e+00
9.626622722756936756e-01
9.939334917054691854e-01
9.714734436904699511e-01
9.764173100830306762e-01
9.957859285264473170e-01
9.834751854752442624e-01
9.859820470902873613e-01
1.004426875798061669e+00
9.879743970078586068e-01
9.723106752023509269e-01
9.787904528920652325e-01
9.844333746642288663e-01
9.852506938472596065e-01
9.892540710309604135e-01
9.906708801543787635e-01
9.770207933834201830e-01
9.836101782849422381e-01
9.853778303044548048e-01
9.585567984059165658e-01
9.541689536521726911e-01
9.861376690259175959e-01
9.635693268334108996e-01
9.812998620611665945e-01
9.763740005915538811e-01
9.717075422276969521e-01
9.639428877417018926e-01
9.943340064607604223e-01
9.710738065932670304e-01
9.562808885351803401e-01
9.884641362952999444e-01
9.564146215390860739e-01
9.938078803945098461e-01
9.868228176029586463e-01
9.899300353841794520e-01
9.894513163832173719e-01
9.891177469428541480e-01
9.982950798323201314e-01
9.694559617063631674e-01
9.581415963163074645e-01
9.453516932462099343e-01
9.835977780111415658e-01
9.852868127322542691e-01
9.809914245826882873e-01
9.762905406843038758e-01
9.611281144019137024e-01
9.958510988582058854e-01
9.832170265927312469e-01
9.811831563050581462e-01
9.443926643822502243e-01
9.984745677082813575e-01
9.773600090303953269e-01
9.899782466323956420e-01
9.535121528139324232e-01
9.871731239259200485e-01
9.849331337201762127e-01
9.661644728556949557e-01
9.975263661058606512e-01
9.582685722278433404e-01
9.915894110838090469e-01
9.920262034691000874e-01
9.499201108907548985e-01
9.887548038322471200e-01
9.869885262707679408e-01
9.856268242394048418e-01
9.895822423782422161e-01
9.992740498739889343e-01
9.870731770033269736e-01
9.784399080019920980e-01
9.884462216784235533e-01
9.703486111375728695e-01
9.862864405569196080e-01
9.766415769034277883e-01
9.943894246349196386e-01
9.468204961300228373e-01
9.843799582564438655e-01
9.753032588584524820e-01
9.910332080353473350e-01
9.817597407533744658e-01
9.757525300212964714e-01
9.826103946338425876e-01
9.704705863329590176e-01
9.750330167683354254e-01
9.768018592957347090e-01
9.742422350092376782e-01
9.849163486135101842e-01
9.824370749645627843e-01
9.735605511034434167e-01
9.839062747607886239e-01
9.798010175697483559e-01
9.887009187049923264e-01
9.555764735503927687e-01
9.571275959422504975e-01
9.567474179639550158e-01
9.892506882567599913e-01
9.753541597199316682e-01
9.855414247359356450e-01
9.710079838104143102e-01
9.858240347517662761e-01
9.901041355050581583e-01
9.800223755232382317e-01
9.841044847532708362e-01
9.847822255954779003e-01
9.556495823428445835e-01
9.730465659875434659e-01
9.774667298222076139e-01
9.872050953705032716e-01
9.718496452047310497e-01
9.921354385933945919e-01
9.866934838040231082e-01
9.835427228041692116e-01
9.966614127286759217e-01
9.817940574458293712e-01
9.468454230182491438e-01
9.678299477842479126e-01
9.701775891600289414e-01
9.805953567345918609e-01
9.841846601216817092e-01
9.875045391515234749e-01
9.796951343700140979e-01
9.693365136578490082e-01
9.585308211163621195e-01
9.889399777642252642e-01
9.399824437465841287e-01
9.769473714735239511e-01
1.006170659336139250e+00
9.873097742717135139e-01
9.729251743624948157e-01
9.811574270330619685e-01
9.807421902701088934e-01
9.654732752158260434e-01
9.723940497845920961e-01
9.907048087814614989e-01
9.832630435346327857e-01
9.890701597175493021e-01
9.876903631470225209e-01
9.791348331348315170e-01
9.825072301625970006e-01
9.650627213553122363e-01
9.701146747137393556e-01
9.626653411771490809e-01
9.820042584446148082e-01
9.939223299214877683e-01
9.712771727912765662e-01
9.762450313154552584e-01
9.613572958161642479e-01
9.746316562692893815e-01
9.686499155710689424e-01
9.860877635534711638e-01
9.633322270963950995e-01
9.969616049696349291e-01
9.838571461711287380e-01
9.846321731713066905e-01
9.780338518972715445e-01
9.664866236008207157e-01
9.923279206804758168e-01
9.899797847172973064e-01
9.838934981497243770e-01
9.630452398474080855e-01
9.880784899976037261e-01
9.940295370123178875e-01
9.807257976482232076e-01
9.900560122645998273e-01
9.831790586697153334e-01
9.749955300712782602e-01
9.942495131336099856e-01
9.719409223928745512e-01
9.901100635961170848e-01
9.865535110851213485e-01
9.855443810289552520e-01
9.684560152317399639e-01
9.629524163952720706e-01
9.809160261941695103e-01
9.554294699168093263e-01
9.731938317755037815e-01
9.695975468668621700e-01
9.814847186578449234e-01
9.913116637277827881e-01
9.666435582724609565e-01
9.581598898022311017e-01
9.791930474067708223e-01
9.894155454710307218e-01
9.527676554327371150e-01
9.769709718339004700e-01
9.979666163712553884e-01
9.779919437725030917e-01
9.911552248572061963e-01
9.856132380441544605e-01
9.651535445400137858e-01
9.727576677677786110e-01
9.784886342968363016e-01
9.876077520512164254e-01
9.727736242784665865e-01
9.942554590417059801e-01
9.769882158816713957e-01
9.781705847752200089e-01
9.705845928914403897e-01
9.667126220135955350e-01
9.770187984745198895e-01
9.591792761695621117e-01
9.684685809805712031e-01
9.461773761040490616e-01
9.550189928737442546e-01
9.890572947395749326e-01
9.830220914187784986e-01
9.664165000477322742e-01
9.864401498756729669e-01
9.821616322249392406e-01
9.940014529200820181e-01
9.885444292556259116e-01
9.769793354807956298e-01
9.833608588532481987e-01
9.780085754290852584e-01
9.689165878592655989e-01
9.858413560014138710e-01
9.884395844180695612e-01
9.891713980436364073e-01
9.821990256418005050e-01
9.914526752001582288e-01
9.820883366730321917e-01
9.653467984008053948e-01
9.547505910355420511e-01
9.825037492605369627e-01
9.786399664609916060e-01
9.634386185109761191e-01
9.758266852624049026e-01
9.757806331541619693e-01
9.934983019022800566e-01
9.844912227230634416e-01
9.745337188609812795e-01
9.689592158477962069e-01
9.859806094210188387e-01
9.924652974248807658e-01
9.634783828310998777e-01
9.810468771491088757e-01
9.941983260336190176e-01
9.802938629578644703e-01
9.989453995118223739e-01
9.413450845162503189e-01
9.796998485549870406e-01
9.830971800229150181e-01
9.836505803709644224e-01
9.743913485140380804e-01
9.835727268896992115e-01
9.844473789891575732e-01
9.782560812511548187e-01
9.776116965769980904e-01
9.437795518768251624e-01
9.795971784443481267e-01
9.898913813264325068e-01
9.766857883417447983e-01
9.700516215105957629e-01
9.920978447057663407e-01
9.712537814035541173e-01
9.804104433170183208e-01
9.915724930496612188e-01
9.773845018260398643e-01
9.875807985431525049e-01
9.517363984241686836e-01
9.822382075080954289e-01
9.741431489651928288e-01
9.623088670593359373e-01
9.870223154552963951e-01
9.770488481972389172e-01
9.939387092659415224e-01
9.924668173528026216e-01
9.816570103975615913e-01
9.784615553513177355e-01
9.769551713313913144e-01
9.829191530083490891e-01
9.752588458419271245e-01
9.839875017978355620e-01
9.869930363944523499e-01
9.829295882759897518e-01
9.784614199333906415e-01
9.640085455665360348e-01
9.805278864288872187e-01
9.882905131614334593e-01
9.795854013600022725e-01
9.947226243519432520e-01
9.840347395023685273e-01
9.845685464010678345e-01
9.516450183487297210e-01
9.492778503299664772e-01
9.638915343605976016e-01
9.665821300991805920e-01
9.863523450616513699e-01
9.823050923805737300e-01
9.666673186294003628e-01
9.863832963255069197e-01
9.897563695057179922e-01
9.714974040441177738e-01
9.686960710325834834e-01
9.648912370573897723e-01
9.501437699399029047e-01
9.786302675865896639e-01
9.588062870867539722e-01
9.898881605603606637e-01
9.808223737592706160e-01
9.611513366443660278e-01
9.809403275625062646e-01
9.528296817960624221e-01
9.682193102893320580e-01
9.854356284768731600e-01
9.956360859703383692e-01
1.000317912950880794e+00
9.740402127233251939e-01
9.549754049828758085e-01
9.747579890596260732e-01
9.566828027690347236e-01
1.000840855687753272e+00
9.830117560380772224e-01
9.891172146591729053e-01
9.858393373183476083e-01
9.814851739201675418e-01
9.791641978000522606e-01
9.927813651724587407e-01
9.647720943152677808e-01
9.883984634513325318e-01
9.836150773620354615e-01
9.945097328375704926e-01
9.903129037097525567e-01
9.705094709569733746e-01
9.849214737641330819e-01
9.886057960041532144e-01
9.852282699459250503e-01
9.852118370032207917e-01
9.977079312719835391e-01
9.843629669186120257e-01
9.929405512220488284e-01
9.876526502360212234e-01
9.664963101946526525e-01
9.921541029948141022e-01
9.950988595840494222e-01
9.781925008328598015e-01
9.693540572794901999e-01
9.880926012583663987e-01
9.813085354941283311e-01
9.748956882331508700e-01
9.938291814724271589e-01
9.746673635727245433e-01
9.735079137217720335e-01
9.880312585927965019e-01
9.679977633689381689e-01
9.653016729807314400e-01
9.499922231090629499e-01
9.939242081590823341e-01
9.926039003654345549e-01
9.726098913737671880e-01
9.880855810738592426e-01
9.982538130442332180e-01
9.806949186186737499e-01
9.634191925280021218e-01
9.800294459206045916e-01
9.610595466039764112e-01
9.831126375204225498e-01
9.704848450165857177e-01
9.702289748867420904e-01
9.729155624546984571e-01
9.877019356894591873e-01
9.912725333422238716e-01
9.720176619576190724e-01
9.787371935138637902e-01
9.657155712546984239e-01
9.824586774580992277e-01
9.946076062354208824e-01
9.857698170658647507e-01
9.791933258764158321e-01
9.739554812487445368e-01
9.822961669935198481e-01
9.843142027997396903e-01
9.689321388112641653e-01
9.569008560556997445e-01
9.735803499790360860e-01
9.935270549280302843e-01
9.544134178781717992e-01
9.652696189440753693e-01
9.714064248883705899e-01
9.831603886215120047e-01
9.726224482740712940e-01
9.930084509173114915e-01
9.535891256946326111e-01
9.637776812190220754e-01
9.743740761827449637e-01
9.923435344262995228e-01
9.799662137276101692e-01
9.899862712821012600e-01
9.911600075287960721e-01
9.809867291015856861e-01
9.879659116211969572e-01
9.806378292842158340e-01
9.851405958573117294e-01
9.730263979580966449e-01
9.506658455580705436e-01
9.630378209151787550e-01
9.873292292906428180e-01
9.844497021670052250e-01
9.529707167224010789e-01
9.811078808075168745e-01
9.707471964140361731e-01
9.789274380349407556e-01
9.669421135248343901e-01
9.783246264257831060e-01
1.001464082669178302e+00
9.851082787367080318e-01
9.537527334710207416e-01
9.967119551649057385e-01
9.568314992820181608e-01
9.880219618939830584e-01
9.849169221899278792e-01
9.795423074822063869e-01
9.988055214931697012e-01
9.767960598550009532e-01
9.649746984659693938e-01
9.810768215287618554e-01
9.598234430255753180e-01
9.922939158736359122e-01
9.565440118642085654e-01
9.835406881840245141e-01
9.694872130962132184e-01
9.965355484095503869e-01
9.792697251243346335e-01
9.793095807237987005e-01
9.816144351504099141e-01
9.760669035497711032e-01
9.903270201159919406e-01
9.857090962430709036e-01
9.547451049305072379e-01
9.923432109597953854e-01
9.868988261344530111e-01
9.871966770576219297e-01
9.914566347695477067e-01
9.860701429929100703e-01
9.821886053565711538e-01
9.655496937796175239e-01
9.825355862275976238e-01
9.784532293011305448e-01
9.678780441577949922e-01
9.735272919310243855e-01
9.796738588494520172e-01
9.643111159506801977e-01
9.715315562664688098e-01
9.937410232214265449e-01
9.875459216038141586e-01
9.375244509735555232e-01
1.002604339875415862e+00
9.964332453322948258e-01
9.892029042690620999e-01
1.000821448630025090e+00
9.818940052415068287e-01
9.861234182630422840e-01
9.492212425824284594e-01
9.739869275577315300e-01
9.756429338690824071e-01
9.609335122127593554e-01
9.957547255471859149e-01
9.894871444717517894e-01
9.723945235589648295e-01
9.854351925134756662e-01
9.862884315620533693e-01
9.948528238809698498e-01
9.429898257054230015e-01
9.804422954842408888e-01
9.862919548512066870e-01
9.832886928278423699e-01
9.782769113666119898e-01
9.896066148206335011e-01
9.915064329425145040e-01
9.843103667149327718e-01
9.755163127729098438e-01
9.874286874168107797e-01
9.717955073120458920e-01
9.854705066522626566e-01
9.844103520702163213e-01
9.934985346190581268e-01
9.517590973906244756e-01
9.800918353160927854e-01
9.697296758711263509e-01
9.500833395606818055e-01
9.394733966006831860e-01
1.007069482214882905e+00
9.985878094184722498e-01
9.767356794210619864e-01
9.673520449117125608e-01
9.880803076154200948e-01
9.707723584157942343e-01
9.888622324196174596e-01
9.833990924631471620e-01
9.796076290075752535e-01
9.499844221118320942e-01
9.535578384111508266e-01
9.500235942683545876e-01
9.830581806272002954e-01
9.728616401329369667e-01
9.764578932646851284e-01
9.741938601935443698e-01
9.661773737575629628e-01
9.732027542388670405e-01
9.819263397458172227e-01
9.944406191609599377e-01
9.796572121366287078e-01
9.685147745760103177e-01
9.856124129727098504e-01
9.325752777782906344e-01
9.724807450976478140e-01
9.474481688766517307e-01
9.822056574653291738e-01
9.882820525572371118e-01
9.512021698598616126e-01
9.600448508289421978e-01
9.723553430276751230e-01
9.688366212881829309e-01
9.868539501627909827e-01
9.612762042236633331e-01
9.863771326650150328e-01
9.508497770282621220e-01
9.940201225500996385e-01
9.603995971980719970e-01
9.895120610209305889e-01
9.843549229967659686e-01
9.663512042722681716e-01
9.621190399459925713e-01
9.722815873345994619e-01
9.968452933473914701e-01
9.879491799499461324e-01
9.842412486020144513e-01
9.640591699052241115e-01
9.908833253045040701e-01
9.949590093683285952e-01
9.699196973019547086e-01
9.824037885262819625e-01
9.802917521455862815e-01
9.903227320960588109e-01
9.804507388936815060e-01
9.792625397459010506e-01
9.826946895465280551e-01
9.874257515418232156e-01
9.693354045015629694e-01
9.868908896483662430e-01
9.684288422950610986e-01
9.862179713115936108e-01
9.626608179004032539e-01
9.340792874059352657e-01
9.793585023023663183e-01
9.819238562256363823e-01
9.922421030556067834e-01
9.555578347649736903e-01
9.852398430447362188e-01
9.818652710505682002e-01
9.566979739550277584e-01
9.853673468047977613e-01
9.870561117522992367e-01
9.799278233061711196e-01
9.532723022713579519e-01
9.658372452716869061e-01
9.583773699207666086e-01
9.910256120741943731e-01
9.674918420125118157e-01
9.592122645146929916e-01
9.874651191420403817e-01
9.515517727394433578e-01
9.741823085206055000e-01
9.711493879511187144e-01
9.866373703193412892e-01
9.902859863934923013e-01
9.893890383410998135e-01
9.920316156327599888e-01
9.871263646438067640e-01
9.956008377321210467e-01
9.876555656258519944e-01
9.818994981990316617e-01
9.335535176362925736e-01
9.829679142023276528e-01
9.529131928491477721e-01
9.860813142800012310e-01
9.790472976907413916e-01
9.720357490372660836e-01
9.924924718622085695e-01
9.717984630070632956e-01
9.788815402248058906e-01
9.794699575001452052e-01
9.823602661885323384e-01
9.692678787541429974e-01
9.983954689406705496e-01
9.916529815069400344e-01
9.772050774524715377e-01
9.890469868710503043e-01
9.725513110011156925e-01
9.949306104622734903e-01
9.825551527719774692e-01
9.480172977856040628e-01
9.751301479955755136e-01
9.621831222046196563e-01
9.919851073633627614e-01
9.500850792259150079e-01
9.827250096632919041e-01
9.666990784172931894e-01
9.828626857160484009e-01
9.794771282744730856e-01
9.820163251521241143e-01
9.677476681320729135e-01
9.853751762870057718e-01
9.924791953086765650e-01
9.651570338753285849e-01
9.731793508163828488e-01
9.874392464542363079e-01
9.780017686462540993e-01
9.525450829047494850e-01
9.679956304138825907e-01
9.870736682797009998e-01
9.886209781942474351e-01
9.823501957164559872e-01
9.823595064563395152e-01
9.898399373802811985e-01
9.689372309682022788e-01
9.752914268651573515e-01
9.595798916210471763e-01
9.868097207055074316e-01
9.675315243691968714e-01
9.744865117974962354e-01
9.711352553824116329e-01
9.828948532932535453e-01
9.916447635500955649e-01
9.745755771531134926e-01
9.825116609566586501e-01
9.749380823033111376e-01
9.341711022287559896e-01
9.772348145620356474e-01
9.653747666140020112e-01
9.907063934148688800e-01
9.756838710627216971e-01
9.688695737283680165e-01
9.863919566057005595e-01
9.816556249183792104e-01
9.746445637161412767e-01
9.653051752503664096e-01
9.661347085207996344e-01
9.829005586493745339e-01
9.812229821646000216e-01
9.742585528018782304e-01
9.845067014648990478e-01
9.765563810072159789e-01
9.774655138699339663e-01
9.678729814613405980e-01
9.925677382939158688e-01
9.815062090601436307e-01
9.922817718579007851e-01
9.884149427553655665e-01
9.730906899948156275e-01
9.810249134306378016e-01
9.811492767378430235e-01
9.858755712743542121e-01
9.970614434517200975e-01
9.791668388188301542e-01
9.837628731677517946e-01
9.859721405352783741e-01
9.742524336560873799e-01
9.608379050479674000e-01
9.709020662354322928e-01
9.686688061081655254e-01
9.719225326648740504e-01
9.826973597735009225e-01
9.779701623617806927e-01
9.720191134811079214e-01
9.740961064765590871e-01
9.929166551657588879e-01
9.762624553494795299e-01
9.526564788467070111e-01
9.804388968408581650e-01
9.767123935614754338e-01
9.863785019340302052e-01
9.925014187846467051e-01
9.894804021570892116e-01
9.713529084324268315e-01
9.886544693185688182e-01
9.816316130143826202e-01
9.845420162808160569e-01
9.695823466342917696e-01
9.821449566849979051e-01
9.703150457266960238e-01
9.672209070313101398e-01
9.712535090900890067e-01
9.936052323875733672e-01
9.697752975850590929e-01
9.688375399291598855e-01
9.902952480479172426e-01
9.756520542457240985e-01
9.643475896845309370e-01
9.498353006696864664e-01
9.889252284325060760e-01
9.757261898593639904e-01
9.590509515454248568e-01
9.953983929232926853e-01
9.722204273703989319e-01
9.873303144882163984e-01
9.639547183916995499e-01
9.875181479128801731e-01
9.889399302727862606e-01
9.885166199186636860e-01
9.810991859867441711e-01
9.869592106678837240e-01
9.859021677506261128e-01
9.645765607013162546e-01
9.946906938943869125e-01
9.950093962103424561e-01
9.854380867700472946e-01
9.827209391264772886e-01
9.850412061510610551e-01
9.855712529631428520e-01
9.883803609763136544e-01
9.719408705127629000e-01
9.878477505418598037e-01
9.752738152558593221e-01
9.850683318551920475e-01
9.634752930857305442e-01
9.902618881032447806e-01
9.858443279227381284e-01
9.697341581743810224e-01
9.393776596368885734e-01
9.815619497228305068e-01
9.746849589508821410e-01
9.653200626501107218e-01
9.873996845029940905e-01
9.727042609671386897e-01
9.688464638326265144e-01
9.848899274722591191e-01
9.738966779664860463e-01
9.858604492325526714e-01
9.879736152372148306e-01
9.444887088355445881e-01
9.747324668353659627e-01
9.558640437028633752e-01
9.873399579876483978e-01
9.861314351931115274e-01
9.843829963812107398e-01
9.889816723597637527e-01
9.861080777415925924e-01
9.817888250486734858e-01
9.806977845364829305e-01
9.911002684286661646e-01
9.899438474842623403e-01
9.987940747207271208e-01
9.835767824108898605e-01
9.812096790954223380e-01
9.616970059037440732e-01
9.788318143526305581e-01
9.868787226947860480e-01
9.872042990987568434e-01
9.720494550572461590e-01
9.771939429005690458e-01
9.821252742450131690e-01
9.897792593236732772e-01
9.857398069049987388e-01
9.838799961023824148e-01
9.936412122507453093e-01
9.881000913376325467e-01
9.479443737341446408e-01
9.740142341789550517e-01
9.859312525360813817e-01
9.453907044947175153e-01
9.862671474997589671e-01
9.870607674438934831e-01
9.575484262544399217e-01
9.786219917821988856e-01
9.738046733596211757e-01
9.657387916191472188e-01
9.890336056576758406e-01
9.779902819286449001e-01
9.677915972921455889e-01
1.004883159541603233e+00
9.948538574933095679e-01
9.854676546768416090e-01
9.555804412924057134e-01
9.890031401410831480e-01
9.734295317408443449e-01
9.737158118957383035e-01
9.767056811593511911e-01
9.842759815099733078e-01
9.783131917529308552e-01
9.887650038491077042e-01
9.427694387691847311e-01
9.921077285214051633e-01
9.608113622898282191e-01
9.871575882231407029e-01
9.538898569602555222e-01
9.891540502071263230e-01
9.865123684842981300e-01
9.931495456779295683e-01
9.742169437353469519e-01
9.852432242580085875e-01
9.831267281828908189e-01
9.805868537141415597e-01
9.601277485558892266e-01
9.730294073009894129e-01
9.736785256037449043e-01
9.886614975899609137e-01
9.755244175573767329e-01
9.789066972875979378e-01
9.846597790402629169e-01
9.743468062836843080e-01
9.991610433677016179e-01
9.586988846220246829e-01
9.872543208520659919e-01
9.952830195512606393e-01
9.605176441322452741e-01
9.802156150030902904e-01
9.751664734256464406e-01
9.774978968058134488e-01
9.856528257573514695e-01
9.747084205423431902e-01
9.886808676674678775e-01
9.866419981741403333e-01
9.699165946699939145e-01
9.866111427555316338e-01
9.559980278559269129e-01
9.564483162687753559e-01
9.903314375044072193e-01
9.627693824127746547e-01
9.906328321118709201e-01
9.642255211191965714e-01
9.782393882785098693e-01
9.934372232035441064e-01
9.569084558634848303e-01
9.908279587756853024e-01
9.792088771320335283e-01
9.865586334280388447e-01
9.729264661859607921e-01
9.820654608987313683e-01
9.551686532357674952e-01
9.887008151640068743e-01
9.863615917399262134e-01
9.715534763253831363e-01
9.888408984067722507e-01
9.983514912556326060e-01
9.735454113449054647e-01
9.815042843572457931e-01
9.906650723797373326e-01
9.930227249617236129e-01
9.606906760325985006e-01
9.960156253838609031e-01
9.480359498664003848e-01
9.805503254609013730e-01
9.686290921738754944e-01
9.821432876384584842e-01
9.796695882786697895e-01
1.004787956373675906e+00
9.684120579630468573e-01
9.781505065953536304e-01
9.670809408688796349e-01
9.869326327420254730e-01
9.967693013656662160e-01
9.769995173624600460e-01
9.892529042804703021e-01
9.704495402743624766e-01
9.796933790827350164e-01
9.854446930771897373e-01
9.874978565442734668e-01
9.810754270449622005e-01
9.970329741427739201e-01
1.002653831415154295e+00
9.926065177700384989e-01
9.839256923771713126e-01
9.897075471635770061e-01
9.740274619940406664e-01
9.758136310259890589e-01
9.882310620902380327e-01
9.892589953800401403e-01
9.919170762474326386e-01
9.977376769956405322e-01
9.687709728851180424e-01
9.662616042045755194e-01
9.969780774519543254e-01
9.870941731508022787e-01
9.896209481793145635e-01
9.797936641006611547e-01
9.800634724594459168e-01
9.806786996049650096e-01
9.934217734199126681e-01
9.856887360938271225e-01
9.925162275231558251e-01
9.871881035935732296e-01
9.848618518338388972e-01
9.680532807795927397e-01
9.813680544933872651e-01
9.869063033678193708e-01
9.701737161170307377e-01
9.752297476269159437e-01
9.850920727962430012e-01
9.629409078978810044e-01
9.606574590791646662e-01
9.713978832617862214e-01
9.805117738576248909e-01
9.795180437970782972e-01
9.721232644429954606e-01
9.804886602812278307e-01
9.632452272330979115e-01
9.854678959761745682e-01
9.791532041682403653e-01
9.762835169604208163e-01
9.753292915669867780e-01
9.918519800063776426e-01
9.787359392626989729e-01
9.589373304013828481e-01
9.750246283477151943e-01
9.903413437023024235e-01
9.500054393307316714e-01
9.801374792039664330e-01
9.734821002164097958e-01
9.962022453970875713e-01
9.916686991383174554e-01
9.698403203002969875e-01
9.921368444493131600e-01
9.672474550279541727e-01
9.918811832056217970e-01
9.761599798843284548e-01
1.002030307129061715e+00
9.636402487880283418e-01
9.787695612480421525e-01
9.888924435149988312e-01
9.650819754634972769e-01
9.969901382757230257e-01
9.925728296824927188e-01
9.784650216946428891e-01
9.848273470926972584e-01
9.703686937983724281e-01
9.424612994179983883e-01
9.797821031393779689e-01
9.520553511005653835e-01
9.894388610397735206e-01
9.842154055894803966e-01
9.837242968475672367e-01
9.548920019339658394e-01
9.577244446864716654e-01
9.613243466712116936e-01
9.786165917376161705e-01
9.748778529868912246e-01
9.754317563523279278e-01
9.320511278139919087e-01
9.818494139781145380e-01
1.001129932967791403e+00
9.891786358399462520e-01
9.624487901258018674e-01
9.740492679292812594e-01
9.862886926306092539e-01
9.916352310565927919e-01
9.749002928406875768e-01
9.753507631314342063e-01
9.894620241889607870e-01
9.701616268810202559e-01
9.557633094786454064e-01
9.898316596149971947e-01
9.844103858455373057e-01
9.636802391692242953e-01
9.869719688755610454e-01
9.418586687157922688e-01
9.872315193562968272e-01
9.834739353792592009e-01
1.016093321530967097e+00
9.813089121882460075e-01
9.858784469280346130e-01
9.739412813602357222e-01
9.542535757386946260e-01
9.820601118557767961e-01
9.806792742531659224e-01
1.013280411200122133e+00
9.939885755720164751e-01
9.961676292465585503e-01
9.828404152736366362e-01
9.821699241414505455e-01
9.623831992885975017e-01
9.732115210148442053e-01
9.923776358643652262e-01
9.663944130770785179e-01
9.694173288923857434e-01
9.411454433317284485e-01
9.747672765642402259e-01
9.914907665731840236e-01
9.846120279273522513e-01
9.760569110158008321e-01
9.838074206736674432e-01
9.616325769186816474e-01
9.898828369115020287e-01
9.644451919166585618e-01
9.923870015896741892e-01
9.742392036246207976e-01
9.840862312164908587e-01
9.873457986627933725e-01
9.895901237316433452e-01
9.926857254273396824e-01
9.904506519591556035e-01
9.901441558726010728e-01
9.646642594679523119e-01
9.519623381582120736e-01
9.786286591232742360e-01
9.712919530050330152e-01
9.763963679722117428e-01
9.742657286855482823e-01
9.863945942544013468e-01
9.787795743295090167e-01
9.738763415581933591e-01
9.862732186665508216e-01
9.490647078315964658e-01
9.678994426054960964e-01
9.896144743562618196e-01
9.868775037083372670e-01
9.763375720955511650e-01
9.831956344237022805e-01
9.895657259885645152e-01
9.681961297691439317e-01
9.767779603260918764e-01
9.770677978765579530e-01
9.791850244168049944e-01
9.530985785066873328e-01
9.851447276654016205e-01
9.661571026442257182e-01
9.590778367412812200e-01
9.553528377011307748e-01
9.835306542530988239e-01
9.758613731218087617e-01
9.779410098080332236e-01
9.736250548427018980e-01
9.666779481139951002e-01
9.862422853463961303e-01
9.817485704441508698e-01
9.864727855671394652e-01
9.851184050025111327e-01
9.589446701123605088e-01
9.685493327144105713e-01
9.948498531610852069e-01
9.641973493769186998e-01
9.952664746237768201e-01
9.952095372495428638e-01
9.918943457434561406e-01
9.914136088882166131e-01
9.762489415364845602e-01
9.714648009438640042e-01
9.890462492002980444e-01
9.826053249343812412e-01
9.663772177330071100e-01
9.636713734939900133e-01
9.753527034665153694e-01
9.837827459998376156e-01
9.901251892192067805e-01
9.777177850018773375e-01
9.874352341341841033e-01
9.731121214425828558e-01
9.888335434375352673e-01
9.716354585607221983e-01
9.885024903859792600e-01
9.731023571142725093e-01
9.887994947029922210e-01
9.744801729698189252e-01
9.706708317590895252e-01
9.642764361665489004e-01
9.802023513871103155e-01
9.735024969780075033e-01
9.815443010867517248e-01
9.609964146332025114e-01
9.856668067748366457e-01
9.843208993979734034e-01
9.766524017854572026e-01
9.889480833772367196e-01
9.856205963630088052e-01
9.834830779540871815e-01
9.763067221518114680e-01
9.718081291492793872e-01
9.485358162193081588e-01
9.709689083258056241e-01
9.805091419720823875e-01
9.646088453779435579e-01
9.778361275044289425e-01
9.797259273381403455e-01
9.906323945955404220e-01
9.625138540915907370e-01
9.698034698067551362e-01
9.984196722611973218e-01
9.683171791003738482e-01
9.824548971488640259e-01
9.735559233902876253e-01
9.937311248169905520e-01
9.851851022235631472e-01
9.908829825890085319e-01
9.683919608825253267e-01
9.772497113259545065e-01
9.678268510234810940e-01
9.816740436502087164e-01
9.759805319550342029e-01
9.903828078944485469e-01
9.807217575384147290e-01
9.946720697688077317e-01
9.783946217387688993e-01
9.631493262990197257e-01
9.859945703340518008e-01
9.715793130678297418e-01
9.848070620300716227e-01
9.809459108933518134e-01
9.816727974475069063e-01
9.832503466104722811e-01
9.849026576573771674e-01
9.736305948354664341e-01
9.679324911505048368e-01
9.903070163719273067e-01
9.807109876023870632e-01
9.768285740312969700e-01
9.795391947574813019e-01
9.472782206517696979e-01
9.840298569703298526e-01
9.694668919266876683e-01
9.893641530603648482e-01
9.839944593634454284e-01
9.897429673217302826e-01
9.742727996537280388e-01
9.901647349600635195e-01
9.838346923426041224e-01
9.889273539910633515e-01
9.823795419545200414e-01
9.798657473453351585e-01
9.831126243071082182e-01
9.900481701418245573e-01
9.917863855582054189e-01
9.677519852899627573e-01
9.923821247991062577e-01
9.793144178111924392e-01
9.900767897908688830e-01
9.679967935744042684e-01
9.637836202929669360e-01
9.800775101776888487e-01
9.833895869718835003e-01
9.915081050423791842e-01
9.856656726403261182e-01
9.444707690532182509e-01
9.937126963824490788e-01
9.663373213979805643e-01
9.778089867004060576e-01
9.828766432494799865e-01
9.840231731701231110e-01
9.870172825416495543e-01
9.771541395655460871e-01
9.732143089695636240e-01
9.457268686767320576e-01
9.906156962857021187e-01
9.769493529335347981e-01
9.812627571418699457e-01
9.890749749289755588e-01
1.010563438088363464e+00
9.972816136986430990e-01
1.002712882530834460e+00
9.585650201697450967e-01
9.584469330044113056e-01
9.640674764266713437e-01
9.657998530390943248e-01
9.797992503461276925e-01
9.625298339993562102e-01
9.922267675001730236e-01
9.767323758389254706e-01
9.630921827050525907e-01
9.351376785097773592e-01
9.920202306821380711e-01
1.000367693981579098e+00
9.939541043452827518e-01
9.875175317796670571e-01
9.621060837659766163e-01
9.865006759266277125e-01
9.619849473044955745e-01
9.952355590473671576e-01
9.950632272160809810e-01
9.969588754859360913e-01
9.726219175596986233e-01
9.879200324586085991e-01
9.497894331006422330e-01
9.751451638676281730e-01
9.926425610782915188e-01
9.778438160648686983e-01
9.876669494598742105e-01
9.767789869378390444e-01
9.740977364378154979e-01
9.755832278929460477e-01
9.782687150196625048e-01
9.864693049401184188e-01
9.933738043876612078e-01
9.946637193426401957e-01
9.721421712401731030e-01
9.657136889922699474e-01
1.002927665535945367e+00
9.893016708372561752e-01
9.714668069598298983e-01
9.794162920325605315e-01
9.876240713949165917e-01
9.715092548689193697e-01
9.940221753740071664e-01
9.903381679988904063e-01
9.894293115965322460e-01
9.808375441843485421e-01
9.675978200137583807e-01
9.604266107100464245e-01
9.899887165898981767e-01
9.928565893300804746e-01
9.726601989904193335e-01
9.878923615953387749e-01
9.897369412141930889e-01
9.801712703024988427e-01
9.890218479571798449e-01
9.880282317438998652e-01
9.891053207368066813e-01
9.892500590517880887e-01
9.886935734462469760e-01
9.664612976444251213e-01
9.942357976731381886e-01
9.795193118693722445e-01
9.753098885494809744e-01
9.748379201812199524e-01
9.800708353309502963e-01
1.005170606820437129e+00
9.713430804531466567e-01
9.769475656907037342e-01
9.659240596882360252e-01
9.725911811939761398e-01
9.783842836823769540e-01
9.842175735928677671e-01
9.867761263300101060e-01
9.752842346738479495e-01
9.899104421851837587e-01
9.887658437838905412e-01
9.894790914615986255e-01
9.158057029406385663e-01
9.830359016315179943e-01
9.846919817260540997e-01
9.641522641362596513e-01
9.871031281093793908e-01
9.834518652232218106e-01
9.872693897855827627e-01
9.836082502900652669e-01
9.909339457452304156e-01
9.629295690231858273e-01
9.831609210917682251e-01
9.877808784809327669e-01
9.767191863880581026e-01
9.871807781421633177e-01
9.876560530164039120e-01
9.881848780850064351e-01
9.849915699414883985e-01
9.815347732338084441e-01
9.899109895306397178e-01
9.742414072352528764e-01
9.887848790370917795e-01
9.607878416350900119e-01
9.894445830894139648e-01
9.841620886128035206e-01
9.724202120988569842e-01
9.843716816197524144e-01
9.733441943660126050e-01
9.537575408218108564e-01
9.942802752007149358e-01
9.839391913838630987e-01
9.773402729780956699e-01
9.742551381091441032e-01
9.751572867528821575e-01
9.805806826285776712e-01
9.812555475414934669e-01
9.841403623621368668e-01
9.834504162065860200e-01
9.791689656633466576e-01
9.771465904703297012e-01
9.740573530020174564e-01
9.807605838855212310e-01
9.762225637722189431e-01
9.689558350443975288e-01
9.695751128453213852e-01
9.692390550530366466e-01
9.806970097583893597e-01
9.749331316388062385e-01
9.690696567972714170e-01
9.830087037379316994e-01
9.938134342730150506e-01
9.683730519674857984e-01
9.777411086305605181e-01
9.877768283415778727e-01
9.718783008912984522e-01
9.881538264206468636e-01
9.699815767393341615e-01
9.798593631036128793e-01
9.801158854335071391e-01
9.771665022562215919e-01
9.779691649926464114e-01
9.747910763826399538e-01
9.767404312055015803e-01
9.361571383777773647e-01
9.725033834671673594e-01
9.758998053252907479e-01
9.575114660872054984e-01
9.761696923663722991e-01
9.569662230406461578e-01
9.858450579848768713e-01
9.918951887330595962e-01
9.831649095360116553e-01
9.383929700508282234e-01
9.692000528757724886e-01
9.920854341121873032e-01
9.946124444124255781e-01
1.000296038731510073e+00
1.003260955136614507e+00
9.733257347983738095e-01
9.788485393848310734e-01
9.922487974514049291e-01
9.665671307681070745e-01
9.898674252280403874e-01
9.666365980483067055e-01
9.874134872112529937e-01
9.704512995260883290e-01
9.574175674225157140e-01
9.840167341442916937e-01
9.686666745450508431e-01
9.749317551067221421e-01
9.813208173629582864e-01
1.006353247682777896e+00
9.645865547019069064e-01
9.627581620459836342e-01
9.364796472290269902e-01
9.757183667574447217e-01
9.736407459709447432e-01
9.864700460902130486e-01
9.703990042355967738e-01
9.884141002762745210e-01
9.781030600776466910e-01
9.838794438384490526e-01
9.748076718685305675e-01
9.827945059655150972e-01
9.951139600609891778e-01
9.838781175744268914e-01
9.797003479384095437e-01
9.782246747362487449e-01
9.616849641436233664e-01
9.703109883752498721e-01
9.821440195713775356e-01
9.453018335803622385e-01
9.748854983679763331e-01
9.978921224414349922e-01
9.752857897505737839e-01
9.636543630938654292e-01
9.368330296243545519e-01
9.828506514382584491e-01
9.715582710758290386e-01
9.785111170535487624e-01
9.768696034094334069e-01
9.903984459084261838e-01
9.817422897675635030e-01
9.947581378953888054e-01
9.595902392817159399e-01
9.505706690921288393e-01
9.776112550227610276e-01
9.982077555319955886e-01
9.828997295898044273e-01
9.575102539313898875e-01
9.862525839879574541e-01
9.790245506211595616e-01
9.958934435933858298e-01
9.793706324840195654e-01
9.868696460942262272e-01
9.791401862049039506e-01
9.309822727365004713e-01
9.881571298295809269e-01
9.815435320668312036e-01
9.819994424532429989e-01
9.856617996719546637e-01
9.829420281608275412e-01
9.825556407579645324e-01
9.743460314288765467e-01
9.756786916293904710e-01
9.886796321876005766e-01
9.765345450169879982e-01
9.816024548705228892e-01
9.885007626685230475e-01
9.881454328742041993e-01
9.865444661446660657e-01
9.969549745890576853e-01
9.555752499176436432e-01
9.590081992847726555e-01
9.829204913993858650e-01
9.994112084287151143e-01
9.880186788978040369e-01
9.623883257915103462e-01
9.761161031669753907e-01
9.601122045740592137e-01
9.796468976379092419e-01
9.876856346837681322e-01
9.825015644155467021e-01
9.937145438049256319e-01
9.931704250590810412e-01
9.743530976504802821e-01
9.715479523174782583e-01
9.640687813321590083e-01
9.721361444511070760e-01
9.877503478666930237e-01
9.843139666248237329e-01
9.822797331543581256e-01
9.677726330730456183e-01
9.815028604190623174e-01
9.810487638693716761e-01
9.838082975530528795e-01
9.970332819457261575e-01
9.909550116534286968e-01
9.672043588401161296e-01
9.588427899087644812e-01
9.709600588025965040e-01
9.866856155769065939e-01
9.692873218893518494e-01
9.434420367311631139e-01
9.666477286656475210e-01
9.846947212852938947e-01
9.657993294028837106e-01
9.918944651729439954e-01
9.985539346940519589e-01
9.883883389723141510e-01
9.723247103811117897e-01
1.015549757112042650e+00
9.776962738145120735e-01
9.676456677214203550e-01
9.737617452138040974e-01
9.881623321612083011e-01
9.744650359232276404e-01
9.773513117597433242e-01
9.838844170534790656e-01
9.701072228316929280e-01
9.763711101639690471e-01
9.805915744607129891e-01
9.658847781983881386e-01
9.905241168103714466e-01
9.762273996487722538e-01
9.606558260239926872e-01
9.820238913995239516e-01
9.878538909716617633e-01
9.845380693817230577e-01
9.924353288826919250e-01
9.926198717950037720e-01
9.801478695460135171e-01
9.874802422842215988e-01
9.876706354184836556e-01
9.686282483648953612e-01
9.889727675333280787e-01
9.968510590710566444e-01
9.686301619185100353e-01
9.859790018877896411e-01
9.624707498109510428e-01
9.808464716215619106e-01
9.794751370999768003e-01
9.801741843307992808e-01
9.962991916567972561e-01
9.844683602092779706e-01
9.840998295612298774e-01
9.888173711905912100e-01
9.835055221863424624e-01
9.871587057940354182e-01
9.903896060775851939e-01
9.708986327164890184e-01
9.646889097651487610e-01
9.685045355429640068e-01
9.874030142015879363e-01
9.665326223744611367e-01
9.717245154488247660e-01
9.830858811061399249e-01
9.902864410335630030e-01
9.838901219711975177e-01
9.569127180184855419e-01
9.582962942477631918e-01
9.792553858184857019e-01
9.964735092554292128e-01
9.793217763930152087e-01
9.846185035600776292e-01
9.892967242171137876e-01
9.768766891852610490e-01
9.972981364831556839e-01
9.779290161950214832e-01
9.913704785817493148e-01
9.699616949020661849e-01
9.767580926726379120e-01
9.797307029332658068e-01
9.811985367792144253e-01
9.732723323534301363e-01
9.917038634807814335e-01
9.869207422106678340e-01
9.876983526509297562e-01
9.832985331522374750e-01
9.793785370811185498e-01
9.798106307397481674e-01
9.854361054853022495e-01
9.889131352653155460e-01
9.830615409874425836e-01
9.661236877930600153e-01
9.731224607944836125e-01
9.694175929965020977e-01
9.890974279456742346e-01
9.664981611179886967e-01
9.786794981421939044e-01
9.784034865766423339e-01
9.606427980052473226e-01
9.458412214043312449e-01
9.643702145114296798e-01
9.873437814090166853e-01
9.806829055443032628e-01
9.861827895605420613e-01
9.800812910092064900e-01
9.849576290531513179e-01
9.861528475595662258e-01
9.790639828601113148e-01
9.804537014814261875e-01
9.863915067308257623e-01
9.801884416853944293e-01
9.865128446364626047e-01
9.806199768826067142e-01
9.745258416638002963e-01
9.819998502127847972e-01
9.421511991256594776e-01
1.008151169643941802e+00
9.616213187660350714e-01
9.937604337184713366e-01
9.835695419861990585e-01
9.925725407779774079e-01
9.896377644137153151e-01
9.662460674909352232e-01
9.925836889106640637e-01
9.917474737661962081e-01
9.924628514999621620e-01
9.761284032348904738e-01
9.881532254739815446e-01
9.830165663877061810e-01
9.618032779451979319e-01
9.907007089477595230e-01
9.733304728143121753e-01
9.663207291672021304e-01
9.864119759333147552e-01
9.835735654283198626e-01
9.797906894695367352e-01
9.816144850915820008e-01
9.625273437351998806e-01
9.816971790579726020e-01
1.003479380545478472e+00
9.857476370183871905e-01
9.720871566068970404e-01
9.818148580123281510e-01
9.779475225401949023e-01
9.682804259706105920e-01
9.988508580688704175e-01
9.764836756378317828e-01
9.679606628169780125e-01
9.320548576991489753e-01
9.869761630889762882e-01
9.908577762417690726e-01
9.675428718780473281e-01
9.845369667894064980e-01
9.751460485085705621e-01
1.015311419420535932e+00
9.894010166088353930e-01
9.562860336897301972e-01
9.759072946182854036e-01
9.885914023509085879e-01
9.936588433919616437e-01
9.857493173570497369e-01
9.829200007056119182e-01
9.473295400439271097e-01
9.944834446144933393e-01
9.642431405685419898e-01
9.556062146958289594e-01
9.877129405860520794e-01
9.822539457516685779e-01
9.648103656241030501e-01
9.601574439448359310e-01
9.898456459805377028e-01
9.601701902994146387e-01
9.941031499146693040e-01
9.606069842325342112e-01
9.806424004670811767e-01
9.824334281610331843e-01
9.742541134339435249e-01
9.831192487964438564e-01
9.766149810515506458e-01
9.835774229464037122e-01
9.447210686217085707e-01
9.828033528336145297e-01
9.776616410642288146e-01
9.851372827505382457e-01
9.890493648658962300e-01
9.839295466397139922e-01
9.731050597233718014e-01
9.902944050755663197e-01
9.787518487588185989e-01
9.788524336841714080e-01
9.739443821498229292e-01
9.864850025665224953e-01
9.722715214364883174e-01
9.924513048456155007e-01
9.730957747801535218e-01
9.523863249544517462e-01
9.847205247061816547e-01
9.807332970884037326e-01
9.770532697062388472e-01
9.595979947246089381e-01
9.885856720416447141e-01
9.933110620673506475e-01
9.699283441913830739e-01
9.664846067816467157e-01
9.853696103777638271e-01
9.773786118051052130e-01
9.788839870894484596e-01
9.742785311322175179e-01
9.793035614883557338e-01
9.766126018733647385e-01
9.840279814868123642e-01
9.826329874329501335e-01
9.882524040335287641e-01
9.794982811037933335e-01
9.756424275587558537e-01
9.878074508032352874e-01
9.457292378397936794e-01
9.756814438301993908e-01
1.006593550337987919e+00
9.496423051714891761e-01
9.751418086281069542e-01
9.447486934485245236e-01
9.683662902893246383e-01
9.909668640366455783e-01
9.601470357386652221e-01
9.960549716028347378e-01
9.675764973877718500e-01
9.953480934954725967e-01
9.671425204167289902e-01
9.756406808940893960e-01
9.619534530352626955e-01
9.751472547753365916e-01
9.985480158336225154e-01
9.792117414269890796e-01
9.722126000442409266e-01
9.926532511277136317e-01
9.806359636404388125e-01
9.711813007736024295e-01
9.528687770503195820e-01
9.838038089085658910e-01
9.971650050087390582e-01
1.003542127361458203e+00
9.558462555534108507e-01
9.777511670885251638e-01
9.832841582729270336e-01
9.974115047895887320e-01
9.686350408402538692e-01
9.804080102335513969e-01
9.595009905091986813e-01
9.723775793369122677e-01
9.825659076041373119e-01
9.684564667710082730e-01
9.925237192524779539e-01
9.852504118902895014e-01
9.679580520625402640e-01
9.621618884330709331e-01
9.918332443036069757e-01
9.589154820001222213e-01
9.873457765032548350e-01
9.892430489367517454e-01
9.956385221305672495e-01
9.836341297107422665e-01
9.864978266262769413e-01
9.845015511330388325e-01
9.882854885236345144e-01
9.601654477201576610e-01
9.628596276814541666e-01
9.854499913220383656e-01
9.782206125820643861e-01
9.967199250346487904e-01
9.576212190442324745e-01
9.822369348983871484e-01
9.553473669636233234e-01
9.415101988653858944e-01
9.967676668064697765e-01
9.935039665583610402e-01
9.722596101221856468e-01
9.920516567638634209e-01
9.712835475431773613e-01
9.471393684887827735e-01
9.967234967977955939e-01
9.823452968922455897e-01
9.930154138485943749e-01
9.955760210138868693e-01
9.650558757957012901e-01
9.739926123227782284e-01
9.760147043327824790e-01
9.856346030817626502e-01
9.837815935247189447e-01
9.833745086781903177e-01
9.575125171012222047e-01
9.670473459838472285e-01
9.643846018294381928e-01
9.887739990434037951e-01
9.809619923583514645e-01
9.555300759814990830e-01
9.822316207492244322e-01
9.521832252664718110e-01
9.838332285738518035e-01
9.836564295952795467e-01
9.795319117685604704e-01
9.643190559190558675e-01
9.752322895377990575e-01
9.673417294997396221e-01
9.673172111405388129e-01
9.618002618120683467e-01
1.004338293902987678e+00
9.861878530315754121e-01
9.813714730005115294e-01
9.576921902377945051e-01
9.868426176260656213e-01
9.483201239412153427e-01
9.819312675711376892e-01
9.701909081548337754e-01
9.584158009005586676e-01
9.604552151312397701e-01
9.873645136469321182e-01
9.639062519584941091e-01
9.731770378009855227e-01
9.836201306093134145e-01
9.794401460912859347e-01
9.835519789916377098e-01
9.733702748072244892e-01
9.604627334931326033e-01
9.872459318145152540e-01
9.951477165736840602e-01
9.657088581322188503e-01
9.878404569583042472e-01
9.765235800832513524e-01
9.430483832510970776e-01
9.805062377492741454e-01
9.904457162417010796e-01
9.802234168269301495e-01
9.748697067539835448e-01
9.954276046702658087e-01
9.702949607202145943e-01
9.917867011761641871e-01
9.901641949146986477e-01
9.878851542954908416e-01
9.858281770272611100e-01
9.671248054028607211e-01
9.827907365348665936e-01
9.799121260664525046e-01
9.835567746488261820e-01
9.896715105377263955e-01
9.923701758126426409e-01
9.714666337215126513e-01
9.926564120486492948e-01
9.721521804555862678e-01
9.912090345369048983e-01
9.758314238692438192e-01
9.787248044468260799e-01
9.640811281310948111e-01
9.843639833046420318e-01
9.569638378696441183e-01
9.768157012548202012e-01
9.812986957691859358e-01
9.788434236619931728e-01
9.823733641735898914e-01
9.807594241270600754e-01
9.830111928033805624e-01
9.643153824841510513e-01
9.691374390402376360e-01
9.876365903747986730e-01
9.820491912336213325e-01
9.836821308055297974e-01
9.876277871713013967e-01
9.904519752923856002e-01
9.820821815221699724e-01
9.919067042027062131e-01
9.877322693781785956e-01
9.897967442481585554e-01
9.808957016929041872e-01
9.883542457790625013e-01
9.788222898512574099e-01
9.964487939007095063e-01
9.799072904251073801e-01
9.708682897638043485e-01
9.680789955313753303e-01
9.741249456691422060e-01
9.897879574509930167e-01
9.762555947446431848e-01
9.703284580266287040e-01
9.862557103767285449e-01
9.913204109388480401e-01
9.812719701359927660e-01
9.862961422894717112e-01
9.831365282930686345e-01
9.533926715301267452e-01
9.628272860698452451e-01
9.946826724220670934e-01
9.642621106361862759e-01
9.857384339614286839e-01
9.875008076907991761e-01
9.875041506476950337e-01
9.887507538139476138e-01
9.996811778344519839e-01
9.907190390109273936e-01
9.635791068692953765e-01
9.782682564510942758e-01
9.772910516852451046e-01
9.902192194350988297e-01
9.817889448378727124e-01
9.859734676203490977e-01
9.650407453695246662e-01
9.884400657705879611e-01
9.544565476791887493e-01
1.000428221018609731e+00
9.927816554413323447e-01
9.756546680358079149e-01
9.694533452191286260e-01
9.762112972610941242e-01
9.690408836090186329e-01
9.887409579271384530e-01
9.741206642605770849e-01
9.606162197243904854e-01
9.888075108483829201e-01
9.781749024995918251e-01
9.871347525414221336e-01
9.952853698635530932e-01
9.810450714504230785e-01
1.001173768676672848e+00
9.797762437556392090e-01
9.593653838201287032e-01
9.260203214877050781e-01
9.901996501087357849e-01
9.839313121440365073e-01
9.702094126707364596e-01
9.946175628699198690e-01
9.863364106304409740e-01
9.886522917362021712e-01
9.695673021502383415e-01
9.805149495715744790e-01
9.863727492385383488e-01
9.750720160040633466e-01
9.681488738718447840e-01
9.703257071756006269e-01
9.917676901642644705e-01
9.585189460569499831e-01
9.931796790003459829e-01
9.574500543512446393e-01
9.840365779474281593e-01
9.787266733293129573e-01
9.838836655651804763e-01
1.004323767695177061e+00
9.735922025256209533e-01
9.309763062001682465e-01
9.600502289540729928e-01
9.995578956443352814e-01
9.878998039526473152e-01
9.469925110384566080e-01
9.639921138796490041e-01
9.605176976058474869e-01
9.846043296142862333e-01
9.814471356607781249e-01
9.751395247402281363e-01
9.719571151490244976e-01
9.561276550298118959e-01
9.891921826251329763e-01
9.643839006561270022e-01
9.810638497634358579e-01
9.842044325762633328e-01
9.782676721203353853e-01
9.566652676483242690e-01
9.820010629172705174e-01
9.812630514617939337e-01
9.761867674283599694e-01
9.802935120726604667e-01
9.615054813012053891e-01
9.737060466812699211e-01
9.886477606528543127e-01
9.758960595986471143e-01
9.622105611009889037e-01
9.929178056977867595e-01
9.837582465176514246e-01
9.870583578423129945e-01
9.665349842661931090e-01
9.850871379987675702e-01
9.619552332671491568e-01
9.945394288789054515e-01
9.689551591354661486e-01
1.001227605259350506e+00
9.651206203874570511e-01
9.897681611077548958e-01
9.899433049172434718e-01
9.847144637829965408e-01
9.757100166284574660e-01
9.926847669050719025e-01
9.842732195886166879e-01
1.004496500007905802e+00
9.821269880390534057e-01
9.646829068421189923e-01
9.785108208770627591e-01
9.837800724393710450e-01
9.822764861787314228e-01
9.869662287064273620e-01
9.852495858470172729e-01
9.845102695672721671e-01
9.697670929798498651e-01
9.931573321044225855e-01
9.721061634986535305e-01
9.605329360939410810e-01
9.763517764493652162e-01
9.816553717153196912e-01
9.684679444417186867e-01
9.808767338160750970e-01
9.918661596849994710e-01
1.005255550328176817e+00
9.866016548551143073e-01
9.881705176284028003e-01
9.883163428070896872e-01
9.547015270374203944e-01
9.983494824714138627e-01
9.938731000588154618e-01
9.802134996395919231e-01
1.011389179304911679e+00
1.002907732726119994e+00
9.828752581513346964e-01
9.901425188026681257e-01
9.856310004160429017e-01
9.874482619067214140e-01
9.985271027348073813e-01
9.737945087139985301e-01
9.578793306652261252e-01
9.920525431841125119e-01
9.384197630182983252e-01
9.794743824398038923e-01
9.781278718337372835e-01
9.623430855474667256e-01
9.776997928772652724e-01
9.700349885921834003e-01
9.700059172261168428e-01
9.925800519607609340e-01
9.743534347771328763e-01
9.860107671970458343e-01
9.777100717149749265e-01
9.950603590738127391e-01
9.871312757915415848e-01
9.917973646956999012e-01
9.590178488453657835e-01
9.538579322566300700e-01
9.610177229409951893e-01
9.878911510186451084e-01
9.922197925368917426e-01
9.872898344992615538e-01
9.759549712569604019e-01
9.913775478070808722e-01
9.536180016568350792e-01
9.789174550862338453e-01
9.872380196130599028e-01
9.638696589922606250e-01
9.851135859004646056e-01
9.874066555902555331e-01
9.423899605519421296e-01
9.659638735337341409e-01
9.660832955471462258e-01
9.898963976297383560e-01
9.716634507873389559e-01
9.619963214340793156e-01
9.720699759726568745e-01
9.873683934104643400e-01
9.882408223076999398e-01
9.886487488116768585e-01
9.824817348390765259e-01
9.849166542098199972e-01
9.663193967232067694e-01
9.344792636142261744e-01
9.905154570804672876e-01
9.820131531094812294e-01
9.840552093157215463e-01
9.612081516902674094e-01
9.820027595380583785e-01
9.931698510513145006e-01
9.898730354751535954e-01
9.579010203599613860e-01
9.727910400570853877e-01
9.824072262171013037e-01
9.949680300625689533e-01
9.903663126000944450e-01
9.820406503093994655e-01
9.685448595607023536e-01
9.844657238040338543e-01
9.852458287718628416e-01
9.683548703021145343e-01
9.795291754567083675e-01
9.713212258963999091e-01
9.915774481172108246e-01
9.851400799686507170e-01
9.874011056479595760e-01
9.806173529162274249e-01
9.819303389358370326e-01
9.847986038307645629e-01
9.839021420617364289e-01
9.935853415690955037e-01
9.749953447016491692e-01
9.634450904185033471e-01
9.844362650979729956e-01
9.869409963255145746e-01
9.787708517236058947e-01
9.601036187205757022e-01
9.724236313508692886e-01
9.865117126958304894e-01
9.900144979673244361e-01
9.969713485208101522e-01
9.991012923485816932e-01
9.855066836631610760e-01
9.599825225573255238e-01
9.941274547639541437e-01
9.806677635304649199e-01
9.923714314613947263e-01
9.794276740529249681e-01
9.745011088217224726e-01
9.907866586399152187e-01
9.763904330589668890e-01
9.699633575524296836e-01
9.908818237437908572e-01
9.829117253110308816e-01
9.371094457279439682e-01
9.798256524744681784e-01
9.295421248602062647e-01
9.716490201005462124e-01
9.763056439363152483e-01
9.831750231373476145e-01
9.873700192308098034e-01
9.869930992363017408e-01
9.840115564182508878e-01
9.719152333413165756e-01
9.957036315844387531e-01
9.951005805262459480e-01
9.986491985693749518e-01
9.863862677133656831e-01
9.773354844921324780e-01
9.659813122899595372e-01
9.807531471236913267e-01
9.862058189365050520e-01
9.952565499178829267e-01
9.916982299637258080e-01
9.626148806250378609e-01
9.701717926453062857e-01
9.845693435366944524e-01
9.945664162052935131e-01
9.944105458684004972e-01
9.898141759880104695e-01
9.836989717320266946e-01
9.707765442311594439e-01
9.693578604942045818e-01
9.927332593693122265e-01
9.671834878984975070e-01
9.842409241132671349e-01
9.678099221930526186e-01
9.918898712409808249e-01
9.928700075207793629e-01
9.961633869029227206e-01
9.787352046226572844e-01
9.832636324331108790e-01
1.001048977796560768e+00
9.821187595581614138e-01
9.451506914497891376e-01
9.816775794828079826e-01
9.854284631388614546e-01
9.928148854575001847e-01
9.688551425992215638e-01
9.810285336009573198e-01
9.960762606582322931e-01
9.742489548924994081e-01
9.853748802395810857e-01
1.000726937154247320e+00
9.878982068847889098e-01
9.535989118518706231e-01
9.762411928914662695e-01
9.631047970885658893e-01
9.914797640536728851e-01
9.723976202845120431e-01
9.734123922524088313e-01
9.906281075688045945e-01
9.733185604227503340e-01
9.887373591165841136e-01
9.962748941010359793e-01
9.712042813059013069e-01
9.808242294530113980e-01
9.804249199668783055e-01
9.880286301937708515e-01
9.850251512992814762e-01
9.840935086456140679e-01
9.901475215910089389e-01
9.937858600196765035e-01
9.788090185913104202e-01
9.529783789619319379e-01
9.892626118649858746e-01
9.662273685156522740e-01
9.916284314735227534e-01
9.822850894104995234e-01
1.000213244598521678e+00
9.967346874536873180e-01
9.723674981416520202e-01
9.812451545310401091e-01
9.815528689130967877e-01
9.912845307594927435e-01
9.801519684897935791e-01
9.835812530789043162e-01
9.935295512250909011e-01
9.811303636826763652e-01
9.575785851404440274e-01
9.520669882505837789e-01
9.750789859801578530e-01
9.811580053496198328e-01
9.719826019105778370e-01
1.003483166560425799e+00
9.914185770929871966e-01
9.731139898829741508e-01
9.898822977691555947e-01
9.523186460739402337e-01
9.861307067747118182e-01
9.520765301888666210e-01
9.646724161254995877e-01
9.918953590087568051e-01
9.878103531925577219e-01
9.615682931631205355e-01
9.861347540786037369e-01
9.903401476036131079e-01
9.872804718462065976e-01
9.755057241958260406e-01
9.709062542004764929e-01
9.682683064447734633e-01
1.013000445280037187e+00
9.741036717843161163e-01
9.612626692122263616e-01
9.932821378249421240e-01
9.812629522576109542e-01
9.848096690965693067e-01
9.808827441609696551e-01
9.748465247697489788e-01
9.682480015317560529e-01
9.648190511917626999e-01
9.998073513376536381e-01
9.889434766849591885e-01
9.846961945973984331e-01
9.751314211269320742e-01
9.692814174328850951e-01
9.414454645018447421e-01
9.611170617391222581e-01
9.899335033366667425e-01
9.837027088049328238e-01
9.927663571264503384e-01
9.809705271654806102e-01
9.872113681017296027e-01
9.649054272937915844e-01
9.900038130902679701e-01
9.778118428743207691e-01
9.814373789843269247e-01
9.835800362947191289e-01
9.889633475330381618e-01
9.860718259478410408e-01
9.844587430777622661e-01
9.465510893517746771e-01
9.754024107051565418e-01
9.850451277616860679e-01
9.867048929838697635e-01
9.919042689876661489e-01
9.893861149164785429e-01
9.817244233694457645e-01
9.710006816722688283e-01
9.541984172461660529e-01
9.811761900291530170e-01
9.867517126356861734e-01
9.763844759665373241e-01
9.901091476949843706e-01
9.840770149141311318e-01
9.840510883198004821e-01
9.536122989185232823e-01
9.947221354844809627e-01
9.480258974787946213e-01
9.791299961646874328e-01
9.889040023056397954e-01
9.778334757752240591e-01
9.798974082308000710e-01
9.952820016018177895e-01
9.863091053159771526e-01
9.798634038038626093e-01
9.781152441106932827e-01
9.801034670831789697e-01
9.902647610264574407e-01
9.842889963716660029e-01
9.839173611958541565e-01
9.714855544017295674e-01
9.926755107946710899e-01
9.867809746007033533e-01
9.675157401846524730e-01
9.203405739483340176e-01
9.793116006836167786e-01
9.975166255708858287e-01
9.621129487278243797e-01
9.833193046488744038e-01
9.828238760957259679e-01
9.860314749494992759e-01
9.775372281913018435e-01
9.877400816996987354e-01
9.867991360688626035e-01
9.795110477711057584e-01
9.790711119673004559e-01
9.308813215338492819e-01
9.907587263822169588e-01
9.891517049735650824e-01
9.775845800321083523e-01
9.875026833878949306e-01
9.718555629306228072e-01
1.000237646858108453e+00
9.826821639565075373e-01
9.895421159855882776e-01
1.012648165187022498e+00
9.854171260690443024e-01
9.765962539382763152e-01
9.839497529925109731e-01
9.857632435772195612e-01
9.490512189267203969e-01
9.753856868907913036e-01
9.590777666104399746e-01
9.896758819817845776e-01
9.767505316069401422e-01
9.562830403351432196e-01
9.637592210134605653e-01
9.910909265053740036e-01
9.917654160235224170e-01
9.663056688185487353e-01
9.556074321874286071e-01
9.940035374708047211e-01
9.501812383749302926e-01
9.723576817385707338e-01
9.570186733537213719e-01
9.733718295430515699e-01
9.689784634533864516e-01
9.652340704987835140e-01
9.654718728121538529e-01
9.884875546055318374e-01
9.781607128224338865e-01
9.819032531458420365e-01
1.001540021451551743e+00
9.797235889027772204e-01
1.010792720142777545e+00
9.800032861901940562e-01
9.837545204571199742e-01
9.482338110926588071e-01
9.753499806796209759e-01
9.559012654959057054e-01
9.772729653185534548e-01
9.901421331988228269e-01
9.855852217927604242e-01
9.915162300061082234e-01
9.843981016218074087e-01
9.813846306320299639e-01
9.712658478700499920e-01
9.720826069803950586e-01
9.895151898596802331e-01
9.956116901507640060e-01
9.773834875031347513e-01
9.853830350575358832e-01
9.622422630666426224e-01
1.001175269518437716e+00
9.609989851588920384e-01
9.664741438316853950e-01
1.004057407768786714e+00
9.755405610749967593e-01
9.797039270090877050e-01
9.795583543417429873e-01
9.869013377490774008e-01
9.621848106958507119e-01
9.749680889629133151e-01
9.669756347749510761e-01
9.909434825076746112e-01
9.642926196739515232e-01
9.837609172506066590e-01
9.826046739614319181e-01
9.800660582863529591e-01
9.740698923754627092e-01
9.772889344065331940e-01
9.909140459228669151e-01
9.764096028609603461e-01
9.838013421572353590e-01
1.008875549118763315e+00
9.836619733276334987e-01
9.785105102579996217e-01
9.961504215777726712e-01
1.000908871914439002e+00
9.719122575882527260e-01
9.899900840791063805e-01
9.562630264333775720e-01
9.832344002865806010e-01
9.896406433836192340e-01
9.491054981858244588e-01
9.841002763295660927e-01
1.004051794567527578e+00
9.830037659189461152e-01
9.807261243614799895e-01
9.858374881676398305e-01
9.375443272241180681e-01
9.729928430064797018e-01
9.569664584364275806e-01
9.748451450902718696e-01
9.631073640074930831e-01
9.778529785256546702e-01
9.928246114595532523e-01
9.868056566514472605e-01
9.837310297929898750e-01
9.887255599949064111e-01
9.860776649327406274e-01
9.978571495495284216e-01
9.626715223019184364e-01
9.690075422948923878e-01
9.826400957314707085e-01
1.004355743395699774e+00
9.599540091310142520e-01
9.866303598667203190e-01
9.797546198390626460e-01
9.768321628939367063e-01
9.560258053629515640e-01
9.921412058608376494e-01
9.661810760575543222e-01
9.877381740012126654e-01
9.720291751524525736e-01
9.812946994462313777e-01
9.835404779473757575e-01
9.634629725193144534e-01
9.677162159223051674e-01
9.880181615902923209e-01
9.711077671622678764e-01
9.428711550810709996e-01
9.841811894427562324e-01
9.871839212029707156e-01
1.000983356168849259e+00
9.766249119691768898e-01
9.846427487043656335e-01
9.794108308487297077e-01
9.975451812815804287e-01
9.889738495290688602e-01
9.515442973509578017e-01
9.715667591880531306e-01
9.592200314123564553e-01
9.835755501236402853e-01
9.855923540878023248e-01
9.662726915704613617e-01
9.604453354977948720e-01
9.781489253460153854e-01
9.573508996547210881e-01
9.837183907125603977e-01
9.611341243951048163e-01
9.548483671834213649e-01
9.842995067978631551e-01
9.291863811401847029e-01
9.842106707402844545e-01
9.823791344110106571e-01
9.806607847134849454e-01
9.868663049005520493e-01
1.010292176880605464e+00
9.952488834102621862e-01
9.931506893474648656e-01
9.978713714476137309e-01
9.871727777671054360e-01
9.812368541632826568e-01
9.750971394569258877e-01
9.861160044442367489e-01
9.974619579548110737e-01
9.624489274911646186e-01
9.708061083705675776e-01
9.838285757873829196e-01
9.767482188792917519e-01
9.789686184104295918e-01
9.736437384447794718e-01
9.880434697908752062e-01
9.853794354313519799e-01
9.882673544228312013e-01
9.766526242207944630e-01
1.002536247298136285e+00
9.730326775994565525e-01
9.888177200235994668e-01
9.851961198975368594e-01
9.519306559357134656e-01
9.751949111135362891e-01
9.601898114354517899e-01
9.790043615674195454e-01
9.792179799745703850e-01
9.668920003790011375e-01
9.666268617216894343e-01
9.808453220992772170e-01
9.648196391142714878e-01
9.821160464934174383e-01
9.656624402679276908e-01
9.813574009327284964e-01
9.497592596547805854e-01
9.858665216363345918e-01
9.880731904732704685e-01
9.736065686636056205e-01
9.595001919313888017e-01
9.839668811817231520e-01
9.701551230596739961e-01
9.853861415760754028e-01
9.876348214727764807e-01
9.699832963526252572e-01
9.694053105208516596e-01
9.786134356249269750e-01
9.762806169657709532e-01
9.864605114990624424e-01
9.636082375208284700e-01
9.748859974235152270e-01
9.754900032979266777e-01
9.837556231377040383e-01
9.777595823499852790e-01
9.742794465738099374e-01
9.881345247652281172e-01
9.872759631427648896e-01
9.835841051045008943e-01
9.877447781075420208e-01
9.794579976525634724e-01
9.746414740408048116e-01
9.573337884225366912e-01
9.718045062810456436e-01
9.825646747038608853e-01
9.897323004827842663e-01
9.490530189439584374e-01
9.786799402751631405e-01
9.702381136514866000e-01
9.663980060734900235e-01
9.872122559384383100e-01
9.898432802538263964e-01
9.896076081388704981e-01
9.578405616253083954e-01
9.914284697175108629e-01
9.834370614666713140e-01
9.885217499198617475e-01
9.443384030807192575e-01
9.827290027032461461e-01
9.858392228227207399e-01
9.838613249349833501e-01
9.837721840837682086e-01
9.828763090583628736e-01
9.887185237707932783e-01
9.838778297371241210e-01
9.825228363789910713e-01
9.695363301458456151e-01
9.680087509724766281e-01
9.794378958597507179e-01
9.817664085703238230e-01
9.842984017481863912e-01
9.825359519257551577e-01
9.875486034646318023e-01
9.794151301744062899e-01
9.841604397982793850e-01
9.867698269838977021e-01
9.719099573180988161e-01
9.906288457207800269e-01
9.706915325224723112e-01
9.780889322323055302e-01
9.861301807410921549e-01
9.900956841530463848e-01
9.584834417275903684e-01
9.787258049693153827e-01
9.966758878981375469e-01
9.584886232200622302e-01
9.952420174338939551e-01
9.548113144190580881e-01
9.707977206674617277e-01
9.876292112763679354e-01
9.752486374609443676e-01
9.805058111194067116e-01
9.968750848205876203e-01
9.698259567119845714e-01
9.431700897229899905e-01
9.907986432207712690e-01
9.853357033511155327e-01
9.780273274429828190e-01
9.872959275464565643e-01
9.847026018327172947e-01
9.706971452329772321e-01
9.708967801960904920e-01
9.603738984860513694e-01
9.822564787468330838e-01
9.811576893010043321e-01
9.886977915358446944e-01
9.481732525947340617e-01
9.854107322953267190e-01
9.612396649431158568e-01
9.996705566615744498e-01
9.889628352607462425e-01
9.855503078767445801e-01
9.789932392829830965e-01
9.963117195027537676e-01
9.711796843095694687e-01
9.825337766791791827e-01
9.783489471785878910e-01
9.762072993767552109e-01
9.422825087603431404e-01
9.814695338758809839e-01
9.848128695020728074e-01
9.631687937331027127e-01
9.771235606049016864e-01
9.883233938322789625e-01
9.671801870825939007e-01
9.691390838727593771e-01
9.663425310053519457e-01
9.934680429090837483e-01
9.763617327472386975e-01
9.782385434456136730e-01
9.936298797774916203e-01
9.922338734993871867e-01
9.803423616091903048e-01
9.487677431157428565e-01
9.727152114586304910e-01
9.601188266100657565e-01
9.858187320094521366e-01
9.743754804735517139e-01
9.586661904492026487e-01
9.650672025886626315e-01
9.653266079825983947e-01
9.764689661077470273e-01
9.682103416128291506e-01
9.877475910394571956e-01
9.796459215759832917e-01
9.616960503934549598e-01
9.702746772637813599e-01
9.892642085264423679e-01
9.671431325561934411e-01
1.000138800480170786e+00
9.902985236985354378e-01
9.897720991617238173e-01
9.672236739806316930e-01
9.716670715010135018e-01
9.888898078386286761e-01
9.825137858100475574e-01
9.795899969523741424e-01
9.936425644378384936e-01
9.916925211881758573e-01
9.897161269627882119e-01
9.422682875403957103e-01
9.735848921687093593e-01
9.668518252586448813e-01
9.770038075230741415e-01
9.728777398846808477e-01
9.864947529579014551e-01
9.762586057319305732e-01
9.946867091577821229e-01
9.971007098376853950e-01
9.866073861996131900e-01
1.000099472061995787e+00
9.989462348357676102e-01
9.928597069579465639e-01
9.813361198230046156e-01
9.874639655280763595e-01
9.743269633814044539e-01
9.764958464280989459e-01
9.628357478021575266e-01
9.983852248328204393e-01
9.846153355935671758e-01
9.568665740078350357e-01
9.890358356596790079e-01
9.918296159074453389e-01
9.926132072521202110e-01
9.850940668512013776e-01
9.506414917160139755e-01
9.759812651339567768e-01
9.550493133880688656e-01
9.940600913033256214e-01
9.798508724192405150e-01
9.827486255252747549e-01
1.002448850065515984e+00
9.586704870789656274e-01
9.926221782834955265e-01
9.795417632075351655e-01
9.843138270146458702e-01
9.875418797749897504e-01
9.876762710146534952e-01
9.630071929375699780e-01
9.677285302573603865e-01
9.953508461105828875e-01
9.949381363866171002e-01
9.772015870978071339e-01
9.711464370539460988e-01
9.893484650091307619e-01
9.625361468187992875e-01
9.785594930415839610e-01
1.001372742085507639e+00
9.499318746645286637e-01
9.875742041264958804e-01
9.874373681667854008e-01
9.843689925475196389e-01
9.883477985831808921e-01
9.800292554675185119e-01
9.530384494178204546e-01
9.894969995807737506e-01
9.690686569711831622e-01
9.750226190260149473e-01
9.886229727338935458e-01
9.653918395946254893e-01
9.444866479092566269e-01
9.877310469692517358e-01
9.722086198984835059e-01
9.866842402574325099e-01
9.870782821963003384e-01
9.887782058485753423e-01
9.967000432300655577e-01
9.735544219261467180e-01
9.791171009312997775e-01
9.523467909253718888e-01
9.721309590586562077e-01
9.804022237621211611e-01
9.697302959473063089e-01
9.922629701884232434e-01
9.522332334107418417e-01
9.821609361599373811e-01
9.812258709843424409e-01
9.877917415456296535e-01
9.668997822669651576e-01
9.876468119680112956e-01
9.845518021683000720e-01
9.705887677782808476e-01
9.873829455953806455e-01
9.855550156702569398e-01
9.844432681535383312e-01
9.625695752133593963e-01
9.423006769575934527e-01
9.916593009618220877e-01
9.524094434737369053e-01
9.656552378060543340e-01
9.900362593861835592e-01
9.775358281748135481e-01
9.872923688324986013e-01
9.795043602566554375e-01
9.683964686299393332e-01
9.631454953112096318e-01
9.695192771473938320e-01
9.808606503443377811e-01
9.435208576015884363e-01
9.813641524701753882e-01
9.557433101833564537e-01
9.665792056748859773e-01
9.610822618646969184e-01
9.774917973455908848e-01
9.924833915088606684e-01
9.753826849915222530e-01
9.621178444783976547e-01
9.876693548419441804e-01
9.766741767628662751e-01
9.801027912820026167e-01
9.914324319770834171e-01
9.909721052982753964e-01
9.923466391676023513e-01
9.986676979108514152e-01
9.468006023756038170e-01
9.850522298507639052e-01
9.742218451717320482e-01
9.995396519137490499e-01
9.953590673396957023e-01
9.801654521127182162e-01
9.949905472773274973e-01
9.942094880808783897e-01
9.843590331185712028e-01
9.482493431483405288e-01
9.878011626866395334e-01
9.664459268356700994e-01
9.715870124393368723e-01
9.819810812154405877e-01
9.889633071416890076e-01
9.811802696212932329e-01
1.005096024480015116e+00
9.620181891524929307e-01
9.632404836455467079e-01
9.983357007367728020e-01
9.868405188846665066e-01
9.889330556632326408e-01
9.864005131263138271e-01
9.563312059240223206e-01
9.537418389666044716e-01
9.717620192525417977e-01
9.685865284279254750e-01
9.938493101789799278e-01
9.850049590800696864e-01
9.791991657780808600e-01
9.835316749235188949e-01
9.937222697820992101e-01
9.768888131182715817e-01
9.645405167961400572e-01
9.816722761658741581e-01
9.506727159993242360e-01
9.821276680774353451e-01
9.903241572432575079e-01
9.834943886881034603e-01
9.904905507494509154e-01
9.930653254784339579e-01
9.742321492763570401e-01
9.810511806238090271e-01
9.742539305349148249e-01
9.847064107646448239e-01
9.614440448029003550e-01
9.757517322405474536e-01
9.711040346044071958e-01
9.675329843748604608e-01
9.906952931284187525e-01
9.790825296813755463e-01
9.745330601589922148e-01
9.827570231896232134e-01
9.835304927673272912e-01
9.688991783934254309e-01
9.879245413664132780e-01
9.475367477167468966e-01
9.868381882639651881e-01
9.744991279692120090e-01
9.755376451577351116e-01
9.839342405946163161e-01
9.445600838486695183e-01
9.918382641813727751e-01
9.742190356544150331e-01
9.780430178888184223e-01
9.716921212888153248e-01
9.536289874826336943e-01
9.626818204310800819e-01
9.569017435753154333e-01
9.891711096251084578e-01
9.852962920111916212e-01
9.264126552011145987e-01
9.896032307713745757e-01
9.803811514243051528e-01
9.724165344470402372e-01
9.714413325844587499e-01
9.761415586403846545e-01
9.688140160459771666e-01
9.873730217352905125e-01
1.003282496061956630e+00
9.929500950458303166e-01
9.812065595591383804e-01
9.802530838781770006e-01
9.859052906374073943e-01
9.850964502840762194e-01
9.795844038153446176e-01
9.727081034942333115e-01
9.619285542899630448e-01
9.730675145576394014e-01
9.601551888667584356e-01
9.914612647193583594e-01
9.761139058426731019e-01
9.819400205963235706e-01
9.898665612712553852e-01
9.725730112938313354e-01
9.998096571092989215e-01
9.889222633321188560e-01
9.845784275308767652e-01
9.958336792108488655e-01
9.379220726019099619e-01
9.806600608145851217e-01
9.518166252395594551e-01
9.833694785311444253e-01
9.783897417667761776e-01
9.813653450266274225e-01
9.843089273494606273e-01
9.954631570021191811e-01
9.863716123997402496e-01
9.846545311618281060e-01
9.911442340152684105e-01
9.855683676281745687e-01
9.892768991534280909e-01
9.501140860079084760e-01
9.761208487181477489e-01
9.845034033067836532e-01
9.803399399248939883e-01
9.908748827511678625e-01
9.665916951725256334e-01
9.605235540028418395e-01
9.914548105303174763e-01
9.621558870137407737e-01
9.854960123531526506e-01
9.863017761538881434e-01
9.809092922255409075e-01
9.840095947127838194e-01
9.848840115129534611e-01
9.888072680597844721e-01
9.710251075422307032e-01
9.487498326952187311e-01
9.901335482085117379e-01
9.812197725964215689e-01
9.872659430488791577e-01
9.915416234720888511e-01
9.877145363602423123e-01
9.894743625498433337e-01
9.648961484561285884e-01
9.925958908272736192e-01
9.887199016389303097e-01
9.841320983918244725e-01
9.891979043659850923e-01
9.867185226759812577e-01
9.732009599445790027e-01
9.843519708974988180e-01
9.699122034321896457e-01
9.734526610852870521e-01
9.714714624488530736e-01
9.753374484085899354e-01
9.816609594619187806e-01
9.949682014388112616e-01
9.711225483751028120e-01
9.537007186443355877e-01
9.689296868951712272e-01
9.655825053832385318e-01
9.846226995268814175e-01
9.931325100098002956e-01
9.599161337702644126e-01
9.962766896413303153e-01
9.608181476292299017e-01
9.644583050364177179e-01
9.620918556934643373e-01
9.763861185288342792e-01
9.746044827144292322e-01
9.822939212970138723e-01
9.864457087059625984e-01
9.857560645171548064e-01
9.867176895746662124e-01
9.676186239773081343e-01
9.786197404274583622e-01
9.943145195375804324e-01
9.787096958836253302e-01
9.632095184237527974e-01
9.790336020847508758e-01
9.445054648023740729e-01
9.508121447001690596e-01
9.796451856869674568e-01
9.788673265734919582e-01
9.801486732109029321e-01
9.881223815828444890e-01
9.761083820397427058e-01
9.726641778764165691e-01
9.821492655874277666e-01
9.797829772088306743e-01
9.669758778574540914e-01
9.725246943049066228e-01
9.888871086197349447e-01
9.859745372763261129e-01
9.832007631887189625e-01
9.828747981648475740e-01
9.918560090634012116e-01
9.763347068473705592e-01
9.930265780368037198e-01
9.855281364989786352e-01
9.354808131661813686e-01
9.794057315821524945e-01
9.862993608508324739e-01
9.744136995410848101e-01
9.805025144966752482e-01
9.936289085595658710e-01
9.774992137731001174e-01
9.892611252442664593e-01
9.480161392030322931e-01
9.899379344143881543e-01
9.948427090380640436e-01
9.727708401711305797e-01
9.720467197490164635e-01
9.654423841507170367e-01
9.697075305307325532e-01
9.719850864845768212e-01
9.867684970177870163e-01
9.923338564318907595e-01
9.818893244387146835e-01
9.658990165854725030e-01
9.866690692809391150e-01
9.807931056817541515e-01
9.895702241870680815e-01
9.667640105398699335e-01
9.775148909876552050e-01
9.773108972954301921e-01
9.816470532797008097e-01
9.916039778634175850e-01
9.612456948856514805e-01
1.007072380436411008e+00
9.730771501099169107e-01
9.717600320670585212e-01
9.818147038908313640e-01
9.846592794049706665e-01
9.790834813746653875e-01
9.842546056233004714e-01
9.758064771920220704e-01
9.887759598577088305e-01
9.985533723621703439e-01
9.634976623651724248e-01
9.549899765679276120e-01
9.898494497020146055e-01
9.683330961638884071e-01
9.851384952130844974e-01
9.845949040292819587e-01
9.907465397988823863e-01
9.737063378875764341e-01
9.868161428227132381e-01
9.851776438843712347e-01
9.771455219656962621e-01
9.816287697149936875e-01
9.738848441221742425e-01
9.849334094594409672e-01
9.469104574613007586e-01
9.905181288379871773e-01
9.865381238339291370e-01
9.820981421521669530e-01
9.757492510901432103e-01
9.734179559328921538e-01
9.788942442115897702e-01
9.947137606175489033e-01
9.985348157604798658e-01
9.888772041118312206e-01
9.908021554742271197e-01
9.760840814049507319e-01
9.788528727612680891e-01
9.801699135790550299e-01
9.845663186472223272e-01
9.605434554719198825e-01
9.727519023875020876e-01
9.931605974892860900e-01
9.667822303394369987e-01
9.852447775145368736e-01
9.845732393150908868e-01
9.805747453447573037e-01
9.739847786488168291e-01
9.851688516261646322e-01
9.822999075985192619e-01
9.627594662828476979e-01
9.881932870608979291e-01
9.853895568141997074e-01
9.870948279437763428e-01
9.583820177271729079e-01
9.655206015875961167e-01
9.781809723944554502e-01
9.932662420687683458e-01
9.754797927489947673e-01
9.567736378819342580e-01
9.694821748200123102e-01
9.803970199082364667e-01
9.775295341601599741e-01
1.001003129254556256e+00
9.921227385936370879e-01
9.450522566533123836e-01
9.717761828236689547e-01
9.822453074103797421e-01
9.496279555634150604e-01
9.913827735635860616e-01
9.931252658226776830e-01
9.833575613390718173e-01
9.592653450820028960e-01
9.744729596975261199e-01
9.933712153376661469e-01
9.859618414019890587e-01
9.872789959977569252e-01
9.678999309062467082e-01
9.771525181801822280e-01
9.738585604140121976e-01
9.871318220944228505e-01
9.855458036592593674e-01
9.785442673000530611e-01
9.827303642724986021e-01
9.500783790766333947e-01
9.693612392093433616e-01
9.850127060712204896e-01
9.506863768584338237e-01
9.841799832863424857e-01
9.508204345393224122e-01
9.828546594781628620e-01
9.677234562358288938e-01
9.875258618637646757e-01
9.816860225399767215e-01
9.686649253722923181e-01
9.585269444368764713e-01
9.831321685910383579e-01
9.815559749884608109e-01
9.774063855407065793e-01
9.816038983414526742e-01
9.809777013516189914e-01
9.485218227917695533e-01
9.786212903495941084e-01
9.726769336678515732e-01
9.853009409282401654e-01
9.631064163829103908e-01
9.848963133146662052e-01
9.805176660093802843e-01
9.912464150290507536e-01
9.905726569758391831e-01
9.628427781736034197e-01
9.494433285862161620e-01
9.896257775240612231e-01
9.815278826365551046e-01
9.813020361373695488e-01
9.745653510961492794e-01
9.914052441493350631e-01
9.719326256105230710e-01
9.590841039509216959e-01
9.813722630175414352e-01
9.555225223262726608e-01
9.912041340682790080e-01
9.399640667036700536e-01
9.857983903933501546e-01
9.779075552618966549e-01
9.810430473888577252e-01
9.874427957360685237e-01
9.879688021137149612e-01
9.737396198593214480e-01
1.000016712720728007e+00
9.680386858936155248e-01
9.613377247569122597e-01
9.800753606976404519e-01
9.961255182752162263e-01
9.797256011083373961e-01
9.890065027361383265e-01
9.861414679637046099e-01
9.664042530054995916e-01
9.643408887045030742e-01
9.510074252086124780e-01
9.826876645135642629e-01
1.006246777039704776e+00
9.831205724340640328e-01
9.815122873365709211e-01
9.896605664801281232e-01
9.800035326540162961e-01
9.547737060843992651e-01
9.822488857821826125e-01
9.621009518221578238e-01
9.767008782638270104e-01
9.628880963921161440e-01
1.001779719146213665e+00
9.922641676095772523e-01
9.929557691733036373e-01
9.892430476213737167e-01
9.904909626321349858e-01
9.925859951327241637e-01
9.708788185503761659e-01
9.575070167845397551e-01
9.861971707538490506e-01
9.840828084765013140e-01
9.660203527013375702e-01
9.905463557386942064e-01
9.534425861504696176e-01
9.735705005536080536e-01
9.704005213593216439e-01
9.953791720522757736e-01
9.852002875195807752e-01
9.922806625066209474e-01
9.864390611192759284e-01
9.781317758684257013e-01
9.633027442570236687e-01
9.843420062256574843e-01
9.744552268876898182e-01
9.835762541771240208e-01
9.753368550327043973e-01
9.832051434509959664e-01
9.640280724946751478e-01
9.811330535618313364e-01
9.885946545335745350e-01
9.977001069328729210e-01
9.802409410870112083e-01
9.814186831103286490e-01
9.847944589284719497e-01
9.780998193071268609e-01
9.688785183964961911e-01
9.789021937449038369e-01
9.874808130021891506e-01
9.704167941164650868e-01
9.839536139152741390e-01
9.660958081039459078e-01
9.561760065884093995e-01
9.540378314765813883e-01
9.680911150024296141e-01
9.799132156647909486e-01
9.462257666161097980e-01
9.948273063823123152e-01
9.921088949816011526e-01
9.656401265980351090e-01
9.849145401419765466e-01
9.474252790277087888e-01
9.809665737418752363e-01
9.804823642273946538e-01
9.936516704561237923e-01
9.987802134984039570e-01
9.709638650724868869e-01
9.978386662758117476e-01
9.846181573081962402e-01
9.853170100427187661e-01
9.539138903057645669e-01
9.804742979152967219e-01
9.781882315064379663e-01
9.599953887937811015e-01
9.610436105561228626e-01
9.929405268279839492e-01
9.673180106851922977e-01
9.932261656409124839e-01
9.913210568411798818e-01
9.937953228664871963e-01
9.820311832141247477e-01
9.732875930608037018e-01
9.961807630138981295e-01
9.846154049952318132e-01
9.917825638771750052e-01
9.890741574523115309e-01
9.729317924852902699e-01
9.578075471358385995e-01
9.720813858120413986e-01
9.950955599228679116e-01
9.810465910082063479e-01
9.934301183447485917e-01
9.805813094864987978e-01
9.856652212033220062e-01
9.811788673187452625e-01
9.712187201693245342e-01
9.781764770105679796e-01
9.691791206623671107e-01
9.590574405046553563e-01
9.514926444295559449e-01
9.558903862848588950e-01
9.960765506762694343e-01
9.600227072474248891e-01
9.854088012614927727e-01
9.817461824148410177e-01
9.589956837201446538e-01
9.972830583956951989e-01
9.892015924027397489e-01
9.446558202375658908e-01
9.871927032034822913e-01
9.831021996623723336e-01
9.706941280467603628e-01
9.856306756601671548e-01
9.870716569467890000e-01
9.723404300012011836e-01
9.888916504932917517e-01
9.663083713498287208e-01
9.806485191454331618e-01
9.879734141089494548e-01
9.775257412566771276e-01
9.759506792535261877e-01
9.752151363452545851e-01
9.530585474924700984e-01
9.821141792784737756e-01
9.909092414338598331e-01
9.580636273051176266e-01
9.908716684582113965e-01
9.725881169243817403e-01
9.782471819264575430e-01
9.910962381769452545e-01
9.724203117327671064e-01
9.822468736598025663e-01
9.614501898751484088e-01
9.921920070891909749e-01
9.710313786354550780e-01
9.888389930449349441e-01
9.681454926766790425e-01
9.786149282974413444e-01
9.580557201307947635e-01
9.941896248481020271e-01
9.679367342313831557e-01
9.811623315257246292e-01
9.781636649439721110e-01
9.609974669513619006e-01
9.581375884670410015e-01
9.822493018852879176e-01
9.829706202777093171e-01
9.684038676014506963e-01
9.733728953830375064e-01
9.887158833839566618e-01
9.791341937803084150e-01
9.767904538528106029e-01
9.820430716248390590e-01
9.926794077252822923e-01
9.873902179164922854e-01
9.874060864960355621e-01
9.880908617487395018e-01
9.528340378634913010e-01
9.637754665226098139e-01
9.893810987112362509e-01
9.874223999578677358e-01
9.809814115256724198e-01
9.784141341790886237e-01
9.910840131176452683e-01
9.810105745603748817e-01
9.613406407558017230e-01
9.677055125789404411e-01
9.859870214425358048e-01
9.866456898841553524e-01
9.853781350782719883e-01
9.769068860391897369e-01
9.633582824178696935e-01
9.939643247337875964e-01
9.876317689822510237e-01
9.879104003243299736e-01
9.852288037580690938e-01
9.935360747773646084e-01
9.753963664142911716e-01
9.297722112476830558e-01
9.921136634826794864e-01
9.832627793234426372e-01
9.742734482896918680e-01
9.901849883667368513e-01
9.831825270126108851e-01
9.702957430666208083e-01
9.544307080542936417e-01
9.564674574476289548e-01
9.744079711421703704e-01
9.690750258674541984e-01
9.715434061145286071e-01
9.713960941352066669e-01
9.916666420214207411e-01
9.796007213165889294e-01
9.847467432105564411e-01
9.795255785065752896e-01
9.871778357081448796e-01
9.723107413580212022e-01
9.763811253212200114e-01
9.940141024000058723e-01
9.957616036154411931e-01
9.618044661532927364e-01
9.798669920842649761e-01
1.000540726209405928e+00
9.989180194013266290e-01
9.702210869429312989e-01
9.905184067542492921e-01
1.001490835610275187e+00
9.909697995939237281e-01
9.605969613578098087e-01
9.778483364019262547e-01
9.730560801343011157e-01
9.904592542812187261e-01
9.839213765948343626e-01
9.512432024247985396e-01
9.617388968494305912e-01
9.877428080963167600e-01
9.671335433341977650e-01
9.639558585860337203e-01
9.881687824340481541e-01
9.839410610720689121e-01
9.642730073262577584e-01
9.809115153407819143e-01
9.938606359523448619e-01
9.123802343960826233e-01
9.829702873581558364e-01
9.694984176581762370e-01
9.996924346321449661e-01
9.956322435749601629e-01
9.773466559867034498e-01
9.701443009955370567e-01
9.953951357304470227e-01
9.520989895236533496e-01
9.719924702982045694e-01
9.686584189119620270e-01
9.591739744156825287e-01
9.875845640876613762e-01
9.528569160740196775e-01
9.849148585401391598e-01
9.716122078859495970e-01
9.869359467000367037e-01
9.628767045850104012e-01
9.712144279665162472e-01
9.868280062063199409e-01
9.920031095767140039e-01
9.889495827319356724e-01
9.722852959307103360e-01
9.630618229117428042e-01
9.846938462250833801e-01
9.727717180483339554e-01
9.791550938595477982e-01
9.825916688023470513e-01
1.002926053456671962e+00
9.794006938900018389e-01
9.713150189897835629e-01
9.835415306078468811e-01
9.646184590985126261e-01
9.826407578225276884e-01
9.856331234512151207e-01
9.663997302286704283e-01
9.988242705680413502e-01
9.640551664795978803e-01
9.767879054329605681e-01
9.986750012116432096e-01
9.864594806991646703e-01
9.793295371121053527e-01
9.874687151894278037e-01
9.894546416975953385e-01
9.780992978919473835e-01
9.722875784015990730e-01
9.826485919829349713e-01
9.689733248895946449e-01
9.686015017884593847e-01
9.739988321951494887e-01
9.837114254201116958e-01
9.642827887862253089e-01
9.673738479438744875e-01
9.832200685344284485e-01
9.915593463178854483e-01
9.582635013667659685e-01
9.913737586460369400e-01
9.779430325124823797e-01
9.885447952140954397e-01
9.887902214063597484e-01
9.834069645468532794e-01
9.887966508076062588e-01
9.616748417343473632e-01
9.943648795567777698e-01
9.306893618229523657e-01
9.810918739131901933e-01
9.844009570578798884e-01
9.444878408940374781e-01
9.754865410527928660e-01
9.347559061612794595e-01
9.521777477420956259e-01
9.658389428939335719e-01
9.814260949097541875e-01
9.894078851135008623e-01
9.977533008055811115e-01
9.833402661394703426e-01
9.435612696934826404e-01
9.695294520493592527e-01
9.945203039383989640e-01
9.864682865020724112e-01
9.824561478472837450e-01
9.860642332461838633e-01
9.844314524240322939e-01
9.908281719859213243e-01
9.637602941615305285e-01
9.844878213474562711e-01
9.667143290824583568e-01
9.807487042568706626e-01
9.626049161491863071e-01
9.837024066460388072e-01
9.780048318390269779e-01
9.851899480563429679e-01
9.760717798185689631e-01
9.955671757179801462e-01
9.643355671153071018e-01
9.837848666481956439e-01
9.653958555247634798e-01
9.818859866953105753e-01
9.868898669332163420e-01
9.916740281363519705e-01
9.607886888017844740e-01
9.762357252206141922e-01
9.786605863969334296e-01
9.616615267387833565e-01
9.726956671416525646e-01
9.910247579630843129e-01
9.784421515767507405e-01
9.600636410072994620e-01
9.786160608933546223e-01
9.878385986415409992e-01
9.801918404981848632e-01
9.969703528685031069e-01
9.696844402583659761e-01
9.606703153988438437e-01
9.903983022620123089e-01
9.868590718497703973e-01
9.613386124241397601e-01
9.898413089426387756e-01
9.832697303619626350e-01
9.940665460335031955e-01
9.870172043515730298e-01
9.738061633408832130e-01
9.899894238940992741e-01
9.714786455842953083e-01
9.687148189301502121e-01
9.737271873168192871e-01
9.722009554048640645e-01
9.668746474426663795e-01
9.701487497349953193e-01
9.703333920784102951e-01
9.800617256134963595e-01
9.621366358911527250e-01
9.758091262726825699e-01
1.001358041379857733e+00
9.535541800357275610e-01
9.734711193388611017e-01
9.831595725282790132e-01
9.563491183148257191e-01
9.896286979779993498e-01
9.907678464016592690e-01
9.828901280061163037e-01
9.723855207510294640e-01
9.634032695310512651e-01
9.742160262092247613e-01
9.679588664027392042e-01
9.484637150604761091e-01
9.722327411994144963e-01
9.620577934187678482e-01
9.867842974429503755e-01
9.821956784020270392e-01
9.898141668501901913e-01
9.699936620083444705e-01
9.675577623493226698e-01
9.827940989957709705e-01
9.533880203241492657e-01
9.765872213506272548e-01
9.989650234870339762e-01
9.916428138428839967e-01
9.794456334696091115e-01
9.719725015179612182e-01
9.840867641649040376e-01
9.775053325570106644e-01
1.002870151490125705e+00
9.441095247201013452e-01
9.818862328339513779e-01
9.865298328444326303e-01
9.822949054236592703e-01
9.392759565331804117e-01
9.650840568650798090e-01
9.829850231708219255e-01
9.661627997540018775e-01
9.740325234545925692e-01
9.839082904237943517e-01
9.697597488644942310e-01
9.809861271309723296e-01
9.735033827825496644e-01
9.802426162114198371e-01
9.573421091129107330e-01
9.864009462576277532e-01
9.910645264253887810e-01
9.791850841297079500e-01
9.906094334731004869e-01
9.800352090921777837e-01
9.607010573617521532e-01
9.828546506966460150e-01
9.800529864559777149e-01
9.778482733334064037e-01
9.526191098215319730e-01
9.816544375803378797e-01
9.717566871374279103e-01
9.840190536222753748e-01
9.618415223809557713e-01
9.859473774560107984e-01
9.707538041177705690e-01
9.694941767843738845e-01
9.814721639095377315e-01
9.980595229126809631e-01
9.739278425889632551e-01
9.755406356741445073e-01
9.995931289961753619e-01
9.859191439950064639e-01
9.825192272944818228e-01
9.733312886563092459e-01
9.903329091378219040e-01
9.904876983028572113e-01
9.921685126383439357e-01
9.577767955267063593e-01
9.866955246744881780e-01
9.839631404367222833e-01
9.647298421739453067e-01
9.771431519629140139e-01
9.836813378806057440e-01
9.910345619170815024e-01
9.985115480943266286e-01
9.822490518181631325e-01
9.865480680056138985e-01
9.790129481936806766e-01
9.906442963560543324e-01
9.973038834649011752e-01
9.797444303836791990e-01
9.962706283608878666e-01
9.378954409825859262e-01
9.908144752528684762e-01
9.903022962240941585e-01
9.746963718235687191e-01
9.910136333952019871e-01
9.614139553468876720e-01
9.723247334347799864e-01
1.004957905875730528e+00
9.732704348523603111e-01
9.876842921666025843e-01
9.900193735311841881e-01
9.894724290973159198e-01
9.917198838258324267e-01
9.881301640433911571e-01
9.785066131692136127e-01
9.881594534204164448e-01
9.742297603839266129e-01
9.789997122209139757e-01
9.820236936565382990e-01
9.897524957708795368e-01
9.729286637414548133e-01
9.999814790405040510e-01
9.525856287333483996e-01
9.903085904552196839e-01
9.786676956642076375e-01
9.737983425372713775e-01
9.854419820071085301e-01
9.892440142092043809e-01
9.912663298602576445e-01
9.932977606870888598e-01
9.723327483894191881e-01
9.641456357484784467e-01
9.935859929999393270e-01
9.652578202252249939e-01
9.824567028461946849e-01
9.833322147122550705e-01
9.776719788870001926e-01
9.694103008334042926e-01
9.841632833858088292e-01
9.914661703706635354e-01
9.655035926307827809e-01
9.631272974494932138e-01
1.000553495866748799e+00
9.737018587173156270e-01
9.879050607869109824e-01
9.616504937745811166e-01
9.481181178650798236e-01
9.810820446975678788e-01
9.904440269431233901e-01
9.881378451965676657e-01
9.618636835246064942e-01
9.767259609165964696e-01
9.486834963685474298e-01
9.933869845409369903e-01
9.756826286034187001e-01
9.844071933429414667e-01
9.755835391547124091e-01
9.965741636121806524e-01
9.578303123570754973e-01
9.802880585102654587e-01
9.851185183992993144e-01
9.708735382277404735e-01
9.917008534836574407e-01
9.868020706160559596e-01
9.730110165356454788e-01
9.700729855778009725e-01
9.744029655961168324e-01
9.867033761219831112e-01
9.791495106098832002e-01
9.837820274558738420e-01
9.784937094449869255e-01
9.885506285317972042e-01
9.756602391930303542e-01
9.695418712969553487e-01
9.722321955791161097e-01
9.626000355298672817e-01
9.945017301512868446e-01
9.610254581060770906e-01
9.620910709311618625e-01
9.853833672736275195e-01
9.551041099922039646e-01
9.850542357924124692e-01
9.719219125650541136e-01
9.927301973760369602e-01
9.768614319222572728e-01
9.776351382134084167e-01
9.529354133595815401e-01
9.659876346501204969e-01
9.691935707376031495e-01
9.867170517475486458e-01
9.769072587706929545e-01
9.767609758978450518e-01
9.816507018335742796e-01
9.875182755796941825e-01
9.732794085915720261e-01
9.895471063665419731e-01
9.756360680672930830e-01
9.779620471926946390e-01
9.736492099024751656e-01
9.717775769631130656e-01
9.822386501409657855e-01
9.847020628662805919e-01
9.703484425929271850e-01
9.816407875239248071e-01
9.892744073129522420e-01
9.835747206121371322e-01
9.832530916233905849e-01
9.743660472929877026e-01
9.842300825997635227e-01
9.542302840294668576e-01
9.824779398359074767e-01
9.694023809861342933e-01
1.011136046591150750e+00
9.869705016074749038e-01
9.920153409705056990e-01
1.001442771148438604e+00
9.639277239050900725e-01
9.802000533863040044e-01
9.465486328268475358e-01
9.625236918817530185e-01
9.673394380505144774e-01
9.938307889748632107e-01
9.791872575407313262e-01
9.796863798458623762e-01
9.420547316233969237e-01
9.809479198999561111e-01
9.842604734375107745e-01
9.937047038694621914e-01
9.852768303551869833e-01
9.122590663456402460e-01
9.859415498541362899e-01
9.697992763139783312e-01
9.725664109545503200e-01
9.823172861377280629e-01
9.820592563158307975e-01
9.810566013766056637e-01
9.765636737707403814e-01
9.863086128231738359e-01
9.782606936783557749e-01
9.816781988153987504e-01
9.819984071711156393e-01
9.964072024855992193e-01
1.002241080502988879e+00
9.913353217832469033e-01
9.726001984434229364e-01
9.496760335885713333e-01
9.644512275990498873e-01
9.906583411636102898e-01
9.848647803153528502e-01
9.930564556126512121e-01
9.609500651076653410e-01
9.693689556694399245e-01
9.899786442124710595e-01
9.858687614511947306e-01
9.694706676237778709e-01
9.742452018416152271e-01
9.794613177426638728e-01
9.759283195258449117e-01
9.828243225180133269e-01
9.912145171800511578e-01
9.864020298330984371e-01
9.703509946461792435e-01
9.844498446042225792e-01
9.744345291420264399e-01
9.717247939506056253e-01
1.008894516661581031e+00
9.634884881328886763e-01
9.846135904431104757e-01
9.666134893634941161e-01
9.805405195925430695e-01
9.854144005923556326e-01
9.724245181478048394e-01
9.481529085824843550e-01
9.625560132388346624e-01
9.670503246464720037e-01
9.596914394945035287e-01
9.800006534034437777e-01
9.837653409105613367e-01
9.694459405191397927e-01
9.895325939559130868e-01
9.942637003296200815e-01
9.606305091566338383e-01
9.870015123407523960e-01
9.980841416529303567e-01
9.946350033445573446e-01
9.745725360735765230e-01
1.006715862808126083e+00
9.900882668506889583e-01
9.818649377344433882e-01
9.779571439924548137e-01
9.507451448204620181e-01
9.640854644276140029e-01
9.750497835616173115e-01
9.814563298427648741e-01
9.998293927728509889e-01
9.621753805622078604e-01
9.305112626889466831e-01
9.989366429531343350e-01
9.828822451339217503e-01
9.923436290846210373e-01
9.869945034112268534e-01
9.838478356200781594e-01
9.616662060192315842e-01
9.782434369874459801e-01
9.722312880059620355e-01
9.986667098522906683e-01
9.596041168208877536e-01
9.687617695683523600e-01
9.578408178112260973e-01
9.781757203948533430e-01
9.853789876608860521e-01
9.777123803480955999e-01
9.713186871374238640e-01
9.949069399599862473e-01
9.802223098128417522e-01
9.626780783178657819e-01
9.808154404486058020e-01
9.697567017948791612e-01
9.759945081663818911e-01
9.690728284120569969e-01
9.803889903448358423e-01
9.516421148951687004e-01
9.828314276548678619e-01
9.837366648743016695e-01
9.830028649635801363e-01
9.938298694734686300e-01
9.846193579328509360e-01
9.833672454238716609e-01
9.777635112105538262e-01
9.875340291384449021e-01
9.889107238443112236e-01
1.000016429858157752e+00
9.681769156958865974e-01
9.803581020083519393e-01
9.879763997167644307e-01
9.900259294061448667e-01
9.783262076768436399e-01
9.633731926985175109e-01
9.785008287704869412e-01
9.902343086339150391e-01
9.787665448920034317e-01
9.816358849151255450e-01
9.723267644968859313e-01
9.919744948421151953e-01
9.873792713144493582e-01
9.608973044566114785e-01
9.765235878119551405e-01
9.437634095275059254e-01
9.921861179845548051e-01
9.761616514811759515e-01
9.875224536860639502e-01
9.886516888120493451e-01
9.832431238676757612e-01
9.773551558148623197e-01
9.833219049040251569e-01
9.762998290806063073e-01
9.776515955862691287e-01
9.854049180325266111e-01
9.886588882641642595e-01
9.853574945900018811e-01
9.736655424935691805e-01
9.854981785729656218e-01
9.394149775648533707e-01
9.873245840759170555e-01
9.753855821423738082e-01
9.806695999503391992e-01
9.852465168434427767e-01
9.734941647944412857e-01
9.900465972907720458e-01
9.704398473101509826e-01
9.718144028642843324e-01
9.889941457166200323e-01
9.861877999082473423e-01
9.856349717518330111e-01
9.630915216650010047e-01
9.802427412021000874e-01
9.720009722580877920e-01
9.750009102111287795e-01
9.673601216484589704e-01
9.749228158248077758e-01
9.969895493964566757e-01
9.605138331118886486e-01
9.674741638109720654e-01
9.860276625537958139e-01
9.770795309464335165e-01
9.518442907369631945e-01
9.825613958607307685e-01
9.864357886296155620e-01
9.828031979659703765e-01
9.872274866090191558e-01
9.813194326077230301e-01
9.807168501302605534e-01
9.859707490927478446e-01
9.518429904724051704e-01
9.625732354052209949e-01
9.753291755501624083e-01
9.911135838412887811e-01
9.727648175188182700e-01
9.898296977616312109e-01
9.691479113333526518e-01
9.634871720574827991e-01
9.694761310771525809e-01
9.623253155639961420e-01
9.843188204486814641e-01
9.859141995489776322e-01
9.880693316561379724e-01
9.698676293566368400e-01
9.881386611245090990e-01
9.810128840511680437e-01
1.001376275364625146e+00
9.762991735785651048e-01
9.635516123845535574e-01
9.767994487307964935e-01
9.741749153766130487e-01
9.798139164143961910e-01
9.771782066996257399e-01
9.755831402296939459e-01
9.851379775734949718e-01
9.589631870542617564e-01
9.855671716579195163e-01
9.539387943945715209e-01
9.614445342892493640e-01
9.670961230283247057e-01
9.849385793282027235e-01
9.840149458567422069e-01
9.764309609798250689e-01
9.815284302628268787e-01
9.754977857967699340e-01
9.892376493185306430e-01
9.857534504788458829e-01
9.287756195695682226e-01
9.637112280005413201e-01
9.579758267780172920e-01
9.796030310317901391e-01
9.819359323308585186e-01
9.827480605446912154e-01
9.909983904538209876e-01
9.831407665808348240e-01
9.401999140048719061e-01
9.829268814218355965e-01
9.731004214871714630e-01
9.659914604708966790e-01
9.614208577513070342e-01
9.753466426933276034e-01
9.841385365860455536e-01
1.013461995665622117e+00
9.790984178184960474e-01
9.567898528186831175e-01
9.809364124916316596e-01
9.941296569836088892e-01
9.978740674544510636e-01
9.728677400360472571e-01
9.927797950862595755e-01
9.702916323692172273e-01
9.694945337206783975e-01
9.702264710307304529e-01
9.660436848457115699e-01
9.908925004245048296e-01
9.758620032620758389e-01
9.933991791582885700e-01
9.824794721169097800e-01
9.964977663245003781e-01
9.853630607013142972e-01
9.530674509750439727e-01
9.596865575246774638e-01
9.766235003960039851e-01
9.831197173607809647e-01
9.693275973022472680e-01
9.797429515139213230e-01
9.249535190752857794e-01
9.866396626638263001e-01
9.630523335420423381e-01
9.638575142101016846e-01
9.741521819731813192e-01
9.788102532658202737e-01
9.794129326301480587e-01
9.824943195155924069e-01
9.507380719561814297e-01
9.466567129985963280e-01
9.817294848107431804e-01
9.514713458474353125e-01
9.793016717057412279e-01
9.899447093914155449e-01
9.851194324017163995e-01
9.960971317613436238e-01
9.839661897749578667e-01
9.815427370524719697e-01
9.609645332627310133e-01
9.599080468594858306e-01
9.986392848179160842e-01
9.887580503071660143e-01
9.853597364620061416e-01
9.860300678578890476e-01
9.542128391121521558e-01
9.597699029106572244e-01
9.886591643423107145e-01
9.770894681553043970e-01
9.795640930884242925e-01
9.683307756957930668e-01
9.716676894917780638e-01
9.742145315747796630e-01
9.930971591241535279e-01
9.837764613975211736e-01
9.789444537178491057e-01
9.540959149193487532e-01
9.888556854538823604e-01
9.873367113787540061e-01
9.485247129464328131e-01
1.003166121145253609e+00
9.862094987753408093e-01
9.797087937633527366e-01
9.885457212672850158e-01
9.904269818636994849e-01
9.950666111222323806e-01
9.463980765160582287e-01
9.832821394241015867e-01
9.899545161337316435e-01
9.941390342301138494e-01
9.763048743494125992e-01
9.855100838594647028e-01
9.623444477545131104e-01
9.864728452825153315e-01
9.790640337874859656e-01
9.794846853774015205e-01
9.793094214582055423e-01
9.841397081477016862e-01
9.746026441583776068e-01
9.591473296175297980e-01
9.578816484462742142e-01
9.611796654023199160e-01
9.614833505711276596e-01
9.813176373330096958e-01
9.829755040337367911e-01
9.802759267794294296e-01
9.900410486419519707e-01
9.880172663418408385e-01
9.848985530096633356e-01
9.810997741383969961e-01
9.794209449710531423e-01
9.730313765550122618e-01
9.305257628491163668e-01
9.695664000662264081e-01
9.916362658085905446e-01
9.785857408839673255e-01
9.446573333306058640e-01
9.861794500053341350e-01
9.883147197785784321e-01
9.744789291059691161e-01
9.794101632378299227e-01
9.762237243938438613e-01
9.898029983772725915e-01
9.967354247458878325e-01
9.764056771988632866e-01
9.908050817238698293e-01
9.724552397170641571e-01
9.869135644349787961e-01
9.471826195884546218e-01
9.868193473695051621e-01
9.875150451807841456e-01
9.690516167638738576e-01
9.763418636493237379e-01
9.873907705064998153e-01
9.694041142420202206e-01
9.937869971325757890e-01
9.834660392906346971e-01
9.709748240358984095e-01
9.679956489360950211e-01
9.806711115050892325e-01
9.735117677084142995e-01
9.615355803121641287e-01
9.897345561287564930e-01
9.672473477074037262e-01
1.003067599945973720e+00
9.587320902808034173e-01
9.389915412464187039e-01
9.713934665435927096e-01
9.855455865509423763e-01
9.713722264123900718e-01
9.573841541774269492e-01
9.828502641575953547e-01
9.806791397061764837e-01
9.910991637335179183e-01
9.440927277937504192e-01
9.769932597308925715e-01
9.767167206073799068e-01
9.825522710627849765e-01
9.683000129038535908e-01
9.831277531441201534e-01
9.888637497621165506e-01
9.884858868598871418e-01
9.850118778147677334e-01
9.914286271952138518e-01
1.002955588244350604e+00
1.002858944263864016e+00
9.952328317014477177e-01
9.707927948135294249e-01
9.759561258551417984e-01
9.843546339963480385e-01
9.723001254841278085e-01
9.704306321306841454e-01
9.865747969615812352e-01
9.789732230888549269e-01
1.002104483861299133e+00
9.623444596636733239e-01
9.629569797729047309e-01
9.912204231143327826e-01
9.971424011460121584e-01
9.838529133801227067e-01
9.897362840181134214e-01
9.678584650987989146e-01
9.737080562332387501e-01
9.857131456000914893e-01
9.895319653326497544e-01
9.836041433070705775e-01
9.684002535646671905e-01
9.917497536584961582e-01
9.939337343965238825e-01
9.952722899529594658e-01
1.000717289212500027e+00
9.870093030077496943e-01
9.862989382617733947e-01
9.755394179956072831e-01
9.741516873325004600e-01
9.813354181258711062e-01
9.620616265794732502e-01
9.706665088084810433e-01
9.752170440367030624e-01
9.941649759694438648e-01
9.659971335510462165e-01
9.578753334307248402e-01
9.777999770315602968e-01
9.453133113599877513e-01
9.875142514070311961e-01
1.000751264597831591e+00
9.793258103094788503e-01
9.886005309734642310e-01
9.919561451788388995e-01
9.478995772452274426e-01
9.834097080080224096e-01
9.698601281332861479e-01
9.848697463657917206e-01
9.803205036939632855e-01
9.724449458790200840e-01
9.648523895367818737e-01
9.776127254587899662e-01
9.772150972750131004e-01
9.761242409465429315e-01
9.755794419845374987e-01
9.990621948194108315e-01
9.661652288699380531e-01
9.811828428283528858e-01
9.863883990986332950e-01
9.778140001501529621e-01
9.936713220377757505e-01
9.816438568053260649e-01
9.846116724328951575e-01
9.744364854385140218e-01
9.858378583572592335e-01
9.738256264665773321e-01
9.754948133247934861e-01
9.937527572514053276e-01
9.754822668815500419e-01
9.830735843481978042e-01
9.916233651062793530e-01
9.826960720657443860e-01
9.939314984408074150e-01
9.767691039353487703e-01
9.648791795996829457e-01
9.827374251129286087e-01
9.885939521239298644e-01
9.744260532513062678e-01
9.874695453359324526e-01
9.787438329886805066e-01
9.922961371798093566e-01
9.878925523047197288e-01
9.826048583478467213e-01
9.889013101183575793e-01
9.792159312188466469e-01
9.917783363687235898e-01
9.840609999767871985e-01
9.618929920097297748e-01
9.974049035160220678e-01
9.834738722070467398e-01
9.855534334319236978e-01
9.865332712312251395e-01
9.736604694859463116e-01
9.730582233367192080e-01
9.854762112241757244e-01
1.012598662564548002e+00
9.724729869650071690e-01
9.706717180988622129e-01
9.516226023695126823e-01
9.767083707041799290e-01
9.519104533497225740e-01
9.921813848911695821e-01
9.924640970140361507e-01
9.859860956586442571e-01
9.911752820054504642e-01
9.696669479830265503e-01
9.857181075986723995e-01
9.961473114457091160e-01
9.679880989753549825e-01
9.817560162312324312e-01
9.876117465345108926e-01
9.829368956704580551e-01
9.846055247965362911e-01
9.569911019580978895e-01
9.881647114394543907e-01
9.812498952772510386e-01
9.923314769592389561e-01
9.640117808024877277e-01
9.685721623450187501e-01
9.862596454802899926e-01
9.800438184037496558e-01
9.679798544671793792e-01
9.871491774868301761e-01
9.473503902009867694e-01
9.856278613271872713e-01
9.720553142117700496e-01
9.891056339464056046e-01
9.680301765353224175e-01
9.979674364839086209e-01
9.802156509339763346e-01
9.849351850975923695e-01
9.797198682336697440e-01
9.780771692459127031e-01
9.615629057421312131e-01
9.747263478474216258e-01
9.596843454194264877e-01
9.752505742451555992e-01
1.012016581774240587e+00
9.994349693554155367e-01
9.913537621744541450e-01
9.737042861615211597e-01
9.799424698150286384e-01
9.740423598287936136e-01
9.832338773750298744e-01
9.889739727185153928e-01
9.637794952571838714e-01
9.901349388002598229e-01
9.872587425044030418e-01
9.900349878091203593e-01
9.954289442455513948e-01
9.814100056721949406e-01
9.921390662091882362e-01
9.824743333034765547e-01
9.856090505969070659e-01
9.945858140745552634e-01
9.484054100555775468e-01
9.923422509288417626e-01
9.750227392275758742e-01
9.824950820347231328e-01
9.867505117068531284e-01
9.802124324807298672e-01
9.932314750332799091e-01
9.873047191514482401e-01
9.790159290662040492e-01
9.859030855433819074e-01
9.804866782012764403e-01
9.729910113064915711e-01
9.612484422740401602e-01
9.827466599804161040e-01
9.770470731891762739e-01
9.694136055815261166e-01
9.630852968080230170e-01
9.541476117707987648e-01
9.731988162146296695e-01
9.729550414687225812e-01
9.863996443905458378e-01
9.559918523813502045e-01
9.627261993832301190e-01
9.947176296625950265e-01
9.779481192138604895e-01
9.802368556542954137e-01
9.949900640617930225e-01
9.857513116671412501e-01
9.908033798381956636e-01
9.801499876738091199e-01
9.730699327399595644e-01
9.709740834341251681e-01
9.844837372746162441e-01
9.666537627392133292e-01
9.739902037631696929e-01
9.825004945045190397e-01
9.836845892334491470e-01
9.684268140067410213e-01
9.605581355315984116e-01
9.844031265832284827e-01
9.930373974675202886e-01
9.946833002550086178e-01
9.818103672038918095e-01
9.793797596269243622e-01
9.783136138732936304e-01
9.868512103164094329e-01
9.475936894733257843e-01
9.948316517191759800e-01
9.750931429686024998e-01
9.997147960847584391e-01
9.744072567903555582e-01
9.813081615838180616e-01
9.703564137508413623e-01
9.824934858423658435e-01
9.440695786144872592e-01
9.891593991905834882e-01
9.670207363679175216e-01
9.411515770531221348e-01
9.615206625007732821e-01
9.899412632023169012e-01
9.800497416421763974e-01
9.971798242500475862e-01
9.858072944241075275e-01
9.659140874897954587e-01
9.853322266266543172e-01
9.757711177984871309e-01
9.745448486352752404e-01
9.612080696410513214e-01
9.901167895403053532e-01
1.001477960609215678e+00
9.697270488020256485e-01
9.940769730520849778e-01
1.005451117922284032e+00
9.546074333301302062e-01
9.772931682713578150e-01
9.800272064494272017e-01
9.501090843426193144e-01
9.647452844258475047e-01
9.904062435919263052e-01
9.768507812758938647e-01
9.739457169399645675e-01
9.601380559945884574e-01
9.929599048414600171e-01
9.685299143397354538e-01
9.570188529997801785e-01
9.719087725020927326e-01
9.610853074970037158e-01
9.829406251448441489e-01
9.874384344616446985e-01
9.545657373419000891e-01
9.970412412131857138e-01
9.852930111020719028e-01
9.777930889329670139e-01
9.835438836502410354e-01
9.963686566542705458e-01
9.738590443645716022e-01
9.752960989986054763e-01
9.352180098109721396e-01
9.782149456797676335e-01
9.789381363562611460e-01
9.497407304141596285e-01
9.991405582137692365e-01
9.898497439018181243e-01
9.796957928299488971e-01
9.768425248261904947e-01
9.826194900438299795e-01
9.781800166318918022e-01
9.795463342486316893e-01
9.854074190581242343e-01
9.433465201772133213e-01
9.772929025993445373e-01
9.722880938835710696e-01
9.844916862249313283e-01
9.895822523257111758e-01
9.688639584236696800e-01
9.927132222858621180e-01
9.850886421891655864e-01
9.882514674962521450e-01
9.491895805474850345e-01
9.748216413104335842e-01
9.838238850333838048e-01
9.836249024529417628e-01
9.746076531259618703e-01
9.881921760264161803e-01
9.776308831021713885e-01
9.865995308918025231e-01
9.859697330697905215e-01
9.932594911209259303e-01
9.752869932011712928e-01
9.850363906923338408e-01
9.779875612751818270e-01
9.805645621485273855e-01
9.759531298234531693e-01
9.660700475604410142e-01
9.922448805429586738e-01
9.855875900743668039e-01
9.795328695095345539e-01
9.840933032370836608e-01
9.842952086952266866e-01
9.982784310457155641e-01
9.629152312848807682e-01
9.900230192919436956e-01
9.901257936960772277e-01
9.793898080129931349e-01
9.751547214045958034e-01
9.580382821934452231e-01
1.003913219768699960e+00
9.842750907944013417e-01
9.751067244384378219e-01
9.730952366620383431e-01
9.727878111079528711e-01
9.835368885164084141e-01
9.742605903366470255e-01
9.793477305860089910e-01
9.280833483053522182e-01
9.853609593708280157e-01
9.739357382787203754e-01
9.916649133997899046e-01
9.870052450261388444e-01
9.954463604070969973e-01
9.852732579418045367e-01
9.734138842736311803e-01
9.799387282865893445e-01
9.586745412071137062e-01
9.838905985565629120e-01
9.927959142080465815e-01
9.811064450667305037e-01
9.608458874774459257e-01
9.791418364347568293e-01
9.813600879084011241e-01
9.841418758437906478e-01
9.892656104261818850e-01
9.706382347050808157e-01
9.682171905850719407e-01
1.007344580751192265e+00
9.711933248623212389e-01
9.617067231637181912e-01
9.876967814147658009e-01
9.945106903096192497e-01
9.873234991011919925e-01
9.640338318719088306e-01
9.744004896856230946e-01
9.840738954657984872e-01
9.567454062585547536e-01
9.743676019155369517e-01
9.819688607059087193e-01
9.686225736373805795e-01
9.729156420710044495e-01
9.740487461368793065e-01
9.919839620026537075e-01
9.740726475496027659e-01
9.555934675109533094e-01
9.857168009981144285e-01
9.732833546602254193e-01
9.750706297880302742e-01
9.598989175075557378e-01
9.911628557166054510e-01
9.848354367184186664e-01
9.885911092791281884e-01
9.930833396191163231e-01
9.720859991160800684e-01
9.686033898755025406e-01
9.736293372757144349e-01
9.959820967652397439e-01
9.865382167762595245e-01
9.909337861992425500e-01
1.002429661968926355e+00
9.672136520321693576e-01
9.893354270751589796e-01
9.593386386482553041e-01
9.720560738849320925e-01
9.763467059111816670e-01
9.851575215382351036e-01
9.911696361177725345e-01
9.795172572429236002e-01
9.812545691718838059e-01
9.864475885696059043e-01
9.936020023074195739e-01
9.698661477120301688e-01
9.655087242318940444e-01
9.757507563986201893e-01
9.915703327995564198e-01
9.804913317969433662e-01
9.861931417028185765e-01
9.535271641895329831e-01
9.750499929913002406e-01
9.735830526813827879e-01
9.825362864296329768e-01
9.763307863222931982e-01
9.790991914475836166e-01
9.764684184142645718e-01
9.394855188903150633e-01
9.791989336277037159e-01
9.964698906097220199e-01
9.511359777056890286e-01
9.935982935131675298e-01
9.845330550471624864e-01
9.798972901242840594e-01
9.789607484825445516e-01
9.977439280176092495e-01
9.859470519207785832e-01
9.930108665784364019e-01
9.862393614485404081e-01
9.802229572667249258e-01
9.908072419969483624e-01
9.479348338224293791e-01
9.641781207839968948e-01
9.811235680246261914e-01
9.852226462055304612e-01
9.847706143219464581e-01
9.804456505529474120e-01
9.954904979963209444e-01
9.775580812339428327e-01
9.706801948479101272e-01
9.847114541092433226e-01
9.855693546112243020e-01
9.466621863636229817e-01
9.807373009091249205e-01
9.822958750239402237e-01
9.788642745104381149e-01
9.700475468109475141e-01
9.626352916068283694e-01
9.884848686180003341e-01
9.631457703288098804e-01
9.772908714670202057e-01
9.845400435691720187e-01
9.760506992271806848e-01
9.672621784440905701e-01
9.830016481187267008e-01
9.717677749431158363e-01
9.669977451522495659e-01
9.699192966379169834e-01
9.863777604751728934e-01
9.940055095759425807e-01
9.818819898371207167e-01
9.693958797231110314e-01
9.816812174991901285e-01
9.870905786842415486e-01
9.876096209759938072e-01
9.922418722854718931e-01
9.810392114024357735e-01
9.804112004201506192e-01
9.743164823390204621e-01
9.866082895574039835e-01
9.735957863361923703e-01
9.665453921429433271e-01
9.798699434460922397e-01
9.926625708071239451e-01
9.893271614855858598e-01
9.766971977694900442e-01
9.912653858946723906e-01
9.783528649321806547e-01
9.821746498608885378e-01
9.737230866340039759e-01
9.860959105188049634e-01
9.480008721460440047e-01
9.839986786378287498e-01
9.681319757330456577e-01
9.924941100315062270e-01
9.751779739698150928e-01
9.724608765827790213e-01
9.734536449751981513e-01
9.877479444380532492e-01
9.856740107625225900e-01
9.883925226680686515e-01
9.765588616079271533e-01
9.734018784945258629e-01
9.834013639623978564e-01
9.823167713883883545e-01
9.844970283228581254e-01
9.590247264549885964e-01
9.683021982933494032e-01
9.907649640990430218e-01
9.775838132985146256e-01
9.792459097760878306e-01
9.785040629817193247e-01
9.740350400815049881e-01
9.864443705686710695e-01
9.784848760488269459e-01
9.811593371945710462e-01
9.777127679029922191e-01
9.770545265906712684e-01
9.986297907193668610e-01
9.896763127957172168e-01
9.714204450535458557e-01
9.828229528895440215e-01
9.864068952699328596e-01
9.924184091095957783e-01
9.822465129611014367e-01
9.839158264407925625e-01
9.743674687458494521e-01
9.927182804566301311e-01
9.737716062315353582e-01
9.903229366430167380e-01
9.824933357166482084e-01
9.848856898106507218e-01
9.724747585865912702e-01
9.871497443927684801e-01
9.726225492330103917e-01
9.814216979941571273e-01
9.946286091512439587e-01
1.003186768509287674e+00
9.796068767695413904e-01
9.902811011236714034e-01
9.884311013520811207e-01
9.807662576330038462e-01
9.890781986614353150e-01
9.781251528658345684e-01
9.713342928923556219e-01
9.668681814140818176e-01
9.510329899491670735e-01
9.847073988813778156e-01
9.817692566659027564e-01
1.000822864470169327e+00
9.391599619590483838e-01
9.640173435548380354e-01
9.870147125748962580e-01
9.672936033977774795e-01
9.869111551600987520e-01
9.734560184843087383e-01
9.582393405793110386e-01
9.743515253793132436e-01
9.833389985109300957e-01
9.851990305338946818e-01
9.840602313379771537e-01
9.760741394117942171e-01
9.827113322950121743e-01
9.790904021665275403e-01
9.935826230339150911e-01
9.818617152723783104e-01
9.992068652949901431e-01
9.879764138139244256e-01
9.651737703962580683e-01
9.850840463513075296e-01
9.726606022950453623e-01
9.636823200481107188e-01
9.694717509742987183e-01
9.222526807373948587e-01
9.847395533190084205e-01
9.590455703866298531e-01
9.941706953172129158e-01
9.625444579043691551e-01
9.632998813520203818e-01
9.905354268570469856e-01
9.875459390778931201e-01
9.857017485412160607e-01
9.749832397140189011e-01
9.913813833524135477e-01
9.918247932677297651e-01
9.809425770925714883e-01
9.791583642916469321e-01
9.803820634241802168e-01
9.826211679984269143e-01
9.202228667978332721e-01
9.839927120998932519e-01
9.787556056550322792e-01
9.823362572539875437e-01
9.554003089627174372e-01
9.743632483146363876e-01
9.886608569154631265e-01
9.834371645509440985e-01
9.897082789116188328e-01
9.758902257238729616e-01
9.771925568265106277e-01
9.761747284672825931e-01
9.688319120805684026e-01
9.860571131000591683e-01
9.902433794270575351e-01
9.902471409581855566e-01
9.841196412181481001e-01
9.646454929801603351e-01
9.841847254485994734e-01
1.000151439901948214e+00
9.703569895772652387e-01
9.841929548837495823e-01
9.786535070611547260e-01
1.000448371646650791e+00
9.721699359723326994e-01
9.789347521832486576e-01
9.880684324896581439e-01
9.846064657584493451e-01
9.734632523473836230e-01
9.705846087791883958e-01
9.566109260593302910e-01
9.706468482177834645e-01
9.884485332813908176e-01
9.698842720078226787e-01
9.792611285344166028e-01
9.824323791517506343e-01
9.836462212405641115e-01
9.845548363519619484e-01
9.910816434125095942e-01
9.517379458719611440e-01
9.668398469200055745e-01
9.757844408839567718e-01
9.597042387587759737e-01
9.737170148587507290e-01
9.618408212153147785e-01
9.900665638322098117e-01
9.868427888739712550e-01
9.732264113588245946e-01
9.844086619811366345e-01
9.918283124768797476e-01
9.546433535516321012e-01
9.871898866229155134e-01
9.638685589110197460e-01
9.702310001516485372e-01
9.702410909732875899e-01
9.821852166627632608e-01
9.810451457209758974e-01
9.670741463347786171e-01
9.640855653803073189e-01
9.911199017155887248e-01
9.890543731728518306e-01
9.727207414427865295e-01
9.821282911226312251e-01
9.673939126411226219e-01
9.877919559628366430e-01
9.881721249745154534e-01
9.508034064806815122e-01
9.846733214225260600e-01
9.747787089741297706e-01
1.001075385850099142e+00
9.669899284140298645e-01
9.594326812922482350e-01
9.678610412317604217e-01
9.600514516284830435e-01
9.768508485778821804e-01
9.757223795877290051e-01
9.681443541604706216e-01
9.753524632651959791e-01
9.895374013145438186e-01
9.792933928624742990e-01
9.962032467443892036e-01
9.838041089978954989e-01
9.781414240185750675e-01
9.867737747873794873e-01
9.768560810061741595e-01
9.749944614977625879e-01
9.863125223063354818e-01
9.925827443181040044e-01
9.865040712986514748e-01
9.802717075733340391e-01
9.820462466851660466e-01
9.898152315265119627e-01
9.619102870179895293e-01
9.880638220194454258e-01
9.841223363475680719e-01
9.880200963898818634e-01
9.786823458478335347e-01
9.557298466839193596e-01
9.682573133067148285e-01
9.882116040484628661e-01
9.788262668970700853e-01
9.778411099618287139e-01
9.915268742181952977e-01
9.857528873112181289e-01
9.861494142716410449e-01
9.815757614701581257e-01
9.799624088744212091e-01
9.874172379892655060e-01
9.575610578601795320e-01
9.810097265639429187e-01
9.852887906620925174e-01
9.581804997066950547e-01
9.984354328192471817e-01
9.995763406175681709e-01
9.833327766763336752e-01
9.942538727217999917e-01
9.841142127013111640e-01
9.899925456462757012e-01
9.580309142452132498e-01
9.837696742817276796e-01
9.731038572665059450e-01
9.953308995458208797e-01
9.876454261295013470e-01
9.357208545374706699e-01
9.763730021411860527e-01
9.843247827034669051e-01
9.557305872903490984e-01
9.806652737957405330e-01
9.802526928322877753e-01
9.849523952726475517e-01
9.655175775773999769e-01
1.009204605907817465e+00
9.862551248992761366e-01
9.860152858721985547e-01
9.917452268003950078e-01
9.321015037194569919e-01
9.923964526998795277e-01
1.005422544624938963e+00
9.448508961464988642e-01
9.976668108415874814e-01
9.891932498922838546e-01
9.720389127919291106e-01
9.928320345695851312e-01
9.742532950861559904e-01
9.552968071541485529e-01
9.632475044974889711e-01
9.980538101206223311e-01
9.570848790319512744e-01
9.778624206005420705e-01
9.903652945464533897e-01
9.697032031169172672e-01
9.673284897280709504e-01
9.799082919235032607e-01
9.826558833867401477e-01
9.840899251148114146e-01
9.846683001160444482e-01
9.879673815005419746e-01
9.484121439594174197e-01
9.909882725639738155e-01
9.711174205283491512e-01
9.617315414577941590e-01
9.720392649692605191e-01
9.553920633096879556e-01
9.825948844119111181e-01
9.859694791241838674e-01
9.850994157417904962e-01
9.791006987529475847e-01
9.861259922635726705e-01
9.730501835118289256e-01
9.871177412743437074e-01
9.610005218976018782e-01
9.887856670327563879e-01
9.660206619899706082e-01
9.772247103680663516e-01
9.881577348315018217e-01
9.754594643505325458e-01
9.906462909029376540e-01
9.569000419414359637e-01
9.899294557616837853e-01
9.942243858423533975e-01
1.003768253526402310e+00
9.741302473419994890e-01
9.901636691029677140e-01
9.669785889045187099e-01
9.536458655166587528e-01
9.757576398390588324e-01
9.811495081338359459e-01
9.279441533751796589e-01
9.950245726564941329e-01
9.876775002768141132e-01
9.764164600006243200e-01
9.767713227644656548e-01
9.704799316809682441e-01
9.802320972171434388e-01
9.975544823733031308e-01
9.585113877622105649e-01
9.846156462731289194e-01
9.850498724139696849e-01
9.930514492214363997e-01
9.860391678750278777e-01
9.847169362705550100e-01
9.714484479883476187e-01
9.806329124001128550e-01
1.004061881053159189e+00
9.976779914488977941e-01
9.946676997376904250e-01
9.805835246081729961e-01
9.724580574970965730e-01
9.861515510535535656e-01
9.558414576747893410e-01
9.927919561843966401e-01
9.812106892428551497e-01
9.863012739915031357e-01
9.821172994137261636e-01
9.718973799248002976e-01
9.708444320401903305e-01
9.515023029829187129e-01
9.915845355740040556e-01
9.727143380349136947e-01
9.747474241858452570e-01
9.827824087490998339e-01
9.809510962350158625e-01
9.834826888367592668e-01
9.856717968609389757e-01
9.727900828597096927e-01
9.783567887536736007e-01
9.890710870682184463e-01
9.711040026920652046e-01
9.599787370133348041e-01
9.904013980300421238e-01
9.847147206789779172e-01
9.833539597571446800e-01
9.822008227382017509e-01
9.785185542535529413e-01
9.484674781740658478e-01
9.910249324231864554e-01
9.833366717725851025e-01
9.686758465840321630e-01
9.655797925192599607e-01
9.760212496063367382e-01
9.586085436955467109e-01
9.707756667641838089e-01
9.889613324029837838e-01
9.575325454243935885e-01
9.661431368664391561e-01
9.625427355669771146e-01
9.725610770767111335e-01
9.826864319086410227e-01
9.585155556070825700e-01
9.801767325670104336e-01
9.723051151013197835e-01
9.672655631508768614e-01
9.741109573790249776e-01
9.866685548500372382e-01
9.819493395169394123e-01
9.876918188856635972e-01
9.274146393185345172e-01
9.876534888348852403e-01
9.896455337639334937e-01
9.905860728094700862e-01
9.823707731949947730e-01
9.348169423565507730e-01
9.839239713324797743e-01
9.772878658617408787e-01
9.817179010285326246e-01
9.848541346387281736e-01
9.784876870325881493e-01
9.899699370410544041e-01
9.793923424724190196e-01
9.776783843222485171e-01
9.710951502587263917e-01
9.622573559294640422e-01
9.680942973792890927e-01
9.676286020306014146e-01
9.656560855767248874e-01
9.881660498360755884e-01
9.655291222855113542e-01
9.878415820600414676e-01
9.909686385401474951e-01
9.869008909375207583e-01
9.750527705832092717e-01
9.916984020524837184e-01
9.774210324315560916e-01
9.954976277061563517e-01
9.659781355162727623e-01
9.928553355982608908e-01
9.856673105176539940e-01
9.947163884523784194e-01
9.707602843750798849e-01
9.931956282945054726e-01
9.806506515781266975e-01
9.611948632164626360e-01
9.440618025351199538e-01
9.693130865872021662e-01
9.756216598618552283e-01
9.881953664380564994e-01
9.645132639377340666e-01
9.792891398492955535e-01
9.686184762199053777e-01
9.799280962009393470e-01
9.788612288542629658e-01
9.795016456008650563e-01
9.937089385051109947e-01
9.971323255240053252e-01
9.645637094113755916e-01
9.862036417292442403e-01
9.782933717103882154e-01
9.632319379871570053e-01
9.891971008952963329e-01
9.755999234791872254e-01
9.834514051618988839e-01
9.775572143539682513e-01
1.000475447686325792e+00
9.819481572972535988e-01
9.916545458175571870e-01
9.745179259371958835e-01
9.826047844083979355e-01
9.728916507439012706e-01
9.793406916740902135e-01
9.673360068522497413e-01
9.627410448431187318e-01
9.799586548589007684e-01
9.763401638984419151e-01
9.907159881551336200e-01
9.808334475804978414e-01
9.844411754920203705e-01
9.722111489924128991e-01
9.968197500851559978e-01
9.849338535150846674e-01
9.754189680387067574e-01
9.740600941674603108e-01
9.733772502764278522e-01
9.578547828003036724e-01
9.817729032640221121e-01
9.905634056909132790e-01
9.689958934316271755e-01
9.840326595677977295e-01
9.565140785906257603e-01
9.588815926546874202e-01
9.906290953033987101e-01
9.732307834844152739e-01
9.752177004344552147e-01
9.793738411529491206e-01
9.754183765529532701e-01
9.811531651363776252e-01
9.878061483886340088e-01
9.782239386648849955e-01
9.696200850293454909e-01
9.820868110924337868e-01
9.857611769354893694e-01
9.808409973832751261e-01
9.695492722992046231e-01
9.920478203997282751e-01
9.889396302719247744e-01
9.698931490641066189e-01
1.000837448081016934e+00
9.843418302419330024e-01
9.818855745824428549e-01
9.766960921683529584e-01
9.811690555293504090e-01
9.803830707690980306e-01
9.835145037659920320e-01
9.872118337635688023e-01
9.600247777630105395e-01
9.733021399092737225e-01
9.836530518826271940e-01
9.796686503550056102e-01
9.885722498726965402e-01
9.679961449289319342e-01
9.798087908355265219e-01
9.783572295423901277e-01
9.586181300488707535e-01
9.622936368084176184e-01
9.291248080173939439e-01
9.796531286863183752e-01
9.786962206651602658e-01
9.813492861581007976e-01
9.842488384590879491e-01
9.928174897765267293e-01
9.583306115145392434e-01
9.808162945616507589e-01
9.741423518808185467e-01
9.748763521693780687e-01
9.804164869551200701e-01
9.842804356059343673e-01
9.651237537955453805e-01
9.863021870223053211e-01
9.388135831467953052e-01
9.768631217448832116e-01
9.773654988526497833e-01
9.774317115948731871e-01
9.824020254338799996e-01
9.867012636799991077e-01
9.920139864914366834e-01
9.821123446975733584e-01
9.920479453793530356e-01
9.891695843253826004e-01
9.790138375020777106e-01
9.898248395669695388e-01
9.642455089971194715e-01
9.894658320560156817e-01
9.736757092458449003e-01
9.707937773215186139e-01
9.873866709633547512e-01
9.489002898211648107e-01
9.905890802077134127e-01
9.608529083371207813e-01
9.973121195037641940e-01
9.835741666158327456e-01
9.813173897331877171e-01
9.929186545431951672e-01
9.684078340992788858e-01
9.778157725703526815e-01
9.683406655045960765e-01
9.886339077670117659e-01
9.942723164261957347e-01
9.686189229896197128e-01
9.659556317441911899e-01
9.861971465514353108e-01
9.519822915945510555e-01
9.745292375507424998e-01
9.759176553044756064e-01
9.726705778028345017e-01
9.791609147623043796e-01
9.860324618580221800e-01
9.884837773552663798e-01
9.842359475614628206e-01
9.630372890065372893e-01
9.737024933304345709e-01
9.873727108470118363e-01
9.872570736631247623e-01
9.896686704098700549e-01
9.975237862943201472e-01
9.805180615943263067e-01
9.889415496948043005e-01
9.535223837784858603e-01
9.923269574493126521e-01
1.000065867377473605e+00
9.843995740311496379e-01
9.786812535575073468e-01
9.630811824815387334e-01
9.756624596909501124e-01
9.867411480957125614e-01
9.783059572763483924e-01
9.893110857179834294e-01
9.924938741556060817e-01
9.795710918010134272e-01
9.754082196568545360e-01
9.740762716580702030e-01
9.711340782595220267e-01
9.690600606693213770e-01
9.921742378901967641e-01
9.558870723752314058e-01
9.854059256209283246e-01
9.639632868199441429e-01
9.868141847762990082e-01
9.707880786837504994e-01
9.923053847403672245e-01
9.655633916704902120e-01
9.789724241401759341e-01
9.895674316851215124e-01
9.585065763434065245e-01
9.757609276198706549e-01
9.874663067763623792e-01
9.568293269509056120e-01
9.803583338154796545e-01
9.819151157326310164e-01
9.755123230424477265e-01
9.931395071037212308e-01
9.846817962302685245e-01
9.673217687271546961e-01
9.570995400993553837e-01
9.864890305901371503e-01
9.772438596673621580e-01
9.617874378669313273e-01
9.825695360331178074e-01
9.789886830727032585e-01
9.842729708377073727e-01
9.709123221949564897e-01
9.914610466924689280e-01
9.798933201064037313e-01
9.723689855132982007e-01
9.853879082406040713e-01
9.877454411685946400e-01
9.886127655692018568e-01
9.701806638715418929e-01
9.831888459526230140e-01
9.519304235966655758e-01
9.738162955598886894e-01
9.840482643711486732e-01
9.903473500784280015e-01
9.820754536338043295e-01
9.765761056036167398e-01
9.709532756447728508e-01
9.878643346037222495e-01
9.822805016498764585e-01
9.809751185436045295e-01
9.851238836055189463e-01
9.812538893531523865e-01
9.534339387448361736e-01
9.705840898671496131e-01
9.925118252679366870e-01
9.793645929425334185e-01
9.779378362936947955e-01
9.508197983668601472e-01
9.830650706798748084e-01
9.999452121792696824e-01
9.821922516948944359e-01
9.864406145201781717e-01
9.809765936541654519e-01
9.810897079931886200e-01
9.965837092614940884e-01
9.868596155533680969e-01
9.853360882085651085e-01
9.774393812842833151e-01
9.739997767540670148e-01
9.777583466845073401e-01
9.692874143768025474e-01
9.856050706046801668e-01
9.737064312673392452e-01
9.643185681615412674e-01
9.749645073357902092e-01
9.907901965012794188e-01
1.002211289569779007e+00
9.753690112410952073e-01
9.904193597285438910e-01
9.956113430508098938e-01
9.644987245791064590e-01
9.473080295186830924e-01
9.883036784471651570e-01
9.632116882143597625e-01
9.877902575869074164e-01
9.868460933999400053e-01
9.530458503232620560e-01
9.804095142115007988e-01
9.619426006960511977e-01
9.878922939751554333e-01
9.868466462519407401e-01
9.813978584202689426e-01
9.956780822360860039e-01
9.511604776929906135e-01
9.873278356694376034e-01
9.901936748482074169e-01
9.670795197100627849e-01
9.773491400943409291e-01
9.780033625702458933e-01
9.719688395983721030e-01
9.883493209210927333e-01
9.940395125255472308e-01
9.854052003625979328e-01
9.671621803692554975e-01
9.549720994277879349e-01
9.893003712115014947e-01
9.793948407579624593e-01
9.659420077235437718e-01
9.745187173442291240e-01
9.894593407758393022e-01
9.913358181647711209e-01
9.825541489865650124e-01
9.871928106591641994e-01
9.698857096411992451e-01
9.707608764464679130e-01
9.575462617941936649e-01
9.746353699616531197e-01
9.756262085688649499e-01
9.912366590289742874e-01
1.016625071779089229e+00
9.940290760435606110e-01
9.965273993119071472e-01
9.849733051571619713e-01
9.882413187902242546e-01
9.349015385631805897e-01
9.548408952673340666e-01
9.897098452042166761e-01
9.836272000189919540e-01
9.738820566442808468e-01
9.958417105742441988e-01
9.858804980883811853e-01
9.824632279633119802e-01
9.776479498021021231e-01
9.816144821604402271e-01
9.722319813990168980e-01
1.012080271176515778e+00
9.917086703911655032e-01
9.818538368868741095e-01
9.795533285613665653e-01
9.845720076139409249e-01
9.779409943538159844e-01
9.884435995253110230e-01
9.392390611690689672e-01
9.775220508196570401e-01
9.829154061370771744e-01
9.946149799880662501e-01
9.926749485315812249e-01
9.827199272580690037e-01
9.536464840785707775e-01
9.601770032609427963e-01
9.770480777489671809e-01
9.769155052023087427e-01
9.923312671261302897e-01
9.617693277505681149e-01
9.897150984687053121e-01
9.891460588804817933e-01
9.329850951544912396e-01
9.849835828494923895e-01
9.884117757353029221e-01
9.846370321147618343e-01
9.852679745882555462e-01
9.854700859370800758e-01
9.781673199008609210e-01
9.774187885444991508e-01
9.852148362106747381e-01
9.658217843759839827e-01
9.860406150928412439e-01
9.906922578327541640e-01
9.483215441370725918e-01
9.943414156990710850e-01
9.787219358081161724e-01
9.669847511043981880e-01
9.858204798930063628e-01
9.707516590426731318e-01
9.761149323563427238e-01
9.859038134450919255e-01
9.760575287455737215e-01
9.630043715732987675e-01
9.733196580443255197e-01
9.887053082566188422e-01
9.862410653001960625e-01
9.799613315760793419e-01
9.608706777151369005e-01
9.961023128994382914e-01
9.791633355811962813e-01
1.000398889521839196e+00
9.765262279649186139e-01
9.464163774648436389e-01
9.880907368615503561e-01
9.764022916939117946e-01
9.771940010266091381e-01
9.615784696542081234e-01
9.869820869561067855e-01
9.585017637208912422e-01
9.750174079979835318e-01
9.552323950907098959e-01
9.599267730286986655e-01
9.830174277277670125e-01
9.789555871913161456e-01
9.641786894264774421e-01
9.660965943222054042e-01
9.622730256151915684e-01
9.867525378993871055e-01
9.514400627603721849e-01
9.907189335472695868e-01
9.910259740264540929e-01
9.745675687209464089e-01
9.861578571182068043e-01
9.861194547077849482e-01
9.623949383412344627e-01
9.604131590691791232e-01
9.818109489715088900e-01
1.002469489891310017e+00
9.840490283722401754e-01
9.874182292392336135e-01
9.830456689426474437e-01
9.942174874483175051e-01
9.927075648545116149e-01
9.957627017020797000e-01
9.673418210888040658e-01
9.846462853349353672e-01
9.894789322659127695e-01
1.002801697667151659e+00
9.919225073191612063e-01
9.883530869269242514e-01
9.708195997864091931e-01
9.906507675915958711e-01
9.968615659531984141e-01
9.819670805446295558e-01
9.836970967966174317e-01
9.796354947985704831e-01
9.767241746857809881e-01
9.782169561218814202e-01
9.820321272068553986e-01
9.790674785015893722e-01
9.647076926274469333e-01
9.542762545990761680e-01
9.800224492705653656e-01
9.908465291138365272e-01
9.864974986237029508e-01
9.751541623452981700e-01
9.758557498224447180e-01
9.744794195655896996e-01
9.823554508156623344e-01
9.848223033412872862e-01
9.841963076335731309e-01
9.457530035999497375e-01
9.763022229101655514e-01
9.721337555544755649e-01
9.707300242449093952e-01
9.808865275338143341e-01
9.862946496034090682e-01
9.866969773976698166e-01
9.884493232300478605e-01
9.895383704531551805e-01
9.712117925042642597e-01
9.864041646216782366e-01
9.798553372055367472e-01
9.806982938912862657e-01
9.700822905899918469e-01
9.823695172381624596e-01
9.743527139236579648e-01
9.752917974418918723e-01
9.871072024723929195e-01
9.928749356286783456e-01
9.751792690831018184e-01
9.908307218852334675e-01
9.836272095262253989e-01
9.878517240691965240e-01
9.738247588958182099e-01
9.605035971715257803e-01
9.547105812150388227e-01
9.877112467479065572e-01
9.892081345533625392e-01
9.907245001242650506e-01
9.738867401501409837e-01
9.591663246726758185e-01
9.512694382847737273e-01
9.776746608675850325e-01
9.810445044863107533e-01
9.822523452912262920e-01
9.749535999519702845e-01
9.825295959799126289e-01
9.767076701310625220e-01
9.938617152977535785e-01
9.831862040900415378e-01
9.702723836778417432e-01
9.964271274695436498e-01
9.861086219490914351e-01
9.917682170384621854e-01
9.752563965054872330e-01
9.722703678793881421e-01
9.819340468603525718e-01
9.809238292255146874e-01
9.881393528398875192e-01
9.839336442994797149e-01
9.968127511241362537e-01
9.440672652787076569e-01
9.760542237061357040e-01
9.696809961645540543e-01
9.845171071881793079e-01
9.785673693199203882e-01
9.753392035779316904e-01
9.678796705185183091e-01
9.603462947224041812e-01
9.751000674556168368e-01
9.667278967241692555e-01
9.808623268050620236e-01
9.752006339658861878e-01
9.913686068078799707e-01
9.938028497318531773e-01
9.784120696456906074e-01
9.890523847643274413e-01
9.333513559864830000e-01
9.652423889928277712e-01
9.846173444870779390e-01
9.850291871632568252e-01
9.833401267344730190e-01
9.768087432107089851e-01
9.834703034646352648e-01
9.627614940084598949e-01
9.655103910019777746e-01
9.932219772394806911e-01
9.483992989656928607e-01
9.884709853529733969e-01
9.797801232890182010e-01
9.842294931972580541e-01
9.851552324618328971e-01
9.899797724418354372e-01
9.692515083275747845e-01
9.625675725712793396e-01
9.975963805636832715e-01
9.734247221556701080e-01
9.813271446041468282e-01
9.760905568295235035e-01
9.862614352103746818e-01
9.764906437301078546e-01
9.765580170566516838e-01
9.831791690603872702e-01
9.833317058165171876e-01
9.774578832508629134e-01
9.832281266991927948e-01
9.837942802580458279e-01
9.958164230681041396e-01
9.943492060035535873e-01
9.481656459312272078e-01
9.781626834068070098e-01
9.859481017945405101e-01
9.556029964090717588e-01
9.875153529712308309e-01
9.837366330900240152e-01
9.756076238447703997e-01
9.888360262249508148e-01
9.753674232748217321e-01
9.825167168425692488e-01
9.790786055111371233e-01
9.762332951725107844e-01
9.832951022207988556e-01
9.759979200420205725e-01
9.851096189485600840e-01
9.850691934871040889e-01
9.844041817404243222e-01
9.842115490912410891e-01
9.888503366039820275e-01
9.954913257022709461e-01
9.815084539982520395e-01
9.754317627289127435e-01
9.836637655613831299e-01
9.958044726953654280e-01
9.808167192557526448e-01
9.699714399332979298e-01
9.814988427558262174e-01
9.619471681896951676e-01
9.633192456263592884e-01
9.940770027490863914e-01
9.977328667548907015e-01
9.811204685801240277e-01
9.849483535590158878e-01
9.597234885182978070e-01
9.853578834338159176e-01
9.873211132624634123e-01
9.785126682864755399e-01
9.863996669915141569e-01
1.002291987303355114e+00
9.945401400160062133e-01
9.805954475657396863e-01
9.678712060307768095e-01
9.824155532322360607e-01
9.569759280583236549e-01
9.922445063608494875e-01
9.680428045584680286e-01
9.924742496560194915e-01
9.818929183711445630e-01
9.906759575439914034e-01
9.797980059494763028e-01
9.737607900322963195e-01
9.865696139797339725e-01
9.582150423932539463e-01
9.865287145033296845e-01
9.855955472818175300e-01
9.757980397284065077e-01
9.601554054734724453e-01
9.962623197575882772e-01
9.635265934828127765e-01
9.904311845571683870e-01
1.002572940571465621e+00
9.778006839728335953e-01
9.900058336439827578e-01
9.993263218320104224e-01
9.740651617262946482e-01
9.733705898434331649e-01
9.566468595427009003e-01
9.714099819932293656e-01
1.011164032952249325e+00
9.766615211540519148e-01
9.642672595173751304e-01
9.700235176561894379e-01
9.951843517946834528e-01
9.829214954767004908e-01
9.803952145363502568e-01
9.560149353132686434e-01
9.863071722765819338e-01
9.918448197866480687e-01
9.914323065997483475e-01
9.903226491532449716e-01
9.853063526396106386e-01
9.816428021446785834e-01
9.731133743276778603e-01
9.826905474141716113e-01
9.858261239014779465e-01
9.888858289620685582e-01
9.843089614828323120e-01
9.546964573778098373e-01
9.650110901908278693e-01
9.824496562829362345e-01
1.001597753446169525e+00
9.892686416923713866e-01
9.964479936534922366e-01
9.788627612068376838e-01
9.814942269666987462e-01
9.290921136514422862e-01
9.768476490095269194e-01
9.844429370377111299e-01
9.804787947663202718e-01
9.793429579402970209e-01
9.723541602619936164e-01
9.938552017028459140e-01
9.981232734094291903e-01
9.720882014556057049e-01
9.538749904678200942e-01
9.733324608879294626e-01
9.836344705378765596e-01
9.881837433409830229e-01
9.703737242900121185e-01
9.868335197652096102e-01
9.989306657910942411e-01
9.800804163446524830e-01
9.806648374444860705e-01
9.836204846714181604e-01
9.682392982307570506e-01
9.524010290685246405e-01
9.861003495942733954e-01
9.869108196939093691e-01
9.912532906871274196e-01
9.596901238824697700e-01
9.937895596095102091e-01
9.469562218997507053e-01
9.849680099803357347e-01
9.870397879576421341e-01
9.894945980347336079e-01
9.775766426282990196e-01
9.835571997785913512e-01
9.889120282242965798e-01
9.844691916918112407e-01
9.616720933365580093e-01
9.541901561382024610e-01
9.770619215257596579e-01
9.839281842817840795e-01
9.842731655930860857e-01
9.766426818723197290e-01
9.876101696261125884e-01
9.837886375870845690e-01
9.719374868251700050e-01
9.374428459242861722e-01
9.885863016764264710e-01
9.808149765844517143e-01
9.876614933920532247e-01
9.665778620807032873e-01
9.889654289963815126e-01
9.737365230643179048e-01
9.844472169467720635e-01
9.832334553138666333e-01
9.871573916466824805e-01
9.770258289655161521e-01
9.887914747286439265e-01
9.730782937439221847e-01
9.853313544254646006e-01
9.745258652623434159e-01
9.807093055901655587e-01
9.902500186340315036e-01
9.873806579351900314e-01
9.787732702299378751e-01
9.556029954339237964e-01
9.813879279147562640e-01
9.817405495886392108e-01
9.884163756190086358e-01
9.846391574271206037e-01
9.929806920742171306e-01
9.876473235357674518e-01
9.641649654451419638e-01
1.006930168724611274e+00
9.836947056571569981e-01
9.868485080059774539e-01
9.796124368094346613e-01
9.917814909170259430e-01
9.684567579814337135e-01
9.949878736187509620e-01
9.889785856916812889e-01
9.878119990976957920e-01
9.925830232346685156e-01
9.978539770979707457e-01
9.806478302697847482e-01
9.910223307558841954e-01
9.848617964654221568e-01
9.833645674465987252e-01
9.641379307472014437e-01
9.743978277159793810e-01
9.677740908419796284e-01
9.855842798555874973e-01
9.854372672716119608e-01
9.750030482079078409e-01
9.896761998150329642e-01
9.850412768898469951e-01
9.765070439964611548e-01
9.699757234561945385e-01
9.626774708281004012e-01
9.866919322173195450e-01
9.870234236223816016e-01
9.832169665005434656e-01
9.979972033082264993e-01
9.899389136070944062e-01
9.935414147320495992e-01
9.858822234621015257e-01
9.942396051409210234e-01
9.622988046940694762e-01
9.928804412870341212e-01
9.857864429074799650e-01
9.736425678701597919e-01
9.766003892000452158e-01
9.816551236998872776e-01
9.802978362226526521e-01
9.726080771117512347e-01
9.878468333045775651e-01
9.788867255386791699e-01
9.963244440934191370e-01
9.778805180291297861e-01
9.832175226792285727e-01
9.709991827298817268e-01
9.409242331732882159e-01
9.752248460017857168e-01
9.781724244351409636e-01
9.710902098777915992e-01
9.850551132186247116e-01
9.798004376963703743e-01
9.772302055204755700e-01
9.782732609585536032e-01
9.812008996428321916e-01
9.881263703553867517e-01
9.792332792803767338e-01
9.892222348888030092e-01
9.598230585639594414e-01
9.779318426571824707e-01
9.867358421169840632e-01
9.744174893486625688e-01
9.857043256438255963e-01
9.890423508571316580e-01
9.811798115124965580e-01
9.589211453034504062e-01
9.965826728928388611e-01
9.676248314996975797e-01
9.587247881419412865e-01
9.796377301754292111e-01
9.730826071588388748e-01
9.880242186727856701e-01
9.817782301308816129e-01
9.908202834408432746e-01
9.835634514255569005e-01
9.981794945258668506e-01
9.838142221304289059e-01
9.639473124729449616e-01
9.722618111303612531e-01
9.911898755328855115e-01
9.631068905978810157e-01
9.747578226069013585e-01
9.695750271627864292e-01
9.592401677159476669e-01
9.928207312420971320e-01
9.841263723045364786e-01
9.951502776136248452e-01
9.700828173228155382e-01
9.444674131842437648e-01
1.021600844219630932e+00
9.802244327890309306e-01
9.663756665194971340e-01
9.815402437258247126e-01
9.817493008002101673e-01
9.731884876774028470e-01
9.510560026595418215e-01
9.851670176991680350e-01
9.843180682202490317e-01
9.848711425823223342e-01
9.681934712296046408e-01
9.908332600095984821e-01
9.922565869477399936e-01
9.914293892076514458e-01
9.730164265123237843e-01
9.621233330227632052e-01
9.944506112483347815e-01
9.913095878896961421e-01
9.728194666696364790e-01
9.813050469021813438e-01
9.814532999394365298e-01
9.832970597080613606e-01
9.967175544060667969e-01
9.884747046245181412e-01
9.646627506057785517e-01
9.880748912836556652e-01
9.777939736433924889e-01
9.872287888233491904e-01
9.849204016034830422e-01
9.839127293570979482e-01
9.864422272504554945e-01
9.886829912228826123e-01
9.525244665032699398e-01
9.815078763206915857e-01
9.893550473277256119e-01
9.834464851419009168e-01
9.951894842506178174e-01
9.497827476335330976e-01
9.633588973796347599e-01
9.903410111350995360e-01
9.824384657523592690e-01
9.872039064583864043e-01
9.772703977859602542e-01
9.838095159484081531e-01
9.991657936848835631e-01
1.001786335083239443e+00
9.881381943533429357e-01
9.743394134251596173e-01
9.785764931813609735e-01
9.824350689475683795e-01
9.477856073477725074e-01
9.593876561793673874e-01
9.855731770197929675e-01
9.925535180726985374e-01
9.833251557045942226e-01
9.539294979774975980e-01
9.839536281036715959e-01
1.000228028782958578e+00
9.963152286922649647e-01
9.838346371197073115e-01
9.694833519038046354e-01
9.766273633501643125e-01
9.904377031456866876e-01
9.796570670055111396e-01
9.754879493462902396e-01
9.855661654396148386e-01
9.643140014814961525e-01
9.785508005868961412e-01
9.918244008458674266e-01
9.909266865039292327e-01
9.969590115875273106e-01
9.709186118140398225e-01
9.637707033785195554e-01
9.809188367565732092e-01
9.827985611339209449e-01
9.915010032508722038e-01
9.885978253556081397e-01
9.983822957853508706e-01
9.812691878206049045e-01
9.870184628518140491e-01
9.829476655897284587e-01
9.891198875930654610e-01
9.816788175647473969e-01
9.693689709490171946e-01
9.894873164088637818e-01
9.773689439918362698e-01
9.804862765707688110e-01
9.983038271025208577e-01
9.525820047441924121e-01
9.777368045284666742e-01
9.800836702805098000e-01
9.782484331919305554e-01
9.848625746919096313e-01
9.562242860329929206e-01
9.820623455244740230e-01
9.992078891755739045e-01
9.811939136023329899e-01
9.889864493414655122e-01
9.713989846144718276e-01
9.927219540676205378e-01
9.790964572905858088e-01
9.805647826022949598e-01
9.834732737052490625e-01
9.714099475775078707e-01
9.608470567759659353e-01
9.461601969245879706e-01
9.770109925203163126e-01
9.630166983578536399e-01
9.801928722805278715e-01
9.834772704938523624e-01
9.864294976702088213e-01
9.748672212582486507e-01
9.890689887110819534e-01
9.680847001512584704e-01
9.893790505206510044e-01
9.704798067494181391e-01
9.615161689540687728e-01
9.736268389103649445e-01
9.770507149926130896e-01
9.837520575765053010e-01
9.723152074094680852e-01
9.802854739433618514e-01
9.951666962594845067e-01
9.265999298386403682e-01
9.747272459994925642e-01
9.843370463592668873e-01
9.700752245523213135e-01
9.692775562897353314e-01
9.578004012547202128e-01
9.633958752735048980e-01
9.660398800467555613e-01
9.880510202102494866e-01
9.838495873056509744e-01
1.003059220590309275e+00
9.351056679945777272e-01
9.763687647920312740e-01
9.618763723576800873e-01
9.955969112594733605e-01
9.835453482212448417e-01
9.608239538895585463e-01
9.771392040894966158e-01
9.815823538366570400e-01
9.878300388581991998e-01
9.976079512750967160e-01
9.923080148223065722e-01
9.724417813779725472e-01
9.924152677504380904e-01
9.894168263936872210e-01
9.580667890762257777e-01
9.899437610224314232e-01
9.808216339361012226e-01
9.888812423647420635e-01
9.830338724210609946e-01
9.874886249860100884e-01
9.923677182684120801e-01
9.654612203997798847e-01
9.964168960476564862e-01
9.711681056627633479e-01
9.881944476718729220e-01
9.630531409244666996e-01
9.928474360677652655e-01
9.871937766859912866e-01
9.910362915402674000e-01
9.880427675108227614e-01
9.961529299418276917e-01
9.626223952995360822e-01
9.733247016003477858e-01
9.761320141232953107e-01
9.667120150524414202e-01
1.001086886427346334e+00
9.659332981843062882e-01
9.990595763583550726e-01
9.579438588332175319e-01
9.868995227493234657e-01
9.932680626588296091e-01
9.876768443077279525e-01
9.735572119459062757e-01
9.949774006787738267e-01
9.327522959201285380e-01
9.799828011213276291e-01
9.791983613348389515e-01
9.858369353054206030e-01
9.482369459103059395e-01
9.786593898839585082e-01
9.893907804741391976e-01
9.613917310259666449e-01
9.822822153163943693e-01
9.724629346467876800e-01
9.399398881447538212e-01
9.834966118570651616e-01
9.642833270099326892e-01
9.963436112200364514e-01
9.793013060865730646e-01
9.765023835954588227e-01
9.427998527506838977e-01
9.857138337435957798e-01
9.747423015871049534e-01
9.532895305561778221e-01
9.907096192703036541e-01
9.548054298135177920e-01
9.797181764238902524e-01
9.725998386908455418e-01
9.644447881633139152e-01
9.631347628191907484e-01
9.969817760790273820e-01
9.914418380031849720e-01
9.907970603671470977e-01
9.772874840908923888e-01
9.969934981718722167e-01
9.577151086268116398e-01
9.895898074208701045e-01
9.899048720845159410e-01
9.958087758469329476e-01
9.865327029596899777e-01
9.653971735227516726e-01
9.879547595950191052e-01
9.641337676268733059e-01
9.960160452105698559e-01
9.710137193198797867e-01
9.881626713518144589e-01
9.954594566608420125e-01
9.776219948415980632e-01
9.904917888623403499e-01
9.756839565728697705e-01
9.820991163990562267e-01
9.855572456077852372e-01
9.878195458757230707e-01
9.772761845325631525e-01
9.726300784344998895e-01
9.876220367953558732e-01
9.951094274214161706e-01
9.909880373860218139e-01
9.668003818342837397e-01
9.706698688866038927e-01
9.851667180485906838e-01
9.629045662618185286e-01
9.610867300003346214e-01
9.691804965731412036e-01
9.455853981619295467e-01
9.751396965739522749e-01
9.750004751523472235e-01
9.664501270135459343e-01
9.669309063565035833e-01
9.686153062459752494e-01
9.752949269260007270e-01
9.773879085394118205e-01
9.924119032470608559e-01
9.777779066509059147e-01
9.654339176983498527e-01
9.851963748851003677e-01
9.891085804024020156e-01
9.772533847916735628e-01
9.711740654936266148e-01
9.835446208625339137e-01
9.800276942947686587e-01
9.754287702626526224e-01
9.640465082670677255e-01
9.907774712083995405e-01
9.909473437568987464e-01
9.893722202515530251e-01
9.794000821610514551e-01
9.482181770429368717e-01
9.521273921853337097e-01
9.765538906375447192e-01
9.758414459699349397e-01
9.893757180911987303e-01
9.632544826766784585e-01
9.769686801897001782e-01
9.850607692011955629e-01
9.849614081119358877e-01
9.842924687431167108e-01
9.733530121542389724e-01
9.658301410677621046e-01
9.864654108002188782e-01
9.682601624161177867e-01
9.564221543774972245e-01
9.971585639214198826e-01
9.973069623774104553e-01
9.859281606084253635e-01
9.631903025572646770e-01
9.748923620648531907e-01
9.808676307006261030e-01
9.683525321751518256e-01
9.691816432446885843e-01
9.714785612692712347e-01
9.555996630981324902e-01
9.786491887677797319e-01
9.638326289953418335e-01
9.734443024707378767e-01
9.659577188304773188e-01
9.876908634446719404e-01
9.685170184849150044e-01
9.725451931247127701e-01
9.822521680911527886e-01
9.682435228534430616e-01
9.676290635684750008e-01
9.808653202741720589e-01
9.864223678718927468e-01
9.673697011321247263e-01
9.866886540400648942e-01
9.895655052213528924e-01
9.691148350328567806e-01
9.813142465188748886e-01
9.716536605104152402e-01
9.830611441274509366e-01
9.548991423170924975e-01
9.431023088313700287e-01
9.847715689384063387e-01
9.529599051507621210e-01
9.548154968166299161e-01
9.626139646505770253e-01
9.493274197934851166e-01
9.801145828190638287e-01
9.867680090357568989e-01
1.002187959962651975e+00
9.701711770299753512e-01
9.880806647948471300e-01
9.766105451538619198e-01
9.854261611200856308e-01
9.806627116293912261e-01
9.958922279309191383e-01
9.955914811400963238e-01
9.979384389910332942e-01
9.793790069537139376e-01
9.853883968520438241e-01
9.648186389510005068e-01
9.812514187387947340e-01
9.953646859620502996e-01
9.862935741401892553e-01
9.883375537850025427e-01
9.901193057422486010e-01
9.905461453075556921e-01
9.851954066705009838e-01
9.941451705890042012e-01
9.844008100547858575e-01
9.779450086638470374e-01
9.742511359067898002e-01
9.804452603880187134e-01
1.005400099103216816e+00
9.729660073867403280e-01
9.731261331422912386e-01
9.635340429114925831e-01
9.920295470620017486e-01
9.801869768229746205e-01
9.953134539981720597e-01
9.851410900079613508e-01
9.920380133607028528e-01
9.720658693962904717e-01
9.693197637570865055e-01
9.541260699187699146e-01
9.868550551203454368e-01
9.713874196288149188e-01
9.888792377430627445e-01
9.569244737452378136e-01
9.901947279530699531e-01
9.710306659825869158e-01
9.901378062952324033e-01
9.821210311419777961e-01
9.500119491320936360e-01
9.808620466103453728e-01
9.775020786562279573e-01
9.332445443044272704e-01
9.878282647870710864e-01
9.618229583619289924e-01
9.725151638128292086e-01
9.667852762941910871e-01
9.922695704268997829e-01
9.663153177667077598e-01
9.846733885319064461e-01
9.775225274897576533e-01
9.774455682612827045e-01
9.881956939565874620e-01
9.721612916936617221e-01
9.723583249998147826e-01
9.856880298803347706e-01
9.748236996035167801e-01
9.871328674626930200e-01
9.591700218098383468e-01
9.910211497913637979e-01
9.847029042407913213e-01
9.765673575771073311e-01
9.899578813461961113e-01
9.884993918100196675e-01
9.779284436604940289e-01
9.739136797434291282e-01
9.640045630082992867e-01
9.951207397149571809e-01
9.712052190350790593e-01
9.622102770208293965e-01
9.896423114920837039e-01
9.855671334743750789e-01
9.843955804942310372e-01
9.981197758643975959e-01
9.820530901673363289e-01
9.934307167445480813e-01
9.816630006868922731e-01
9.894268863726607410e-01
9.316601631769729774e-01
9.541698683585888574e-01
9.993133620569933928e-01
9.708095280906438029e-01
9.721963085212796951e-01
9.865833017595299070e-01
9.849412879184160641e-01
9.748978087521342761e-01
9.973614974660802712e-01
9.801686773043517542e-01
9.912049404745648662e-01
9.829517400720991782e-01
9.767748055882811142e-01
9.757520272802632233e-01
9.777464046169274114e-01
9.958802502971605408e-01
9.707113053670732850e-01
9.404064754433507645e-01
9.795618899434239690e-01
9.971207938015289596e-01
9.811775016451496079e-01
9.816507934440789063e-01
9.735480700195893178e-01
9.401454182290513995e-01
9.794894878803588334e-01
9.844501368532875274e-01
9.697165337002023877e-01
9.721806772207776115e-01
9.658737997591185787e-01
9.864227891345018762e-01
9.786277782435016670e-01
9.767501818856508811e-01
9.701469017213134594e-01
9.978260173610989936e-01
9.819101966409699012e-01
9.712392592588754425e-01
9.473736643051658968e-01
9.942393193855507683e-01
9.851939337600112978e-01
9.842022031972207374e-01
9.675195257630481160e-01
9.908350953611906320e-01
9.685766769646930729e-01
9.912330900191436145e-01
9.815079785577319749e-01
9.690234553034766662e-01
9.673173014151599247e-01
9.792312495050415899e-01
9.770482567678518970e-01
9.752214833505462588e-01
9.841100839132536082e-01
9.906509962030990435e-01
9.757027316384497828e-01
9.866039737785343711e-01
9.611044480035493276e-01
1.006130272605261000e+00
9.849069584866179117e-01
9.786931160283796061e-01
9.398424280024656463e-01
9.822105447834473813e-01
9.804782498930473267e-01
9.691566922610617141e-01
9.878462006498179848e-01
9.603943511963943802e-01
9.887486662851137087e-01
9.683622180225014420e-01
9.921075621116011156e-01
9.977400597712066110e-01
9.870944697104252485e-01
9.729639253679848165e-01
9.658299921248022502e-01
9.716598298177322457e-01
9.752217316841775840e-01
9.806467706418033892e-01
9.713712451861306052e-01
9.778929524274195817e-01
9.704145294031599756e-01
9.899920383330957918e-01
9.837480996039335013e-01
9.730678332939464159e-01
9.897300110399804840e-01
9.627123170244322736e-01
9.785198089591864434e-01
9.939078323299906925e-01
9.816937512378219877e-01
9.602708455206686589e-01
9.868567087168204077e-01
9.919867853478692155e-01
9.810063922185576768e-01
9.685317976807554796e-01
9.776806201189672807e-01
9.744553906340829297e-01
9.784262777030672265e-01
9.905707184121861353e-01
9.857953442142283196e-01
9.852866929234475046e-01
9.941749139535986934e-01
9.944075494537837345e-01
9.873628351627690147e-01
9.630254666682620535e-01
9.867017006835682169e-01
9.746201665907487932e-01
9.522403934014626037e-01
9.663832558840466103e-01
9.756781854880759441e-01
9.706516432624627821e-01
9.799519043517617156e-01
9.602142211551969453e-01
9.515628789058189207e-01
9.900339067349869238e-01
9.705288307009414250e-01
9.907364448406080770e-01
9.745696351766385268e-01
9.791604515166384415e-01
9.776928081093622103e-01
9.480819146496933802e-01
9.815275716058038391e-01
9.799808227204083177e-01
9.674347317948286396e-01
9.767770718392371210e-01
9.568671922205236324e-01
9.805322456266648556e-01
9.681744887883320105e-01
9.937297165909265706e-01
9.865220853455751726e-01
9.635459790732381347e-01
9.812501672480238302e-01
9.769483547793365030e-01
9.894409041613546618e-01
9.643500449474998737e-01
9.411449487346109644e-01
9.848076873486550920e-01
9.882233440183967321e-01
9.669077957045566496e-01
9.556032653710276881e-01
9.926363557435727847e-01
9.787946277277012053e-01
9.806743390526455606e-01
9.915771025617086121e-01
9.804697033637167491e-01
9.719676934758394449e-01
9.753714052072860463e-01
9.893320561092757703e-01
9.983567692291613893e-01
9.858322177058125302e-01
9.937054795263731144e-01
9.911562348233401432e-01
9.375394115796180650e-01
9.892650488024292699e-01
9.695823555371924085e-01
9.724072435579361739e-01
9.485034591837878670e-01
9.547582486094373655e-01
9.418879639108455049e-01
9.900099343302128929e-01
9.972084329682577852e-01
9.479486936969460098e-01
9.826218348016102500e-01
9.858966062483579540e-01
9.804931826728129352e-01
9.868776798150953322e-01
9.674102161068862671e-01
9.775309574287570635e-01
9.838195000520593148e-01
9.861645508311769337e-01
9.718974782924091338e-01
9.805387165549849238e-01
9.667528911006254555e-01
9.681354852585473125e-01
9.650133811656038674e-01
9.579563149808120182e-01
9.940362932204792612e-01
9.834113982504020246e-01
9.902757597021240032e-01
9.703344200610221071e-01
9.734775156904023063e-01
9.786303104226012906e-01
9.609150697523795026e-01
9.858094444665709277e-01
9.912933484206726265e-01
9.790805908879193220e-01
9.775140544848242019e-01
9.811955529275865340e-01
9.928765602173927896e-01
9.769584975064183885e-01
9.793337008381278741e-01
9.682802061062091292e-01
9.937145420950338481e-01
9.690569569254584570e-01
9.999955023598480208e-01
9.441278120132160501e-01
9.586978166239560339e-01
9.867714299842729186e-01
9.776493584466506848e-01
9.709467218115263032e-01
9.704453046102929914e-01
9.742691566131698178e-01
9.852850387321964165e-01
9.855260694022220935e-01
9.812718645232572090e-01
9.780028970370067132e-01
9.658551805273112301e-01
9.745803357070188522e-01
9.857918046425477865e-01
9.863982070762784549e-01
9.708787096235335090e-01
9.919096979044893514e-01
9.885865764151342550e-01
9.724538835248932589e-01
9.817549592939782688e-01
9.771275959109027021e-01
9.855293534766319530e-01
9.875620356142194023e-01
9.729967389209887019e-01
9.832364531736983437e-01
9.650182972778087453e-01
9.924712129141534112e-01
9.936048444043846795e-01
9.888835205200043887e-01
9.806176118087124305e-01
9.888309477415571092e-01
9.809532551107698062e-01
9.747348845791109495e-01
9.746925007356553872e-01
9.711760205245515420e-01
9.887006343661818297e-01
9.786642083920280566e-01
9.901608797352184910e-01
9.904690556289019732e-01
9.999872105159850477e-01
9.741650564864539064e-01
9.922710745171017255e-01
9.430268615902459572e-01
9.977483806758105089e-01
9.895995730723224915e-01
9.801524158181214030e-01
9.828494035121048134e-01
9.894864033473588227e-01
9.878605846408330393e-01
9.689384279146495693e-01
9.886419861896600381e-01
9.800077740797008552e-01
9.663601657221496666e-01
9.929341619528880836e-01
9.726882025092142836e-01
9.822558761550098660e-01
9.601583314527434299e-01
9.839606447895899999e-01
9.757933756205741105e-01
9.421552309237530842e-01
9.708050924538895732e-01
9.777839318279205605e-01
9.838994050491449705e-01
9.738405873744679919e-01
9.954397156132971380e-01
9.897485531724166119e-01
9.699776690067934970e-01
9.965862804681583365e-01
9.851767945198908194e-01
9.452724462994985810e-01
9.699066062521036757e-01
9.846620939555462693e-01
9.753384248809688906e-01
9.774177631596477900e-01
9.894973989088104993e-01
9.755135779145743813e-01
9.866416477879472735e-01
9.889931922851132873e-01
9.620975317171523988e-01
9.921128493125476178e-01
9.735499275890160398e-01
9.822392337692020803e-01
9.650393247823665366e-01
9.845234624491193687e-01
9.886557626368250862e-01
9.782277871647734324e-01
9.827251093988872421e-01
9.781222060481000735e-01
9.739960970139938112e-01
9.837275712020835394e-01
9.908226745559295390e-01
9.605445268845652640e-01
9.786205160413493642e-01
9.915745525082486633e-01
9.889146070445538061e-01
9.766977633436085826e-01
9.662194439160726178e-01
9.842509647457589050e-01
9.827123400498124495e-01
9.819277067495435496e-01
9.903719261040534461e-01
9.920953017555551590e-01
9.891019215583702895e-01
9.859065401896066616e-01
9.756386493056391496e-01
9.913283734412902115e-01
9.892553862395355724e-01
9.837446713623235750e-01
9.941585761551077205e-01
9.782093971050961345e-01
9.782393773511710577e-01
9.776782275385850207e-01
9.659526877683833890e-01
9.621372760743539532e-01
9.858374313579000292e-01
9.606661248140345721e-01
9.738994416418882416e-01
9.855721501887860780e-01
9.565635191612674726e-01
9.561509415245758037e-01
9.801074175402673117e-01
9.740376528042191673e-01
9.802845372982441630e-01
9.870626211968478447e-01
9.798326126888975418e-01
9.836573380765089025e-01
9.917170485633325372e-01
9.683482667653909859e-01
9.722262098013039200e-01
9.626925151383366464e-01
9.642517650931931028e-01
9.732513298075765595e-01
9.890749174101417518e-01
9.834583084426016253e-01
9.766271972745419472e-01
9.795931570139767564e-01
9.781130656442424964e-01
9.794568056472499062e-01
9.852738408036345596e-01
9.772758858221248790e-01
9.677974410223120216e-01
9.896787477473135697e-01
9.809125951120226672e-01
1.005840045893323209e+00
9.917117624166651435e-01
9.907381534597874406e-01
9.873655147901199136e-01
9.877220390296325148e-01
9.680705856413818200e-01
9.819268479183776988e-01
9.893790987114845503e-01
9.856768952706651543e-01
9.617203478868489031e-01
1.003457163190216717e+00
9.902524789853529574e-01
9.714392841101973097e-01
9.892608876942937668e-01
9.803492044421155960e-01
9.874345590997990474e-01
9.871759876082719654e-01
9.937151426619836858e-01
9.736613773310847098e-01
9.773546625411895228e-01
9.892157304743527391e-01
9.750643224039310386e-01
9.761377363979658606e-01
9.974664957125828346e-01
9.860710218550077233e-01
9.938409161433154893e-01
9.901061970143055779e-01
9.786758435832909608e-01
9.678664857396607202e-01
9.895741722904584092e-01
9.981384251462361856e-01
9.886845448987987561e-01
9.731553240062967847e-01
9.935029145447289434e-01
9.729898062497629452e-01
9.787352603052155153e-01
9.691327453122932090e-01
9.942437459868846972e-01
9.805987159019955435e-01
9.534330177155615482e-01
9.728373438028614650e-01
9.797712536247221715e-01
9.781424437197564492e-01
9.690886806106736584e-01
9.876414139548629345e-01
9.891730624640646674e-01
1.003232836725334920e+00
9.835403455762677938e-01
9.940313365936851442e-01
9.781445616896325967e-01
9.833216611322485035e-01
9.481245461941961716e-01
9.847472460080870515e-01
9.826116264924285026e-01
9.527182037122193803e-01
9.856535324240995877e-01
9.890046379467561932e-01
9.744851367868369030e-01
9.458581677053147230e-01
9.685972150249562151e-01
1.005842501818016155e+00
9.953661829075399758e-01
9.859915144826220113e-01
9.971340087045845735e-01
9.745334871542185029e-01
9.659178947399551518e-01
9.718731205648049043e-01
9.791800236924771417e-01
9.959700752363945808e-01
9.859081815778163449e-01
9.800063929844513577e-01
9.935290349760664830e-01
9.684416056157284514e-01
9.826567837105572023e-01
9.826458426456990969e-01
9.853640673823234053e-01
9.992466206546022356e-01
9.853741339153727630e-01
9.847508103783190192e-01
9.801106812421440662e-01
9.834885329429763345e-01
9.698909614179194172e-01
9.603452977700371873e-01
9.810100980735200205e-01
9.625728617295279399e-01
9.592869666371407478e-01
9.963058875503306711e-01
9.801557207398348126e-01
9.921080967986037891e-01
9.678739442156671924e-01
9.829121211195875896e-01
9.918987760726769576e-01
9.963434338016307068e-01
9.850932740645765850e-01
9.641929536592993566e-01
9.857951089205730932e-01
9.613903364712110822e-01
9.798770762437953863e-01
9.594024065771342702e-01
9.753739403335928149e-01
9.837876924639269438e-01
9.473578980227838064e-01
1.007594041115458250e+00
9.786241259073298338e-01
9.685654729349358893e-01
9.793806953383706881e-01
9.732346936961160377e-01
9.670662114192123404e-01
9.905301229374350314e-01
9.859565435710704318e-01
9.916663113327841561e-01
9.959919955050130502e-01
9.449038501315487615e-01
9.922438048799643306e-01
9.895624117605257286e-01
9.840097602129928012e-01
9.988176500825168835e-01
9.854282911325663585e-01
9.639010739106135262e-01
9.796494251124018282e-01
9.847458827436595952e-01
9.792515430770992735e-01
9.806847727460010766e-01
9.808942653538842427e-01
9.832153364060999268e-01
9.959392248271160542e-01
9.837640716711180122e-01
9.841553645385185956e-01
9.678864344837785350e-01
9.903603795567588186e-01
9.764615869983915841e-01
9.838121069684191422e-01
9.529745519049868108e-01
9.522247351326615927e-01
9.684549976171792363e-01
9.898795544778318245e-01
9.957022314651817751e-01
9.718486582139377328e-01
9.759964847409118294e-01
9.894386837869991735e-01
9.605241254889904656e-01
9.779062085077789845e-01
9.875744653019469244e-01
9.942663815109105130e-01
9.863202757091047435e-01
9.858333600431666843e-01
9.963989892361257983e-01
9.790260225525534432e-01
9.725260660705069560e-01
9.664102964692954378e-01
9.521755131506086656e-01
9.536804090058375039e-01
9.851271638222207638e-01
9.799421123047288296e-01
9.845411620815425202e-01
1.007016869335073395e+00
9.418693152829979987e-01
9.770859075861162424e-01
9.960773789403000178e-01
9.878336530422192618e-01
9.836799578692824175e-01
9.893669593730043399e-01
9.566828745646794863e-01
9.676122553553846428e-01
1.003522004821209235e+00
9.541327834541409869e-01
9.802558075815223093e-01
9.884845480209399904e-01
9.477449511446250918e-01
9.878151288382523987e-01
9.804850353404703789e-01
9.867111292148372792e-01
9.759752568797050998e-01
9.443185993475055051e-01
9.361491407893315353e-01
9.805937806336164630e-01
9.945587975839699224e-01
9.819604498577076956e-01
9.860683924929077859e-01
9.803299618123247905e-01
9.899796854582472161e-01
9.629165964566316349e-01
9.912627090008984121e-01
9.866300976886057672e-01
9.849773032187202348e-01
9.852251118445186640e-01
9.992328029785024768e-01
9.878673203739796183e-01
9.693872744588236667e-01
9.756992467791334445e-01
9.705944124953287400e-01
9.807253171830762062e-01
9.735854949425098992e-01
9.786761405274254644e-01
9.586239903485301861e-01
9.901340768290149974e-01
9.819158755365218205e-01
9.887601434187375249e-01
9.767795942694811329e-01
9.586710272529446186e-01
9.773824218466899971e-01
9.767368164495123795e-01
9.828197192320428099e-01
9.817393679435792997e-01
9.877962383573579697e-01
9.771494631011781173e-01
9.840115350219873491e-01
9.387805792711590991e-01
9.387713508796606821e-01
9.576452392909343692e-01
9.816827676866181074e-01
9.821093442900669102e-01
9.773522731325672286e-01
9.820124427082710383e-01
9.663873019461504121e-01
9.514800630793237568e-01
9.890501353099063753e-01
9.863984448682038275e-01
9.896990552159377064e-01
9.807147626803177642e-01
9.648595766304867150e-01
9.912062177266395269e-01
9.737122579876840156e-01
9.658827031737274860e-01
9.879719439556116090e-01
9.819533032226164249e-01
9.762054967570121811e-01
9.777417649844691860e-01
9.724398008921280034e-01
9.901110268715821450e-01
9.813025711635317005e-01
9.756189736558154024e-01
9.858712840635976971e-01
9.902174567528599924e-01
9.831267244988310949e-01
9.683648417217938231e-01
9.848168868982972723e-01
9.835870746824261213e-01
9.792637482429800144e-01
9.947731718682517599e-01
9.717578806971789440e-01
9.922112040247489384e-01
9.892171451061506637e-01
9.897441584398565251e-01
9.760888317170399731e-01
9.849635899304006736e-01
9.606095135536768526e-01
9.879315958076040349e-01
9.830140794756789813e-01
9.556359104220839562e-01
9.817791173107758285e-01
9.738818191042446504e-01
9.868131742919652449e-01
9.720729555694477275e-01
9.908422598251961366e-01
9.721831019702871224e-01
9.742877235297529026e-01
9.956540715255070007e-01
9.905173227570268635e-01
9.803852564568027450e-01
9.818776868204684982e-01
9.661514120568193142e-01
9.850523051641341121e-01
9.829198756796521108e-01
1.001395042514859890e+00
9.641860902605804418e-01
9.462305815310003698e-01
9.840727989766879791e-01
9.373930407828682254e-01
9.263453653304518642e-01
9.986435958590004214e-01
9.977884919088937377e-01
9.772022476519601764e-01
1.000388857150454669e+00
9.851916996461734799e-01
9.882702309373465610e-01
9.331745065395574690e-01
9.780607491230204342e-01
9.792109820408564369e-01
9.888720003166311390e-01
9.818817357399781676e-01
9.914014209315753501e-01
9.714865822728204758e-01
9.736858489365611824e-01
9.752328635452413019e-01
9.686860288093616100e-01
9.299851178259939122e-01
9.651276263268541156e-01
9.655584775080693349e-01
9.580458093379554674e-01
9.942130352684448447e-01
9.607867960464642199e-01
9.831309512312550458e-01
9.895026244348329447e-01
9.770146976666974625e-01
9.787307081550326027e-01
9.821966266712296445e-01
9.849611385573353584e-01
9.809959582634737441e-01
9.509787932540876287e-01
9.739101966572941693e-01
1.009894300980476611e+00
9.677052294990687864e-01
9.824734957663902035e-01
9.883206193210437585e-01
9.761546274669044010e-01
9.523102060487496079e-01
9.790510021250851125e-01
9.898056766961316200e-01
9.864593508900876273e-01
9.761848518330694668e-01
9.887226957004481287e-01
9.699176569300580475e-01
9.826242757743418599e-01
9.450429903786443653e-01
9.900260490996514173e-01
9.746379007179170051e-01
9.798340238721151563e-01
1.004013557897331710e+00
9.832033899947033584e-01
9.623894352888245907e-01
9.780546646897324559e-01
9.772151039695490260e-01
9.730796533612630084e-01
9.851059224301285111e-01
9.778955901069505963e-01
9.667163754374723528e-01
9.600756518532561623e-01
9.742794219202928208e-01
9.780588731600386998e-01
9.892178122002711627e-01
9.949824158464534163e-01
9.694464560345861237e-01
9.678166636810667800e-01
9.998477420138032201e-01
9.641381915263609326e-01
9.989881652754367680e-01
9.652349565810059984e-01
9.585741480429235128e-01
9.587643415141365866e-01
9.723009061209063608e-01
9.786024942883989608e-01
9.814053201282084693e-01
9.575250014280194399e-01
9.872039484557477707e-01
9.889963624474173987e-01
9.843987168859619219e-01
9.660073010562032492e-01
9.818648771946730802e-01
9.649099912608549712e-01
9.883576182569930868e-01
9.622643113850022356e-01
9.722654019027963113e-01
9.780130283762510368e-01
9.595100996966525742e-01
9.735131455624899122e-01
9.630268857268488025e-01
9.679822590518478709e-01
9.784393823908523746e-01
9.543958874164397699e-01
9.781904102162817249e-01
9.943674396684428762e-01
9.839474747642422692e-01
9.944868547167937667e-01
9.504472077186935097e-01
9.659716834327416457e-01
9.891834156663498190e-01
9.811132217428716329e-01
9.839204582637028906e-01
9.853128695296622386e-01
9.776386142396955581e-01
9.607310230243631954e-01
9.914206431479860582e-01
9.808559066500198709e-01
9.666014602257421151e-01
9.737186459290415597e-01
9.930472714284676039e-01
9.713536318519403467e-01
9.696847163751138865e-01
9.761913021961740045e-01
9.848555657752270376e-01
9.950882342321895058e-01
9.830579294521530898e-01
9.818935546733169595e-01
9.626339413904617670e-01
9.874691689147645501e-01
9.859859388863396745e-01
9.786760421935484233e-01
9.732668491126731380e-01
9.867167006457124856e-01
9.798719707450226357e-01
9.772000407852486914e-01
1.004382147205632014e+00
9.864521120637400609e-01
9.937225583196138690e-01
9.842200188802303629e-01
9.797609630860955043e-01
9.879144264186088265e-01
9.955477466392073094e-01
9.953927665659753066e-01
9.704329991885958240e-01
9.960746900348129707e-01
9.581793612409540417e-01
9.688278743036854435e-01
9.620757852080625838e-01
9.837213943828131413e-01
9.780045452018485408e-01
9.711329718611216855e-01
9.896390118003332015e-01
9.685929601435584457e-01
9.889203393607653991e-01
9.748396826318733721e-01
9.760642176778679957e-01
9.890899223809992424e-01
9.929547787090863276e-01
9.821511781190702672e-01
9.789726661397188945e-01
9.790708324201714552e-01
9.878325158015810459e-01
9.897295969448866026e-01
9.891785463663658184e-01
9.634445393790787016e-01
9.778209926993550738e-01
9.793855698917877106e-01
9.907076680586718309e-01
9.803613715431007680e-01
9.688713323826305679e-01
9.892550575318673767e-01
9.720406199398773373e-01
9.852025911272517256e-01
9.766167043538646064e-01
9.861473598229990589e-01
9.759094193927843053e-01
9.849593378140334421e-01
9.917677081577630505e-01
9.943110880719688849e-01
9.712193084974600765e-01
9.862925494803038706e-01
9.870215227739879138e-01
9.578333804560420495e-01
9.896556669798556305e-01
9.511850250485535119e-01
9.874702591362590764e-01
9.810513016399566855e-01
9.601155286629043939e-01
9.718690157048061051e-01
9.797140730813405085e-01
9.414682350817756840e-01
9.877800737720563440e-01
9.879787961255752649e-01
9.815098107778396086e-01
9.922181858774808960e-01
9.783750777886501826e-01
9.579429026050472196e-01
1.002080725830509778e+00
9.693243669144241403e-01
9.858697024867129066e-01
9.888387935643117022e-01
9.874120177989239577e-01
9.616120583057449211e-01
9.621568063550179906e-01
9.883234436375615273e-01
9.663974357411082572e-01
9.791693932130584033e-01
9.795836290977014693e-01
9.618840443772153082e-01
9.864366489543341388e-01
9.792307473365717829e-01
9.976835847343867858e-01
9.692283011635770551e-01
9.786975443585004264e-01
9.782828477381432242e-01
9.839112997425506491e-01
9.693604342807183860e-01
9.918124387415201415e-01
9.604934786389354162e-01
9.743684704431312404e-01
9.841588778995449260e-01
9.858635162429726373e-01
9.626211352735287718e-01
9.811019838462179399e-01
9.905171304509744479e-01
9.876456729498552800e-01
9.864758817730930884e-01
9.798744128447532953e-01
9.868813197594540343e-01
9.771202340813204268e-01
9.880113097754510409e-01
9.828524332060978308e-01
9.632849304427077985e-01
9.911455530389950974e-01
9.771629232040724977e-01
9.686630544390012476e-01
9.824131174116603749e-01
9.968217800057115330e-01
9.792902775881489053e-01
9.800495302204859094e-01
9.693923125984972300e-01
9.856251446289676643e-01
9.664622843732668667e-01
9.796775640737298563e-01
9.931919652514310526e-01
9.867650321488620202e-01
9.898419194155404499e-01
9.867466856447126844e-01
9.854979384944918541e-01
9.864133346357092380e-01
9.842366417743265705e-01
9.851774044962966492e-01
9.911294438333265733e-01
9.829293530299088033e-01
9.717147894358243443e-01
9.811416877017445914e-01
9.661208886513272809e-01
1.008759259008598752e+00
9.964405740682690249e-01
9.886165873416110639e-01
9.784823081825122504e-01
9.490551578556585266e-01
9.859301730492026072e-01
9.814063742958915038e-01
9.842616845535683279e-01
9.641945505775706415e-01
9.871727751001061479e-01
9.868180136154799387e-01
9.684514798358530019e-01
9.482585520550089742e-01
9.769977288342523991e-01
9.839027920233380797e-01
9.855116412806214088e-01
9.882132221708682662e-01
9.817528724991115840e-01
9.664059766748389624e-01
9.869309613345459420e-01
9.938657321762676133e-01
9.951401415286590391e-01
9.878019737490039143e-01
9.810463734547500980e-01
9.716443828197813826e-01
9.792090372944590726e-01
9.697897268004418425e-01
9.501728724186578878e-01
9.583374319159384536e-01
9.948372718470227527e-01
1.010962189218044482e+00
9.868141546706514777e-01
9.787419228345948241e-01
9.883634058674088951e-01
9.826066938560771291e-01
9.819780350378271017e-01
9.861816278224933008e-01
9.632242489769653471e-01
9.783935345360980085e-01
9.785552438000788555e-01
9.921927905578894480e-01
1.004300951655662022e+00
9.987740037332609733e-01
9.945374787982165232e-01
9.674969748024870864e-01
9.794291833597222885e-01
9.883658392220623368e-01
9.848881598033975004e-01
9.900179077909969649e-01
9.843294839620937431e-01
9.967818565822430532e-01
9.774678500318255692e-01
9.841178195878828028e-01
9.538839363803975901e-01
9.735122062475738414e-01
9.414234516670801911e-01
9.827881789413727143e-01
9.376167822493814974e-01
9.836331986142597961e-01
9.764964833926642607e-01
9.789137192031912571e-01
9.958346687250611007e-01
9.766626342788372606e-01
9.867713293742291780e-01
9.952785975969618004e-01
9.891763207978614414e-01
9.688788676695783142e-01
9.888981043142885952e-01
9.888998016617372988e-01
9.840716286684862979e-01
9.951518108324280965e-01
9.672846769944970502e-01
9.724495822500351938e-01
9.970487666285435813e-01
9.739449826646312536e-01
9.752068574173283766e-01
9.884293219053049695e-01
9.777313498429172078e-01
9.673609465420787146e-01
9.671747142698854383e-01
9.855323360241377006e-01
9.999613383982380865e-01
9.862705863082475988e-01
9.877411131331197414e-01
9.728283280037811620e-01
9.879435263432723158e-01
9.933988275551720593e-01
9.582916015116100805e-01
9.789572381769457987e-01
9.801981799960968189e-01
9.840339986613687584e-01
9.759346657220420163e-01
9.804976777382327091e-01
9.846451180452110430e-01
9.760523848180213680e-01
9.910992418460921050e-01
9.266337415183354409e-01
1.003402107325795045e+00
9.715755142177288084e-01
9.793332721661488494e-01
9.755341990361218185e-01
9.849250254302980290e-01
9.738708547306577090e-01
9.992720540090626047e-01
9.697465384180270487e-01
9.625870827988955991e-01
1.004194953113587641e+00
9.774729331503176910e-01
9.667204818564368862e-01
9.709568366873853051e-01
9.455407349964710662e-01
9.776117930528420708e-01
9.584678413433393995e-01
9.654654577701052842e-01
9.575920979296643765e-01
1.005663831101038630e+00
9.921585245476827186e-01
9.713491588905049934e-01
9.816751568683698137e-01
9.722471831923304997e-01
9.774464111734089133e-01
9.248862062039626686e-01
9.905381855035648719e-01
9.802231223666166837e-01
9.709048700212924432e-01
9.753418490346684733e-01
9.896802218494155090e-01
9.760870446099751963e-01
9.830139587899123788e-01
9.814623729226991111e-01
9.915048219331178414e-01
9.910566738235443429e-01
9.875433092379947153e-01
9.631288877537013127e-01
9.769360582154337225e-01
1.002612624362549942e+00
9.901745846545364493e-01
9.875757495273975728e-01
9.545151405995900840e-01
9.472975356166991601e-01
9.935896972987460218e-01
9.568641565745726885e-01
9.577641900760460736e-01
9.792243267776149507e-01
9.771753827924809510e-01
9.873628807750045588e-01
9.905877968456606730e-01
9.894702450415225892e-01
9.587519303459962616e-01
9.792793540518669460e-01
9.924135092256319846e-01
9.833024199808445553e-01
9.810910301868661643e-01
9.796182974950461420e-01
9.844570122373579313e-01
9.827198023639737157e-01
9.681302003510201537e-01
9.678176172445084324e-01
9.854653129251710331e-01
9.540059651444177113e-01
9.811940578887515807e-01
9.764134888835064308e-01
9.825799486447781561e-01
9.810418331026168337e-01
9.792888598985143300e-01
9.870226127879563327e-01
9.851616847547216560e-01
9.972661936525875070e-01
9.859034280484467727e-01
9.712770526869983767e-01
9.686647713157119366e-01
9.735833322412461577e-01
9.896326505294940068e-01
9.921194630266279013e-01
9.633129664111870216e-01
1.000002154880140992e+00
9.812275787250223091e-01
9.677209392280130551e-01
9.852023938107576928e-01
9.856148738636472117e-01
9.771546297759763355e-01
9.807741977090843610e-01
9.654021048541139294e-01
9.826853906353965051e-01
9.795960332103015311e-01
9.874956393560138102e-01
9.881334765143705567e-01
9.837466523997977497e-01
9.581928582608650879e-01
9.896851767533760835e-01
9.677962496427765515e-01
9.770806572566858028e-01
9.817723690687746307e-01
9.899181433610423353e-01
9.795540401987571366e-01
9.837531782963790938e-01
1.002859959060418138e+00
9.785261287151518772e-01
9.387166002444428115e-01
9.752464532668757569e-01
9.705986869254947802e-01
9.867282800148692301e-01
9.742406524602423845e-01
9.870506433380967781e-01
9.563919416529389483e-01
9.572020835947876449e-01
9.503651828045303063e-01
9.853023063507214685e-01
9.707925370288356115e-01
9.754018601110284736e-01
9.752130732623582876e-01
9.868640557227524868e-01
9.786302052844890742e-01
9.906357103954916976e-01
9.874612238333859704e-01
9.818621831671784372e-01
9.897510579573293166e-01
9.645592830600393519e-01
9.505516608973814119e-01
9.833067624943452323e-01
9.830145834046671860e-01
9.852051684847411561e-01
9.793393215860649592e-01
9.537417662344773728e-01
9.573734657160447581e-01
9.680032587393038179e-01
9.996610359065197793e-01
9.873458036110317471e-01
9.761238121652944244e-01
9.767334054741767524e-01
9.441349260266139742e-01
9.782656920656722654e-01
9.715601769219884831e-01
9.819653394679876968e-01
9.828805310927813954e-01
9.714711171179311044e-01
9.742617139121507730e-01
9.878332401843984423e-01
9.978238282381886037e-01
9.868809879944658858e-01
9.536982949038226298e-01
9.617295286723032133e-01
9.888220080983967097e-01
9.900358146567884710e-01
9.561786514997163700e-01
9.859412121874681079e-01
9.756557557365570510e-01
9.766796576829624987e-01
9.887969262892563060e-01
9.949160867758956028e-01
9.845462672892723033e-01
9.910732422996720858e-01
9.578939666664685326e-01
9.588099288622834449e-01
9.882892756457182237e-01
9.777819461251752164e-01
9.833719389390245258e-01
9.751765221464150368e-01
9.852110718492895769e-01
9.762135790852035644e-01
9.821166132784699965e-01
9.804698169481983472e-01
9.597267107425855315e-01
9.903664608658661050e-01
9.606316474556735319e-01
9.752802554936852442e-01
1.003007243528428960e+00
9.690867258122776162e-01
9.778233538390452839e-01
9.720253053574181568e-01
9.868200965490343535e-01
9.709245629601684913e-01
9.877020078374281198e-01
9.810160139833120629e-01
9.557934636652779536e-01
9.883324368654956560e-01
9.888370151059864277e-01
9.905237703736126109e-01
9.914178922610926703e-01
9.987726034646617901e-01
9.828858851332034074e-01
9.799030961640309290e-01
9.854826201417834497e-01
9.789742115476407491e-01
9.913716037015957161e-01
9.876086557696630575e-01
9.866628588605738104e-01
9.833462920673596841e-01
9.842690619075222802e-01
9.889141512314058025e-01
9.822367805716922806e-01
9.883994953886499069e-01
9.926977350707032466e-01
9.765017295796318830e-01
9.762359204765073128e-01
9.904567961340497995e-01
9.892839933612729286e-01
9.862978960600263800e-01
9.812272584827923527e-01
9.522685020347885221e-01
9.688546049758713918e-01
9.942293653942705367e-01
9.592578496822976586e-01
9.895736826288407118e-01
9.730453188216634519e-01
9.896070193019695926e-01
9.696663146712999337e-01
9.568138190909071250e-01
9.834378262879510668e-01
9.957116783782207214e-01
9.753745479340075741e-01
9.834017772712201344e-01
9.723422785280887437e-01
9.651519184848463828e-01
9.852594660694233841e-01
9.855226363217013397e-01
9.565760600957052828e-01
9.682071770537096222e-01
9.899292004282863600e-01
9.877272529985362537e-01
9.864024470000722911e-01
9.907192177908136221e-01
9.581950096934693795e-01
9.913524625459073647e-01
9.487626395955336411e-01
9.900865175461793788e-01
9.883600089949349243e-01
9.457658193854732165e-01
9.612673047418601735e-01
9.559765604479297796e-01
9.800946042999698626e-01
9.671879036279555919e-01
9.810998953981987514e-01
9.742088092638589991e-01
9.465044403573963372e-01
9.696583830780055591e-01
9.656601056426922236e-01
9.875624949841772526e-01
9.879585451440724420e-01
9.875233741972840873e-01
9.681778630923516538e-01
9.633206255880530922e-01
9.757615237850104650e-01
9.797501199549135675e-01
9.821426975229208267e-01
9.833255952606420047e-01
9.894485302634336010e-01
9.901459474015787965e-01
9.859155528232708132e-01
9.729029836476817961e-01
9.808618058813737273e-01
9.904866834782731777e-01
9.874462006333794006e-01
9.918474862632827849e-01
9.727975054264061949e-01
9.898211886791768999e-01
9.870906738746368925e-01
9.903099897891611825e-01
9.905053520249039734e-01
9.933314785094066179e-01
9.747200207762896085e-01
9.844689440635810973e-01
9.928931362882715828e-01
1.000442591479210996e+00
9.576136853946095595e-01
9.828437468619862782e-01
9.896162006221678187e-01
9.838995394828321528e-01
9.823088396651240561e-01
9.840297359183811654e-01
9.845807850998331556e-01
9.821494103762143935e-01
9.913392144329831179e-01
9.885698722946683059e-01
9.884244305113878415e-01
9.901547879680239195e-01
9.719978493751364468e-01
9.663075129530993568e-01
9.850947464991258729e-01
9.620282399006244711e-01
9.952598228974484096e-01
9.955288999286873164e-01
9.684342752464916160e-01
9.774924984099976344e-01
9.567506280331788959e-01
9.802974355025926290e-01
9.786974676380949534e-01
9.528907205332973751e-01
9.835287157796949176e-01
9.768131081949211758e-01
9.767830532768646545e-01
9.752994796911017561e-01
9.845141689839290722e-01
9.778864866869434458e-01
9.755706418692761117e-01
9.918622092252679101e-01
9.837787246120980322e-01
9.807341949179075868e-01
9.610994988483290147e-01
9.684904863018105603e-01
9.588349324315547095e-01
9.976645206581745695e-01
9.911368433155655078e-01
9.927328896984871642e-01
9.897129704234186587e-01
9.980919001334187524e-01
9.743192725668596843e-01
9.801243175851880318e-01
9.780572014583704954e-01
9.879052011576370251e-01
9.693781850044332904e-01
9.692593112719846138e-01
9.657939161126911642e-01
9.696825621680259522e-01
9.770808596928536316e-01
1.002195550279896930e+00
9.798671367262253851e-01
9.715071724297860145e-01
9.748418645441652153e-01
9.884284738008423110e-01
9.853442524157987048e-01
9.967394127664732650e-01
9.827559401905849867e-01
9.719866744989165142e-01
9.704320762621805319e-01
9.818682848199248303e-01
9.965391230248964449e-01
9.893297612590854495e-01
9.740286237373139144e-01
9.676484594315619692e-01
9.906400583158343487e-01
9.972724469705593897e-01
9.797184680321939787e-01
9.833687032372223635e-01
9.823525509427359914e-01
9.805444695052943915e-01
9.886805696751581607e-01
9.703912987713210203e-01
9.752612146292453099e-01
9.859071264089230846e-01
9.973326355558359557e-01
9.580547571962377829e-01
9.670302956330101285e-01
9.487479424127605032e-01
9.843381298840421234e-01
9.881839855823540963e-01
9.672272302068526395e-01
9.924117578341464796e-01
9.947656133670642609e-01
9.784833870748126383e-01
9.795966944750671423e-01
9.912988215690918814e-01
9.784422208622056694e-01
9.885171457372731174e-01
9.866241226579278711e-01
9.819498670619427605e-01
9.742516273915879932e-01
9.889461493035219819e-01
9.876892182551982868e-01
9.828001813548464805e-01
9.943863848123897231e-01
9.771126998456212132e-01
9.806352575198908905e-01
9.903034643631556388e-01
1.001084995295963509e+00
9.775010855200670923e-01
9.749353461301295543e-01
9.691365671483197497e-01
9.674443152999145923e-01
9.672506135169673946e-01
9.875088270999420326e-01
9.672239444910600836e-01
9.775811415756039402e-01
9.771406637816485441e-01
9.943192812687391413e-01
9.617468287274525407e-01
9.633654135580013156e-01
9.670358006743843271e-01
9.884010544586699920e-01
9.873803069739703897e-01
9.796291594907037270e-01
9.838917988613775645e-01
9.745151053275192821e-01
9.786875896701335842e-01
9.973182455479439046e-01
9.774648273674332311e-01
9.858416102459098829e-01
9.753994941247803308e-01
9.754650972546016208e-01
9.969108234407134672e-01
9.830487716527634978e-01
9.859628139171565664e-01
9.865536191804593624e-01
9.778440858824676285e-01
9.740936434809021049e-01
9.766505966626124469e-01
9.712079789519532103e-01
9.915655486375056782e-01
9.821858496652094983e-01
9.711418525710028282e-01
9.706658918016449755e-01
9.745957665303912609e-01
9.781751460966537914e-01
9.838300649941655873e-01
9.914743465352945373e-01
9.653278874769710693e-01
9.784811667943013047e-01
9.853434568450823994e-01
9.739789606991846593e-01
9.698843989272470933e-01
9.938680449572311337e-01
9.907974176667504462e-01
9.906825550464968266e-01
9.559521211090975523e-01
9.850542820486815065e-01
9.865559841082779391e-01
9.859849144310204316e-01
9.672410199448260304e-01
9.883693107116752197e-01
9.752960246434343450e-01
9.430717731812069404e-01
9.621148304248392513e-01
9.917851739415054491e-01
9.892812900512143459e-01
9.699143520740308722e-01
9.931776855377578705e-01
9.696539358412951115e-01
9.851092556209065654e-01
9.874859256841291844e-01
9.704758506905736271e-01
9.614780638679815139e-01
9.840493934822966970e-01
9.913786794729534391e-01
9.849549978504742453e-01
9.741275653763089570e-01
9.958787484667517287e-01
9.592177100556463776e-01
9.661384160043974267e-01
9.943900865453935145e-01
9.614326813066739197e-01
9.765406922515410537e-01
9.804183577526797144e-01
9.516317600488511941e-01
9.871610905126848579e-01
9.808438495117997036e-01
9.706707230274280729e-01
9.792020306827294851e-01
9.718313676749225083e-01
9.981446151228730024e-01
9.746211460454800024e-01
9.842130104424819947e-01
9.756892034074592379e-01
1.000382254517034664e+00
9.896778883192335341e-01
9.937814788069935235e-01
9.660856954219496640e-01
9.722877020625452227e-01
9.448476469204294403e-01
9.896548749362396036e-01
9.806685430127584091e-01
9.683212372343801277e-01
9.802836998972743743e-01
9.871302821628120672e-01
9.729704716804619125e-01
9.852441664360527263e-01
9.912153265065049013e-01
9.853631840899667038e-01
9.808053297407685056e-01
9.833991927893142027e-01
9.774915820719644044e-01
9.832564119095125177e-01
9.939400480099171986e-01
9.828678329328432994e-01
9.731281568520755432e-01
9.969891673962200107e-01
9.821505300858514032e-01
9.905378992537667848e-01
9.867860446655503104e-01
9.755405582539609100e-01
9.885732138329393903e-01
9.759391878120546870e-01
9.927029454134506103e-01
9.831469414861018219e-01
9.914673854901856487e-01
9.750439486614265183e-01
9.803607071025198794e-01
9.877877366019267580e-01
9.767681475026422921e-01
9.857738273368845672e-01
9.606226732687705994e-01
9.886403755952274386e-01
9.963971728432695629e-01
9.624824493791138691e-01
9.844236455338549741e-01
9.901035135432376677e-01
9.704597737679357961e-01
9.892984698773027441e-01
9.857381031000735927e-01
9.787718075638184301e-01
9.657561111191562686e-01
9.704130675748234847e-01
9.616616069655570254e-01
9.875035091354316119e-01
9.804307349807134253e-01
9.849519585742344541e-01
9.952415147822912811e-01
9.803175538352838503e-01
9.788918968814908084e-01
9.852842721703307660e-01
9.775332725146081980e-01
9.778283583686364633e-01
9.998568506698787273e-01
9.836938540619172278e-01
9.946588663155434551e-01
9.687367021148647339e-01
9.534292864081769237e-01
9.786874982091560149e-01
9.877450624788350897e-01
9.955391807279524441e-01
9.824420627184694554e-01
9.786908355989409891e-01
9.755958507420289250e-01
9.369104450077003765e-01
9.890397109291070299e-01
9.864566246319075304e-01
9.933083015013104422e-01
9.794762272524542013e-01
9.703212287339094688e-01
9.918555896924632354e-01
9.545632350737675020e-01
9.589626653459528693e-01
9.815228158772991707e-01
9.758514610832315084e-01
9.769973360459673906e-01
9.826466480370464884e-01
9.956628740045168069e-01
9.794907726831619810e-01
9.933231833150727441e-01
9.474906124505659832e-01
9.793511738870436245e-01
9.840363098434037337e-01
9.882641701709102833e-01
9.867187582093210896e-01
9.948058307768813391e-01
9.832217032280828883e-01
9.711576154373801062e-01
9.645571365373709627e-01
9.674748778298646323e-01
9.662562517282905494e-01
9.755508486069436325e-01
9.878001226344416130e-01
9.963291467842035898e-01
9.824282591040461865e-01
9.817914557532615438e-01
9.727160357502103727e-01
9.863157666067720042e-01
9.878978414223164028e-01
9.709925768259353163e-01
9.874166334699021608e-01
9.695202855459817970e-01
9.456459494761693119e-01
9.834747744685862214e-01
9.686644572551087462e-01
9.793410062160388119e-01
9.847144914966896589e-01
9.528241942608549619e-01
9.795448857406116039e-01
9.844145883180441814e-01
9.833679521057643313e-01
9.787028569561598834e-01
9.842238082804630750e-01
9.905740368352116132e-01
9.725911760480103752e-01
9.882532297032280422e-01
9.721075553991076479e-01
9.683870970921928389e-01
9.621070049240300071e-01
9.812676827790214329e-01
9.629761013818043391e-01
9.806658838869208861e-01
9.246048398257554757e-01
1.000747277424852699e+00
9.928884249821668950e-01
9.840076375522585073e-01
9.590360526076129322e-01
9.940390339559602717e-01
9.792593588341532707e-01
9.792347943226539231e-01
9.859772162386666317e-01
9.871964559702407493e-01
9.862304221270061788e-01
9.865434330042824884e-01
9.959271908442216548e-01
9.916584566626747144e-01
9.857864004421753590e-01
9.873659350945011015e-01
9.848940767567169186e-01
9.945060658139250886e-01
9.870645677037124255e-01
9.867032332374473524e-01
9.918286409516959834e-01
9.701642970670671939e-01
9.890545151414802394e-01
9.815828058503199838e-01
9.635091684032756065e-01
9.859472789850022290e-01
9.874054046625344583e-01
9.915421535777375617e-01
9.692948908332468250e-01
9.912992780182861008e-01
9.874999754407596253e-01
9.759409053850739424e-01
9.924751984721313924e-01
9.692977655243411039e-01
9.413335792481828390e-01
9.648459121842405395e-01
9.837510252094657792e-01
9.936103742885954437e-01
9.813443313984395733e-01
1.000265012743564164e+00
9.172750582203337277e-01
9.886661398688136870e-01
9.981789664985816213e-01
9.870275269307602350e-01
9.779300087188855795e-01
9.940542246334995724e-01
9.857716457842033986e-01
9.657728326051137069e-01
9.661572662606817685e-01
9.791941678502595892e-01
9.838087127128876119e-01
9.872236369938720557e-01
9.905714939524647988e-01
9.858588011667812623e-01
9.913931625712134599e-01
9.887094096804245336e-01
9.889587878597195791e-01
9.722578993875519160e-01
9.818899933182684281e-01
9.713820099629368876e-01
9.779973647966080375e-01
9.825150426076982857e-01
9.817476150107832256e-01
9.926762217306384084e-01
9.723462554195165808e-01
9.682849511951465704e-01
9.627648494614879926e-01
9.718184624765012769e-01
9.724947323669651533e-01
9.753383861743262218e-01
9.862354606733199081e-01
9.679305366597291682e-01
9.689439806638990849e-01
9.763286736206009397e-01
9.765361192421017078e-01
9.779867634602655846e-01
9.766129130652972945e-01
9.850529272282496640e-01
9.800417850018977584e-01
9.420798257229154871e-01
9.962408254268854124e-01
9.896840352225383386e-01
9.836394126867832322e-01
9.777918317055028785e-01
9.678943765450557235e-01
9.826972854183647632e-01
9.484971738236642747e-01
9.676503519865636838e-01
9.788978444294691439e-01
9.964965905322905604e-01
9.702816769547298881e-01
9.548057059111464406e-01
9.554011618304629749e-01
1.005171602425987798e+00
9.858754784652872249e-01
9.492617609144140545e-01
9.790178261023438910e-01
9.784703412114523768e-01
9.719312924290014477e-01
9.831570504774664876e-01
9.722832832646824963e-01
9.874526879680246561e-01
9.492750646048134788e-01
9.544167695708571930e-01
9.782287997196341678e-01
9.636866213728145780e-01
9.762031507353179371e-01
9.877320813586210058e-01
9.813836297081216520e-01
9.880638363163958271e-01
9.688867034873998030e-01
9.885110496412583547e-01
9.910309338235437915e-01
9.381558227542124984e-01
9.830977742817595955e-01
9.918386305084511134e-01
9.613787474978190417e-01
9.915304330089695917e-01
9.812756531298563178e-01
9.782204508788381325e-01
1.000833654338661782e+00
9.752914296690905482e-01
9.511167038243321104e-01
9.531588855619211875e-01
1.006309851806922007e+00
9.873447227210723209e-01
9.786255795873288754e-01
9.731165325226245333e-01
9.825541130330152084e-01
9.879262067139001902e-01
9.763873056263039363e-01
9.761881334590686299e-01
9.916429370813361066e-01
9.664787815791017200e-01
9.793474370890745684e-01
9.761039620924162330e-01
9.667485832260397371e-01
9.640635794658378721e-01
9.908454479695162354e-01
9.878695984247013451e-01
9.528080867473699422e-01
9.904014453252634187e-01
9.678963393245325619e-01
9.485682020392175451e-01
9.570038038531097913e-01
9.835658188307569993e-01
9.589347664741647570e-01
9.742447771052522576e-01
9.859033991057177815e-01
9.887081928958285637e-01
1.003594680134591854e+00
1.003158090177703077e+00
9.810339234939234876e-01
9.734456066543919484e-01
9.849004868664602563e-01
9.655009828796016214e-01
9.913036857610002528e-01
9.896340670494155889e-01
9.993754996357253617e-01
9.844793885501976760e-01
9.886408580776550048e-01
9.819638945141575537e-01
9.810894723198030354e-01
9.652126373471044962e-01
9.722976169891854870e-01
9.920702978364110969e-01
9.864406088566716191e-01
9.571103907704284763e-01
9.770601046807753098e-01
9.986457566122980412e-01
9.881286899539981627e-01
9.640048054523653320e-01
9.785858378356114828e-01
9.815128489154449909e-01
9.747537622984927541e-01
9.875417626264978432e-01
9.885520535066579795e-01
9.622565483657717911e-01
9.620544650025868449e-01
9.736609253667525277e-01
9.904789782190661640e-01
9.913568867066687718e-01
9.933717294752603122e-01
9.745779373981636740e-01
9.934267292645103664e-01
9.839954771155363655e-01
9.900459973730979524e-01
1.003223466511407036e+00
9.744519294981954793e-01
9.908104600702444253e-01
9.835128980834770829e-01
9.910083719630835564e-01
9.811293386567659924e-01
9.637841313734623050e-01
9.841621445462088724e-01
9.714450085265210477e-01
9.836044886539553334e-01
9.780570048530975447e-01
9.305346179444957677e-01
9.907823333936930377e-01
9.873019431597638285e-01
9.592286689518213505e-01
9.807420515855134191e-01
9.943289830163558607e-01
9.977378227677414779e-01
9.965450069638345232e-01
9.671500581026764021e-01
9.840355261580358004e-01
9.736463529798430327e-01
9.818944708664640864e-01
9.783369486198801868e-01
9.742037415846244164e-01
9.784714707270876222e-01
9.764614166797075390e-01
9.901868592618838782e-01
9.946767263934318537e-01
9.954548746736652243e-01
9.460732415437245191e-01
9.810558257012701455e-01
9.805177067480045361e-01
9.871934100685468838e-01
9.754290959421872964e-01
9.721095642338474230e-01
9.912624033612644769e-01
9.555405410135638933e-01
9.639754415004053723e-01
9.838710262718797228e-01
9.945669772003323805e-01
9.684612169710394847e-01
9.705700643748496059e-01
9.956689695153243536e-01
9.890621214945460871e-01
9.835927750699400285e-01
9.755806328435349117e-01
9.886033279628647641e-01
9.665839717140397580e-01
9.867406747852160986e-01
9.621418797724858862e-01
9.784030058693862220e-01
9.784559661200735725e-01
9.855348379317460106e-01
9.877130850244145721e-01
9.697887872679392673e-01
1.002494652182247314e+00
9.875098952465695135e-01
9.878829235595575353e-01
9.647415070688011296e-01
9.614574222310781071e-01
9.904420476774289384e-01
9.841013201576057634e-01
9.723822885911719283e-01
9.889292654696587581e-01
9.795883434130960854e-01
9.946199379315362465e-01
9.658753876989323306e-01
9.944030947206113913e-01
9.874279777089675081e-01
9.816475846268797323e-01
9.812259066895265835e-01
9.773315581897331628e-01
9.742524218015344850e-01
9.947508551789198128e-01
9.816359255821658358e-01
9.831391924629555579e-01
9.827523915426795709e-01
9.557797638123163297e-01
9.637429018118234270e-01
9.778901560262859283e-01
9.462461477976321644e-01
9.592448931244019761e-01
9.491966508145373016e-01
9.877682778513300343e-01
9.698970993884105107e-01
9.617091149397757333e-01
9.849363803606798751e-01
9.868461041156222358e-01
9.850779231377675416e-01
9.849855719125386599e-01
9.890508576846895883e-01
9.870262726377927454e-01
9.420141489480610142e-01
9.826731987849895988e-01
9.832941804837668220e-01
9.977649190190197581e-01
9.738819026091916076e-01
9.873528641313348286e-01
9.827532201900821551e-01
9.858096808324795512e-01
9.837379010724034423e-01
9.539459640766284609e-01
9.662472918740104832e-01
9.863805766502634631e-01
9.881050242119603366e-01
9.687548742897847953e-01
9.751521262021666248e-01
9.840767313656604287e-01
9.863071025318034257e-01
9.834526373396195176e-01
9.771061761559698411e-01
9.605681097894701592e-01
9.764063095930815006e-01
9.757346724340766331e-01
9.689011104379791073e-01
9.930922239260021600e-01
9.294878316444846744e-01
9.609541124580625038e-01
9.894738126604966100e-01
9.786911675698992674e-01
9.669591711225172803e-01
9.704273760962981443e-01
9.575057463948144498e-01
9.862370692184206922e-01
9.862910759913363634e-01
9.764027716873378004e-01
1.002721602347520724e+00
9.787404405002403385e-01
9.530370004106315518e-01
9.800477987033352489e-01
9.673610772258244284e-01
9.731958382743061131e-01
9.825709290715755051e-01
9.831320652545342265e-01
9.838383725733031993e-01
9.861246475659275479e-01
9.746362340140241054e-01
9.756087896027819673e-01
9.683778229796166093e-01
9.843209293020561690e-01
9.702031216629952715e-01
9.733702064479983207e-01
9.638958201509262302e-01
9.625454862101294751e-01
9.846529396406576984e-01
9.844939989010838000e-01
9.902626948807992102e-01
9.781774687317432715e-01
9.878458681516983919e-01
9.611603232026473265e-01
9.632842041378771869e-01
9.806292954303715836e-01
9.757552068061084993e-01
9.791395511077281011e-01
9.821327855845057853e-01
9.685404293114842078e-01
9.893182993566740357e-01
9.799966953941561254e-01
9.676329087057857770e-01
9.708935846781211465e-01
9.843805935771596793e-01
9.814668019982804026e-01
9.886330039640094380e-01
9.839248434490575068e-01
9.831551129769198205e-01
9.935081328244456111e-01
9.819890158737104580e-01
9.535696965613793541e-01
9.449510754961530923e-01
9.789690500439751641e-01
9.697275269787439811e-01
9.760274952348136912e-01
9.882732324655812972e-01
9.690661413175484240e-01
9.755411579739213801e-01
9.801096033100851201e-01
9.799399251867092486e-01
9.732474118222782522e-01
9.711138971642407913e-01
9.862517302028895871e-01
9.893010710077740910e-01
9.818021681765095598e-01
9.856172264558162865e-01
9.846656973374476873e-01
9.785457764081074705e-01
9.834560901527885646e-01
9.546074353207738561e-01
1.000079195577464608e+00
9.793798672167161046e-01
9.789734670291037055e-01
9.764051282241447138e-01
9.825546815450301175e-01
9.854427943552211966e-01
9.708551767870123861e-01
9.745318840460142074e-01
9.314283748336329438e-01
9.775996739174289685e-01
9.742614577189253611e-01
9.748658661934814784e-01
9.796171920010681156e-01
9.680424176420582283e-01
9.858201460292559393e-01
9.710815612316128220e-01
9.891079489770830957e-01
9.777621674934701135e-01
9.792213945737496816e-01
9.859158634879824357e-01
9.772652059667616964e-01
9.688145468343345446e-01
9.935482023268148444e-01
9.757908634599572473e-01
9.678318015455461554e-01
9.851737832811438000e-01
9.502507698211432041e-01
9.733794509955676633e-01
9.940228385442919645e-01
9.780198417792215215e-01
9.715810548971147709e-01
9.768301126993709227e-01
9.874519570641852040e-01
9.767792236119060556e-01
9.891502173517398022e-01
9.726888203251516929e-01
1.008356472837247386e+00
1.009034651068118293e+00
9.991531085573795989e-01
9.406105413112788582e-01
9.788442254628718642e-01
9.915028735481140609e-01
9.877115083204995871e-01
9.858451188091439388e-01
9.772717953087352027e-01
9.895133883367143168e-01
9.729873483889130981e-01
9.738570482369801606e-01
9.885436427110574353e-01
9.708676551738574245e-01
9.823275864915542721e-01
9.827092181354770695e-01
9.706025867926453277e-01
9.876909791370500624e-01
9.923077304904975859e-01
9.708244885938678292e-01
9.938250292411326958e-01
9.760729623536109623e-01
9.791407534702142312e-01
9.715689841335937160e-01
9.737343696500906365e-01
9.616891121622459515e-01
9.874688008691179242e-01
9.582060681726982665e-01
9.671660615062039890e-01
9.454423274278667133e-01
9.642125711878855032e-01
9.626238274425193975e-01
9.674779136716497030e-01
9.826345785128652865e-01
9.780579898393437777e-01
9.775060009693947727e-01
9.712174634925979655e-01
9.979522647390337564e-01
9.655505303510060200e-01
9.789157091764240093e-01
9.797041561127828313e-01
9.895476984939817200e-01
9.667634743422471866e-01
9.661175529918345495e-01
9.806030304981461221e-01
9.816487565193473541e-01
9.599685570431283343e-01
9.655781247395983646e-01
9.790108081002988349e-01
9.633715052259987921e-01
9.758385232709486656e-01
9.708217009860645730e-01
9.773521994902549803e-01
9.730478750509298225e-01
9.733189198677120180e-01
9.597145763761850690e-01
9.784971695511525125e-01
9.717842429519252256e-01
9.782085954227028868e-01
9.750532324687243291e-01
9.848823827888282256e-01
9.920266722746226007e-01
9.451808295842250018e-01
9.887950863209988839e-01
9.796166399123649171e-01
9.860722917624697992e-01
9.767394143292238429e-01
9.874733489447881096e-01
9.854864524143850391e-01
1.001117845385508076e+00
9.849136860959648576e-01
9.693213342641895380e-01
9.833389722342237294e-01
9.900357212629669057e-01
9.857898609751377661e-01
9.741409272826773158e-01
9.616499796662332233e-01
9.991409040338637970e-01
9.816185226833575861e-01
9.841905617932575900e-01
9.650440459230634760e-01
9.887441410542291420e-01
9.657766058223061778e-01
9.694595618438125451e-01
9.686348351476904428e-01
9.829319266742067018e-01
9.845601048006954459e-01
9.992884678700700851e-01
9.730191032081271230e-01
9.674193662917850434e-01
9.837821096970487122e-01
9.641714318531472427e-01
9.880559465838885114e-01
9.945487796111686096e-01
9.812203336367426587e-01
9.955655180297127149e-01
9.693710005050749645e-01
9.894486057305302840e-01
9.905147685962165660e-01
9.534938623374382693e-01
9.934548589607999913e-01
9.714272282679188297e-01
9.706636532888910374e-01
9.837337656796457663e-01
9.924667858257852915e-01
9.872387550938959144e-01
9.844225345373555092e-01
9.835020872889485011e-01
9.869913233973957034e-01
9.914516751888545754e-01
9.730343015765037240e-01
9.642187132418496009e-01
9.868792189730318798e-01
9.831893910671563042e-01
9.814810272406570002e-01
9.749341897657021194e-01
9.820437961489157930e-01
9.944586785958565711e-01
9.688699307264402316e-01
9.802598669554121180e-01
9.729484256415581456e-01
9.781313478648321347e-01
9.825183304605232815e-01
9.902554377606698210e-01
9.825673549623994418e-01
9.902327167157920496e-01
9.764220263930808441e-01
9.485295378294035240e-01
9.288900250150512461e-01
9.659065843594815126e-01
9.717902463393532919e-01
9.818723363060697373e-01
9.492114865780270083e-01
9.655565821566852724e-01
9.749062773520820180e-01
9.651725095147981603e-01
9.765783221000530201e-01
9.919233735990096168e-01
9.726034216990867565e-01
9.667535668150789574e-01
9.596730965644307831e-01
9.839710117661817357e-01
9.801981152785744777e-01
9.701377795629037015e-01
9.412115494167794250e-01
9.899139278562325561e-01
9.851503042199158955e-01
9.768015355066645977e-01
9.671440513674690598e-01
1.005695045042042768e+00
9.858586184274842346e-01
9.886794774281782994e-01
9.508673015138959794e-01
9.592388846610974129e-01
9.712213977934400777e-01
9.617061321852141687e-01
9.756327511443654288e-01
9.971302874918230863e-01
9.733001809875971855e-01
9.908994737404308584e-01
9.670540276776735666e-01
9.616259190595650708e-01
9.650973959816264713e-01
9.918361209729189554e-01
9.463017305434963111e-01
9.914009041129424604e-01
9.873116364833832703e-01
9.881566642549346469e-01
9.833103407547225672e-01
9.840877020173055545e-01
9.713349415868912651e-01
9.414801006780441073e-01
9.878544777654415521e-01
9.842855719915140078e-01
9.788837373195672376e-01
9.877618531272913671e-01
9.505276995996914113e-01
1.000016791931795934e+00
9.859052787381293870e-01
9.895258134510984682e-01
9.757572957493035881e-01
9.899034034572348206e-01
9.769747955788888882e-01
9.793902090124533277e-01
9.776462444459294021e-01
9.760892695372310746e-01
9.760612679319380369e-01
9.797475625171389035e-01
9.917456412910040653e-01
9.686819700272047973e-01
9.864041781161581035e-01
9.902326320354701839e-01
9.829082869074958762e-01
9.872799704626067374e-01
9.742143437368756542e-01
9.473598433352603543e-01
9.829413769119288435e-01
9.915832510640144593e-01
9.822291356241636961e-01
9.704386989762162630e-01
9.864644102541385573e-01
9.739342477126928799e-01
9.822757605633092304e-01
9.741488842696154338e-01
9.808167835220146236e-01
9.798790584894820910e-01
9.988650351789136739e-01
9.769767993589664190e-01
9.839803743229392774e-01
9.847278548940913145e-01
9.888078003348380607e-01
9.899020199593135949e-01
9.816044557241342394e-01
9.923194349450141782e-01
9.811569628198584248e-01
9.695745517837291994e-01
9.561416388724672810e-01
9.925155974076901311e-01
9.790154596934405040e-01
9.894998095182432341e-01
9.908315372483988970e-01
9.936233272284799023e-01
9.856579519583700266e-01
9.728885784031814365e-01
9.853349698689355396e-01
9.640994716838410250e-01
9.872441907025205632e-01
9.906295043511513798e-01
9.634947335744022956e-01
9.859621476110724814e-01
9.675563646329413681e-01
9.610570307368271337e-01
9.886341869761300361e-01
9.886815795806145335e-01
9.928323408286074958e-01
9.767890341367747586e-01
9.731978677242689724e-01
9.768246498295799496e-01
9.878935385676328451e-01
9.801261724420682331e-01
9.531436887874703556e-01
9.740554743579733499e-01
9.858345970472984776e-01
9.887666359762943280e-01
9.902276596680360532e-01
9.846879165347752760e-01
9.808104307350793416e-01
9.942367067547333015e-01
9.790644411642825951e-01
9.714234477627330389e-01
9.854427930791220813e-01
9.773958107137522555e-01
9.666062380062265813e-01
9.825837737337370648e-01
9.890426178748642494e-01
9.660730912391490843e-01
9.886874644902348130e-01
9.621764288787426622e-01
9.851924931792418461e-01
9.905870163914265447e-01
9.831727638431144722e-01
9.596790895214711847e-01
9.517775692201544402e-01
9.545133812257912131e-01
9.824887247403181201e-01
9.890474845457317699e-01
9.748717517503608931e-01
9.534970880364035395e-01
9.767737170097537946e-01
9.776639088305867364e-01
9.754981502301288687e-01
9.774329569616766467e-01
9.881277410857169929e-01
9.724352937350990711e-01
9.606112688359242924e-01
9.778787843944690694e-01
9.795160027928276891e-01
9.700462121537061222e-01
9.826161542091788048e-01
9.939366304313985712e-01
9.853741080119915452e-01
9.626830029467415839e-01
9.756494928122937393e-01
9.726490199389385971e-01
9.419732104618488977e-01
9.948189049341188417e-01
9.820879856081681236e-01
9.912950570396401595e-01
9.883099928992186145e-01
9.805546272435680111e-01
9.762071370310831941e-01
9.637659589496925250e-01
9.799229537450914185e-01
9.794891166730390619e-01
9.962999084863463084e-01
9.829995909559335887e-01
9.731224039531901626e-01
9.918917043667483391e-01
9.977000010972536526e-01
9.829198302094738215e-01
9.754453310384081366e-01
9.658656459618935042e-01
9.824257632741443258e-01
9.717129058218963999e-01
9.833393771241231152e-01
9.952476381182534526e-01
9.933327942047313064e-01
9.611932486446554957e-01
9.903668321282260711e-01
9.769363503179356867e-01
9.872154932959514850e-01
9.901528117556331887e-01
9.294814650644820375e-01
9.722565887690794995e-01
9.689563462510154546e-01
9.827486855475560112e-01
9.886833977180788935e-01
9.803495591875845960e-01
9.783045807093707635e-01
9.790323638664091277e-01
9.846059860186727741e-01
9.847917097482771220e-01
9.740468863909723662e-01
9.548388753760468362e-01
9.682636740774916984e-01
9.804748397711051666e-01
9.902185576058992744e-01
9.871854352986019210e-01
9.853771351115809818e-01
9.862355702858023321e-01
9.886997125129739494e-01
9.746918926231369351e-01
9.971933847347832502e-01
9.747091800568068454e-01
9.654510530472004692e-01
9.889174817045005561e-01
9.879293072063984882e-01
1.003836999660804752e+00
9.903404748593240825e-01
9.871586521146514803e-01
9.864577757367546385e-01
9.609238741272460027e-01
9.714691077820315490e-01
9.825317896597827172e-01
9.740151724165174718e-01
9.832128330526488380e-01
9.838439938619230052e-01
9.727764576593551649e-01
9.717369875825915271e-01
9.826189991356977238e-01
9.797118892281898583e-01
9.832684675630148918e-01
9.649905821735175193e-01
9.883789296091716192e-01
9.785273107093080958e-01
9.882878371295238384e-01
9.845533834066748646e-01
9.417110260582218784e-01
9.896751673975101582e-01
1.005552382841072179e+00
9.801030663152970890e-01
9.541078583145427006e-01
9.855016753890956105e-01
9.885092380144714364e-01
9.876527368711998101e-01
9.752675276258528925e-01
9.923549631846817487e-01
9.846658818025463278e-01
9.696969005211798498e-01
9.743182876593171615e-01
9.790813475620208095e-01
9.878445353175364652e-01
9.727594733256683668e-01
9.948530299159310530e-01
9.771474270918403260e-01
9.904745327108120945e-01
1.001353220060301252e+00
9.955536547399858049e-01
9.736977993057815972e-01
9.787107016311837882e-01
9.912804321101074123e-01
9.743945577756403242e-01
9.842339378668018002e-01
9.864789949044405759e-01
9.922327760106924854e-01
9.734122938410301185e-01
9.876203740380585794e-01
9.565734498715240397e-01
9.973190258209415626e-01
9.680779464794359024e-01
9.556450306105930270e-01
9.866323409866022409e-01
9.689709752691776368e-01
9.862305341307310291e-01
9.710409327881383001e-01
9.734521337375531269e-01
9.991597217492399485e-01
9.891081470212729210e-01
9.912874517876923974e-01
9.693816950532827548e-01
9.799655547094164865e-01
9.670223041773857720e-01
9.969666915616340885e-01
9.784297353460363889e-01
9.734180906887479612e-01
9.846046361612303954e-01
9.641945102234527054e-01
1.000432706559834406e+00
9.875917956801972819e-01
9.731850713583258816e-01
9.456845393965900293e-01
9.913949135272949187e-01
9.808790203772440597e-01
9.897123872274380396e-01
9.959098169423536984e-01
9.936904697228838845e-01
9.988752484331889780e-01
9.857502094904867507e-01
9.605612673060293094e-01
9.797876395375326730e-01
9.748919121108667873e-01
9.879268677774853957e-01
9.740288935004516313e-01
9.864655719466695061e-01
9.871541988457291916e-01
9.863773203348104035e-01
9.850005560451577935e-01
9.427970879701376150e-01
9.883776157642492066e-01
9.846715682116848889e-01
9.871295715098385992e-01
9.865655136988467078e-01
9.825151846023056912e-01
9.782101883310500012e-01
9.840789985184122957e-01
9.875465464001719207e-01
9.835427553603642847e-01
9.851385636868800200e-01
9.789727310197916532e-01
9.962895589702884802e-01
9.853611466083963544e-01
9.651294584517198238e-01
9.828285574477748643e-01
9.877857140223011978e-01
9.779282822773379680e-01
9.345403259975991750e-01
9.883075768689454366e-01
9.888866958061468537e-01
9.953922630004338190e-01
9.521369824655148140e-01
9.896571479036053720e-01
9.890273353766111386e-01
9.880288741980105538e-01
9.884645152019434500e-01
9.895511948664570401e-01
9.917715676713938500e-01
9.596061239002838805e-01
9.741050660115169180e-01
9.688905936120605356e-01
9.863624110556165059e-01
9.533844369951421927e-01
9.866572042014858379e-01
9.856833523587469337e-01
1.005319975327706450e+00
9.838023307042188526e-01
9.760498410944340453e-01
9.780215935625847790e-01
9.626081011373812668e-01
9.785065780212189868e-01
9.671599177111686041e-01
9.757741643235863238e-01
9.924230872066023279e-01
9.818313404717915471e-01
9.494506770722216382e-01
9.839177044658493632e-01
9.750600011585885962e-01
9.515977986944393896e-01
9.698510273209571819e-01
9.653313206711775507e-01
9.917056805718527102e-01
9.828953811826364184e-01
9.186627236617178616e-01
9.729067001237327039e-01
9.425992026164257132e-01
9.755640242172979315e-01
9.832609633106224045e-01
9.725778064380492527e-01
9.642596566580929895e-01
9.942356875242351899e-01
9.870156338587608991e-01
9.729253034420999313e-01
9.684608472709782534e-01
9.820035968943152671e-01
9.926537490436674327e-01
9.543838249723125555e-01
9.904004167695311667e-01
9.885581785332869798e-01
9.888540201960488440e-01
9.748217513560111236e-01
9.419048988004294909e-01
9.837778067602339638e-01
9.798207657072405263e-01
9.813049943247412754e-01
9.481280151770579145e-01
9.968612751538571404e-01
9.698283609215211376e-01
9.626221957452621991e-01
9.821303992278567208e-01
9.894138443537243699e-01
9.655070492845826413e-01
9.687890166745607434e-01
9.704617097412865379e-01
9.874734048996739455e-01
9.595222065002849687e-01
9.871622529187245032e-01
9.942713540006232753e-01
9.882705723928721930e-01
9.786127803863524655e-01
9.616049283879336551e-01
9.646562496828949840e-01
9.563586148405274212e-01
9.686784519802938975e-01
9.834218197206916479e-01
9.632704193325458686e-01
9.583666667917080106e-01
9.867200007486406355e-01
9.902339373311733750e-01
9.730364844412844327e-01
9.785084122995004741e-01
9.740829509978659040e-01
9.889591323142715718e-01
9.883012753690956220e-01
9.826345202419456415e-01
9.577054518843953757e-01
9.845276461620834363e-01
9.938196479722087862e-01
9.822428749696954231e-01
9.594217407400357223e-01
9.629743155180067182e-01
9.884929478821999904e-01
9.285476197073558868e-01
9.885806477559055949e-01
9.529065768483430121e-01
9.767888154715993476e-01
9.803671666055987499e-01
9.887651616594212989e-01
9.876296769568595479e-01
9.696012369457327473e-01
9.781735692459164744e-01
9.618373355535628777e-01
9.639313674237490748e-01
9.970464747097406155e-01
9.927918456414720483e-01
9.530058043730852413e-01
9.847886811148794939e-01
9.882621506467819117e-01
9.965225588545201241e-01
9.869803381828619049e-01
9.768744604704830969e-01
9.898184290467910706e-01
9.811941909619088520e-01
9.534030463499409969e-01
9.950504685164045515e-01
9.965928043195056985e-01
9.895129723572704261e-01
9.729116364074154033e-01
9.644010829325899703e-01
9.846910716087595716e-01
9.863344026571376766e-01
9.876040552157349106e-01
9.841956549874030236e-01
9.801784523703653829e-01
9.667465734701370383e-01
9.871280316255620635e-01
9.834695701372874188e-01
9.578184930536784991e-01
9.731322649704431393e-01
9.841397233558896174e-01
9.784643620856817714e-01
9.836459399567127893e-01
9.851188985560436207e-01
9.808189076798742301e-01
9.805441080227589312e-01
9.594832879966300743e-01
9.709297383598702869e-01
9.631461756394749107e-01
9.755905346791413635e-01
9.899673264674141437e-01
9.611295900118823621e-01
9.633332366139023550e-01
9.822027486202348223e-01
9.585668608077565489e-01
9.440420677964090901e-01
9.965032188251873313e-01
9.652191687235218698e-01
9.818434122145494047e-01
9.886109123475110838e-01
9.823319835740720318e-01
9.825940639189022496e-01
9.865762234400746733e-01
9.846656604230060728e-01
9.662189455778651404e-01
9.867263909287610213e-01
9.991106289739869473e-01
9.827423397488597168e-01
9.910234788156111474e-01
9.803388801061396762e-01
9.887798214092224924e-01
9.676235275545673753e-01
9.903103845141439932e-01
9.745572276756310215e-01
1.001033677090392926e+00
9.966659152533751120e-01
9.812530320548975560e-01
9.479648032853725814e-01
9.805410368202155391e-01
9.846003980321453852e-01
9.697440070548011271e-01
9.811977744466745532e-01
9.826306998444079843e-01
9.998862308696129242e-01
9.814054372464775522e-01
9.728514753846917440e-01
9.807534128403502249e-01
9.711995426665085418e-01
9.426367219097532280e-01
9.880229109833980061e-01
9.765704944151096800e-01
9.806301924663807235e-01
9.764941557739399425e-01
9.607540188130174741e-01
9.799510642105049296e-01
9.865474107236195112e-01
1.013768347401547976e+00
9.785184599676283179e-01
9.871009962381901426e-01
9.603843642778268075e-01
9.746270977428262983e-01
9.783705150073348511e-01
9.989016165964270666e-01
9.756657946837837825e-01
9.886271447039302052e-01
9.539595947671707377e-01
9.496263784787867257e-01
9.667074537667968981e-01
9.859068158351470545e-01
9.595941664341126609e-01
1.001016388377218957e+00
9.167657621236698917e-01
9.491544957965797336e-01
9.578467701918721433e-01
9.657922932353755208e-01
1.002355003933732558e+00
9.811811035204049958e-01
9.856197535410048394e-01
9.710044086174290934e-01
9.834932153801626553e-01
9.864453929577368108e-01
9.780868522183535640e-01
9.873360175083539803e-01
9.872364976595102704e-01
9.783522713485639510e-01
9.633707962935839086e-01
9.488188229776202132e-01
9.821451442357322925e-01
9.790149323342731691e-01
9.649623084342454638e-01
9.575136033193402119e-01
9.851702035454441564e-01
9.807796187121909925e-01
9.824112411309868786e-01
9.692443563129113926e-01
9.823274698993547105e-01
9.587467834981640014e-01
9.642176424660861001e-01
9.824488727792776155e-01
9.539060620969428417e-01
9.720190132168438080e-01
9.869722806586767039e-01
9.810469845983756931e-01
9.984487287975135628e-01
9.864450596133722549e-01
9.749824727806740698e-01
1.004653919056879507e+00
9.752785504467917921e-01
9.657202792196131202e-01
9.850824704920615460e-01
9.617000179121217851e-01
9.921370210048454652e-01
9.735186097878431033e-01
9.598830630238578410e-01
9.849260322459434391e-01
9.913318733529811189e-01
9.786636872899733275e-01
1.004300096534407771e+00
9.871333349071329533e-01
9.878209660747384602e-01
9.787871846390412411e-01
9.873427622836988826e-01
9.847880406323374913e-01
9.726775324996124183e-01
9.912343545910390352e-01
9.620012554743415656e-01
9.828146051711844633e-01
9.758541832896924229e-01
9.852991484027611158e-01
9.840848709156639895e-01
9.658693230959273235e-01
1.000883678467598292e+00
1.003566257158546415e+00
9.692788488705887939e-01
9.906834258608699928e-01
9.835979970947147377e-01
9.843488241496121116e-01
9.948292143103547591e-01
9.900944534086659754e-01
9.766039827197283696e-01
9.821567271009736810e-01
9.887360795499600119e-01
9.836537494000811011e-01
9.895830498781139628e-01
9.430918898659875760e-01
9.635050224521826134e-01
9.781396735498220085e-01
9.695282592142822065e-01
9.863239607501854689e-01
9.861618858327806381e-01
9.765754868151090839e-01
9.850962996661580817e-01
9.626693542981011875e-01
9.900033693464479478e-01
9.819387112976784016e-01
9.753663187476142582e-01
9.900467264335138795e-01
9.983333784948230649e-01
9.927067485127394342e-01
9.944383787830087806e-01
9.746030182558177435e-01
9.951707235484693603e-01
9.808407189583842056e-01
9.812522185738382641e-01
9.756586014911967641e-01
9.908706256896691045e-01
9.628014155747580682e-01
9.828365933537850374e-01
9.839576409543956403e-01
9.822146541504527262e-01
9.841148559708864374e-01
9.771535767024649433e-01
9.908856010903844824e-01
9.801259302639617754e-01
9.872831842237153044e-01
9.860747017134453563e-01
9.809779931557061072e-01
9.774932863795939841e-01
9.974171885319451647e-01
9.978692298233483582e-01
9.633497554739175461e-01
9.672564088166717422e-01
9.753013081681809471e-01
9.688822137054096117e-01
9.836379965197887820e-01
9.885674775469945885e-01
9.750657947869256770e-01
9.782498422466532340e-01
9.736278469015943182e-01
9.746910092709520912e-01
9.853412546472504197e-01
9.891273168941795424e-01
9.909134511666376488e-01
9.776905161339886075e-01
9.862359795043458277e-01
9.840070449280226006e-01
9.958053998376937832e-01
9.910915019925816694e-01
9.905675712343181560e-01
9.667155070081722146e-01
9.469531398247076348e-01
9.774539072874756096e-01
9.893582599242181086e-01
9.905197237856965264e-01
9.911119055782262599e-01
9.849881551097414700e-01
9.934969396246959850e-01
9.713651944962113927e-01
9.905602046158447083e-01
9.847794157605793686e-01
9.710334943013629871e-01
9.891276016867821541e-01
9.827150498555931035e-01
9.893869175155197704e-01
9.816738611418645011e-01
9.740599377831473671e-01
9.786315097738887969e-01
9.801066596599008474e-01
9.646260149111683946e-01
9.814603036320160845e-01
9.404823937662103450e-01
9.800680296314776552e-01
9.759687731465968019e-01
9.952133135565297550e-01
9.783511053770689303e-01
9.869028878470758048e-01
9.898678178473516720e-01
9.844615714015751973e-01
9.626887334197152812e-01
9.923741900281526362e-01
9.796600381886551023e-01
9.848862891262480934e-01
9.903483992779108513e-01
9.859195100825626223e-01
9.831669343927931237e-01
9.785425606840423285e-01
9.769974262315297420e-01
9.844529889704626280e-01
9.668219353656676285e-01
9.912641008931826203e-01
9.866052375356222370e-01
9.814580592961572592e-01
9.932228027618069666e-01
9.824265484971138607e-01
9.653911899819063169e-01
9.826382361580712210e-01
9.795612940166268379e-01
9.755947810189008473e-01
9.635474035259035119e-01
9.956090836890685303e-01
9.848291865548728374e-01
9.708499900917383352e-01
9.947001223813274340e-01
9.898819864841675864e-01
9.851131416709734134e-01
9.898113012632230312e-01
9.696338352417324113e-01
9.777173906821290394e-01
9.924346952957960877e-01
9.950222835256299359e-01
9.722597437006419430e-01
9.753154756519777369e-01
9.886193182601844542e-01
9.784081152479625620e-01
9.748072196895511965e-01
9.873400259648277277e-01
9.566597926947518760e-01
9.337131923092419905e-01
9.816675265334033895e-01
9.847557749007093131e-01
9.782591824801423197e-01
9.797377616617581886e-01
9.803601074108317937e-01
9.687346690570266539e-01
9.720726139021033108e-01
9.509763478480457444e-01
9.816073772384958929e-01
9.789388376246072054e-01
9.625956717349507530e-01
9.832883785327560799e-01
1.003490288342216763e+00
9.583799729449377081e-01
9.703375502610392944e-01
9.836277012998624336e-01
9.911865713892048513e-01
9.829446110736875797e-01
1.001452746608704647e+00
1.002574884927337928e+00
9.707830576529732358e-01
9.882618322757789064e-01
9.902176863638857407e-01
9.830577338744411753e-01
9.687076809602630512e-01
9.709541165965814846e-01
9.834511211478449422e-01
9.774575231803556141e-01
9.833623369507266121e-01
9.816594875064390546e-01
9.855822225135422165e-01
9.833739318615236646e-01
9.821456918685760318e-01
9.847119314861486616e-01
9.886721027217864055e-01
9.864658010097999696e-01
9.693119472705198358e-01
9.697723254237583523e-01
9.869874904926209114e-01
9.623406537789326309e-01
9.691463853100465986e-01
9.743847724691094836e-01
9.866977434075102638e-01
9.730668900746095584e-01
9.783259361306103630e-01
9.892213994840685087e-01
9.745965145289520182e-01
1.006799319824104089e+00
9.794170778055191207e-01
9.687184341748837912e-01
9.574923858122346143e-01
9.769376743246420691e-01
9.676098549682592420e-01
9.751940565372302361e-01
9.879741874260598022e-01
9.772178714372057318e-01
9.753814815789767501e-01
9.872973400561447788e-01
9.762666995237232470e-01
9.908252082903689084e-01
9.898288502521220833e-01
9.727558494787720278e-01
9.901253025390585050e-01
9.679830370744196832e-01
9.704542214899442021e-01
1.000785294591666652e+00
9.981396067280067230e-01
9.764486084851079495e-01
9.674928332352439320e-01
9.694341938225968791e-01
9.887246862575207462e-01
9.621134139246445560e-01
9.841156257268681706e-01
9.653726352295879387e-01
9.561294222155332090e-01
9.775578439605404624e-01
9.635064405386355446e-01
9.947920058691663847e-01
9.798325670994825209e-01
9.832260614826473510e-01
9.953806827363314014e-01
9.539948445103785257e-01
9.573375223605197215e-01
9.531087534639580694e-01
9.812745675365794895e-01
9.467131389336996827e-01
9.875810927964974173e-01
9.660883283648025177e-01
9.836154420101652640e-01
9.830990504645414907e-01
9.371512149312813955e-01
9.891140022402735710e-01
9.997113178177785553e-01
9.915045483354166800e-01
9.788139139891953722e-01
9.585396136546660006e-01
9.936896196865255826e-01
9.761696315063445040e-01
1.010047114279163605e+00
9.487759545366444280e-01
9.848616641459007059e-01
9.652929818228704884e-01
9.983597243908424179e-01
9.612002311727815274e-01
9.863739436830423202e-01
9.803008164730517837e-01
9.999228850003089031e-01
9.830022404639466860e-01
9.881587946631718022e-01
9.795256916445429507e-01
9.740133222140785474e-01
9.466484019487472201e-01
9.852270195956666088e-01
9.807129675752946918e-01
9.963719767403905747e-01
9.627688838588438491e-01
9.782860831601940532e-01
9.880632403689625365e-01
9.911925434786450495e-01
9.746655886255559675e-01
9.646127057853295383e-01
9.893318867250275872e-01
9.805988239947541762e-01
9.918789321146175286e-01
9.920013395554090341e-01
9.711365213463383217e-01
9.863147333908857117e-01
9.811508574474148148e-01
9.706980845954645831e-01
9.957784602014141395e-01
9.772814232430192538e-01
9.854095413005473647e-01
9.846082230911420430e-01
9.788688438567846317e-01
9.841977234297567545e-01
9.727638545948827931e-01
9.852174753828208953e-01
9.797558137071229467e-01
9.806386978655333708e-01
9.858727877476451962e-01
9.635163325832265535e-01
9.920413474604506954e-01
9.664034259390654746e-01
9.537266353806344021e-01
9.672016085143149144e-01
9.895057375329473492e-01
9.886435954029559880e-01
9.479500701001505325e-01
9.736344064370827667e-01
9.534768984088524135e-01
9.756844238988027218e-01
9.840823001150780236e-01
9.896792082978139726e-01
9.850453360516987500e-01
9.824316371403513104e-01
9.557920273772624320e-01
9.385471356750431093e-01
9.677617389102306511e-01
9.883648430051116263e-01
9.922827200436710182e-01
9.732863964993669903e-01
9.907992146117712284e-01
9.662956472664154806e-01
9.801601292380225372e-01
9.793957540399861328e-01
9.921665706543905117e-01
9.871346441204226219e-01
9.806735218451650971e-01
9.909790262584547982e-01
9.905050841909476267e-01
9.942549048113704657e-01
9.357425383018882492e-01
9.829082518083424036e-01
9.775135656302923470e-01
9.662526774125921314e-01
9.834261342941159612e-01
9.823877626483167314e-01
9.801553541413043913e-01
9.817436463406845615e-01
9.797391071358765302e-01
9.810429313667778928e-01
9.781294576473740232e-01
9.898991395788462322e-01
9.688635908422822407e-01
9.841612325237850678e-01
9.685431627858593906e-01
9.684109844350426988e-01
9.889789199792675678e-01
9.637353636603466223e-01
9.535293763393671851e-01
9.819341866797168805e-01
9.806623575728209419e-01
9.487830637172353088e-01
9.941457545347581748e-01
9.863566051427754555e-01
9.820404820678459989e-01
9.719785668843400339e-01
9.806336831730224635e-01
9.514321690889993022e-01
9.780327821808634248e-01
9.638091703306149727e-01
9.618537518024442567e-01
9.840771955668938809e-01
9.934472810824666045e-01
9.663678050728728985e-01
9.755078201552075390e-01
9.885159998117797331e-01
9.624871023449255159e-01
9.736129624426287377e-01
9.851291068543618357e-01
9.489246802788252610e-01
9.918815084507429658e-01
9.711819594186840154e-01
9.967853775919944814e-01
9.989688248880360666e-01
9.768365596703796339e-01
9.942689879172821321e-01
9.861840363615775873e-01
9.822417396052398608e-01
9.812465667957399607e-01
9.886978550644033303e-01
9.673941301025869022e-01
9.889545884564537870e-01
9.910369185787543111e-01
9.808585531020176385e-01
9.770737566324684265e-01
9.684096902207198765e-01
9.885847699158647472e-01
9.882566877221816704e-01
9.777372982587250183e-01
9.817372662384347137e-01
9.804293498027577547e-01
9.949507055551570778e-01
9.669218052739280145e-01
9.726726918385409926e-01
9.750110213579529228e-01
9.502943449075027527e-01
9.611950197934736595e-01
9.943210193341611713e-01
9.829268821710914761e-01
9.702491274824212031e-01
9.714830414163924122e-01
9.836221898456254387e-01
9.864751038097483438e-01
9.897610280949133976e-01
9.753769712789105428e-01
9.499550889290203637e-01
9.647821749145319981e-01
9.885651585633505878e-01
9.629994267659214291e-01
9.993091921354081419e-01
9.826551635598017587e-01
9.724567630204452584e-01
9.786125856089419317e-01
9.967100318795991676e-01
9.909251004615706737e-01
9.880491776007732652e-01
9.879174513855039086e-01
9.675166346151450325e-01
9.697955949035538259e-01
9.829697201768839987e-01
9.384191107868269377e-01
9.869891466861073770e-01
9.756432621019363038e-01
9.821329991962904904e-01
9.598924969212471181e-01
9.946930632163946129e-01
1.004187012497573583e+00
9.765310308406851547e-01
9.907863245993203671e-01
9.872589844349266563e-01
9.620228065504450310e-01
9.481917875687144726e-01
9.912345951295824520e-01
9.586888648144888947e-01
9.716007446955361448e-01
9.680349558113414687e-01
9.602834842493699341e-01
9.762235551661668786e-01
9.883124662137113825e-01
9.831376980279596944e-01
9.787134064110345477e-01
9.733483996798183435e-01
9.795328797730284975e-01
9.731835159579179662e-01
9.582936457246424844e-01
9.808087214978348234e-01
9.666227039369075236e-01
9.489906434353562181e-01
9.959966434022307080e-01
9.727616916959873627e-01
9.850016223485962286e-01
9.831725411663644332e-01
9.675520119486883397e-01
9.744724217227778151e-01
9.890755555192929371e-01
9.798102894033370314e-01
9.741377338510553985e-01
9.811762227858248364e-01
9.581958922308405624e-01
9.913140850577468743e-01
9.902169873641275544e-01
9.889614033129900950e-01
9.840428411695952837e-01
9.689312882933555082e-01
9.897512945587503275e-01
9.841356703560912855e-01
9.895555615158222462e-01
9.839167455127455497e-01
9.464508492468040046e-01
9.660773946040350779e-01
9.728070440118241624e-01
9.779410264797445684e-01
9.806297603249015671e-01
9.794327975948921017e-01
9.749799025664610541e-01
9.662671377569512776e-01
9.845806663119732738e-01
9.801494058690189970e-01
9.647885038713447381e-01
9.841334786443858285e-01
9.761751582033365571e-01
9.664792964930533081e-01
9.879996811224132092e-01
9.936610452306593455e-01
9.883339157151982413e-01
9.785150043308392664e-01
9.801176301195763108e-01
9.729673114610909446e-01
9.854313327316872595e-01
9.776009232447225861e-01
9.632386589860844062e-01
9.597424207127935869e-01
9.563221672714583566e-01
9.721785041895519841e-01
9.852385731766185595e-01
9.683892085971279595e-01
9.697203039679316294e-01
9.788072598401298396e-01
9.748513990710683252e-01
9.885548502698384699e-01
9.709120624695301016e-01
9.785677970788436708e-01
9.834908501724982655e-01
9.798565850687054324e-01
9.894643331688303123e-01
9.806544453218277724e-01
9.804246295422943680e-01
9.504174283504008836e-01
9.503187065671839795e-01
9.922036992116433085e-01
9.510819951073703482e-01
9.714492372233199946e-01
9.710447521813259097e-01
9.699046834407827333e-01
9.674886949429399863e-01
9.756884297037831111e-01
9.898373288137090054e-01
9.361314303831370642e-01
9.780755757213271950e-01
9.848628585353337295e-01
9.733561988496548523e-01
9.733567945680727806e-01
9.715451845289814203e-01
9.770031261274261247e-01
9.651394192989498633e-01
9.773633782449747676e-01
9.856688035342615617e-01
9.896874143597945706e-01
9.839157676882400727e-01
9.672012803395509950e-01
9.962736194129225842e-01
9.592724110860638698e-01
9.874460529305808532e-01
9.781342520565768917e-01
9.814181399678434392e-01
9.668395811779182392e-01
9.947171969277777137e-01
9.845583211452836325e-01
9.751369345645692910e-01
9.842438801656618885e-01
9.669803437391006895e-01
9.743547906145370030e-01
9.936324520565450458e-01
9.705597361699667136e-01
9.667363698425054386e-01
9.855165406130672601e-01
9.679882488986688571e-01
9.876391960178624307e-01
9.845372143595585435e-01
9.841628603899785777e-01
9.929639763234114902e-01
9.823016072001208299e-01
9.942055732839801818e-01
9.783275454979498686e-01
9.870139808977674845e-01
9.778281854515237237e-01
9.740996079986196099e-01
9.884006207649700393e-01
9.823623520724776848e-01
9.640593487089800240e-01
9.873317017373686166e-01
9.771596804286040161e-01
9.938500943135828436e-01
9.742962658067140236e-01
9.897700787140587542e-01
9.779608524227888511e-01
8.972396869662476737e-01
9.740293728844000576e-01
9.947436836613324784e-01
9.719406299639490321e-01
9.910089536109109032e-01
9.741171931757063307e-01
9.875979957321276981e-01
9.765800585436036352e-01
9.891138940456940531e-01
9.820829335005035743e-01
9.884825493299712607e-01
9.954771151526481399e-01
9.850810360476677241e-01
9.953408724049304102e-01
9.997751786579537336e-01
9.971558455124630571e-01
9.738874207329574206e-01
9.737645046456023801e-01
9.965084785431664871e-01
9.780580008796293523e-01
9.832651325038780366e-01
9.731996950065319174e-01
9.727903823575978492e-01
9.902513872586650168e-01
9.822379086106095558e-01
9.920361798377738127e-01
9.743825692861404209e-01
9.823829180350289736e-01
9.902182517581258336e-01
9.818205380137104976e-01
9.838791853875179516e-01
9.954237450535581289e-01
9.571408795600181429e-01
9.665481253360826974e-01
9.860591656862226495e-01
9.881169826238439535e-01
9.880621796180550920e-01
9.705563921353289603e-01
9.330272897679372512e-01
9.739704356242974148e-01
9.795753872963035569e-01
9.890382501058712084e-01
9.886629921686239664e-01
9.803538746911633073e-01
9.575990133999404685e-01
9.934433342228661257e-01
9.528367091003283607e-01
9.940901460490362274e-01
9.503858960280834323e-01
9.833319521706754829e-01
9.741878605822456016e-01
9.409010773832049424e-01
9.765120632220803953e-01
9.826949250116396861e-01
9.999282315554745004e-01
9.767156767972312581e-01
9.724952154038473129e-01
9.933588263397431506e-01
9.965481834923883842e-01
9.734665605632698560e-01
9.830384615502506529e-01
9.871999023418507324e-01
9.879232556706226687e-01
9.775715495864414351e-01
9.666273993209139048e-01
9.879280844902178504e-01
9.883209971838849972e-01
9.967620032691962839e-01
9.768018758636005661e-01
9.801420162281702098e-01
9.736361952489095417e-01
9.947328730371504113e-01
9.866926689373116677e-01
9.802610128972244485e-01
9.756656745581517853e-01
9.825494196161138616e-01
9.865895912127092826e-01
9.715276686996409117e-01
9.749360539552512916e-01
9.856984537409305691e-01
9.847343791332897611e-01
9.663493368532427574e-01
9.881382257207261821e-01
9.497734655519879388e-01
9.642091913463751718e-01
9.903337151640687619e-01
9.747048473414594572e-01
9.783783033808441942e-01
9.966999250599883897e-01
9.744676156311381510e-01
9.772239928395087816e-01
9.977232992035325321e-01
9.569227846430905515e-01
9.480304585580558996e-01
9.753304219332297187e-01
9.923900057775654204e-01
9.826435623047589107e-01
9.886938172829204952e-01
9.723153215361971524e-01
9.691442110384587139e-01
9.668451535997735213e-01
9.722953504225861909e-01
9.685401681396909046e-01
1.000432594830852784e+00
9.815282345182586576e-01
9.873538722827717162e-01
9.920625629979340498e-01
9.706870999156488322e-01
9.693417014695221434e-01
9.893019823449294980e-01
9.744409535842105674e-01
9.933393116864324135e-01
9.857438279843553364e-01
9.682457210096200306e-01
9.373690784781713026e-01
9.928823635111333479e-01
9.260193646818201119e-01
9.621994566097282764e-01
9.736194215210738356e-01
9.946070170625023188e-01
9.783920570488499058e-01
9.710123412660489617e-01
9.818528205904057948e-01
9.904242555731193054e-01
9.613965304013358804e-01
9.793910827473819580e-01
9.613240785022431067e-01
9.798443976288654378e-01
9.880910944782683725e-01
9.866095085371585638e-01
9.737532038842240389e-01
9.563927025485468025e-01
9.849932117706627910e-01
9.740355791689397913e-01
9.833808400447878739e-01
9.895600991887658626e-01
9.650278937104225241e-01
9.846533548089250187e-01
9.973880736383869960e-01
9.873035545118112877e-01
9.733489151939423989e-01
9.845198781432559221e-01
9.936105352225865772e-01
9.985533502794575744e-01
9.880397206371038799e-01
9.953113356795861844e-01
9.721558941530187292e-01
9.734869503505598765e-01
9.856906750540669337e-01
9.827288921066856808e-01
9.670023215966886410e-01
9.827324051703274499e-01
9.835108442560911435e-01
9.824092078481861945e-01
9.596890731320208978e-01
9.922964958015905168e-01
9.835549433973244104e-01
9.877307249491718011e-01
9.706933225728309189e-01
9.867223441259542760e-01
9.658550247059830562e-01
9.852449404707002145e-01
9.883977437711239933e-01
9.824380986292141626e-01
9.914703130691701061e-01
9.490161809335785348e-01
9.845901076704390853e-01
9.834437670378876062e-01
9.829569800850260775e-01
9.904249379258875940e-01
9.804693459357486374e-01
9.821957821841567071e-01
9.670462630635309198e-01
9.921285592203292758e-01
9.918427208330543587e-01
9.808821324648511197e-01
9.467763907593117478e-01
9.817567289071100767e-01
9.832787406222023296e-01
9.684277699980847753e-01
9.877335610019711831e-01
9.797174443380555209e-01
9.836490641410096103e-01
9.659866871828464152e-01
9.748148039726799441e-01
9.829817515744502243e-01
9.797476537813453179e-01
9.920158618543897244e-01
9.893538842529023825e-01
9.945116232227030340e-01
9.515975875004051288e-01
9.962914583014887970e-01
9.786970498166704946e-01
9.845927859984053843e-01
9.696876088162640350e-01
9.712288170158119849e-01
9.842701564693253635e-01
9.836180375774851159e-01
9.897666148511723438e-01
9.766652508531749044e-01
9.790038099065659916e-01
9.771021836184893283e-01
9.839364146255588084e-01
9.876823810589421271e-01
9.734155066279945867e-01
9.874853597923867188e-01
9.678903045038377284e-01
9.834476863585774886e-01
9.771664872731604667e-01
9.806661992194498634e-01
9.891974333900129812e-01
9.919930262601064364e-01
9.825962484857805324e-01
9.648810546899289076e-01
9.797715527947450376e-01
9.787483105212864132e-01
9.828544695754838356e-01
9.923571815011302810e-01
9.865897326181365390e-01
9.690114320205513998e-01
9.763014476075364545e-01
9.806682638443566802e-01
9.835855983291335036e-01
9.757042398866003774e-01
9.814600022078807662e-01
9.917670605013854113e-01
9.643652653957736076e-01
9.943924648748502237e-01
9.725213165364877677e-01
9.958984851887184853e-01
9.946833573088404989e-01
9.726996678386330419e-01
9.652174935032110659e-01
9.857625343348775937e-01
9.770767050314353996e-01
1.002759597589962359e+00
1.000497612923319180e+00
9.819458455931231455e-01
9.729821152690500963e-01
9.791920253743207070e-01
9.646580189179154718e-01
9.580245795131291375e-01
9.426727371167867853e-01
9.856703889123001883e-01
9.941458354335903636e-01
9.860577964099660475e-01
9.924542016284104706e-01
9.829928478060574459e-01
9.795956738916101747e-01
9.914891044575580015e-01
9.688827862997141382e-01
9.729975447824709134e-01
9.847975474705590315e-01
9.763427687000886257e-01
9.989845436679126722e-01
9.710986653204385366e-01
9.768604398957349000e-01
9.457186379258238906e-01
9.969430248441364384e-01
9.842652212393374622e-01
9.672858163672701792e-01
9.784602237172280725e-01
9.874320550174171540e-01
9.913772330581753778e-01
9.809072270290134510e-01
9.932052919142801972e-01
9.411043720162417525e-01
9.913264732483582087e-01
9.804327478708377841e-01
9.594168099757066637e-01
9.759989487595666091e-01
9.820732567342356223e-01
9.780745847359283429e-01
9.621512888045794520e-01
9.702813705835813263e-01
9.466225110976332902e-01
9.827063344745791129e-01
9.971227585532670412e-01
9.787922817251989427e-01
9.920837138052001070e-01
9.997441772370064816e-01
9.836269626132769783e-01
9.887336109579901722e-01
9.659252436866826441e-01
9.725078532207057647e-01
9.954402562119559761e-01
9.939243635756256356e-01
9.870171644137072375e-01
9.922992251990547796e-01
9.501961823126947593e-01
9.766115184904032853e-01
9.559178739011661152e-01
9.577121182389443099e-01
1.001712242065809333e+00
9.859109805727530595e-01
9.911223535020287079e-01
9.895104897809947619e-01
9.514620948999520378e-01
9.855091136600060420e-01
1.003086570438101122e+00
9.725408546990640390e-01
9.908630677096227357e-01
9.715751121007829560e-01
9.936030557135167030e-01
9.876854870568522182e-01
9.798139930298908062e-01
9.570177512253434937e-01
9.864633869962626811e-01
9.859723848143008285e-01
9.653389779155361339e-01
9.653139629099968255e-01
9.806368819216512156e-01
9.913159768802050076e-01
9.844295044980109211e-01
9.833240382144015079e-01
9.865806692538182654e-01
9.657562173255191951e-01
9.705355678058916746e-01
9.789600757242690188e-01
9.900285192635805975e-01
9.834244021996725316e-01
9.920554334091459259e-01
9.763253336222078582e-01
9.874577304520546495e-01
9.876608764931170681e-01
9.751357539982400402e-01
9.843936031726596703e-01
9.822780940731549171e-01
9.878240156499681346e-01
9.897977152382558819e-01
9.808055180390899963e-01
9.723485565920048090e-01
9.941393020564939231e-01
9.767885906228201964e-01
9.866039060640210412e-01
9.862151934690621680e-01
9.879326510087561575e-01
9.812618490933904258e-01
9.899662316952032581e-01
9.614213398391561194e-01
9.778094198217814892e-01
9.850076222483297173e-01
9.947126202847130783e-01
9.901523939427824272e-01
9.766384705775712494e-01
9.910449848387259397e-01
9.864979219579627090e-01
9.819975859857338341e-01
9.523210232931567099e-01
9.809458975932332514e-01
9.867890104969639919e-01
9.664295278535689482e-01
9.850793951659718717e-01
1.004314684669750601e+00
9.711518811316440791e-01
9.850829749024454518e-01
9.865623251419969320e-01
9.943084294899295905e-01
9.568923631731051094e-01
9.785658570178399351e-01
9.847974596885065157e-01
9.880371247248568300e-01
9.845348951630038536e-01
9.805323872321038969e-01
9.787629857334996242e-01
9.804170876791740152e-01
9.715434187524671916e-01
9.693356007279109177e-01
9.621619698816342714e-01
9.987916062072769163e-01
9.784833664030681000e-01
9.722062569094089834e-01
9.818453462017082689e-01
9.585195035676150610e-01
9.566985151230256168e-01
9.916767653207648747e-01
9.609404850841227752e-01
9.761266896351924460e-01
9.930869356127081105e-01
9.817128918896620426e-01
9.741640888027893741e-01
9.828763081510332178e-01
9.909163188124445742e-01
9.668070283400820308e-01
9.826603997842667804e-01
9.854744933393242423e-01
9.838289934275128434e-01
9.752545588584310421e-01
9.737044059076517266e-01
9.418775898702985705e-01
9.767776379726165192e-01
9.938158888698438442e-01
9.755230160611966239e-01
9.834177829469354926e-01
9.861135238953051552e-01
9.537600418204716934e-01
9.607580205049859323e-01
9.635044704809275773e-01
9.829998246746060042e-01
9.749647176681041083e-01
9.826239496151214503e-01
9.822868907724586762e-01
9.865305499918644028e-01
9.795300480275145327e-01
9.753612554283220826e-01
9.943757337323723133e-01
9.632202964703351356e-01
9.794142405750029257e-01
9.861038953163299148e-01
9.793619141413029139e-01
9.881820846903853761e-01
9.878542926071733898e-01
9.854156003015375198e-01
9.835500351680700470e-01
9.927383690043293241e-01
9.901956868170500581e-01
9.536158818034823348e-01
9.945845961020943760e-01
9.946886427034811184e-01
9.883437380841652020e-01
9.860717484911855069e-01
9.740052530972127531e-01
9.909555924510784486e-01
9.872792206044653796e-01
9.832831875082727047e-01
9.898999940727007951e-01
9.880121912092262315e-01
9.750297947595845116e-01
9.854396000223768493e-01
9.985850949620160844e-01
9.859508672934333973e-01
9.724670142241723658e-01
9.505078024616674393e-01
9.733529397291224017e-01
9.957782261152333669e-01
9.857416430564653886e-01
9.905423494544959295e-01
9.896997408181631428e-01
9.823973559376684150e-01
9.802912125959793999e-01
9.551251673382576968e-01
1.006662588041292938e+00
9.877133081596152220e-01
9.716922388598401295e-01
9.791755046300567589e-01
9.648936024857769356e-01
9.776378938780784233e-01
9.808918927949406008e-01
9.858007251355583866e-01
9.736861357737719436e-01
9.895404918723681442e-01
9.982488072874423635e-01
9.974237314198343141e-01
9.729856496329585269e-01
9.741608592506713071e-01
9.856538369546987699e-01
9.857663760705999145e-01
9.760100085176941498e-01
9.448224637823094962e-01
9.951275346246593045e-01
9.937042487849357952e-01
9.820570729291768775e-01
9.805260452123478743e-01
9.876528684666280311e-01
9.575812893495948552e-01
9.875986374057270645e-01
9.525124596696993295e-01
9.872453876400749673e-01
9.555607101125782599e-01
9.650790681056492515e-01
9.928088274307425021e-01
9.905559117037373573e-01
9.756039620528536016e-01
9.827006535171567414e-01
9.905304545333679656e-01
9.109407845275336868e-01
9.601613047634682818e-01
9.473097242737120727e-01
9.502798176938235253e-01
9.778581381195783351e-01
9.791676086179674776e-01
1.000274379727103646e+00
9.706225027432877628e-01
9.742778635213182881e-01
9.839899315683890979e-01
9.948674608071191861e-01
9.704129748792401644e-01
9.779740181322384984e-01
9.964472265308470522e-01
9.837575563036980997e-01
9.987198277868618579e-01
9.823376921835277331e-01
9.822234222795094283e-01
9.809319744962432530e-01
9.848775047972353480e-01
9.781226183316219513e-01
9.751925006779867955e-01
9.889950348197908969e-01
9.895669325242395509e-01
9.707944806746516830e-01
9.678888723027418983e-01
9.844278352044348868e-01
9.819864484830791440e-01
9.669441600226206246e-01
9.763500699046220310e-01
1.002142574619161897e+00
9.851506030412465753e-01
9.906115592478691445e-01
9.939793548123200262e-01
9.852360117096777836e-01
9.923587826681574686e-01
9.703363408739796858e-01
9.950584853920976247e-01
9.812675776941340855e-01
9.740710305022478588e-01
9.763949445460659016e-01
9.521519534668800855e-01
9.611894184877330938e-01
9.832224732043406412e-01
9.790400864092378974e-01
9.731421868313622214e-01
9.876545514046884966e-01
9.936738970449064956e-01
9.803672832617118527e-01
9.813158876346358417e-01
1.000105289347248627e+00
9.813216246169701451e-01
9.743144394908785921e-01
9.843154920037235911e-01
9.867276915902439827e-01
9.785914092487510985e-01
9.522913120387420660e-01
9.900900718311300697e-01
9.827747500625465538e-01
9.997047044738271993e-01
9.883973129456874451e-01
9.898972552443885409e-01
9.863618471416649713e-01
9.783884382790389855e-01
9.766618534059919865e-01
9.833259987715384787e-01
9.813513583051990397e-01
9.930650326352351565e-01
9.654122514043772529e-01
9.956948401627255807e-01
9.786167747868431688e-01
9.728233136166613004e-01
9.840843075182870159e-01
9.700002480098706137e-01
9.896511816081425827e-01
9.633959547963090175e-01
9.818250377771069459e-01
9.680845019215238434e-01
9.822131904695947657e-01
9.525793073130595090e-01
9.838110108550549571e-01
9.863796052523182700e-01
9.863154873706347914e-01
9.793238498278119541e-01
9.792393531719204569e-01
9.813281623538860909e-01
9.762918484314531131e-01
1.002536362063508379e+00
9.334464093041512367e-01
9.935392687377933019e-01
9.848705392943457593e-01
9.649316954362960885e-01
9.712238544912680238e-01
9.900743520446937396e-01
9.748881540601165296e-01
9.751070446218067511e-01
9.671202350437974049e-01
9.804370507632239606e-01
9.774936694864192477e-01
9.643639192869305488e-01
9.834112970889550276e-01
9.849618721050338310e-01
9.527168906573894036e-01
9.878182071171284218e-01
9.565555867082479180e-01
9.917278288224263827e-01
9.881103482689869155e-01
9.853331996775062107e-01
9.851267003478041406e-01
9.686680298664053224e-01
9.906077414479065313e-01
9.627303777847054933e-01
9.858886895763457892e-01
9.636196252251827410e-01
9.602802381105306484e-01
9.961781392920661116e-01
9.659840644272948973e-01
9.863378861792472252e-01
9.840006712096095454e-01
9.644114814576230099e-01
9.932757402998572127e-01
9.843350751033514978e-01
1.004396888761982298e+00
9.697206854244448948e-01
9.771124373544262109e-01
9.439803658098137040e-01
9.558238607304474499e-01
9.785803030707410644e-01
9.917870521748031187e-01
9.637410873864206140e-01
9.983806366879423022e-01
9.807152540609768154e-01
9.822907778966318837e-01
9.874358043953472830e-01
9.470496522200797518e-01
9.890470850990883411e-01
9.832165912650705497e-01
9.875400759282065843e-01
9.875350383192998960e-01
9.717151415246945145e-01
9.805950981488968932e-01
9.721179973559330723e-01
9.564841487621557059e-01
9.672474300819816628e-01
9.818388956157484415e-01
9.864878026686383361e-01
9.826467693618544663e-01
9.784962035493585120e-01
9.788438533701955269e-01
9.581522957851680289e-01
9.831673245465714084e-01
9.771004483161789267e-01
9.870987551558486617e-01
9.794152180808043395e-01
9.914356884325901120e-01
9.822942475399408790e-01
9.659510175994234782e-01
9.728918532470320901e-01
9.773871259532475042e-01
9.665150035389913352e-01
9.885680571966671826e-01
9.914051535768733103e-01
9.455283600730904903e-01
9.765598832968304110e-01
9.821764803754267081e-01
9.955210708374581108e-01
9.827803608413047121e-01
9.800856863340977609e-01
9.913890338480781939e-01
9.860968784557894162e-01
9.767255652870225902e-01
9.843069732188864940e-01
9.849401808351272436e-01
9.810542124829899624e-01
9.779261743157859899e-01
9.802882789276404774e-01
9.806547820618327638e-01
9.835648146728488417e-01
9.576968695999542591e-01
9.705624882416520327e-01
9.748219934997687242e-01
9.912571727600391069e-01
9.832206932787777021e-01
9.790575832901917686e-01
9.991792068838263319e-01
9.483497638663996865e-01
9.752121477467622368e-01
9.745261688462840688e-01
9.739725126924189125e-01
9.854419973056087745e-01
9.950040464534426476e-01
9.822347926557180031e-01
9.877833962602711182e-01
9.955995766048044704e-01
9.952269086485928673e-01
9.860302333557955379e-01
9.803288276242796417e-01
9.878854181835787784e-01
9.873395401913271918e-01
9.888078079877316018e-01
9.860770386732408133e-01
9.711589936694497993e-01
9.750110182826436933e-01
9.951842481025202636e-01
9.899719770161438115e-01
9.684209369708310922e-01
9.451463583990190598e-01
9.937468362611389106e-01
9.914188951721399912e-01
9.885355606531299744e-01
9.776254053501722829e-01
9.926814719189456238e-01
9.661732468559200981e-01
9.770018718593066476e-01
9.835663453497160980e-01
9.779004845029057869e-01
9.816890966740566826e-01
9.849672765178164591e-01
1.005594943694814836e+00
9.705058601764831039e-01
9.832448637774910960e-01
9.930150411124279985e-01
9.844416508716360426e-01
9.678040902010771607e-01
9.531422965026316030e-01
9.852593749758388197e-01
9.900510610578175941e-01
9.890875811852021249e-01
9.759816590653014323e-01
9.923221384445142235e-01
9.873990910360170847e-01
9.722948259738919408e-01
9.783911365369711843e-01
9.870191565026928959e-01
9.853176819064960457e-01
9.859829667923433183e-01
9.764298995106548418e-01
9.938928858016329304e-01
9.759038942215966239e-01
9.721081492846909144e-01
9.941961012736825198e-01
9.845889853689331339e-01
9.776430568365794826e-01
9.791432989589273772e-01
9.879674469785805213e-01
9.789132090072028003e-01
9.727292395399120828e-01
9.734641450476483326e-01
9.776249791425499769e-01
9.959160851791249991e-01
9.773651513743393249e-01
9.751332891185419127e-01
9.843164757386446695e-01
9.484941937180816351e-01
9.866012317556831501e-01
9.531226784227443405e-01
9.361184469958433452e-01
9.723455312906997827e-01
9.714691122436628357e-01
9.810966102875123829e-01
9.857099441303726062e-01
9.669273176996603381e-01
9.765998958937310848e-01
9.640557436750094578e-01
9.347523451542126827e-01
9.736186858329479721e-01
9.480711060672756263e-01
9.778453782226829150e-01
9.887253254967443006e-01
9.806837324207855477e-01
9.737730478998360972e-01
9.938106794857454185e-01
9.893520198497475215e-01
9.680383497982355534e-01
9.697781969633901822e-01
9.945790920957557901e-01
9.776605364244715934e-01
9.852009486228060497e-01
9.806703562505587612e-01
9.778540318581497859e-01
9.908413500000474716e-01
9.698179718142833083e-01
9.685979716902722858e-01
9.825904389083881529e-01
9.692996004092173656e-01
9.800590292404248727e-01
9.623756665745435424e-01
9.833970803470726274e-01
9.889611316972176658e-01
9.916388141720539062e-01
9.783812774563309667e-01
9.902288117476216733e-01
9.854036698493658930e-01
9.817420251521769003e-01
9.766049003436453324e-01
9.858067602484036351e-01
9.556302352593492033e-01
9.851891187826072871e-01
9.845829129310301742e-01
9.504244285352670962e-01
9.639795890638328535e-01
9.945195350852832350e-01
9.632121817167327293e-01
9.922225116316862881e-01
9.906391736942613546e-01
9.742828840938526636e-01
9.871666825132918710e-01
9.778033066503307724e-01
9.921393574335949372e-01
9.655098591833083388e-01
9.768107968882772107e-01
9.440101441964854345e-01
9.599310974603634250e-01
9.901680480138923546e-01
9.920968362235997873e-01
9.896849680650822156e-01
9.780278270433397925e-01
9.909344359081339038e-01
9.833705127078823383e-01
1.008012499089698810e+00
9.874374234132448080e-01
9.718843673514776516e-01
9.855704998361864977e-01
9.721144959912106920e-01
9.769223579589736417e-01
9.872777443412495968e-01
9.871986126720833088e-01
9.632274193074501500e-01
9.743738187024166830e-01
9.756009517626534899e-01
9.879494393554150156e-01
9.900529354693045070e-01
9.795320405968672706e-01
9.903536738455427368e-01
9.778569842988792393e-01
9.872032222087493425e-01
9.924058482950949278e-01
9.763483611322467670e-01
9.969361336540892848e-01
9.927401803839110972e-01
9.840235229619446189e-01
9.588234882948039051e-01
9.878962058022322523e-01
9.873170225182664739e-01
9.845069045097807336e-01
9.925419023981777444e-01
9.687557646026324631e-01
9.721169224542215437e-01
9.822145029167460573e-01
9.831056784972443952e-01
9.912313328013837577e-01
9.857634714710877821e-01
9.863140152821699980e-01
9.713018764421765816e-01
9.936127944595906092e-01
9.760891969153955294e-01
9.750881218237535952e-01
9.835742781310710114e-01
9.888797043826604849e-01
9.439768388196491111e-01
9.290958280634694644e-01
9.630431616049196508e-01
9.740038448501864288e-01
9.729785199292081410e-01
9.694467319255224425e-01
9.533338735566169175e-01
9.531518206731240950e-01
9.771542810878843799e-01
9.697041485914291714e-01
9.839888050620989590e-01
9.996342774679475296e-01
9.839426431240990700e-01
9.747070988234552980e-01
9.745616310312009700e-01
9.955165313945146810e-01
9.941316911965346614e-01
9.933354076692080259e-01
9.700251114202169678e-01
9.755949017187593997e-01
9.797104217234431367e-01
9.916754778742259413e-01
9.769593857783381852e-01
9.715096912690435182e-01
1.001365145603838602e+00
9.387464695123236558e-01
9.794213431513656420e-01
9.922902074776382975e-01
9.532217555249052898e-01
9.938714207062335770e-01
9.672914476006807538e-01
9.767050850199616718e-01
9.558171739189662564e-01
9.789610278892841855e-01
9.458857857767639654e-01
9.851516292947687381e-01
9.854057214292949451e-01
9.883689987391048870e-01
9.887587909667889807e-01
9.768237941807839109e-01
9.784384678509020494e-01
9.699554696954261201e-01
9.876131661340326051e-01
9.520139145286590221e-01
9.910566136077439969e-01
9.813309676889556687e-01
9.821659381847493986e-01
9.909597324244950878e-01
9.924280508800628064e-01
9.661581181578126065e-01
9.866666497893038512e-01
9.891453305847969224e-01
9.570056694667317121e-01
9.961186850451047015e-01
9.491215826178047710e-01
9.772538556097623008e-01
9.887099515560251461e-01
9.811269913832624257e-01
9.912944107774881441e-01
9.740221691570325468e-01
9.603625641588635631e-01
1.007469722862039507e+00
9.687966355790658124e-01
9.716459203420003687e-01
9.776235485901239031e-01
9.833087553554910043e-01
9.793107688511200060e-01
9.458900355731892917e-01
9.905567345120871448e-01
9.932423227959249479e-01
9.772297782252367115e-01
9.652045847824139990e-01
9.917759859619041940e-01
9.871571303141790654e-01
9.705782112923632132e-01
9.963901611755794363e-01
9.929536426298202212e-01
9.869480481748259537e-01
9.592998961132915836e-01
9.784089204648185323e-01
9.763811235129471466e-01
9.923918385295099620e-01
1.001983339335468459e+00
9.695685133704409209e-01
9.851997966463869050e-01
9.782460361158529238e-01
9.842924062135123275e-01
9.888243833686324313e-01
9.702854275707907261e-01
9.651855415818977324e-01
9.929819361814993250e-01
9.828964346261105378e-01
9.819665420696327418e-01
9.954011460483718210e-01
9.954225503052598345e-01
9.711984852637860488e-01
9.885147783663196241e-01
9.870736242068687272e-01
9.817976798113818848e-01
9.507684232329451923e-01
9.907187515598533389e-01
9.975879600462943531e-01
9.635072328241411910e-01
9.725158792468210356e-01
9.760109491290798189e-01
9.882880855416598109e-01
9.677707198644841524e-01
9.992305650605346479e-01
9.737861522558012295e-01
9.883656069193024196e-01
9.968163666577003479e-01
9.899043150596493756e-01
9.502147033940064880e-01
9.551196599811710986e-01
9.573211354382851201e-01
9.629662063831365693e-01
9.801113780102029827e-01
9.546657148172510432e-01
9.724624301085559308e-01
9.898961974460364077e-01
9.920877328959571972e-01
9.697930663915226290e-01
9.863031565691072755e-01
9.763969469748288166e-01
9.636118330222583905e-01
9.903605193735487422e-01
9.917326598215113753e-01
9.846601036069867474e-01
9.902965292233693040e-01
9.744519697301391448e-01
9.898641988837028061e-01
9.827971759194440438e-01
9.720289965980900559e-01
9.639718178783437397e-01
9.583134365950369826e-01
9.729216792565247296e-01
9.892558902177784885e-01
9.877913490950950282e-01
9.749516572890674082e-01
9.588893580282602525e-01
9.909193606088009254e-01
9.816030757598455114e-01
9.830757918638817205e-01
9.869646783940997370e-01
9.818888626390886998e-01
9.936563898955457219e-01
9.871245640275774225e-01
9.902823786646850479e-01
9.924511057888736332e-01
9.910709932726324833e-01
9.859615450881568099e-01
9.659949912819498774e-01
9.745528563569363367e-01
9.665520767667020730e-01
9.688788935612873132e-01
9.847025863375850063e-01
9.677591082345465834e-01
9.882207632887413107e-01
9.570819607136805685e-01
9.749128587413334879e-01
9.741892327838209686e-01
9.557452543148126090e-01
9.689326637548585364e-01
9.331528747499217014e-01
9.778803224080604428e-01
9.859026516200731782e-01
9.854772165791069183e-01
9.795644942244468023e-01
9.792223986531559676e-01
9.679607901785630686e-01
9.770409497894897433e-01
9.655816610960196167e-01
9.544837149842558821e-01
9.844586374604015200e-01
9.859198880639364893e-01
9.876779690986494664e-01
9.785678684618920320e-01
9.745274265123591295e-01
9.609032859159236661e-01
9.939251199032810291e-01
9.650380461521604891e-01
9.784701788254288601e-01
9.759611662575715663e-01
9.837440758635613847e-01
9.847500331950505004e-01
9.749005658331405533e-01
9.638595593154829499e-01
9.857528421608019453e-01
9.711382497335039332e-01
9.889046043218626680e-01
9.840439451897758927e-01
9.640354135596431728e-01
9.554114404228701840e-01
9.871358182023967087e-01
9.797050612950793935e-01
9.630177646701242322e-01
9.570989575588321197e-01
9.721576711889957645e-01
9.925262149052058724e-01
9.906527653613255158e-01
9.693124620722313178e-01
9.883920698556639683e-01
9.766552174112506091e-01
9.651390877308737570e-01
9.899900924909224020e-01
9.693295946078775982e-01
9.711704803874310343e-01
9.827224225278260450e-01
9.738236033711547002e-01
9.817170844942850749e-01
9.459632267542523731e-01
9.738962214478588120e-01
9.863680135764805179e-01
9.575737712191247919e-01
9.842560348749217480e-01
9.570313343635408199e-01
9.684632227228366919e-01
9.802097565238543364e-01
9.811983219219542196e-01
9.768416936295242214e-01
9.844907010886959631e-01
9.770909688926066039e-01
9.825663869216946233e-01
9.790865849979314417e-01
9.822813183100462808e-01
9.856977573140346394e-01
9.752358313013201885e-01
9.810316847008084817e-01
9.964612460027111318e-01
9.872048607618583160e-01
9.831385638314529274e-01
9.908421423055810973e-01
9.813854664709060760e-01
9.672097365204603836e-01
9.936128903482451813e-01
9.849187906533991566e-01
9.748466636184207612e-01
9.143567148391575916e-01
9.655299106908600271e-01
9.809841536044101584e-01
9.794330115865258479e-01
9.893193261744996914e-01
9.902563551844969503e-01
9.559110608239694828e-01
9.872042877573349307e-01
9.911720389456732949e-01
9.516039235866465829e-01
9.531173452998568107e-01
9.819353703906346098e-01
9.767622002958568084e-01
9.652079158580869622e-01
9.876182961112544012e-01
9.872790474630601665e-01
9.807791909818229792e-01
9.633214143720092437e-01
9.785543481708364189e-01
9.708612362656626749e-01
9.849286295393119284e-01
9.843133780440924685e-01
9.927871558220917603e-01
9.840464730262803439e-01
9.727795748642350526e-01
9.762791094241899392e-01
1.000658265100875299e+00
9.731313203673703782e-01
9.748655887900655737e-01
9.724685934633990891e-01
9.738825369336254756e-01
9.826071544883334674e-01
9.425649096113699610e-01
9.987273269569537648e-01
9.568838278602321834e-01
9.862052925213610211e-01
1.000751737467483915e+00
9.807326781368669311e-01
9.851209134452157956e-01
9.938358140661767148e-01
9.721867033206850195e-01
9.730928021317805099e-01
9.872652147313126791e-01
9.965730837155302169e-01
9.679174427691286109e-01
9.928600978387549514e-01
9.791038522382760068e-01
9.936939742680414023e-01
9.791340742857982393e-01
9.703056272034824570e-01
9.896656561365443361e-01
9.668818705311661432e-01
9.735508853370189453e-01
9.832964009478042389e-01
9.941111733055065791e-01
9.764258523165244563e-01
9.627306925265665116e-01
9.629616467746120456e-01
9.850448843303099000e-01
9.853207868923179458e-01
9.767589372777372159e-01
9.779689102275685997e-01
9.603299112054995978e-01
9.824405305245994535e-01
9.885383378604684079e-01
9.659868239402942258e-01
9.757886075819163230e-01
9.557479619767861312e-01
9.924512388769624049e-01
9.888051860912169255e-01
9.875810260985424804e-01
9.947269578411775948e-01
9.771494832957757781e-01
9.688695463157956933e-01
9.829779480098791433e-01
9.748794739690851419e-01
9.947036377072188129e-01
9.738274127430077698e-01
9.520883194992034726e-01
9.431392840591641402e-01
9.844418736306224105e-01
9.849206038921010098e-01
9.803077107789428535e-01
9.738530619769049101e-01
9.546220124009690000e-01
9.621647620328014350e-01
9.800560116863179516e-01
9.906235612619812558e-01
9.778132318880295992e-01
9.790865911074183581e-01
9.728535960892416012e-01
9.791671471425762441e-01
9.827377522152287437e-01
9.614951087115040096e-01
9.516851329620870104e-01
9.748487694736360787e-01
9.460890959980474690e-01
9.896593097314529963e-01
9.723873329341561345e-01
9.868413951181985722e-01
9.870608005678711550e-01
9.911318424482605804e-01
9.546518482292098984e-01
9.690651292771295111e-01
9.661786519536741391e-01
9.905414883572803975e-01
9.847902357401349116e-01
9.580091732589899323e-01
9.799163610581231865e-01
9.912306456435148183e-01
9.682485920644511301e-01
9.797256136266055959e-01
9.910901978763911879e-01
9.693283370666895271e-01
9.907865532858100011e-01
9.903635230237733955e-01
9.857817862370812367e-01
9.311440683142937491e-01
9.773186113596464830e-01
9.892382132439231368e-01
9.854896585498514883e-01
9.730619305986045742e-01
9.845788317237216258e-01
9.769693692571259636e-01
9.699954190476440807e-01
9.602422641458562280e-01
9.661018291390170987e-01
9.852291694257038213e-01
9.711455594153702853e-01
9.915902774665781294e-01
9.545942172082462207e-01
9.810195976208007096e-01
9.844354169994606885e-01
9.525507999422766492e-01
9.838876687733681958e-01
9.647382150610583906e-01
9.697114614058701676e-01
9.891789408615998536e-01
9.887046671831672962e-01
9.855328181390603515e-01
9.882750677563215680e-01
9.900156669179439595e-01
9.826479375242156422e-01
9.860735616619263899e-01
9.879712702479820363e-01
9.390389157799741149e-01
9.868449197628584857e-01
9.844043973043858919e-01
9.634785175025706305e-01
9.802641805183932577e-01
9.873485750671346928e-01
9.844838303612968300e-01
9.958305974879917422e-01
9.704155236360442194e-01
9.944018461266437292e-01
9.647432552633711245e-01
9.721674213302370360e-01
9.722857436246866714e-01
9.840070188419878239e-01
9.762713920101584453e-01
9.913662906285058973e-01
1.006295128215086709e+00
9.884708479184239893e-01
9.785083759713143481e-01
9.908967998391269294e-01
9.715747039202859980e-01
9.664826171559689483e-01
9.879553228003185028e-01
9.586865409160956197e-01
9.995226192696464729e-01
9.881036362205573020e-01
9.884507702262768092e-01
9.593268548814988250e-01
9.632749314352281322e-01
9.879805521035907034e-01
9.743392172559043329e-01
9.709275391117623277e-01
9.628034795902310483e-01
9.546916267251257526e-01
9.959898613606040785e-01
9.815442482359609810e-01
9.878486056905563251e-01
9.728504000029217780e-01
9.935450938237128105e-01
9.826657664128511938e-01
9.896919003146457117e-01
9.825228902491803806e-01
9.510037825577497550e-01
9.713344118335069943e-01
9.792864853562630589e-01
9.839688696840370730e-01
9.425415797994711742e-01
9.715003023226863599e-01
9.740839151541059726e-01
9.493220544033402764e-01
1.010282764938879474e+00
9.435854501379645765e-01
9.663189270964014366e-01
9.845174956454298965e-01
9.714697641821660179e-01
9.867648908894434134e-01
9.879468162509246199e-01
9.907076222241169017e-01
9.800159512506714243e-01
9.818645654592697003e-01
9.936137326517661128e-01
9.843502529192561523e-01
9.738123441292058091e-01
9.798129000890131168e-01
9.755716019701150543e-01
9.884313271016351710e-01
9.925432560303805163e-01
9.892042233656554995e-01
9.803217835638793343e-01
9.884157702280951252e-01
9.815761803226417115e-01
9.859828220454255332e-01
9.885449089078011120e-01
9.797436186288944748e-01
9.784578561754891934e-01
9.759784726922950959e-01
9.672104972764477004e-01
9.800958513869809652e-01
9.908764031141282791e-01
9.747532632841614531e-01
9.847800855877845150e-01
9.537135161524662452e-01
9.529629280132720925e-01
9.884330767114283267e-01
9.562601165928575897e-01
9.834980491037430550e-01
9.932343196025672505e-01
9.461230840578114254e-01
9.854124993892651174e-01
9.966241211815077827e-01
9.931553992588429969e-01
9.877086258103330296e-01
9.822894944577972298e-01
9.422198323554500377e-01
9.928446845213062533e-01
9.930104823497988287e-01
9.781727745723568512e-01
9.724462546603210855e-01
9.913073507192505796e-01
9.761099538287089095e-01
9.440310642595910462e-01
9.638582709440136620e-01
9.736647404852957211e-01
1.003291520490313671e+00
9.870416856262065330e-01
9.754431160813988866e-01
9.840090541369921340e-01
9.803724776385771555e-01
9.843039851648512917e-01
9.836113024068071642e-01
9.678924074860276727e-01
9.544057014674511841e-01
9.790263083061325755e-01
9.957880495603175230e-01
9.982567164197295728e-01
9.762216023984402469e-01
9.934004781909528958e-01
9.555853560216408527e-01
9.855452528075154817e-01
9.685040622319028847e-01
9.715353623456149945e-01
9.624240453648563731e-01
9.639982071407242614e-01
1.001468963486763508e+00
9.456626142343713681e-01
9.914443219423648701e-01
9.859633159595095897e-01
9.705619795851959664e-01
9.473912704929574602e-01
1.008950413320463646e+00
9.716075128506574954e-01
9.945132874423825431e-01
9.672664679578540925e-01
9.747955565176473769e-01
9.871846430880960588e-01
9.813233286671588784e-01
9.880195247201505326e-01
9.612171761002359371e-01
9.951867288874779449e-01
9.858873908308743994e-01
9.856744326503843467e-01
9.908655931258756322e-01
9.847087786832856571e-01
9.859816372544435437e-01
9.794963250730420734e-01
9.699685990787358936e-01
